0	1.5402656527409
0.000399983141568677	1.53675123741649
0.000799966283137354	1.53331168339111
0.00119994942470603	1.52994707326241
0.00159993256627471	1.52665750125472
0.00199991570784339	1.52344308127972
0.00239989884941206	1.52030395366851
0.00279988199098074	1.51724029350722
0.00319986513254942	1.51425232582307
0.00359984827411809	1.51134032908262
0.00399983141568677	1.50850463101042
0.00439981455725545	1.50574559997307
0.00479979769882413	1.50306363433502
0.0051997808403928	1.50045914744984
0.00559976398196148	1.4979325513162
0.00599974712353016	1.49548423555729
0.00639973026509883	1.49311454409029
0.00679971340666751	1.49082375781669
0.00719969654823619	1.48861209021111
0.00759967968980486	1.48647969147291
0.00799966283137354	1.48442666075964
0.00839964597294222	1.48245305935673
0.0087996291145109	1.48055892057299
0.00919961225607957	1.47874425209553
0.00959959539764825	1.47700903375588
0.00999957853921693	1.4753532134468
0.0103995616807856	1.47377670552328
0.0107995448223543	1.4722793909676
0.011199527963923	1.4708611192292
0.0115995111054916	1.46952171038469
0.0119994942470603	1.46826095817202
0.012399477388629	1.46707863068312
0.0127994605301977	1.46597447162347
0.0131994436717663	1.46494820519349
0.013599426813335	1.46399954397399
0.0139994099549037	1.46312819876153
0.0143993930964724	1.46233388980885
0.0147993762380411	1.4616163535088
0.0151993593796097	1.46097534221435
0.0155993425211784	1.46041062085775
0.0159993256627471	1.45992196117995
0.0163993088043158	1.45950913602521
0.0167992919458844	1.45917191822927
0.0171992750874531	1.4589100817528
0.0175992582290218	1.45872340316448
0.0179992413705905	1.45861166226662
0.0183992245121591	1.45857464092465
0.0187992076537278	1.45861211712281
0.0191991907952965	1.4587238568435
0.0195991739368652	1.45890960566818
0.0199991570784339	1.45916908218619
0.0203991402200025	1.45950197758564
0.0207991233615712	1.45990796362405
0.0211991065031399	1.46038670548066
0.0215990896447086	1.46093787831123
0.0219990727862772	1.46156118235728
0.0223990559278459	1.46225635298758
0.0227990390694146	1.46302316565843
0.0231990222109833	1.46386143780391
0.0235990053525519	1.46477102671174
0.0239989884941206	1.46575182674898
0.0243989716356893	1.4668037664216
0.024798954777258	1.46792680471603
0.0251989379188267	1.46912092828352
0.0255989210603953	1.4703861461739
0.025998904201964	1.47172248194998
0.0263988873435327	1.47312996856283
0.0267988704851014	1.47460864842675
0.02719885362667	1.4761585790528
0.0275988367682387	1.47777984851522
0.0279988199098074	1.47947259671364
0.0283988030513761	1.48123703176032
0.0287987861929447	1.48307343897607
0.0291987693345134	1.48498217893585
0.0295987524760821	1.48696367171246
0.0299987356176508	1.4890183779279
0.0303987187592195	1.49114678782355
0.0307987019007881	1.49334941721933
0.0311986850423568	1.49562681042604
0.0315986681839255	1.49797955386858
0.0319986513254942	1.50040828708289
0.0323986344670628	1.5029137008779
0.0327986176086315	1.50549652984195
0.0331986007502002	1.50815753336454
0.0335985838917689	1.51089746956874
0.0339985670333375	1.51371707990558
0.0343985501749062	1.51661709338547
0.0347985333164749	1.51959824096109
0.0351985164580436	1.52266128406388
0.0355984995996123	1.52580705795786
0.0359984827411809	1.5290365150873
0.0363984658827496	1.53235075578922
0.0367984490243183	1.53575104689824
0.037198432165887	1.53923882894491
0.0375984153074556	1.54281571495312
0.0379983984490243	1.54648348335776
0.038398381590593	1.55024406841872
0.0387983647321617	1.55409955229363
0.0391983478737304	1.55805217175739
0.039598331015299	1.56210434242828
0.0399983141568677	1.56625870021971
0.0403982972984364	1.57051816397531
0.0407982804400051	1.57488602418097
0.0411982635815737	1.57936605903531
0.0415982467231424	1.58396266573183
0.0419982298647111	1.58868099297047
0.0423982130062798	1.59352705610181
0.0427981961478484	1.59850782897284
0.0431981792894171	1.60363130667723
0.0435981624309858	1.60890653366642
0.0439981455725545	1.61434358589697
0.0443981287141232	1.61995349992035
0.0447981118556918	1.62574809121393
0.0451980949972605	1.63173958429564
0.0455980781388292	1.63793995865435
0.0459980612803979	1.64435989130032
0.0463980444219665	1.65100715002654
0.0467980275635352	1.65788434735237
0.0471980107051039	1.66498603064051
0.0475979938466726	1.67229521144885
0.0479979769882412	1.68118642261423
0.0483979601298099	1.69031156085478
0.0487979432713786	1.69964165417953
0.0491979264129473	1.70914627413021
0.049597909554516	1.71879444050535
0.0499978926960846	1.72855553645909
0.0503978758376533	1.73840010681456
0.050797858979222	1.74830070607742
0.0511978421207907	1.75823220614032
0.0515978252623593	1.76817175649255
0.051997808403928	1.77809853966354
0.0523977915454967	1.78799357511068
0.0527977746870654	1.79783940556193
0.053197757828634	1.80761995719437
0.0535977409702027	1.81732045189369
0.0539977241117714	1.82692729495435
0.0543977072533401	1.83642774109149
0.0547976903949088	1.84580976279521
0.0551976735364774	1.85506200275264
0.0555976566780461	1.86417405265057
0.0559976398196148	1.87313690759468
0.0563976229611835	1.88194360757321
0.0567976061027521	1.89058981957577
0.0571975892443208	1.89907434408639
0.0575975723858895	1.9073994903798
0.0579975555274582	1.91557121029583
0.0583975386690268	1.92359891366622
0.0587975218105955	1.93149500801839
0.0591975049521642	1.93927423316128
0.0595974880937329	1.94695290380075
0.0599974712353016	1.9545479617448
0.0603974543768702	1.96207623344778
0.0607974375184389	1.96955414283503
0.0611974206600076	1.97699776878896
0.0615974038015763	1.98442312862227
0.0619973869431449	1.99184669519011
0.0623973700847136	1.99928577034334
0.0627973532262823	2.0067584041188
0.063197336367851	2.01428279609524
0.0635973195094196	2.02187628581695
0.0639973026509883	2.02955427708985
0.064397285792557	2.03732955118049
0.0647972689341257	2.04521189332317
0.0651972520756944	2.05320817281457
0.065597235217263	2.06132283978583
0.0659972183588317	2.06955872300574
0.0663972015004004	2.07791758726838
0.0667971846419691	2.08640040194612
0.0671971677835378	2.09500705685064
0.0675971509251064	2.10373574004144
0.0679971340666751	2.11258229851086
0.0683971172082438	2.12153992865927
0.0687971003498125	2.13059915114687
0.0691970834913811	2.13974837904742
0.0695970666329498	2.14897471928816
0.0699970497745185	2.15826462340732
0.0703970329160872	2.16760427306754
0.0707970160576558	2.17697983359186
0.0711969991992245	2.18637747385167
0.0715969823407932	2.19578340324146
0.0719969654823619	2.20518399230934
0.0723969486239305	2.21456588362426
0.0727969317654992	2.22391615603326
0.0731969149070679	2.23322221247292
0.0735968980486366	2.24247129173835
0.0739968811902053	2.25164994988371
0.0743968643317739	2.26074386831622
0.0747968474733426	2.26973801845729
0.0751968306149113	2.27861746229392
0.07559681375648	2.28736860518274
0.0759967968980486	2.29598030821746
0.0763967800396173	2.30444449116468
0.076796763181186	2.31275611343811
0.0771967463227547	2.32091228762267
0.0775967294643233	2.32891097076009
0.077996712605892	2.3367498313664
0.0783966957474607	2.344425587726
0.0787966788890294	2.35193375399658
0.0791966620305981	2.35926905564859
0.0795966451721667	2.36642603834937
0.0799966283137354	2.37339941194875
0.0803966114553041	2.3801840954601
0.0807965945968728	2.38677491811903
0.0811965777384414	2.39316590818524
0.0815965608800101	2.39934946956242
0.0819965440215788	2.40531594546249
0.0823965271631475	2.41105349304551
0.0827965103047161	2.41654830715675
0.0831964934462848	2.42178534218667
0.0835964765878535	2.42674927229425
0.0839964597294222	2.43142527961148
0.0843964428709909	2.43579965057683
0.0847964260125595	2.43986014183131
0.0851964091541282	2.44359606487989
0.0855963922956969	2.44699821444831
0.0859963754372656	2.45005889544282
0.0863963585788342	2.45277173074782
0.0867963417204029	2.45513135030897
0.0871963248619716	2.45713306249122
0.0875963080035403	2.45877259606766
0.087996291145109	2.46004574213864
0.0883962742866776	2.4609482346344
0.0887962574282463	2.4614760187688
0.089196240569815	2.46162573110738
0.0895962237113837	2.46139522242454
0.0899962068529523	2.46078392693641
0.090396189994521	2.45979281916416
0.0907961731360897	2.45842406963128
0.0911961562776584	2.45668070921918
0.091596139419227	2.45456641957489
0.0919961225607957	2.45208558186676
0.0923961057023644	2.44924365870851
0.0927960888439331	2.44604786541253
0.0931960719855018	2.44250781294266
0.0935960551270704	2.43863589013629
0.0939960382686391	2.43444718522789
0.0943960214102078	2.42995917547902
0.0947960045517765	2.42519117409169
0.0951959876933451	2.4201636014609
0.0955959708349138	2.41489731317469
0.0959959539764825	2.40941317249976
0.0963959371180512	2.40373178893799
0.0967959202596198	2.39787356448331
0.0971959034011885	2.39185913844669
0.0975958865427572	2.38570985936473
0.0979958696843259	2.37944827466402
0.0983958528258946	2.37309867140743
0.0987958359674632	2.3666872704612
0.0991958191090319	2.36024187852157
0.0995958022506006	2.35379125564873
0.0999957853921693	2.3473642442265
0.100395768533738	2.34098870112521
0.100795751675307	2.33469052890129
0.101195734816875	2.32849303332196
0.101595717958444	2.32241658880986
0.101995701100013	2.3164788465406
0.102395684241581	2.31069541001564
0.10279566738315	2.30508054124211
0.103195650524719	2.29964772732515
0.103595633666287	2.29441000476362
0.103995616807856	2.2893799663472
0.104395599949425	2.28456951801544
0.104795583090993	2.27998961809821
0.105195566232562	2.27564989613187
0.105595549374131	2.2715584771258
0.105995532515699	2.26772204607301
0.106395515657268	2.26414582677197
0.106795498798837	2.26083339630285
0.107195481940405	2.25778660156349
0.107595465081974	2.25500523284321
0.107995448223543	2.25248649249845
0.108395431365111	2.2502245527497
0.10879541450668	2.24821036250033
0.109195397648249	2.24643161230478
0.109595380789818	2.24487347977687
0.109995363931386	2.24351969646346
0.110395347072955	2.24235345120768
0.110795330214524	2.24135807331902
0.111195313356092	2.24051749689644
0.111595296497661	2.23981588079604
0.11199527963923	2.23923695248933
0.112395262780798	2.23876349164531
0.112795245922367	2.2383771507043
0.113195229063936	2.23805865756357
0.113595212205504	2.23778861039862
0.113995195347073	2.2375482371476
0.114395178488642	2.23731992322008
0.11479516163021	2.23708729930643
0.115195144771779	2.2368347259262
0.115595127913348	2.23654631085177
0.115995111054916	2.23620520294005
0.116395094196485	2.23579339490154
0.116795077338054	2.23529195181529
0.117195060479622	2.23468172901086
0.117595043621191	2.23394436099424
0.11799502676276	2.23306313806989
0.118395009904328	2.23202335322345
0.118794993045897	2.23081210265125
0.119194976187466	2.22941758494174
0.119594959329034	2.22782830002035
0.119994942470603	2.22603243992344
0.120394925612172	2.22401777325997
0.12079490875374	2.22177198301175
0.121194891895309	2.21928362060331
0.121594875036878	2.21654357191929
0.121994858178447	2.21354647862252
0.122394841320015	2.21029183980148
0.122794824461584	2.20678472027351
0.123194807603153	2.20303610841286
0.123594790744721	2.19906267060282
0.12399477388629	2.19488591387107
0.124394757027859	2.19053090671302
0.124794740169427	2.18602486012277
0.125194723310996	2.18139564729153
0.125594706452565	2.17667061811272
0.125994689594133	2.17187579696122
0.126394672735702	2.16703569958136
0.126794655877271	2.16217371259167
0.127194639018839	2.15731294463512
0.127594622160408	2.15247694430302
0.127994605301977	2.14769009290696
0.128394588443545	2.14297774206027
0.128794571585114	2.13836612796443
0.129194554726683	2.13388176766478
0.129594537868251	2.12955075629295
0.12999452100982	2.12539820023068
0.130394504151389	2.12144761818885
0.130794487292957	2.11772020411479
0.131194470434526	2.11423405394435
0.131594453576095	2.1110034138404
0.131994436717663	2.1080381705531
0.132394419859232	2.10534353917135
0.132794403000801	2.10292017340026
0.133194386142369	2.10076466715381
0.133594369283938	2.09887045624012
0.133994352425507	2.09722877304721
0.134394335567076	2.09582944173737
0.134794318708644	2.09466120536858
0.135194301850213	2.09371187230687
0.135594284991782	2.09296837361742
0.13599426813335	2.09241680369914
0.136394251274919	2.09204239578406
0.136794234416488	2.09182979945166
0.137194217558056	2.09176340511373
0.137594200699625	2.0918273632199
0.137994183841194	2.0920054095199
0.138394166982762	2.09228072159722
0.138794150124331	2.09263556032545
0.1391941332659	2.0930510140442
0.139594116407468	2.09350703680014
0.139994099549037	2.0939828476148
0.140394082690606	2.09445791404435
0.140794065832174	2.09491321804884
0.141194048973743	2.09533215752535
0.141594032115312	2.09570096425982
0.14199401525688	2.09600868163378
0.142393998398449	2.09624658566133
0.142793981540018	2.09640735730887
0.143193964681586	2.09648433695113
0.143593947823155	2.09647115414833
0.143993930964724	2.09636177457387
0.144393914106292	2.09615103687309
0.144793897247861	2.09583522126534
0.14519388038943	2.09541261112784
0.145593863530998	2.09488383037692
0.145993846672567	2.09425188138085
0.146393829814136	2.09352190986992
0.146793812955704	2.09270093300767
0.147193796097273	2.09179751164312
0.147593779238842	2.0908215897335
0.147993762380411	2.08978412224956
0.148393745521979	2.08869649330106
0.148793728663548	2.08756998556045
0.149193711805117	2.0864154719674
0.149593694946685	2.0852427562002
0.149993678088254	2.08405991223744
0.150393661229823	2.08287275907281
0.150793644371391	2.0816843906557
0.15119362751296	2.08049480459563
0.151593610654529	2.07930091120692
0.151993593796097	2.07809686248488
0.152393576937666	2.07687467081831
0.152793560079235	2.07562545045057
0.153193543220803	2.07434063240728
0.153593526362372	2.07301276386578
0.153993509503941	2.07163606800106
0.154393492645509	2.07020681189921
0.154793475787078	2.06872303825196
0.155193458928647	2.06718410104566
0.155593442070215	2.06559043052383
0.155993425211784	2.06394345351665
0.156393408353353	2.06224548261824
0.156793391494921	2.06049993523333
0.15719337463649	2.05871147674225
0.157593357778059	2.05688618217853
0.157993340919627	2.05503198002374
0.158393324061196	2.05315910660505
0.158793307202765	2.05128003069376
0.159193290344333	2.04940930309912
0.159593273485902	2.04756312189073
0.159993256627471	2.04575829380576
0.160393239769039	2.04401111897524
0.160793222910608	2.04233675996058
0.161193206052177	2.04074905360139
0.161593189193746	2.03926097164437
0.161993172335314	2.03788573666061
0.162393155476883	2.03663782365019
0.162793138618452	2.03553342157021
0.16319312176002	2.0345903836297
0.163593104901589	2.03382769611223
0.163993088043158	2.03326455488715
0.164393071184726	2.03291951173981
0.164793054326295	2.03280986579814
0.165193037467864	2.03295116243636
0.165593020609432	2.03335678554478
0.165993003751001	2.03403757552557
0.16639298689257	2.03500143171985
0.166792970034138	2.03625313885042
0.167192953175707	2.03779462800333
0.167592936317276	2.03962560569987
0.167992919458844	2.04174446138096
0.168392902600413	2.04414897695704
0.168792885741982	2.04683656411093
0.16919286888355	2.04980387430038
0.169592852025119	2.05304596073887
0.169992835166688	2.05655509701059
0.170392818308256	2.06031986841156
0.170792801449825	2.06432494116814
0.171192784591394	2.06855149721017
0.171592767732962	2.07297810622551
0.171992750874531	2.0775819556169
0.1723927340161	2.08233988201333
0.172792717157668	2.08722902912789
0.173192700299237	2.09222722014813
0.173592683440806	2.09731309120482
0.173992666582375	2.10246592952493
0.174392649723943	2.10766573214078
0.174792632865512	2.11289336995345
0.175192616007081	2.11813059525566
0.175592599148649	2.12335999728319
0.175992582290218	2.12856507339721
0.176392565431787	2.13373016077382
0.176792548573355	2.13884031635455
0.177192531714924	2.14388139663357
0.177592514856493	2.14884015811438
0.177992497998061	2.15370431040362
0.17839248113963	2.15846263202693
0.178792464281199	2.16310469208513
0.179192447422767	2.16762028457578
0.179592430564336	2.17199908391049
0.179992413705905	2.17623051640582
0.180392396847473	2.18030379230686
0.180792379989042	2.18420852825424
0.181192363130611	2.18793594306283
0.181592346272179	2.19147993549892
0.181992329413748	2.19483777284384
0.182392312555317	2.19801030917502
0.182792295696885	2.2010017707151
0.183192278838454	2.20381919092845
0.183592261980023	2.20647183130204
0.183992245121591	2.20897060426808
0.18439222826316	2.21132761626272
0.184792211404729	2.21355584704751
0.185192194546297	2.21566899059532
0.185592177687866	2.21768107514134
0.185992160829435	2.21960588806597
0.186392143971004	2.22145648334427
0.186792127112572	2.22324491893466
0.187192110254141	2.22498200723814
0.18759209339571	2.22667741792929
0.187992076537278	2.22834025512759
0.188392059678847	2.22997972865631
0.188792042820416	2.23160587630101
0.189192025961984	2.2332302596708
0.189592009103553	2.23486649228165
0.189991992245122	2.23653056114496
0.19039197538669	2.23824087091413
0.190791958528259	2.24001777178628
0.191191941669828	2.24188263020158
0.191591924811396	2.24385662583841
0.191991907952965	2.24595955795711
0.192391891094534	2.24820889043164
0.192791874236102	2.25061920145938
0.193191857377671	2.25320204250942
0.19359184051924	2.25596638924816
0.193991823660808	2.2589194558053
0.194391806802377	2.26206733251776
0.194791789943946	2.26541536298729
0.195191773085514	2.2689681028256
0.195591756227083	2.27272868529245
0.195991739368652	2.27669781574907
0.19639172251022	2.28087302247871
0.196791705651789	2.28524815071417
0.197191688793358	2.28981348311522
0.197591671934926	2.29455663280677
0.197991655076495	2.29946388576415
0.198391638218064	2.30452152601801
0.198791621359632	2.30971719044226
0.199191604501201	2.3150409603846
0.19959158764277	2.32048588611663
0.199991570784339	2.32604798602924
0.200391553925907	2.3317261343191
0.200791537067476	2.33752171495619
0.201191520209045	2.34343813435902
0.201591503350613	2.34948027696259
0.201991486492182	2.35565377966697
0.202391469633751	2.36196399605467
0.202791452775319	2.36841470105505
0.203191435916888	2.37500681011387
0.203591419058457	2.38173727514394
0.203991402200025	2.38859826540804
0.204391385341594	2.39557671083035
0.204791368483163	2.40265450582983
0.205191351624731	2.40980914469891
0.2055913347663	2.417014516963
0.205991317907869	2.42424170068099
0.206391301049437	2.4314598339329
0.206791284191006	2.4386369442775
0.207191267332575	2.44574098181436
0.207591250474143	2.45274089078834
0.207991233615712	2.45960757648523
0.208391216757281	2.46631465494564
0.208791199898849	2.47283897990181
0.209191183040418	2.47916067904498
0.209591166181987	2.48526276780685
0.209991149323555	2.49113070759917
0.210391132465124	2.49675202514385
0.210791115606693	2.50211599490141
0.211191098748261	2.50721347680254
0.21159108188983	2.51203688367607
0.211991065031399	2.51658012957832
0.212391048172968	2.52083870579167
0.212791031314536	2.52480980009365
0.213191014456105	2.52849250564543
0.213590997597674	2.53188814011255
0.213990980739242	2.53500047348072
0.214390963880811	2.53783559812767
0.21479094702238	2.54040157317591
0.215190930163948	2.54270800981851
0.215590913305517	2.5447656553053
0.215990896447086	2.54658611113718
0.216390879588654	2.54818184107195
0.216790862730223	2.54956634187292
0.217190845871792	2.55075418218237
0.21759082901336	2.55176086472936
0.217990812154929	2.55260252275185
0.218390795296498	2.55329572768151
0.218790778438066	2.55385730672642
0.219190761579635	2.55430411279505
0.219590744721204	2.55465273258387
0.219990727862772	2.5549194634421
0.220390711004341	2.55512028659085
0.22079069414591	2.55527087693828
0.221190677287478	2.555386523094
0.221590660429047	2.5554821776743
0.221990643570616	2.55557256338208
0.222390626712184	2.5556722989282
0.222790609853753	2.55579575566736
0.223190592995322	2.55595677967382
0.22359057613689	2.55616840041735
0.223990559278459	2.55644275493977
0.224390542420028	2.55679111603709
0.224790525561597	2.55722411889205
0.225190508703165	2.55775210377997
0.225590491844734	2.55838541976721
0.225990474986303	2.5591343361719
0.226390458127871	2.56000844717938
0.22679044126944	2.56101582510551
0.227190424411009	2.56216219881005
0.227590407552577	2.56345001675512
0.227990390694146	2.56487770358068
0.228390373835715	2.56643942669852
0.228790356977283	2.56812534889713
0.229190340118852	2.56992231484208
0.229590323260421	2.57181491696859
0.229990306401989	2.573786447988
0.230390289543558	2.57581954989106
0.230790272685127	2.57789682951691
0.231190255826695	2.58000131432018
0.231590238968264	2.58211663718517
0.231990222109833	2.58422737142031
0.232390205251401	2.58631961535895
0.23279018839297	2.588381229829
0.233190171534539	2.59040167981998
0.233590154676107	2.59237170713289
0.233990137817676	2.59428258230591
0.234390120959245	2.59612523860479
0.234790104100813	2.59788975093044
0.235190087242382	2.59956509202272
0.235590070383951	2.60113928845271
0.235990053525519	2.6026000149906
0.236390036667088	2.6039351830873
0.236790019808657	2.60513306992334
0.237190002950225	2.60618218634255
0.237589986091794	2.60707095630998
0.237989969233363	2.60778740728635
0.238389952374932	2.60831910169097
0.2387899355165	2.6086535115448
0.239189918658069	2.60877868059054
0.239589901799638	2.60868406139153
0.239989884941206	2.60836111939129
0.240389868082775	2.6078035715504
0.240789851224344	2.60700720691022
0.241189834365912	2.60596931453085
0.241589817507481	2.60468790908425
0.24198980064905	2.60316125545553
0.242389783790618	2.6013877787916
0.242789766932187	2.59936625624441
0.243189750073756	2.59709627720228
0.243589733215324	2.59457867176222
0.243989716356893	2.59181569679795
0.244389699498462	2.58881110090423
0.24478968264003	2.58556995010485
0.245189665781599	2.58209836293818
0.245589648923168	2.57840345781152
0.245989632064736	2.5744934583818
0.246389615206305	2.57037774489275
0.246789598347874	2.5660668472126
0.247189581489442	2.56157241623256
0.247589564631011	2.55690700797769
0.24798954777258	2.55208419204412
0.248389530914148	2.54711876318467
0.248789514055717	2.54202687464687
0.249189497197286	2.53682624029127
0.249589480338854	2.53153637392141
0.249989463480423	2.52617829383782
0.250389446621992	2.52077412822112
0.250789429763561	2.51534696283063
0.251189412905129	2.50992060502798
0.251589396046698	2.50451930252488
0.251989379188267	2.49916788884742
0.252389362329835	2.49389157621485
0.252789345471404	2.48871522297121
0.253189328612973	2.48366262893147
0.253589311754541	2.47875606765561
0.25398929489611	2.47401572597345
0.254389278037679	2.4694597182762
0.254789261179247	2.46510451558352
0.255189244320816	2.46096520438813
0.255589227462385	2.45705543003769
0.255989210603953	2.45338727235973
0.256389193745522	2.4499708038029
0.256789176887091	2.44681368284741
0.257189160028659	2.44392121413824
0.257589143170228	2.44129672798192
0.257989126311797	2.43894170834308
0.258389109453365	2.43685567803928
0.258789092594934	2.43503604145277
0.259189075736503	2.43347787324524
0.259589058878071	2.43217370913102
0.25998904201964	2.43111379365707
0.260389025161209	2.43028664157181
0.260789008302777	2.42967976669243
0.261188991444346	2.42928023982904
0.261588974585915	2.42907466387551
0.261988957727483	2.42904856654768
0.262388940869052	2.42918574054735
0.262788924010621	2.42946789367694
0.26318890715219	2.42987474552968
0.263588890293758	2.43038467785152
0.263988873435327	2.43097584149117
0.264388856576896	2.43162730939748
0.264788839718464	2.4323199040262
0.265188822860033	2.43303635569318
0.265588806001602	2.4337608230699
0.26598878914317	2.43447826409119
0.266388772284739	2.43517373806331
0.266788755426308	2.43583168112076
0.267188738567876	2.43643547070055
0.267588721709445	2.43696741942228
0.267988704851014	2.43740906523889
0.268388687992582	2.43774198307023
0.268788671134151	2.4379487901371
0.26918865427572	2.43801414151389
0.269588637417288	2.43792585569857
0.269988620558857	2.43767578338917
0.270388603700426	2.43725970088238
0.270788586841994	2.43667653387344
0.271188569983563	2.43592715756814
0.271588553125132	2.435012914416
0.2719885362667	2.43393443216293
0.272388519408269	2.43269118349811
0.272788502549838	2.43128173238234
0.273188485691406	2.42970464140056
0.273588468832975	2.4279598105761
0.273988451974544	2.42604918558499
0.274388435116112	2.42397674512073
0.274788418257681	2.42174819147098
0.27518840139925	2.41937036720462
0.275588384540818	2.41685058560001
0.275988367682387	2.41419661784802
0.276388350823956	2.41141708362887
0.276788333965525	2.4085220018132
0.277188317107093	2.40552321818158
0.277588300248662	2.40243441853676
0.277988283390231	2.39927048752635
0.278388266531799	2.39604670483696
0.278788249673368	2.39277781714029
0.279188232814937	2.38947714513471
0.279588215956505	2.38615608552844
0.279988199098074	2.38282400186423
0.280388182239643	2.37948854658672
0.280788165381211	2.37615642497094
0.28118814852278	2.37283420867214
0.281588131664349	2.36952893580824
0.281988114805917	2.36624858335299
0.282388097947486	2.36300217681403
0.282788081089055	2.35979949133304
0.283188064230623	2.35665065695425
0.283588047372192	2.35356562690266
0.283988030513761	2.35055364230339
0.284388013655329	2.34762300905415
0.284787996796898	2.3447810399704
0.285187979938467	2.34203411271591
0.285587963080035	2.33938780055611
0.285987946221604	2.33684696518126
0.286387929363173	2.3344156726244
0.286787912504741	2.33209709278949
0.28718789564631	2.32989335855833
0.287587878787879	2.32780538503961
0.287987861929447	2.32583290889077
0.288387845071016	2.32397467342365
0.288787828212585	2.32222884590606
0.289187811354154	2.32059387831417
0.289587794495722	2.3190693964476
0.289987777637291	2.31765679371228
0.29038776077886	2.31635924815761
0.290787743920428	2.31518106981956
0.291187727061997	2.31412645769259
0.291587710203566	2.31319817055692
0.291987693345134	2.31239617925171
0.292387676486703	2.31171669921633
0.292787659628272	2.31115182640047
0.29318764276984	2.31068962455971
0.293587625911409	2.31031451784866
0.293987609052978	2.31000807105053
0.294387592194546	2.30974991238313
0.294787575336115	2.30951856952578
0.295187558477684	2.3092924038892
0.295587541619252	2.30905062790507
0.295987524760821	2.30877413405493
0.29638750790239	2.30844622068113
0.296787491043958	2.30805309676044
0.297187474185527	2.30758372564412
0.297587457327096	2.30702931795642
0.297987440468664	2.30638261627975
0.298387423610233	2.30563713495532
0.298787406751802	2.30478655084042
0.29918738989337	2.30382466346692
0.299587373034939	2.30274563034269
0.299987356176508	2.30154445114545
0.300387339318076	2.30021758852789
0.300787322459645	2.29876337481925
0.301187305601214	2.2971817711211
0.301587288742783	2.29547370317339
0.301987271884351	2.29364026641982
0.30238725502592	2.29168205543809
0.302787238167489	2.28959889543672
0.303187221309057	2.28739007130185
0.303587204450626	2.28505498929324
0.303987187592195	2.28259388645857
0.304387170733763	2.28000838595853
0.304787153875332	2.27730175915097
0.305187137016901	2.27447892688447
0.305587120158469	2.27154630271658
0.305987103300038	2.26851184059227
0.306387086441607	2.26538520578343
0.306787069583175	2.26217802015967
0.307187052724744	2.25890426105527
0.307587035866313	2.25558068466355
0.307987019007881	2.25222664656641
0.30838700214945	2.24886349973824
0.308786985291019	2.24551375985285
0.309186968432587	2.24219995230567
0.309586951574156	2.23894331245643
0.309986934715725	2.23576289938599
0.310386917857293	2.23267536888188
0.310786900998862	2.22969521240782
0.311186884140431	2.22683563467046
0.311586867281999	2.22410948016278
0.311986850423568	2.22152988804849
0.312386833565137	2.21911059196426
0.312786816706705	2.21686591201852
0.313186799848274	2.21481036374105
0.313586782989843	2.2129583937862
0.313986766131411	2.21132436412713
0.31438674927298	2.20992263037113
0.314786732414549	2.20876758578243
0.315186715556117	2.20787389260445
0.315586698697686	2.20725650194189
0.315986681839255	2.20693024514461
0.316386664980824	2.20690908215863
0.316786648122392	2.20720521389277
0.317186631263961	2.20782805261015
0.31758661440553	2.20878343521011
0.317986597547098	2.21007326112676
0.318386580688667	2.21169558153996
0.318786563830236	2.21364527766413
0.319186546971804	2.21591525745309
0.319586530113373	2.21849776766316
0.319986513254942	2.22138555507286
0.32038649639651	2.22457270198091
0.320786479538079	2.22805493454974
0.321186462679648	2.23182961126636
0.321586445821216	2.2358955785321
0.321986428962785	2.24025317961042
0.322386412104354	2.24490446402358
0.322786395245922	2.24985345116233
0.323186378387491	2.25510584001882
0.32358636152906	2.26066815700601
0.323986344670628	2.26654639371153
0.324386327812197	2.27274420239993
0.324786310953766	2.27926117980515
0.325186294095334	2.28609177312856
0.325586277236903	2.29322502993254
0.325986260378472	2.30064534732208
0.32638624352004	2.30833383676611
0.326786226661609	2.31626986893114
0.327186209803178	2.32443237323028
0.327586192944747	2.33280076999553
0.327986176086315	2.34135518798857
0.328386159227884	2.35007630593255
0.328786142369453	2.35894510395295
0.329186125511021	2.36794262778685
0.32958610865259	2.3770502448017
0.329986091794159	2.38625047453866
0.330386074935727	2.39552777066687
0.330786058077296	2.40486925016721
0.331186041218865	2.41426527299394
0.331586024360433	2.42370938230669
0.331986007502002	2.43319761963963
0.332385990643571	2.44272784692696
0.332785973785139	2.45229899132153
0.333185956926708	2.46191032913948
0.333585940068277	2.47156133122924
0.333985923209845	2.48125206251898
0.334385906351414	2.49098352556621
0.334785889492983	2.50075813090595
0.335185872634551	2.51058020640076
0.33558585577612	2.52045608717823
0.335985838917689	2.53039376292217
0.336385822059257	2.54040251045212
0.336785805200826	2.5504921059322
0.337185788342395	2.56067175839104
0.337585771483963	2.57094932742332
0.337985754625532	2.58133072478942
0.338385737767101	2.59181970113673
0.338785720908669	2.60241842531672
0.339185704050238	2.61312863634073
0.339585687191807	2.62395272911618
0.339985670333376	2.63489461405843
0.340385653474944	2.64596034261062
0.340785636616513	2.65715805176398
0.341185619758082	2.66849745092492
0.34158560289965	2.67998915983388
0.341985586041219	2.69164394454375
0.342385569182788	2.70347187753417
0.342785552324356	2.71548149117079
0.343185535465925	2.72767916025689
0.343585518607494	2.74006867058088
0.343985501749062	2.75265098660861
0.344385484890631	2.76542418227866
0.3447854680322	2.77838354904601
0.345185451173768	2.79152179927016
0.345585434315337	2.80482928991552
0.345985417456906	2.81829431031304
0.346385400598474	2.83190330751509
0.346785383740043	2.84564112011621
0.347185366881612	2.8594915696783
0.34758535002318	2.87343815186609
0.347985333164749	2.88746472547262
0.348385316306318	2.9015560846615
0.348785299447886	2.91569855737207
0.349185282589455	2.92988018871891
0.349585265731024	2.94409062159061
0.349985248872592	2.95832089555116
0.350385232014161	2.97256347239236
0.35078521515573	2.98681202868571
0.351185198297298	3.0010612587217
0.351585181438867	3.0153066777782
0.351985164580436	3.02954434691931
0.352385147722004	3.04377032067764
0.352785130863573	3.05798040131723
0.353185114005142	3.07216965290171
0.35358509714671	3.08633172516987
0.353985080288279	3.10045841969824
0.354385063429848	3.11453965327487
0.354785046571417	3.12856354402938
0.355185029712985	3.1425169627597
0.355585012854554	3.15638641381868
0.355984995996123	3.17015884290849
0.356384979137691	3.18382222150742
0.35678496227926	3.19736575594775
0.357184945420829	3.21077943582613
0.357584928562397	3.22405312092262
0.357984911703966	3.23717576329243
0.358384894845535	3.25013475933409
0.358784877987103	3.26291565726581
0.359184861128672	3.27550244285127
0.359584844270241	3.28787841237124
0.359984827411809	3.30002695285619
0.360384810553378	3.31193206781029
0.360784793694947	3.32357843422351
0.361184776836515	3.33495120522239
0.361584759978084	3.34603569726472
0.361984743119653	3.3568173111369
0.362384726261221	3.36728177318569
0.36278470940279	3.37741577373024
0.363184692544359	3.38720786079512
0.363584675685927	3.39664937370071
0.363984658827496	3.40573505077422
0.364384641969065	3.41446347894976
0.364784625110633	3.42283758022932
0.365184608252202	3.43086495720232
0.365584591393771	3.43855782887363
0.36598457453534	3.44593261270292
0.366384557676908	3.45300912572285
0.366784540818477	3.45980931944684
0.367184523960046	3.46635574288634
0.367584507101614	3.47266997712044
0.367984490243183	3.47877138128231
0.368384473384752	3.48467633933254
0.36878445652632	3.49039806001671
0.369184439667889	3.4959467149371
0.369584422809458	3.50132974909814
0.369984405951026	3.50655236090223
0.370384389092595	3.51161800011316
0.370784372234164	3.51652886408766
0.371184355375732	3.52128659954215
0.371584338517301	3.52589299570956
0.37198432165887	3.53035055891444
0.372384304800438	3.53466289802249
0.372784287942007	3.53883481376957
0.373184271083576	3.54287195529645
0.373584254225144	3.54678035938667
0.373984237366713	3.55056587026201
0.374384220508282	3.55423344624843
0.37478420364985	3.55778659882583
0.375184186791419	3.56122694036922
0.375584169932988	3.56455375812684
0.375984153074556	3.5677639681526
0.376384136216125	3.57085246657364
0.376784119357694	3.5738126440025
0.377184102499262	3.57663713276364
0.377584085640831	3.57931884686257
0.3779840687824	3.58185187114998
0.378384051923969	3.58423193592192
0.378784035065537	3.58645650312717
0.379184018207106	3.58852434987171
0.379584001348675	3.59043496662837
0.379983984490243	3.59218808912969
0.380383967631812	3.59378361530541
0.380783950773381	3.595221903777
0.381183933914949	3.59650456647573
0.381583917056518	3.59763543715487
0.381983900198087	3.59862131446826
0.382383883339655	3.59947212595825
0.382783866481224	3.60020045856025
0.383183849622793	3.60082058542794
0.383583832764361	3.6013470793391
0.38398381590593	3.60179330737131
0.384383799047499	3.60217035978825
0.384783782189067	3.60248642152166
0.385183765330636	3.60274639804674
0.385583748472205	3.60295191097335
0.385983731613773	3.60310154906586
0.386383714755342	3.60319135398005
0.386783697896911	3.60321559396546
0.387183681038479	3.60316790033995
0.387583664180048	3.60304243968615
0.387983647321617	3.60283518331524
0.388383630463185	3.60254499452175
0.388783613604754	3.60217437075413
0.389183596746323	3.60172966198013
0.389583579887891	3.6012209009498
0.38998356302946	3.60066124204219
0.390383546171029	3.60006642219964
0.390783529312597	3.59945427193847
0.391183512454166	3.59884447723836
0.391583495595735	3.59825835403176
0.391983478737303	3.59771854726051
0.392383461878872	3.59724832964924
0.392783445020441	3.59687070732384
0.39318342816201	3.59660734445626
0.393583411303578	3.5964774741976
0.393983394445147	3.59649698350048
0.394383377586716	3.59667799444075
0.394783360728284	3.59702889212186
0.395183343869853	3.59755481469413
0.395583327011422	3.5982585339416
0.39598331015299	3.59914158626786
0.396383293294559	3.60020528390592
0.396783276436128	3.60145135564308
0.397183259577696	3.60288219716492
0.397583242719265	3.60450074009819
0.397983225860834	3.60631002081096
0.398383209002402	3.60831259806135
0.398783192143971	3.61051014898596
0.39918317528554	3.61290315113761
0.399583158427108	3.61549073230812
0.399983141568677	3.61827078841143
0.400383124710246	3.62124026133173
0.400783107851814	3.62439555002378
0.401183090993383	3.62773321408188
0.401583074134952	3.63125098716922
0.40198305727652	3.6349488725095
0.402383040418089	3.63883032828843
0.402783023559658	3.64290322974557
0.403183006701226	3.64718006445103
0.403582989842795	3.6516773797207
0.403982972984364	3.65641442938633
0.404382956125933	3.6614111129609
0.404782939267501	3.66668562542101
0.40518292240907	3.6722523111026
0.405582905550639	3.6781201809188
0.405982888692207	3.68429227429333
0.406382871833776	3.69076599543556
0.406782854975345	3.69753393460094
0.407182838116913	3.70458495936137
0.407582821258482	3.71190513825084
0.407982804400051	3.71947800595579
0.408382787541619	3.7272842638752
0.408782770683188	3.73530111929371
0.409182753824757	3.74350149603011
0.409582736966325	3.75185375237096
0.409982720107894	3.76032232262254
0.410382703249463	3.76886915010476
0.410782686391031	3.77745562428075
0.4111826695326	3.78604455912387
0.411582652674169	3.79460158379211
0.411982635815737	3.8030957102646
0.412382618957306	3.81149886780858
0.412782602098875	3.81978478030482
0.413182585240443	3.82792784911899
0.413582568382012	3.83590269267212
0.413982551523581	3.84368437425625
0.414382534665149	3.851249084427
0.414782517806718	3.85857502329502
0.415182500948287	3.86564310928696
0.415582484089855	3.87243708576492
0.415982467231424	3.87894305354172
0.416382450372993	3.88514883040987
0.416782433514562	3.89104360343679
0.41718241665613	3.89661818873252
0.417582399797699	3.90186600350335
0.417982382939268	3.90678461264622
0.418382366080836	3.91137720950051
0.418782349222405	3.91565368651707
0.419182332363974	3.91963079873802
0.419582315505542	3.92333100038669
0.419982298647111	3.92678044467474
0.42038228178868	3.93000679157256
0.420782264930248	3.93303709742366
0.421182248071817	3.93589646653256
0.421582231213386	3.93860778014256
0.421982214354954	3.94119213294091
0.422382197496523	3.94366949565123
0.422782180638092	3.94605930589887
0.42318216377966	3.9483803785846
0.423582146921229	3.95064998324067
0.423982130062798	3.9528825513628
0.424382113204366	3.95508848587565
0.424782096345935	3.95727358037101
0.425182079487504	3.95943922050645
0.425582062629072	3.96158337912638
0.425982045770641	3.9637019814694
0.42638202891221	3.96579026132366
0.426782012053778	3.96784380341953
0.427181995195347	3.96985923126073
0.427581978336916	3.97183440947922
0.427981961478484	3.97376838202017
0.428381944620053	3.9756612451853
0.428781927761622	3.9775140004363
0.42918191090319	3.97932833891533
0.429581894044759	3.9811064380119
0.429981877186328	3.98285083006683
0.430381860327896	3.98456432110806
0.430781843469465	3.9862500235307
0.431181826611034	3.98791132913555
0.431581809752603	3.98955191565763
0.431981792894171	3.99117559066
0.43238177603574	3.99278577696678
0.432781759177309	3.99438462502111
0.433181742318877	3.9959721664805
0.433581725460446	3.99754563378479
0.433981708602015	3.99909936075123
0.434381691743583	4.00062552402779
0.434781674885152	4.00211547994525
0.435181658026721	4.00356127580182
0.435581641168289	4.00495726391432
0.435981624309858	4.00630111339026
0.436381607451427	4.00759400305934
0.436781590592995	4.00884032211474
0.437181573734564	4.01004725428762
0.437581556876133	4.01122415765568
0.437981540017701	4.01238180668835
0.43838152315927	4.01353171386769
0.438781506300839	4.01468550917644
0.439181489442407	4.01585413173158
0.439581472583976	4.01704672389372
0.439981455725545	4.01826949406416
0.440381438867113	4.01952488270257
0.440781422008682	4.02081118489867
0.441181405150251	4.02212257053571
0.441581388291819	4.02344977659889
0.441981371433388	4.02478113127047
0.442381354574957	4.02610359867034
0.442781337716526	4.02740364652401
0.443181320858094	4.02866809294202
0.443581303999663	4.02988457979401
0.443981287141232	4.03104216668902
0.4443812702828	4.03213182082401
0.444781253424369	4.03314667392816
0.445181236565938	4.0340822794958
0.445581219707506	4.03493728870197
0.445981202849075	4.03571388214032
0.446381185990644	4.03641799484582
0.446781169132212	4.03705913730108
0.447181152273781	4.03764958507532
0.44758113541535	4.03820276518333
0.447981118556918	4.03873172521841
0.448381101698487	4.03924766876004
0.448781084840056	4.03975916918937
0.449181067981624	4.04027266578194
0.449581051123193	4.04079412003224
0.449981034264762	4.04133130706357
0.45038101740633	4.04189651346517
0.450781000547899	4.04250859840222
0.451180983689468	4.04319361265238
0.451580966831036	4.04398434681015
0.451980949972605	4.04491882274438
0.452380933114174	4.04603802252677
0.452780916255742	4.0473835619334
0.453180899397311	4.04899583943744
0.45358088253888	4.0509125470719
0.453980865680448	4.0531677044557
0.454380848822017	4.05579115143117
0.454780831963586	4.05880846757283
0.455180815105154	4.06224107550918
0.455580798246723	4.06610638750676
0.455980781388292	4.07041788135255
0.456380764529861	4.0751851941707
0.456780747671429	4.08041426285027
0.457180730812998	4.08610767761998
0.457580713954567	4.09226531442821
0.457980697096135	4.09888502093138
0.458380680237704	4.10596327444302
0.458780663379273	4.11349586041655
0.459180646520841	4.12147826343378
0.45958062966241	4.1299056052214
0.459980612803979	4.13877269921166
0.460380595945547	4.14807413599589
0.460780579087116	4.15780410764901
0.461180562228685	4.16795612012076
0.461580545370253	4.17852277699307
0.461980528511822	4.1894953113138
0.462380511653391	4.2008629923875
0.462780494794959	4.21261271206582
0.463180477936528	4.224728823379
0.463580461078097	4.23719305821775
0.463980444219665	4.24998472418567
0.464380427361234	4.26308127114667
0.464780410502803	4.27645879445877
0.465180393644371	4.29009240532119
0.46558037678594	4.30395668154676
0.465980359927509	4.31802607316816
0.466380343069077	4.33227517959684
0.466780326210646	4.34667905748034
0.467180309352215	4.36121351410892
0.467580292493783	4.37585527259443
0.467980275635352	4.390582078415
0.468380258776921	4.40537276026364
0.468780241918489	4.42020722294468
0.469180225060058	4.43506649804122
0.469580208201627	4.4499328603698
0.469980191343196	4.46478995268309
0.470380174484764	4.47962282034758
0.470780157626333	4.49441767894543
0.471180140767902	4.50916144291435
0.47158012390947	4.52384120537245
0.471980107051039	4.53844370579697
0.472380090192608	4.55295496401508
0.472780073334176	4.56736046349389
0.473180056475745	4.58164587733561
0.473580039617314	4.59579779795541
0.473980022758882	4.60980431853539
0.474380005900451	4.62365525826938
0.47477998904202	4.63734188269005
0.475179972183588	4.65085601620654
0.475579955325157	4.66418897157721
0.475979938466726	4.67733081978452
0.476379921608294	4.69027030794644
0.476779904749863	4.70299543401652
0.477179887891432	4.71549454795124
0.477579871033	4.7277577808134
0.477979854174569	4.73977824738592
0.478379837316138	4.75155295464664
0.478779820457706	4.76308321911538
0.479179803599275	4.77437442295549
0.479579786740844	4.78543532682092
0.479979769882412	4.79627728702594
0.480379753023981	4.80691308719098
0.48077973616555	4.81735553854263
0.481179719307119	4.82761598353938
0.481579702448687	4.83770293090028
0.481979685590256	4.84762078992259
0.482379668731825	4.85736918993472
0.482779651873393	4.86694285369884
0.483179635014962	4.87633230764444
0.483579618156531	4.88552524536644
0.483979601298099	4.89450831110154
0.484379584439668	4.90326861388324
0.484779567581237	4.91179482327797
0.485179550722805	4.92007786563621
0.485579533864374	4.92811130163301
0.485979517005943	4.93589133148532
0.486379500147511	4.94341683663203
0.48677948328908	4.95068925394327
0.487179466430649	4.95771229157129
0.487579449572217	4.96449149791777
0.487979432713786	4.97103358510466
0.488379415855355	4.97734555377642
0.488779398996923	4.98343415377031
0.489179382138492	4.9893058394061
0.489579365280061	4.99496687185901
0.489979348421629	5.00042384319849
0.490379331563198	5.00568462321868
0.490779314704767	5.01075900570864
0.491179297846335	5.01565901378866
0.491579280987904	5.02039919928326
0.491979264129473	5.02499631832883
0.492379247271041	5.02946856752219
0.49277923041261	5.0338349584736
0.493179213554179	5.03811455713783
0.493579196695748	5.04232544543597
0.493979179837316	5.04648410769366
0.494379162978885	5.0506049970151
0.494779146120454	5.05470001297575
0.495179129262022	5.05877813861089
0.495579112403591	5.06284516485796
0.49597909554516	5.06690314902789
0.496379078686728	5.07094999464673
0.496779061828297	5.07497970767406
0.497179044969866	5.07898306616896
0.497579028111434	5.08294869116095
0.497979011253003	5.08686461701923
0.498378994394572	5.09071991817909
0.49877897753614	5.09450601607861
0.499178960677709	5.09821764452079
0.499578943819278	5.10185327290679
0.499978926960846	5.1054150370518
0.500378910102415	5.10890831061936
0.500778893243984	5.11234101468462
0.501178876385552	5.11572263472941
0.501578859527121	5.11906325133262
0.50197884266869	5.12237276103616
0.502378825810258	5.12566045071679
0.502778808951827	5.12893508382888
0.503178792093396	5.1322053234354
0.503578775234964	5.13548039300556
0.503978758376533	5.13877070004358
0.504378741518102	5.14208787095231
0.50477872465967	5.14544403214474
0.505178707801239	5.14885062731604
0.505578690942808	5.15231696819241
0.505978674084376	5.15584859709058
0.506378657225945	5.15944621118775
0.506778640367514	5.16310540756367
0.507178623509082	5.16681704799857
0.507578606650651	5.17056806621115
0.50797858979222	5.17434275026847
0.508378572933789	5.17812410779893
0.508778556075357	5.1818953668661
0.509178539216926	5.18564158362608
0.509578522358495	5.18935104449899
0.509978505500063	5.19301599190244
0.510378488641632	5.1966328755148
0.510778471783201	5.20020211418092
0.511178454924769	5.20372721588458
0.511578438066338	5.20721334737338
0.511978421207907	5.21066598893792
0.512378404349475	5.21408971897735
0.512778387491044	5.21748706955373
0.513178370632613	5.22085787956009
0.513578353774181	5.22419919959871
0.51397833691575	5.22750558765499
0.514378320057319	5.23076970980444
0.514778303198887	5.2339832191297
0.515178286340456	5.23713784499808
0.515578269482025	5.24022651669728
0.515978252623593	5.24324412461742
0.516378235765162	5.24618784301319
0.516778218906731	5.24905714151139
0.517178202048299	5.25185349564143
0.517578185189868	5.25457995133068
0.517978168331437	5.25724100222252
0.518378151473005	5.25984257485238
0.518778134614574	5.26239182987301
0.519178117756143	5.26489691719575
0.519578100897712	5.26736656346625
0.51997808403928	5.26980915590795
0.520378067180849	5.27223154295421
0.520778050322418	5.27463802669232
0.521178033463986	5.27702950279595
0.521578016605555	5.27940298564491
0.521977999747124	5.281752009964
0.522377982888692	5.2840676453009
0.522777966030261	5.28633956791893
0.52317794917183	5.28855703393382
0.523577932313398	5.29070997349974
0.523977915454967	5.29278978416391
0.524377898596536	5.29478965193678
0.524777881738104	5.29670447169434
0.525177864879673	5.29853061235459
0.525577848021242	5.30026514870359
0.52597783116281	5.30190500472542
0.526377814304379	5.30344617189175
0.526777797445948	5.30488319432008
0.527177780587516	5.30620909209501
0.527577763729085	5.3074160739196
0.527977746870654	5.30849647578426
0.528377730012222	5.30944365164999
0.528777713153791	5.31025254972094
0.52917769629536	5.31091967294377
0.529577679436928	5.3114423165078
0.529977662578497	5.31181779587759
0.530377645720066	5.31204303492138
0.530777628861634	5.31211471022882
0.531177612003203	5.31202992087228
0.531577595144772	5.31178698533294
0.531977578286341	5.31138579303823
0.532377561427909	5.31082787859508
0.532777544569478	5.3101161914587
0.533177527711047	5.30925454641857
0.533577510852615	5.30824732138749
0.533977493994184	5.30709969930047
0.534377477135753	5.30581819206724
0.534777460277321	5.30441113957656
0.53517744341889	5.30288895053671
0.535577426560459	5.30126366302881
0.535977409702027	5.29954790233743
0.536377392843596	5.29775345730659
0.536777375985165	5.29588998745264
0.537177359126733	5.29396428420169
0.537577342268302	5.29198012421359
0.537977325409871	5.28993858204991
0.538377308551439	5.28783878728762
0.538777291693008	5.28567875542847
0.539177274834577	5.28345606909314
0.539577257976145	5.28116835178814
0.539977241117714	5.27881358701789
0.540377224259283	5.27639046489601
0.540777207400851	5.27389899514808
0.54117719054242	5.27134122089577
0.541577173683989	5.26872199002042
0.541977156825557	5.26604954859904
0.542377139967126	5.26333551490519
0.542777123108695	5.26059418864792
0.543177106250263	5.25784122396109
0.543577089391832	5.25509171182134
0.543977072533401	5.25235833286112
0.544377055674969	5.24965020304523
0.544777038816538	5.24697245616051
0.545177021958107	5.24432685962322
0.545577005099676	5.2417137146116
0.545976988241244	5.23913405187778
0.546376971382813	5.23659140862542
0.546776954524381	5.23409319454579
0.54717693766595	5.23165099958929
0.547576920807519	5.22927978714833
0.547976903949088	5.22699663800878
0.548376887090656	5.22481928845643
0.548776870232225	5.22276469665645
0.549176853373794	5.22084811903113
0.549576836515362	5.21908254415437
0.549976819656931	5.21747801287215
0.5503768027985	5.2160411788138
0.550776785940068	5.21477508987343
0.551176769081637	5.21367919984906
0.551576752223206	5.21274975596362
0.551976735364774	5.21198058489322
0.552376718506343	5.21136402393883
0.552776701647912	5.21089183778289
0.55317668478948	5.21055584691629
0.553576667931049	5.21034817379652
0.553976651072618	5.21026160388798
0.554376634214186	5.21029026495414
0.554776617355755	5.21043027934475
0.555176600497324	5.21068065885741
0.555576583638892	5.21104428227086
0.555976566780461	5.21152832444984
0.55637654992203	5.21214385104706
0.556776533063599	5.21290506070251
0.557176516205167	5.21382820757943
0.557576499346736	5.21493040342576
0.557976482488304	5.21622886110264
0.558376465629873	5.21774066628496
0.558776448771442	5.21948242567214
0.559176431913011	5.22146996612788
0.559576415054579	5.22371819942213
0.559976398196148	5.22624071859631
0.560376381337717	5.22904920950144
0.560776364479285	5.23215348096138
0.561176347620854	5.23556188974105
0.561576330762423	5.23928166738641
0.561976313903991	5.24331932465356
0.56237629704556	5.24768109441711
0.562776280187129	5.25237286483429
0.563176263328697	5.25739972692406
0.563576246470266	5.26276545764026
0.563976229611835	5.26847198322322
0.564376212753403	5.2745190504426
0.564776195894972	5.28090441175993
0.565176179036541	5.28762438056023
0.565576162178109	5.29467447921188
0.565976145319678	5.30205016417882
0.566376128461247	5.30974735828493
0.566776111602815	5.31776240041841
0.567176094744384	5.32609139554704
0.567576077885953	5.33472947557828
0.567976061027521	5.3436702055031
0.56837604416909	5.35290523356187
0.568776027310659	5.36242423569506
0.569176010452227	5.37221511086006
0.569575993593796	5.38226415740739
0.569975976735365	5.39255617281395
0.570375959876933	5.40307417669489
0.570775943018502	5.41379851414121
0.571175926160071	5.42470590932086
0.571575909301639	5.43576889621672
0.571975892443208	5.44695540973411
0.572375875584777	5.45822858811815
0.572775858726346	5.46954750550935
0.573175841867914	5.48086845364427
0.573575825009483	5.49214636213094
0.573975808151052	5.50333652293469
0.57437579129262	5.51439652821948
0.574775774434189	5.52528795574004
0.575175757575758	5.53597781942595
0.575575740717326	5.54643976522624
0.575975723858895	5.55665454668617
0.576375707000464	5.56660969662174
0.576775690142032	5.57629892504011
0.577175673283601	5.58572096345303
0.57757565642517	5.59487783672475
0.577975639566738	5.60377303503375
0.578375622708307	5.61241014292669
0.578775605849876	5.62079199053971
0.579175588991444	5.62892048410758
0.579575572133013	5.63679701993687
0.579975555274582	5.64442303308851
0.58037553841615	5.65180081684846
0.580775521557719	5.65893447296065
0.581175504699288	5.66583065641384
0.581575487840856	5.67249912712107
0.581975470982425	5.67895309316942
0.582375454123994	5.68520923283962
0.582775437265562	5.6912873244778
0.583175420407131	5.69720934890512
0.5835754035487	5.70299797982471
0.583975386690268	5.70867510146574
0.584375369831837	5.71426072133466
0.584775352973406	5.71977176664178
0.585175336114975	5.725221573708
0.585575319256543	5.73062033081894
0.585975302398112	5.73597584397271
0.586375285539681	5.74129445533351
0.586775268681249	5.74658226991025
0.587175251822818	5.75184584917538
0.587575234964387	5.75709233732635
0.587975218105955	5.76232925460453
0.588375201247524	5.76756351130816
0.588775184389093	5.77279990169034
0.589175167530661	5.77804003494248
0.58957515067223	5.78328176573586
0.589975133813799	5.78851918194629
0.590375116955367	5.79374344373948
0.590775100096936	5.79894413879162
0.591175083238505	5.804110416559
0.591575066380073	5.80923190407428
0.591975049521642	5.8142992845518
0.592375032663211	5.8193041857292
0.592775015804779	5.82423866722986
0.593174998946348	5.82909462939404
0.593574982087917	5.83386319450733
0.593974965229485	5.83853427139662
0.594374948371054	5.84309663968656
0.594774931512623	5.84753840232346
0.595174914654191	5.85184753769874
0.59557489779576	5.85601243126197
0.595974880937329	5.86002227734845
0.596374864078898	5.86386716466658
0.596774847220466	5.86753805091745
0.597174830362035	5.87102679168048
0.597574813503604	5.8743261150374
0.597974796645172	5.87743000002421
0.598374779786741	5.88033455518262
0.59877476292831	5.88303903020145
0.599174746069878	5.88554672827
0.599574729211447	5.8878657927429
0.599974712353016	5.89000939737367
0.600374695494584	5.89199514936999
0.600774678636153	5.8938437278993
0.601174661777722	5.89557683436494
0.60157464491929	5.89721487955623
0.601974628060859	5.89877503024378
0.602374611202428	5.90026965698144
0.602774594343996	5.90170536981562
0.603174577485565	5.90308291333707
0.603574560627134	5.90439779808955
0.603974543768702	5.90564109833414
0.604374526910271	5.90680060904451
0.60477451005184	5.9078623519835
0.605174493193408	5.90881203271827
0.605574476334977	5.90963655253969
0.605974459476546	5.91032583503851
0.606374442618114	5.91087424669534
0.606774425759683	5.91128118867795
0.607174408901252	5.91155114244905
0.60757439204282	5.91169309687957
0.607974375184389	5.91171906333168
0.608374358325958	5.91164241990093
0.608774341467526	5.91147647918012
0.609174324609095	5.91123332045469
0.609574307750664	5.91092314275037
0.609974290892233	5.91055430987756
0.610374274033801	5.91013384369344
0.61077425717537	5.9096682724525
0.611174240316939	5.90916464037829
0.611574223458507	5.90863135565708
0.611974206600076	5.90807860065997
0.612374189741645	5.90751832052887
0.612774172883213	5.90696373711928
0.613174156024782	5.90642879407511
0.613574139166351	5.905927704334
0.613974122307919	5.90547473193989
0.614374105449488	5.90508441119472
0.614774088591057	5.90477223702973
0.615174071732625	5.90455519724688
0.615574054874194	5.90445194418657
0.615974038015763	5.90448274135285
0.616374021157331	5.90466913742444
0.6167740042989	5.90503327344703
0.617173987440469	5.90559731767128
0.617573970582037	5.9063830229318
0.617973953723606	5.90741131537093
0.618373936865175	5.90870166054528
0.618773920006743	5.91027154983686
0.619173903148312	5.91213596333553
0.619573886289881	5.91430684091632
0.619973869431449	5.91679266028331
0.620373852573018	5.91959847720415
0.620773835714587	5.9227261182916
0.621173818856156	5.92617430577642
0.621573801997724	5.92993872514566
0.621973785139293	5.93401217215705
0.622373768280861	5.93838463216252
0.62277375142243	5.94304349721522
0.623173734563999	5.94797418652666
0.623573717705568	5.95316091370099
0.623973700847136	5.95858715721726
0.624373683988705	5.96423589028175
0.624773667130273	5.9700895161939
0.625173650271842	5.97612942796798
0.625573633413411	5.98233566540074
0.62597361655498	5.98868703299045
0.626373599696548	5.99516159412424
0.626773582838117	6.00173731959791
0.627173565979686	6.0083929490574
0.627573549121254	6.01510871091465
0.627973532262823	6.02186657787819
0.628373515404392	6.02865008589544
0.62877349854596	6.03544408965892
0.629173481687529	6.04223447422084
0.629573464829098	6.04900800110493
0.629973447970666	6.05575259003905
0.630373431112235	6.06245789005432
0.630773414253804	6.06911576775278
0.631173397395372	6.07572068259825
0.631573380536941	6.08226975970148
0.63197336367851	6.08876251274799
0.632373346820078	6.09520022526438
0.632773329961647	6.10158521005309
0.633173313103216	6.10792005831364
0.633573296244784	6.11420706186744
0.633973279386353	6.1204477923668
0.634373262527922	6.12664265008411
0.634773245669491	6.1327903389654
0.635173228811059	6.13888729270395
0.635573211952628	6.14492715615595
0.635973195094196	6.15090065876144
0.636373178235765	6.15679581934324
0.636773161377334	6.16259846442714
0.637173144518903	6.16829330176284
0.637573127660471	6.17386511717898
0.63797311080204	6.17929953175665
0.638373093943609	6.18458354666813
0.638773077085177	6.18970594587282
0.639173060226746	6.19465722200293
0.639573043368315	6.19942936575515
0.639973026509883	6.20401581831753
0.640373009651452	6.20841145459309
0.640772992793021	6.21261263900274
0.641172975934589	6.21661769945459
0.641572959076158	6.22042763272102
0.641972942217727	6.22404659111965
0.642372925359295	6.22748225761956
0.642772908500864	6.23074612579341
0.643172891642433	6.23385293498538
0.643572874784001	6.23681940311574
0.64397285792557	6.23966280551522
0.644372841067139	6.24239958271026
0.644772824208707	6.24504415162137
0.645172807350276	6.24760830458976
0.645572790491845	6.25010116105195
0.645972773633413	6.25252929647131
0.646372756774982	6.25489723726787
0.646772739916551	6.25720809479806
0.647172723058119	6.25946385927448
0.647572706199688	6.26166562055055
0.647972689341257	6.2638138626564
0.648372672482825	6.2659083590053
0.648772655624394	6.26794770228508
0.649172638765963	6.26992870749723
0.649572621907532	6.27184556004292
0.6499726050491	6.27368896542362
0.650372588190669	6.27544571946574
0.650772571332238	6.27709859496995
0.651172554473806	6.2786266250353
0.651572537615375	6.28000571711923
0.651972520756944	6.28120963806877
0.652372503898512	6.28221113223961
0.652772487040081	6.28298318933206
0.65317247018165	6.28350044082248
0.653572453323218	6.28374062851669
0.653972436464787	6.2836856407312
0.654372419606356	6.2833222498145
0.654772402747924	6.2826424130864
0.655172385889493	6.28164293858038
0.655572369031062	6.28032473053617
0.65597235217263	6.27869206776467
0.656372335314199	6.27675174768744
0.656772318455768	6.27451216223355
0.657172301597336	6.27198272195935
0.657572284738905	6.26917354481994
0.657972267880474	6.26609511321572
0.658372251022042	6.26275796003529
0.658772234163611	6.25917219174092
0.65917221730518	6.25534688703948
0.659572200446748	6.25128949603876
0.659972183588317	6.24700523176394
0.660372166729886	6.24249649955477
0.660772149871454	6.23776268594572
0.661172133013023	6.23280046708659
0.661572116154592	6.22760461512463
0.661972099296161	6.22216921540638
0.662372082437729	6.21648893100654
0.662772065579298	6.21056036005714
0.663172048720867	6.20438338251072
0.663572031862435	6.19796200810458
0.663972015004004	6.1913047034011
0.664371998145573	6.18442442336471
0.664771981287141	6.177338177274
0.66517196442871	6.17006624600253
0.665571947570279	6.16263134572003
0.665971930711847	6.15505757279219
0.666371913853416	6.14736945538594
0.666771896994985	6.13959154023894
0.667171880136553	6.13174817950136
0.667571863278122	6.12386319692125
0.667971846419691	6.11595992890477
0.668371829561259	6.10806156242161
0.668771812702828	6.10019106435363
0.669171795844397	6.09237103971544
0.669571778985965	6.08462379810327
0.669971762127534	6.07697123143319
0.670371745269103	6.06943435387861
0.670771728410671	6.06203303721886
0.67117171155224	6.05478582531927
0.671571694693809	6.04770988816941
0.671971677835377	6.04082144393104
0.672371660976946	6.03413626360788
0.672771644118515	6.02766980602297
0.673171627260084	6.02143705118197
0.673571610401652	6.0154519923527
0.673971593543221	6.00972680870937
0.67437157668479	6.00427112779565
0.674771559826358	5.99909176916915
0.675171542967927	5.99419273246459
0.675571526109496	5.98957579068804
0.675971509251064	5.98524153215172
0.676371492392633	5.98119021627797
0.676771475534202	5.97742230541296
0.67717145867577	5.97393843403491
0.677571441817339	5.97073870137717
0.677971424958908	5.96782191502379
0.678371408100476	5.96518516250511
0.678771391242045	5.96282346215051
0.679171374383614	5.96072960073384
0.679571357525182	5.95889441859605
0.679971340666751	5.95730699615118
0.68037132380832	5.95595499560067
0.680771306949888	5.9548252820349
0.681171290091457	5.95390485966544
0.681571273233026	5.95318203710269
0.681971256374594	5.95264766942051
0.682371239516163	5.95229604371341
0.682771222657732	5.95212521910556
0.6831712057993	5.95213651866023
0.683571188940869	5.95233309414552
0.683971172082438	5.9527179800551
0.684371155224006	5.95329202502006
0.684771138365575	5.95405212353597
0.685171121507144	5.95499048364798
0.685571104648713	5.95609474592985
0.685971087790281	5.95734863716004
0.68637107093185	5.95873341760402
0.686771054073418	5.96022975794386
0.687171037214987	5.96181941656133
0.687571020356556	5.96348661641402
0.687971003498125	5.96521893073494
0.688370986639693	5.96700704282588
0.688770969781262	5.96884372808408
0.68917095292283	5.9707227558272
0.689570936064399	5.97263775666441
0.689970919205968	5.97458161350706
0.690370902347537	5.97654658342237
0.690770885489105	5.97852457904574
0.691170868630674	5.9805072051578
0.691570851772243	5.98248565738331
0.691970834913811	5.98445023937426
0.69237081805538	5.9863895518303
0.692770801196949	5.98828994060604
0.693170784338517	5.99013578291619
0.693570767480086	5.99191037734101
0.693970750621655	5.99359728720199
0.694370733763223	5.9951817721115
0.694770716904792	5.99665197767332
0.695170700046361	5.99799947698643
0.695570683187929	5.9992194694362
0.695970666329498	6.00031042346564
0.696370649471067	6.00127358034396
0.696770632612635	6.00211263015523
0.697170615754204	6.00283339298086
0.697570598895773	6.00344326938368
0.697970582037341	6.00395065197785
0.69837056517891	6.00436426306132
0.698770548320479	6.0046923818403
0.699170531462048	6.00494201602617
0.699570514603616	6.00511828738129
0.699970497745185	6.00522400794765
0.700370480886753	6.00525962757037
0.700770464028322	6.00522358074064
0.701170447169891	6.00511303580109
0.70157043031146	6.00492479044495
0.701970413453028	6.00465611517631
0.702370396594597	6.00430523167909
0.702770379736166	6.00387139861894
0.703170362877734	6.00335460276381
0.703570346019303	6.00275496373765
0.703970329160872	6.00207193927175
0.70437031230244	6.00130379964251
0.704770295444009	6.00044750487789
0.705170278585578	5.9994991372032
0.705570261727146	5.99845466205262
0.705970244868715	5.99731112952808
0.706370228010284	5.99606768854622
0.706770211151852	5.99472653143073
0.707170194293421	5.99329346248205
0.70757017743499	5.99177806219476
0.707970160576558	5.99019295434571
0.708370143718127	5.98855293782002
0.708770126859696	5.98687389300218
0.709170110001264	5.98517145102206
0.709570093142833	5.98345931399615
0.709970076284402	5.98174815427868
0.71037005942597	5.98004467052892
0.710770042567539	5.97835071574177
0.711170025709108	5.97666297371977
0.711570008850676	5.97497345326296
0.711969991992245	5.97327014374633
0.712369975133814	5.97153800268175
0.712769958275382	5.96976016864589
0.713169941416951	5.96791882946669
0.71356992455852	5.96599569674978
0.713969907700089	5.96397260019494
0.714369890841657	5.96183173346699
0.714769873983226	5.95955529282916
0.715169857124795	5.95712547824681
0.715569840266363	5.95452483377596
0.715969823407932	5.95173669438845
0.716369806549501	5.94874582947209
0.716769789691069	5.94553981894426
0.717169772832638	5.94211058001514
0.717569755974207	5.93845582687836
0.717969739115775	5.93458022252617
0.718369722257344	5.93049601292908
0.718769705398913	5.92622280651198
0.719169688540481	5.92178646221367
0.71956967168205	5.91721737186295
0.719969654823619	5.91254866522361
0.720369637965187	5.9078145150834
0.720769621106756	5.90304901233403
0.721169604248325	5.89828553085735
0.721569587389893	5.89355628977883
0.721969570531462	5.88889193671316
0.722369553673031	5.88432132955114
0.722769536814599	5.87987116723767
0.723169519956168	5.87556548617904
0.723569503097737	5.87142531210617
0.723969486239305	5.86746860493943
0.724369469380874	5.86371032443136
0.724769452522443	5.86016266870836
0.725169435664011	5.85683565728216
0.72556941880558	5.85373801569778
0.725969401947149	5.85087810013556
0.726369385088718	5.84826482613093
0.726769368230286	5.84590834401239
0.727169351371855	5.8438203093912
0.727569334513424	5.84201343580813
0.727969317654992	5.8405005330859
0.728369300796561	5.8392934937008
0.72876928393813	5.83840256280951
0.729169267079698	5.83783616869136
0.729569250221267	5.83760150635882
0.729969233362836	5.83770534679696
0.730369216504404	5.83815470326157
0.730769199645973	5.83895719463047
0.731169182787542	5.84012093664872
0.73156916592911	5.84165388178773
0.731969149070679	5.84356296416324
0.732369132212248	5.84585344754822
0.732769115353816	5.84852848662122
0.733169098495385	5.85158847212966
0.733569081636954	5.85503048640601
0.733969064778522	5.85884806491911
0.734369047920091	5.8630312327389
0.73476903106166	5.86756687570135
0.735169014203228	5.87243977942489
0.735568997344797	5.87763404161586
0.735968980486366	5.88313433297467
0.736368963627934	5.88892670509509
0.736768946769503	5.89499897577455
0.737168929911072	5.90134047295339
0.73756891305264	5.90794151019339
0.737968896194209	5.91479312618403
0.738368879335778	5.92188680583175
0.738768862477347	5.92921415312681
0.739168845618915	5.93676674563557
0.739568828760484	5.944535894564
0.739968811902053	5.95251202707315
0.740368795043621	5.96068400742857
0.74076877818519	5.96903875220411
0.741168761326759	5.97756109534539
0.741568744468327	5.98623393724468
0.741968727609896	5.99503885661427
0.742368710751465	6.0039570983997
0.742768693893033	6.01297101344271
0.743168677034602	6.02206574781996
0.743568660176171	6.03123089737417
0.743968643317739	6.04046172259666
0.744368626459308	6.0497595059253
0.744768609600877	6.05913040474036
0.745168592742445	6.06858308249663
0.745568575884014	6.07812568874379
0.745968559025583	6.08776293514106
0.746368542167151	6.09749402207996
0.74676852530872	6.1073117176765
0.747168508450289	6.11720266106567
0.747568491591857	6.12714878741318
0.747968474733426	6.13712926326288
0.748368457874995	6.14712213647488
0.748768441016563	6.15710529233416
0.749168424158132	6.16705673849102
0.749568407299701	6.17695456101928
0.74996839044127	6.18677678817489
0.750368373582838	6.19650140747356
0.750768356724407	6.20610681989913
0.751168339865976	6.21557262121891
0.751568323007544	6.22488032024217
0.751968306149113	6.23401374211543
0.752368289290682	6.24295922199566
0.75276827243225	6.25170556635689
0.753168255573819	6.26024380561884
0.753568238715388	6.26856691839731
0.753968221856956	6.27666937995512
0.754368204998525	6.28454672896355
0.754768188140094	6.2921951632404
0.755168171281662	6.29961092636131
0.755568154423231	6.3067892734385
0.7559681375648	6.31372340132254
0.756368120706368	6.32040350652932
0.756768103847937	6.32681619836171
0.757168086989506	6.33294456889833
0.757568070131074	6.33876899117372
0.757968053272643	6.3442685437934
0.758368036414212	6.34942304447004
0.75876801955578	6.35421512481912
0.759168002697349	6.35863181995722
0.759567985838918	6.36266526283782
0.759967968980486	6.36631241796908
0.760367952122055	6.36957367988911
0.760767935263624	6.37245061991512
0.761167918405192	6.37494347460974
0.761567901546761	6.37704931021828
0.76196788468833	6.378761266073
0.762367867829898	6.38006902623481
0.762767850971467	6.38096033682807
0.763167834113036	6.38142314668743
0.763567817254605	6.38144770533461
0.763967800396173	6.38102809379216
0.764367783537742	6.38016280930715
0.764767766679311	6.37885442759909
0.765167749820879	6.37710856422251
0.765567732962448	6.37493239464897
0.765967716104017	6.37233300818001
0.766367699245585	6.36931605540725
0.766767682387154	6.36588521381812
0.767167665528723	6.36204242047846
0.767567648670291	6.35778850485521
0.76796763181186	6.35312415274189
0.768367614953429	6.3480509441901
0.768767598094997	6.34257201213281
0.769167581236566	6.33669216510924
0.769567564378135	6.33041780852723
0.769967547519703	6.32375675777577
0.770367530661272	6.31671795825678
0.770767513802841	6.30931142365303
0.771167496944409	6.30154853332897
0.771567480085978	6.29344233336639
0.771967463227547	6.28500775943497
0.772367446369115	6.27626139340737
0.772767429510684	6.26722049992584
0.773167412652253	6.25790185844304
0.773567395793821	6.24832088914196
0.77396737893539	6.23849086445672
0.774367362076959	6.22842222114461
0.774767345218527	6.21812216447319
0.775167328360096	6.20759483471988
0.775567311501665	6.19684175848074
0.775967294643233	6.18586265970238
0.776367277784802	6.1746567181865
0.776767260926371	6.16322455558993
0.77716724406794	6.15157042937783
0.777567227209508	6.13970429749563
0.777967210351077	6.12764319655527
0.778367193492645	6.11541180007172
0.778767176634214	6.10304184604716
0.779167159775783	6.09057056827291
0.779567142917352	6.07803810156021
0.77996712605892	6.06548462853626
0.780367109200489	6.05294811588703
0.780767092342058	6.0404629275775
0.781167075483626	6.02805888984112
0.781567058625195	6.01576122724446
0.781967041766764	6.00359109869157
0.782367024908332	5.99156649613738
0.782767008049901	5.9797032168793
0.78316699119147	5.96801580305678
0.783566974333038	5.95651797793486
0.783966957474607	5.94522274397786
0.784366940616176	5.93414238751946
0.784766923757744	5.92328823439251
0.785166906899313	5.91267044245847
0.785566890040882	5.90229832261495
0.78596687318245	5.89218100083612
0.786366856324019	5.88232807766274
0.786766839465588	5.87275032051129
0.787166822607156	5.86346008993458
0.787566805748725	5.85447122755323
0.787966788890294	5.84579866284284
0.788366772031862	5.83745795924467
0.788766755173431	5.82946471307745
0.789166738315	5.82183415562613
0.789566721456568	5.81458086307946
0.789966704598137	5.8077183136267
0.790366687739706	5.80125807251549
0.790766670881275	5.79520903828931
0.791166654022843	5.78957673137061
0.791566637164412	5.78436313930704
0.791966620305981	5.77956732797818
0.792366603447549	5.77518653246273
0.792766586589118	5.77121746374577
0.793166569730687	5.76765772007254
0.793566552872255	5.76450673623686
0.793966536013824	5.76176607976966
0.794366519155393	5.75943926160252
0.794766502296961	5.75753113186682
0.79516648543853	5.75604683571446
0.795566468580099	5.75499063243716
0.795966451721667	5.7543647761757
0.796366434863236	5.75416870563824
0.796766418004805	5.75439885273377
0.797166401146373	5.75504901832332
0.797566384287942	5.75611121863378
0.797966367429511	5.75757684574322
0.798366350571079	5.75943777878513
0.798766333712648	5.76168696800187
0.799166316854217	5.764318496382
0.799566299995785	5.76732716216969
0.799966283137354	5.77070771203936
0.800366266278923	5.77445410905509
0.800766249420491	5.7785591459794
0.80116623256206	5.7830144349439
0.801566215703629	5.78781043034742
0.801966198845197	5.79293654575641
0.802366181986766	5.79838129512377
0.802766165128335	5.80413234012282
0.803166148269904	5.81017624987502
0.803566131411472	5.81649839833809
0.803966114553041	5.82308302729875
0.80436609769461	5.82991348982862
0.804766080836178	5.83697255129971
0.805166063977747	5.84424288298629
0.805566047119316	5.85170747280807
0.805966030260884	5.85934986424348
0.806366013402453	5.86715441101365
0.806765996544022	5.87510634924475
0.80716597968559	5.88319155282844
0.807565962827159	5.89139630239264
0.807965945968728	5.89970705242676
0.808365929110296	5.90810994373901
0.808765912251865	5.91659038837456
0.809165895393434	5.925133095925
0.809565878535002	5.93372232200762
0.809965861676571	5.94234195911604
0.81036584481814	5.95097576223713
0.810765827959708	5.95960717696855
0.811165811101277	5.96821865263965
0.811565794242846	5.97679073838864
0.811965777384414	5.98530163740272
0.812365760525983	5.99372708327074
0.812765743667552	6.00204094100931
0.81316572680912	6.01021653676491
0.813565709950689	6.01822817310456
0.813965693092258	6.0260524079294
0.814365676233826	6.03366895153595
0.814765659375395	6.0410608409311
0.815165642516964	6.04821425266008
0.815565625658533	6.05511844267866
0.815965608800101	6.06176594707009
0.81636559194167	6.06815262123378
0.816765575083239	6.0742776757668
0.817165558224807	6.0801436959172
0.817565541366376	6.08575640981133
0.817965524507945	6.09112406176875
0.818365507649513	6.0962567226422
0.818765490791082	6.10116575504375
0.819165473932651	6.10586331993377
0.819565457074219	6.11036162667789
0.819965440215788	6.11467205142977
0.820365423357357	6.11880453233519
0.820765406498925	6.12276758285314
0.821165389640494	6.12656887803194
0.821565372782063	6.1302165224496
0.821965355923631	6.13372072765696
0.8223653390652	6.13709523170355
0.822765322206769	6.14035781587555
0.823165305348337	6.1435296176373
0.823565288489906	6.14663329816463
0.823965271631475	6.14969068374246
0.824365254773043	6.15272094208719
0.824765237914612	6.15573958090157
0.825165221056181	6.15875809064962
0.825565204197749	6.16178457113766
0.825965187339318	6.164824853856
0.826365170480887	6.1678831615434
0.826765153622456	6.17096231267023
0.827165136764024	6.1740639461417
0.827565119905593	6.17718831527277
0.827965103047162	6.18033398653011
0.82836508618873	6.18349771093501
0.828765069330299	6.18667433536729
0.829165052471868	6.18985654231231
0.829565035613436	6.19303509746998
0.829965018755005	6.19619931923341
0.830365001896574	6.199337776313
0.830764985038142	6.20243939905279
0.831164968179711	6.20549482769654
0.83156495132128	6.20849701592941
0.831964934462848	6.21144114677791
0.832364917604417	6.21432394122141
0.832764900745986	6.21714254661731
0.833164883887554	6.21989325948237
0.833564867029123	6.22257065999364
0.833964850170692	6.22516731613817
0.83436483331226	6.22767403447532
0.834764816453829	6.23008049510683
0.835164799595398	6.23237586436835
0.835564782736966	6.23454893259395
0.835964765878535	6.23658787404248
0.836364749020104	6.23848012288711
0.836764732161672	6.24021210111637
0.837164715303241	6.24176894736546
0.83756469844481	6.2431345997143
0.837964681586378	6.24429247119912
0.838364664727947	6.24522625820335
0.838764647869516	6.24592104565578
0.839164631011085	6.24636462111584
0.839564614152653	6.2465487742585
0.839964597294222	6.24647005511904
0.84036458043579	6.24612982819318
0.840764563577359	6.24553321429638
0.841164546718928	6.24468748748558
0.841564529860497	6.24360059265524
0.841964513002065	6.24227990437654
0.842364496143634	6.24073146197428
0.842764479285203	6.23896031202906
0.843164462426771	6.23697162902996
0.84356444556834	6.23477185379158
0.843964428709909	6.23236947176974
0.844364411851477	6.22977494977444
0.844764394993046	6.22699984279927
0.845164378134615	6.22405560561691
0.845564361276183	6.22095239349107
0.845964344417752	6.21769804908723
0.846364327559321	6.21429793525081
0.846764310700889	6.21075586733958
0.847164293842458	6.20707552722633
0.847564276984027	6.20326200959674
0.847964260125595	6.19932350079263
0.848364243267164	6.19527247060866
0.848764226408733	6.19112618341458
0.849164209550301	6.18690643875038
0.84956419269187	6.18263870848102
0.849964175833439	6.17835079920446
0.850364158975007	6.1740714731496
0.850764142116576	6.16982906443054
0.851164125258145	6.16565019447029
0.851564108399713	6.16155874282628
0.851964091541282	6.15757519009051
0.852364074682851	6.15371608997411
0.852764057824419	6.14999359421837
0.853164040965988	6.14641503532787
0.853564024107557	6.14298287806044
0.853964007249125	6.13969511502991
0.854363990390694	6.13654605191748
0.854763973532263	6.13352725696451
0.855163956673831	6.13062879171794
0.8555639398154	6.12784022444691
0.855963922956969	6.12515106058609
0.856363906098538	6.1225506715651
0.856763889240106	6.12002799775215
0.857163872381675	6.11757102010241
0.857563855523244	6.11516660080815
0.857963838664812	6.11280092885155
0.858363821806381	6.11046038402884
0.85876380494795	6.10813259923843
0.859163788089518	6.10580759890827
0.859563771231087	6.10347827988401
0.859963754372656	6.10114013792524
0.860363737514224	6.09879051389922
0.860763720655793	6.09642736666317
0.861163703797362	6.0940477554131
0.86156368693893	6.09164661600887
0.861963670080499	6.0892159350875
0.862363653222068	6.08674448863008
0.862763636363636	6.08421818036429
0.863163619505205	6.08162092242978
0.863563602646774	6.07893578591209
0.863963585788342	6.07614639046947
0.864363568929911	6.07323808800565
0.86476355207148	6.0701989340432
0.865163535213048	6.06702053230652
0.865563518354617	6.06369868807246
0.865963501496186	6.06023365648053
0.866363484637754	6.05663024529858
0.866763467779323	6.05289754483267
0.867163450920892	6.04904827307911
0.867563434062461	6.04509781254575
0.867963417204029	6.04106310258755
0.868363400345598	6.03696143268724
0.868763383487167	6.03280966484976
0.869163366628735	6.02862362435685
0.869563349770304	6.02441772917019
0.869963332911873	6.02020484121843
0.870363316053441	6.01599649245927
0.87076329919501	6.01180303404921
0.871163282336579	6.0076337733518
0.871563265478147	6.00349685382785
0.871963248619716	5.99939937929851
0.872363231761285	5.99534764996365
0.872763214902853	5.9913476013272
0.873163198044422	5.98740496926894
0.873563181185991	5.98352573417298
0.873963164327559	5.97971663737874
0.874363147469128	5.97598562005354
0.874763130610697	5.97234168714814
0.875163113752265	5.96879450677072
0.875563096893834	5.96535383533774
0.875963080035403	5.96202914254432
0.876363063176971	5.95882915185325
0.87676304631854	5.95576172344636
0.877163029460109	5.95283414153829
0.877563012601677	5.95005385423859
0.877962995743246	5.94742890080544
0.878362978884815	5.94496802357967
0.878762962026383	5.94268035648747
0.879162945167952	5.94057478960719
0.879562928309521	5.93865893509705
0.87996291145109	5.93693793159278
0.880362894592658	5.93541326706456
0.880762877734227	5.93408200866909
0.881162860875796	5.93293671561808
0.881562844017364	5.93196589968783
0.881962827158933	5.93115478195918
0.882362810300502	5.93048649325748
0.88276279344207	5.92994358445531
0.883162776583639	5.92950934013508
0.883562759725208	5.92916855889527
0.883962742866776	5.92890790623063
0.884362726008345	5.9287158255686
0.884762709149914	5.92858195930005
0.885162692291482	5.92849637418725
0.885562675433051	5.92844884039393
0.88596265857462	5.9284284732347
0.886362641716188	5.92842367190788
0.886762624857757	5.92842248354685
0.887162607999326	5.92841332709554
0.887562591140894	5.92838582208856
0.887962574282463	5.92833144876567
0.888362557424032	5.92824418206798
0.8887625405656	5.92812080114589
0.889162523707169	5.9279608137856
0.889562506848738	5.92776631387488
0.889962489990306	5.9275417382323
0.890362473131875	5.92729325856947
0.890762456273444	5.92702810414983
0.891162439415012	5.92675370375653
0.891562422556581	5.92647652329631
0.89196240569815	5.92620086857358
0.892362388839719	5.92592780908744
0.892762371981287	5.92565421265632
0.893162355122856	5.92537226638412
0.893562338264425	5.92506960059298
0.893962321405993	5.92472965161537
0.894362304547562	5.92433273012222
0.894762287689131	5.92385763675173
0.895162270830699	5.92328344688668
0.895562253972268	5.92259109749561
0.895962237113837	5.9217648601216
0.896362220255405	5.92079314462009
0.896762203396974	5.91966858406252
0.897162186538543	5.91838761780422
0.897562169680111	5.91694979486457
0.89796215282168	5.91535685705871
0.898362135963249	5.91361209472349
0.898762119104817	5.91171970523543
0.899162102246386	5.90968409926449
0.899562085387955	5.90750922300289
0.899962068529523	5.90519831064011
0.900362051671092	5.90275373218183
0.900762034812661	5.90017717252049
0.901162017954229	5.89747041793778
0.901562001095798	5.89276298322679
0.901961984237367	5.88843590999222
0.902361967378935	5.88447190889356
0.902761950520504	5.88083151032527
0.903161933662073	5.87746297504715
0.903561916803642	5.87430984033448
0.90396189994521	5.87131610242608
0.904361883086779	5.86842937683629
0.904761866228348	5.86560252668528
0.905161849369916	5.86279425878184
0.905561832511485	5.85996907882695
0.905961815653054	5.85709688112119
0.906361798794622	5.85415238110018
0.906761781936191	5.85111450072916
0.90716176507776	5.84796575421856
0.907561748219328	5.84469167842702
0.907961731360897	5.84128032641372
0.908361714502466	5.83772181305942
0.908761697644034	5.83400792947659
0.909161680785603	5.83013183705904
0.909561663927172	5.82608782213111
0.90996164706874	5.82187110622712
0.910361630210309	5.81747770423265
0.910761613351878	5.81290430954962
0.911161596493446	5.80814819661094
0.911561579635015	5.80320714774307
0.911961562776584	5.79807938812065
0.912361545918152	5.79276353343817
0.912761529059721	5.78725855737943
0.91316151220129	5.78156377278506
0.913561495342858	5.7756788107338
0.913961478484427	5.76960360159212
0.914361461625996	5.76333834231235
0.914761444767564	5.75688345068475
0.915161427909133	5.75023951404677
0.915561411050702	5.74340723824125
0.91596139419227	5.73638739787132
0.916361377333839	5.72918080497416
0.916761360475408	5.72178829078592
0.917161343616976	5.71421070468524
0.917561326758545	5.70644893177554
0.917961309900114	5.69850392199828
0.918361293041682	5.69037671789973
0.918761276183251	5.68206847755858
0.91916125932482	5.67358048200189
0.919561242466389	5.66491412626605
0.919961225607957	5.65607090033998
0.920361208749526	5.64705236707302
0.920761191891095	5.63786013383344
0.921161175032663	5.62849582931893
0.921561158174232	5.61896109136213
0.921961141315801	5.60925756140597
0.922361124457369	5.59938687770023
0.922761107598938	5.58935066592051
0.923161090740507	5.57915052808689
0.923561073882075	5.56878802981858
0.923961057023644	5.55826468668271
0.924361040165213	5.54758195856028
0.924761023306781	5.5367412568289
0.92516100644835	5.52574396097878
0.925560989589919	5.51459143381538
0.925960972731487	5.50328503257026
0.926360955873056	5.49182611133923
0.926760939014625	5.48021601311859
0.927160922156193	5.4684560525439
0.927560905297762	5.45654749356892
0.927960888439331	5.44449152758538
0.928360871580899	5.4322892571857
0.928760854722468	5.41994169099655
0.929160837864037	5.40744974679928
0.929560821005605	5.39481425833284
0.929960804147174	5.38203598631625
0.930360787288743	5.36911563098729
0.930760770430311	5.3560538385104
0.93116075357188	5.34285119787582
0.931560736713449	5.32950823179207
0.931960719855017	5.31602537965599
0.932360702996586	5.30240297581187
0.932760686138155	5.28864123216464
0.933160669279724	5.27474023083018
0.933560652421292	5.26069993075732
0.933960635562861	5.24652018584248
0.93436061870443	5.23220076916815
0.934760601845998	5.21774140026028
0.935160584987567	5.20314176917075
0.935560568129136	5.18840154956508
0.935960551270704	5.17352040253941
0.936360534412273	5.15849797398807
0.936760517553842	5.14333388427764
0.93716050069541	5.12802771612928
0.937560483836979	5.11257900574755
0.937960466978548	5.09698723753369
0.938360450120116	5.08125184829425
0.938760433261685	5.06537224061231
0.939160416403254	5.04934779705687
0.939560399544822	5.03317789165201
0.939960382686391	5.01686189882273
0.94036036582796	5.00039919181654
0.940760348969528	4.9837891314118
0.941160332111097	4.96703105155458
0.941560315252666	4.95012424263843
0.941960298394234	4.93306794353199
0.942360281535803	4.91586134725248
0.942760264677372	4.89850361650109
0.94316024781894	4.88099390350671
0.943560230960509	4.86333137177474
0.943960214102078	4.84551520775283
0.944360197243647	4.82754461910042
0.944760180385215	4.80941882392845
0.945160163526784	4.79113703419379
0.945560146668353	4.77269843905465
0.945960129809921	4.75410219785282
0.94636011295149	4.73534743978896
0.946760096093059	4.71643326772056
0.947160079234627	4.69735876618511
0.947560062376196	4.67812301530717
0.947960045517765	4.65872510536954
0.948360028659333	4.63916415499249
0.948760011800902	4.61943934487192
