0	1.92325516021501
0.000399983152929284	1.92541064435595
0.000799966305858569	1.92758170984325
0.00119994945878785	1.92976728795273
0.00159993261171714	1.93196617953585
0.00199991576464642	1.93417708999066
0.00239989891757571	1.93639866154985
0.00279988207050499	1.93862950604282
0.00319986522343428	1.94086824428943
0.00359984837636356	1.94311353240478
0.00399983152929284	1.94536407271655
0.00439981468222213	1.94761861103839
0.00479979783515141	1.94987592915274
0.0051997809880807	1.95213484290145
0.00559976414100998	1.95439420499858
0.00599974729393927	1.95665291245311
0.00639973044686855	1.95890991745727
0.00679971359979784	1.96116423859912
0.00719969675272712	1.96341496661322
0.0075996799056564	1.96566126165054
0.00799966305858569	1.96790234413843
0.00839964621151497	1.97013748389557
0.00879962936444426	1.97236598834952
0.00919961251737354	1.97458719185124
0.00959959567030283	1.97680044924174
0.00999957882323211	1.9790051348051
0.0103995619761614	1.98120064564777
0.0107995451290907	1.98338641034396
0.01119952828202	1.98556189910582
0.0115995114349492	1.98772663366812
0.0119994945878785	1.98988019803729
0.0123994777408078	1.99202224552881
0.0127994608937371	1.99415249980733
0.0131994440466664	1.99627075129138
0.0135994271995957	1.99837685051073
0.013999410352525	2.00047069694823
0.0143993935054542	2.00255222901131
0.0147993766583835	2.00462141604426
0.0151993598113128	2.00667825326205
0.0155993429642421	2.00872275997647
0.0159993261171714	2.01075497917855
0.0163993092701007	2.01277497633636
0.0167992924230299	2.01478283596385
0.0171992755759592	2.01677865356588
0.0175992587288885	2.01876252373339
0.0179992418818178	2.02073453071686
0.0183992250347471	2.02269474316095
0.0187992081876764	2.024643211883
0.0191991913406057	2.02657997364053
0.0195991744935349	2.02850505906304
0.0199991576464642	2.03041849480362
0.0203991407993935	2.03232030255605
0.0207991239523228	2.03421049597907
0.0211991071052521	2.03608907618152
0.0215990902581814	2.03795602756391
0.0219990734111106	2.03981131877128
0.0223990565640399	2.04165490250229
0.0227990397169692	2.04348671558525
0.0231990228698985	2.04530667800027
0.0235990060228278	2.04711469103443
0.0239989891757571	2.04891063758623
0.0243989723286864	2.05069439024849
0.0247989554816156	2.05246582567986
0.0251989386345449	2.05422484606205
0.0255989217874742	2.05597140059333
0.0259989049404035	2.05770550267583
0.0263988880933328	2.05942723936244
0.0267988712462621	2.06113677284938
0.0271988543991913	2.06283433243311
0.0275988375521206	2.06452020554764
0.0279988207050499	2.06619473515001
0.0283988038579792	2.06785831873846
0.0287987870109085	2.06951141019563
0.0291987701638378	2.07115452616469
0.029598753316767	2.07278825071309
0.0299987364696963	2.07441323626194
0.0303987196226256	2.07603020373064
0.0307987027755549	2.07763993981014
0.0311986859284842	2.07924329235876
0.0315986690814135	2.08084116763586
0.0319986522343428	2.08243452639822
0.032398635387272	2.08402438039287
0.0327986185402013	2.08561178875878
0.0331986016931306	2.08719784778955
0.0335985848460599	2.08878367535428
0.0339985679989892	2.09037039853362
0.0343985511519185	2.09195913418584
0.0347985343048477	2.09355095845708
0.035198517457777	2.09514686716761
0.0355985006107063	2.09674772367815
0.0359984837636356	2.09835419420834
0.0363984669165649	2.09996668474383
0.0367984500694942	2.10158528445272
0.0371984332224235	2.10320972280957
0.0375984163753527	2.10483935153071
0.037998399528282	2.10647314430459
0.0383983826812113	2.108109693975
0.0387983658341406	2.10974719494828
0.0391983489870699	2.11138340055343
0.0395983321399992	2.11301553705019
0.0399983152929284	2.11464016851326
0.0403982984458577	2.11625301581127
0.040798281598787	2.11784874621194
0.0411982647517163	2.11942074232983
0.0415982479046456	2.12096084783563
0.0419982310575749	2.12245907959302
0.0423982142105042	2.1239033206454
0.0427981973634334	2.1252789889892
0.0431981805163627	2.12656868456841
0.043598163669292	2.12775182492102
0.0439981468222213	2.12880433171786
0.0443981299751506	2.12969846558573
0.0447981131280799	2.13040298643811
0.0451980962810091	2.13088387570509
0.0455980794339384	2.13110597008113
0.0459980625868677	2.13103592313035
0.046398045739797	2.13064700330224
0.0467980288927263	2.12992623547383
0.0471980120456556	2.12888430700485
0.0475979951985848	2.12756842908694
0.0479979783515141	2.12584141657025
0.0483979615044434	2.12414369445087
0.0487979446573727	2.1224890066632
0.049197927810302	2.12088658959878
0.0495979109632313	2.11934080311448
0.0499978941161606	2.11785113215629
0.0503978772690898	2.11641266374574
0.0507978604220191	2.11501710665436
0.0511978435749484	2.11365391719503
0.0515978267278777	2.1123111245746
0.051997809880807	2.11097564275633
0.0523977930337363	2.1096332984618
0.0527977761866655	2.10826903642266
0.0531977593395948	2.1068671973555
0.0535977424925241	2.1054120766577
0.0539977256454534	2.10388877228405
0.0543977087983827	2.10228408479873
0.054797691951312	2.10058709232521
0.0551976751042412	2.09878940355718
0.0555976582571705	2.09688491895861
0.0559976414100998	2.09486926590934
0.0563976245630291	2.09273925653537
0.0567976077159584	2.09049235289699
0.0571975908688877	2.08812597091911
0.057597574021817	2.08563685792506
0.0579975571747462	2.08302059843187
0.0583975403276755	2.08027116113917
0.0587975234806048	2.07738063253731
0.0591975066335341	2.07433952130086
0.0595974897864634	2.07113771756419
0.0599974729393927	2.06776586884938
0.060397456092322	2.06421690506901
0.0607974392452512	2.06048725810781
0.0611974223981805	2.05657738518733
0.0615974055511098	2.05249154353625
0.0619973887040391	2.04823712332225
0.0623973718569684	2.04382362750999
0.0627973550098977	2.03926176202164
0.0631973381628269	2.03456290373452
0.0635973213157562	2.02973883580601
0.0639973044686855	2.02480169385889
0.0643972876216148	2.01976418961684
0.0647972707745441	2.01463983418034
0.0651972539274734	2.00944308978455
0.0655972370804026	2.00418975516767
0.0659972202333319	1.99889734347498
0.0663972033862612	1.99358514418564
0.0667971865391905	1.9882742084194
0.0671971696921198	1.9829873319656
0.0675971528450491	1.97774853341813
0.0679971359979784	1.97258240998374
0.0683971191509076	1.96751373061478
0.0687971023038369	1.9625671404319
0.0691970854567662	1.95776679895574
0.0695970686096955	1.9531360257954
0.0699970517626248	1.94869652247613
0.0703970349155541	1.94446723113605
0.0707970180684833	1.94046309815652
0.0711970012214126	1.93669421338224
0.0715969843743419	1.93316570132716
0.0719969675272712	1.92987858102405
0.0723969506802005	1.92683140952917
0.0727969338331298	1.92402241765507
0.0731969169860591	1.92145140756109
0.0735969001389883	1.91912096100043
0.0739968832919176	1.91703676657629
0.0743968664448469	1.91520693184818
0.0747968495977762	1.91364031806926
0.0751968327507055	1.91234474362577
0.0755968159036348	1.91132562294847
0.075996799056564	1.91058502594105
0.0763967822094933	1.91012150207055
0.0767967653624226	1.90993093531057
0.0771967485153519	1.91000795310975
0.0775967316682812	1.91034747296447
0.0779967148212105	1.91094610155436
0.0783966979741398	1.91180297009739
0.078796681127069	1.91291984893649
0.0791966642799983	1.91430064926486
0.0795966474329276	1.91595037391761
0.0799966305858569	1.91787417507015
0.0803966137387862	1.92007678403421
0.0807965968917154	1.92256223856917
0.0811965800446447	1.92533386844076
0.081596563197574	1.92839467924943
0.0819965463505033	1.93174758849777
0.0823965295034326	1.93539538273066
0.0827965126563619	1.93934044148186
0.0831964958092912	1.94358418036595
0.0835964789622204	1.94812624129514
0.0839964621151497	1.95296386598726
0.084396445268079	1.95809141204023
0.0847964284210083	1.96350012028673
0.0851964115739376	1.96917835889633
0.0855963947268669	1.97511231967002
0.0859963778797962	1.98128685278907
0.0863963610327254	1.98768645064835
0.0867963441856547	1.99429625789734
0.087196327338584	2.0011028244887
0.0875963104915133	2.00809437900342
0.0879962936444426	2.01526065362208
0.0883962767973719	2.02259253535128
0.0887962599503011	2.03008178536292
0.0891962431032304	2.03772078363459
0.0895962262561597	2.0455023539869
0.089996209409089	2.05341983357386
0.0903961925620183	2.06146718742714
0.0907961757149476	2.06963878462698
0.0911961588678769	2.0779287116703
0.0915961420208061	2.08632974575848
0.0919961251737354	2.09483213986134
0.0923961083266647	2.10342251984117
0.092796091479594	2.11208326974109
0.0931960746325233	2.1207927794041
0.0935960577854526	2.12952647008615
0.0939960409383818	2.13825847789563
0.0943960240913111	2.14696345218014
0.0947960072442404	2.15561791538076
0.0951959903971697	2.16420107219232
0.095595973550099	2.17269513947621
0.0959959567030283	2.18108519941962
0.0963959398559576	2.18935873600326
0.0967959230088868	2.1975051088764
0.0971959061618161	2.20551517179154
0.0975958893147454	2.21338101271262
0.0979958724676747	2.22109591634824
0.098395855620604	2.22865443114672
0.0987958387735333	2.23605250330008
0.0991958219264625	2.24328765647968
0.0995958050793918	2.25035899003994
0.0999957882323211	2.25726679086844
0.10039577138525	2.26401193951806
0.10079575453818	2.2705952031162
0.101195737691109	2.27701639152914
0.101595720844038	2.28327389162333
0.101995703996968	2.28936476616205
0.102395687149897	2.29528543306997
0.102795670302826	2.30103262220707
0.103195653455755	2.30660435393231
0.103595636608685	2.31200054808579
0.103995619761614	2.31722323412437
0.104395602914543	2.32227650038895
0.104795586067473	2.3271665149706
0.105195569220402	2.3319015805224
0.105595552373331	2.33649232247617
0.10599553552626	2.34095171490961
0.10639551867919	2.34529478604035
0.106795501832119	2.34953778381802
0.107195484985048	2.35369700704073
0.107595468137978	2.35778768043763
0.107995451290907	2.36182306948391
0.108395434443836	2.36581399338358
0.108795417596765	2.36976880613202
0.109195400749695	2.37369373250431
0.109595383902624	2.37759319411044
0.109995367055553	2.38146999135495
0.110395350208482	2.38532515132398
0.110795333361412	2.38915742492857
0.111195316514341	2.39296243972105
0.11159529966727	2.39673191342071
0.1119952828202	2.40045317646952
0.112395265973129	2.40410903599155
0.112795249126058	2.40767810081383
0.113195232278987	2.41113581104993
0.113595215431917	2.41445578840986
0.113995198584846	2.41761137179724
0.114395181737775	2.42057727368713
0.114795164890705	2.42333110452747
0.115195148043634	2.42585453633379
0.115595131196563	2.42813425870388
0.115995114349492	2.43016265246541
0.116395097502422	2.43193796804479
0.116795080655351	2.43346413370776
0.11719506380828	2.43475010502396
0.11759504696121	2.43580849757729
0.117995030114139	2.43665353118765
0.118395013267068	2.43729876898394
0.118794996419997	2.43775500507786
0.119194979572927	2.43802874339764
0.119594962725856	2.43812169678979
0.119994945878785	2.43803136892965
0.120394929031715	2.43775235747265
0.120794912184644	2.437277946828
0.121194895337573	2.43660154510099
0.121594878490502	2.4357174643854
0.121994861643432	2.43462097327217
0.122394844796361	2.43330797125867
0.12279482794929	2.43177455818623
0.12319481110222	2.4300167709976
0.123594794255149	2.42803077538287
0.123994777408078	2.42581330643816
0.124394760561007	2.42336207492238
0.124794743713937	2.42067610119078
0.125194726866866	2.41775597774555
0.125594710019795	2.41460385439046
0.125994693172725	2.41122331066724
0.126394676325654	2.40761922951052
0.126794659478583	2.40379759396772
0.127194642631512	2.39976519660893
0.127594625784442	2.39552946520903
0.127994608937371	2.39109859072283
0.1283945920903	2.3864819506226
0.12879457524323	2.38169086858017
0.129194558396159	2.37673946265884
0.129594541549088	2.37164507339952
0.129994524702017	2.36642805683743
0.130394507854947	2.36111109877757
0.130794491007876	2.35571824018998
0.131194474160805	2.35027373324455
0.131594457313735	2.34480123112403
0.131994440466664	2.33932347079221
0.132394423619593	2.33386230716932
0.132794406772522	2.32843888013502
0.133194389925452	2.32307373994943
0.133594373078381	2.31778680757093
0.13399435623131	2.31259724288472
0.13439433938424	2.30752333332377
0.134794322537169	2.30258244702507
0.135194305690098	2.29779115351432
0.135594288843027	2.29316553486362
0.135994271995957	2.28872149631751
0.136394255148886	2.28447506780492
0.136794238301815	2.28044254552572
0.137194221454745	2.27664051161127
0.137594204607674	2.27308563448234
0.137994187760603	2.26979428997194
0.138394170913532	2.26678198266041
0.138794154066462	2.26406267247265
0.139194137219391	2.26164824833097
0.13959412037232	2.25954815071178
0.13999410352525	2.2577691686446
0.140394086678179	2.25631550754279
0.140794069831108	2.25518915437235
0.141194052984037	2.25439041828939
0.141594036136967	2.25391860002184
0.141994019289896	2.25377271483573
0.142394002442825	2.25395206738242
0.142793985595755	2.2544565425116
0.143193968748684	2.25528662710181
0.143593951901613	2.25644310467444
0.143993935054542	2.25792662759476
0.144393918207472	2.25973713262739
0.144793901360401	2.26187325814653
0.14519388451333	2.26433190503626
0.14559386766626	2.26710795161788
0.145993850819189	2.27019403048239
0.146393833972118	2.2735805585967
0.146793817125047	2.27725589586036
0.147193800277977	2.28120658307098
0.147593783430906	2.28541758483193
0.147993766583835	2.28987259521871
0.148393749736765	2.29455418444482
0.148793732889694	2.29944405193205
0.149193716042623	2.30452334799354
0.149593699195552	2.30977317033731
0.149993682348482	2.31517509939994
0.150393665501411	2.32071184514929
0.15079364865434	2.32636763801256
0.15119363180727	2.33212816288001
0.151593614960199	2.33798024468467
0.151993598113128	2.34391140617696
0.152393581266057	2.3499091883165
0.152793564418987	2.35596052241145
0.153193547571916	2.36205139891275
0.153593530724845	2.36816675032667
0.153993513877775	2.37429037723664
0.154393497030704	2.38040508088028
0.154793480183633	2.38649300567912
0.155193463336562	2.39253613111199
0.155593446489492	2.39851698371677
0.155993429642421	2.40441939954595
0.15639341279535	2.41022895839211
0.15679339594828	2.41593296682304
0.157193379101209	2.42152006606214
0.157593362254138	2.4269793072473
0.157993345407067	2.43229900961451
0.158393328559997	2.4374657937643
0.158793311712926	2.4424640928326
0.159193294865855	2.44727612566328
0.159593278018784	2.45188250727575
0.159993261171714	2.45626339075454
0.160393244324643	2.46039996663647
0.160793227477572	2.46427610457521
0.161193210630502	2.46787981404053
0.161593193783431	2.47120395393434
0.16199317693636	2.47424605921959
0.162393160089289	2.47700753437723
0.162793143242219	2.47949234552661
0.163193126395148	2.48170547367442
0.163593109548077	2.48365190335902
0.163993092701007	2.48533635377014
0.164393075853936	2.4867636286983
0.164793059006865	2.48793919599111
0.165193042159794	2.48886966392657
0.165593025312724	2.48956264439724
0.165993008465653	2.49002605399119
0.166392991618582	2.49026727980795
0.166792974771512	2.49029277569119
0.167192957924441	2.4901081362077
0.16759294107737	2.48971879954577
0.167992924230299	2.48913123239755
0.168392907383229	2.48835401808752
0.168792890536158	2.48739835129908
0.169192873689087	2.48627814795008
0.169592856842017	2.48500959179414
0.169992839994946	2.48360996690374
0.170392823147875	2.48209631967126
0.170792806300804	2.48048425865926
0.171192789453734	2.4787866433307
0.171592772606663	2.47701246859716
0.171992755759592	2.47516651484474
0.172392738912522	2.47324968787524
0.172792722065451	2.47125989783695
0.17319270521838	2.46919339589186
0.173592688371309	2.46704616503596
0.173992671524239	2.46481489303055
0.174392654677168	2.46249740775308
0.174792637830097	2.46009230393556
0.175192620983027	2.45759824838239
0.175592604135956	2.45501350840447
0.175992587288885	2.45233591862908
0.176392570441814	2.44956319568895
0.176792553594744	2.4466934591675
0.177192536747673	2.44372548482272
0.177592519900602	2.44065862001794
0.177992503053532	2.43749246664703
0.178392486206461	2.43422643753103
0.17879246935939	2.4308594040364
0.179192452512319	2.42738989744167
0.179592435665249	2.42381661561065
0.179992418818178	2.42013889055171
0.180392401971107	2.4163570481364
0.180792385124037	2.41247244856261
0.181192368276966	2.40848699268909
0.181592351429895	2.40440241535392
0.181992334582824	2.40021958623639
0.182392317735754	2.39593778478253
0.182792300888683	2.39155422193226
0.183192284041612	2.38706398544672
0.183592267194542	2.38246026563524
0.183992250347471	2.37773500135697
0.1843922335004	2.3728800198017
0.184792216653329	2.36788865521803
0.185192199806259	2.3627574608525
0.185592182959188	2.35748782415914
0.185992166112117	2.35208689284377
0.186392149265047	2.34656740984881
0.186792132417976	2.34094663829435
0.187192115570905	2.33524490918464
0.187592098723834	2.32948370181534
0.187992081876764	2.32368371764587
0.188392065029693	2.31786351883447
0.188792048182622	2.31203893627207
0.189192031335552	2.30622304637427
0.189592014488481	2.30042670347226
0.18999199764141	2.29465930162468
0.190391980794339	2.28892958595163
0.190791963947269	2.28324647839423
0.191191947100198	2.27761986092412
0.191591930253127	2.27206106995996
0.191991913406057	2.26658306663586
0.192391896558986	2.2612001991082
0.192791879711915	2.25592767712647
0.193191862864844	2.25078095269657
0.193591846017774	2.24577519634217
0.193991829170703	2.24092502275798
0.194391812323632	2.23624445609189
0.194791795476562	2.23174696021759
0.195191778629491	2.2274453375957
0.19559176178242	2.22335169440307
0.195991744935349	2.21947723041054
0.196391728088279	2.21583182082619
0.196791711241208	2.21242372783989
0.197191694394137	2.20925955065501
0.197591677547067	2.20634434827274
0.197991660699996	2.20368193481985
0.198391643852925	2.20127528790914
0.198791627005854	2.19912679283726
0.199191610158784	2.19723813228021
0.199591593311713	2.1956098918563
0.199991576464642	2.1942410945336
0.200391559617571	2.19312886747777
0.200791542770501	2.1922682618397
0.20119152592343	2.19165237378423
0.201591509076359	2.19127276593504
0.201991492229289	2.19112030194292
0.202391475382218	2.19118611833696
0.202791458535147	2.19146251410478
0.203191441688076	2.19194349506338
0.203591424841006	2.19262494765859
0.203991407993935	2.19350441048455
0.204391391146864	2.19458073672089
0.204791374299794	2.19585368191458
0.205191357452723	2.19732381766954
0.205591340605652	2.19899255224587
0.205991323758581	2.2008621593736
0.206391306911511	2.20293536292912
0.20679129006444	2.20521464435315
0.207191273217369	2.20770124557847
0.207591256370299	2.21039407668406
0.207991239523228	2.21328874885758
0.208391222676157	2.21637719486147
0.208791205829086	2.21964773415404
0.209191188982016	2.22308555361181
0.209591172134945	2.22667336994744
0.209991155287874	2.23039200858523
0.210391138440804	2.2342206550525
0.210791121593733	2.23813699243463
0.211191104746662	2.24211722637039
0.211591087899591	2.2461361866375
0.211991071052521	2.25016780121941
0.21239105420545	2.25418595798409
0.212791037358379	2.25816537403518
0.213191020511309	2.26208224326418
0.213591003664238	2.26591457845474
0.213990986817167	2.2696420900913
0.214390969970096	2.27324576761678
0.214790953123026	2.27670745294348
0.215190936275955	2.28000950398553
0.215590919428884	2.28313488286413
0.215990902581814	2.2860675561249
0.216390885734743	2.28879318825456
0.216790868887672	2.29129983834244
0.217190852040601	2.29357850522682
0.217590835193531	2.29562340590936
0.21799081834646	2.29743214056922
0.218390801499389	2.29900582752625
0.218790784652319	2.30034934022987
0.219190767805248	2.30147169764546
0.219590750958177	2.30238657197758
0.219990734111106	2.30311266079964
0.220390717264036	2.30367398235184
0.220790700416965	2.30409983236398
0.221190683569894	2.30442439245361
0.221590666722824	2.30468589658011
0.221990649875753	2.30492526173013
0.222390633028682	2.30518416080215
0.222790616181611	2.30550312086007
0.223190599334541	2.30591997023398
0.22359058248747	2.30646880525679
0.223990565640399	2.30717983546786
0.224390548793329	2.30807996913372
0.224790531946258	2.30919345220988
0.225190515099187	2.31054217345753
0.225590498252116	2.31214555355056
0.225990481405046	2.31402007260096
0.226390464557975	2.3161786559676
0.226790447710904	2.31863049655542
0.227190430863834	2.32138130004708
0.227590414016763	2.32443385949161
0.227990397169692	2.32778893205121
0.228390380322621	2.33144590360635
0.228790363475551	2.33540283873485
0.22919034662848	2.3396560450848
0.229590329781409	2.34419952750385
0.229990312934339	2.34902453578781
0.230390296087268	2.35411957195257
0.230790279240197	2.35947084199995
0.231190262393126	2.36506294193903
0.231590245546056	2.37087972241217
0.231990228698985	2.37690521459759
0.232390211851914	2.38312427072006
0.232790195004844	2.38952316275121
0.233190178157773	2.39609017154602
0.233590161310702	2.40281594713493
0.233990144463631	2.40969339206141
0.234390127616561	2.41671734190567
0.23479011076949	2.42388381827703
0.235190093922419	2.43118893927226
0.235590077075349	2.43862785310083
0.235990060228278	2.44619410055852
0.236390043381207	2.4538794930283
0.236790026534136	2.46167481375873
0.237190009687066	2.46957108716144
0.237589992839995	2.47756104131303
0.237989975992924	2.48564023693057
0.238389959145854	2.49380766951771
0.238789942298783	2.50206553514574
0.239189925451712	2.51041846979936
0.239589908604641	2.51887250797308
0.239989891757571	2.52743407139139
0.2403898749105	2.5361090135707
0.240789858063429	2.54490176919934
0.241189841216359	2.55381458679245
0.241589824369288	2.56284693298224
0.241989807522217	2.57199508196308
0.242389790675146	2.58125209891818
0.242789773828076	2.59060807601191
0.243189756981005	2.600050608242
0.243589740133934	2.60956510684624
0.243989723286863	2.6191349238537
0.244389706439793	2.62874118477548
0.244789689592722	2.63836280032587
0.245189672745651	2.64797682717473
0.245589655898581	2.6575592498182
0.24598963905151	2.66708606264786
0.246389622204439	2.67653435529087
0.246789605357368	2.68588285136093
0.247189588510298	2.69511186733505
0.247589571663227	2.70420275407005
0.247989554816156	2.71313722478971
0.248389537969086	2.7218968601685
0.248789521122015	2.73046332085593
0.249189504274944	2.73881901538104
0.249589487427873	2.74694811195477
0.249989470580803	2.75483759852107
0.250389453733732	2.76247819540591
0.250789436886661	2.76986488496866
0.251189420039591	2.77699730403019
0.25158940319252	2.78387997680456
0.251989386345449	2.7905222486099
0.252389369498378	2.79693777250315
0.252789352651308	2.80314340034469
0.253189335804237	2.80915747447627
0.253589318957166	2.81499792582261
0.253989302110096	2.82068053421738
0.254389285263025	2.82621767561905
0.254789268415954	2.83161774555992
0.255189251568883	2.83688530514631
0.255589234721813	2.84202183708854
0.255989217874742	2.84702707304802
0.256389201027671	2.85190068931936
0.256789184180601	2.85664371390317
0.25718916733353	2.86125933709578
0.257589150486459	2.86575308129837
0.257989133639388	2.87013214907552
0.258389116792318	2.87440386826364
0.258789099945247	2.87857383017681
0.259189083098176	2.88264393029619
0.259589066251106	2.88661072513828
0.259989049404035	2.89046448494642
0.260389032556964	2.89418911654396
0.260789015709893	2.89776266476929
0.261188998862823	2.90115847562221
0.261588982015752	2.90434683187917
0.261988965168681	2.90729684723615
0.262388948321611	2.90997834852716
0.26278893147454	2.91236369291807
0.263188914627469	2.9144293295433
0.263588897780398	2.91615659071843
0.263988880933328	2.91753147704311
0.264388864086257	2.91854376983282
0.264788847239186	2.9191859541531
0.265188830392116	2.91945222354008
0.265588813545045	2.91933787292802
0.265988796697974	2.91883921872458
0.266388779850903	2.91795388639269
0.266788763003833	2.91668121569171
0.267188746156762	2.91502285354078
0.267588729309691	2.91298300405787
0.267988712462621	2.91056834038559
0.26838869561555	2.90778773089628
0.268788678768479	2.90465186718748
0.269188661921408	2.90117254891034
0.269588645074338	2.89736206710633
0.269988628227267	2.89323245477457
0.270388611380196	2.88879464412767
0.270788594533126	2.88405797091723
0.271188577686055	2.87903008932741
0.271588560838984	2.87371714103368
0.271988543991913	2.8681242023352
0.272388527144843	2.86225572900427
0.272788510297772	2.85611576995663
0.273188493450701	2.8497079117889
0.273588476603631	2.84303522683349
0.27398845975656	2.83610011465002
0.274388442909489	2.82890448232117
0.274788426062418	2.82145031490745
0.275188409215348	2.81374038257526
0.275588392368277	2.80577898230825
0.275988375521206	2.79757263443123
0.276388358674136	2.78913036830543
0.276788341827065	2.78046365270759
0.277188324979994	2.77158609433581
0.277588308132923	2.76251282464497
0.277988291285853	2.75325993947939
0.278388274438782	2.74384417680426
0.278788257591711	2.73428243905822
0.279188240744641	2.72459134832123
0.27958822389757	2.7147871341195
0.279988207050499	2.70488571728914
0.280388190203428	2.69490274745557
0.280788173356358	2.68485402854867
0.281188156509287	2.6747562510324
0.281588139662216	2.66462743972184
0.281988122815146	2.65448722518158
0.282388105968075	2.6443570593902
0.282788089121004	2.63425985998048
0.283188072273933	2.62421915355452
0.283588055426863	2.61425829765508
0.283988038579792	2.60439977674033
0.284388021732721	2.59466466879589
0.284788004885651	2.58507266880802
0.28518798803858	2.57564256779732
0.285587971191509	2.56639283832902
0.285987954344438	2.55734236806936
0.286387937497368	2.54851139962592
0.286787920650297	2.53992238846106
0.287187903803226	2.53160046751202
0.287587886956156	2.52357346602351
0.287987870109085	2.51587148393365
0.288387853262014	2.50852613305684
0.288787836414943	2.50156950440058
0.289187819567873	2.49503312434508
0.289587802720802	2.48894687167765
0.289987785873731	2.48333804043307
0.290387769026661	2.47823041721759
0.29078775217959	2.47364353632409
0.291187735332519	2.46959198159244
0.291587718485448	2.46608506312473
0.291987701638378	2.4631270183785
0.292387684791307	2.46071792352321
0.292787667944236	2.45885504791118
0.293187651097165	2.45753435290871
0.293587634250095	2.45675191583688
0.293987617403024	2.45650508863912
0.294387600555953	2.4567928840477
0.294787583708883	2.45761573681253
0.295187566861812	2.45897506460483
0.295587550014741	2.46087280379018
0.29598753316767	2.46331052910004
0.2963875163206	2.46628853767398
0.296787499473529	2.46980481599279
0.297187482626458	2.47385396915557
0.297587465779388	2.47842631061192
0.297987448932317	2.48350745635799
0.298387432085246	2.4890784332779
0.298787415238175	2.49511636436492
0.299187398391105	2.50159550589663
0.299587381544034	2.50848836230443
0.299987364696963	2.51576658146871
0.300387347849893	2.52340170831037
0.300787331002822	2.53136557708979
0.301187314155751	2.53963047111821
0.30158729730868	2.54816894037659
0.30198728046161	2.55695349733216
0.302387263614539	2.56595613410202
0.302787246767468	2.57514800269325
0.303187229920398	2.58449936723199
0.303587213073327	2.59398001812154
0.303987196226256	2.60356026268115
0.304387179379185	2.61321237255656
0.304787162532115	2.62291212341955
0.305187145685044	2.63264012353409
0.305587128837973	2.64238246715897
0.305987111990903	2.65213056246311
0.306387095143832	2.66188028095513
0.306787078296761	2.67163074053282
0.30718706144969	2.68138297784087
0.30758704460262	2.69113898498916
0.307987027755549	2.70090127111706
0.308387010908478	2.71067285174939
0.308786994061408	2.72045729399137
0.309186977214337	2.73025857698052
0.309586960367266	2.74008073688812
0.309986943520195	2.74992721071871
0.310386926673125	2.75979981209667
0.310786909826054	2.76969783702995
0.311186892978983	2.77961737784716
0.311586876131913	2.78955099007024
0.311986859284842	2.79948774234115
0.312386842437771	2.80941354325644
0.3127868255907	2.81931138559493
0.31318680874363	2.82916161921088
0.313586791896559	2.83894222117259
0.313986775049488	2.8486289153543
0.314386758202418	2.85819549105886
0.314786741355347	2.86761470779774
0.315186724508276	2.87685938481982
0.315586707661205	2.88590366170657
0.315986690814135	2.89472432698776
0.316386673967064	2.90330196948576
0.316786657119993	2.9116217403213
0.317186640272923	2.91967380754743
0.317586623425852	2.92745312878531
0.317986606578781	2.93495880072137
0.31838658973171	2.94219314610827
0.31878657288464	2.94916045081684
0.319186556037569	2.95586564902509
0.319586539190498	2.96231344839701
0.319986522343428	2.96850779712714
0.320386505496357	2.97445170605099
0.320786488649286	2.98014731897241
0.321186471802215	2.98559616279361
0.321586454955145	2.9907992977042
0.321986438108074	2.99575756616276
0.322386421261003	3.00047174306247
0.322786404413933	3.00494263119269
0.323186387566862	3.00917131133544
0.323586370719791	3.01315944588067
0.32398635387272	3.01690909960072
0.32438633702565	3.02042190628055
0.324786320178579	3.02369781141214
0.325186303331508	3.02673384436849
0.325586286484438	3.02952336866937
0.325986269637367	3.03205614761807
0.326386252790296	3.03431930821593
0.326786235943225	3.03629909471993
0.327186219096155	3.03798291190905
0.327586202249084	3.03936084551165
0.327986185402013	3.040426447926
0.328386168554943	3.04117696689839
0.328786151707872	3.04161323912188
0.329186134860801	3.04173932579395
0.32958611801373	3.04156214447246
0.32998610116666	3.04109097657531
0.330386084319589	3.04033673052474
0.330786067472518	3.03931083095523
0.331186050625448	3.03802387648445
0.331586033778377	3.03648435558677
0.331986016931306	3.03469809249207
0.332386000084235	3.03266850086851
0.332785983237165	3.03039753835795
0.333185966390094	3.02788712904871
0.333585949543023	3.02514081117046
0.333985932695953	3.02216498389982
0.334385915848882	3.01896960560611
0.334785899001811	3.0155684160332
0.33518588215474	3.01197888010961
0.33558586530767	3.00822182212693
0.335985848460599	3.00432102792188
0.336385831613528	3.00030263153985
0.336785814766457	2.99619435859158
0.337185797919387	2.99202482667349
0.337585781072316	2.98782300238061
0.337985764225245	2.98361753056616
0.338385747378175	2.97943612606192
0.338785730531104	2.9753050447119
0.339185713684033	2.97124841205559
0.339585696836962	2.96728732024562
0.339985679989892	2.96343936882772
0.340385663142821	2.95971881346772
0.34078564629575	2.95613721316292
0.34118562944868	2.95270443842068
0.341585612601609	2.9494298873968
0.341985595754538	2.94632323036747
0.342385578907467	2.94339461428604
0.342785562060397	2.94065429947709
0.343185545213326	2.9381119424756
0.343585528366255	2.93577577148838
0.343985511519185	2.93365219790575
0.344385494672114	2.93174580765014
0.344785477825043	2.93005967798033
0.345185460977972	2.928595748789
0.345585444130902	2.92735525525146
0.345985427283831	2.92633884563744
0.34638541043676	2.92554655993876
0.34678539358969	2.92497767989532
0.347185376742619	2.92463061990873
0.347585359895548	2.92450267677119
0.347985343048477	2.9245896411537
0.348385326201407	2.92488541682781
0.348785309354336	2.92538195093145
0.349185292507265	2.92606941421925
0.349585275660195	2.9269367154738
0.349985258813124	2.92797223750085
0.350385241966053	2.92916459931933
0.350785225118982	2.93050330589569
0.351185208271912	2.93197945507859
0.351585191424841	2.93358660764247
0.35198517457777	2.93532168780214
0.3523851577307	2.93718579298858
0.352785140883629	2.93918498151393
0.353185124036558	2.94133076620269
0.353585107189487	2.94363990891672
0.353985090342417	2.94613355825148
0.354385073495346	2.9488356574899
0.354785056648275	2.95177070397554
0.355185039801205	2.95496135753498
0.355585022954134	2.95842653518946
0.355985006107063	2.96218012839562
0.356384989259992	2.96623070478247
0.356784972412922	2.97058228986818
0.357184955565851	2.97523563775638
0.35758493871878	2.98018959614521
0.35798492187171	2.98544244424235
0.358384905024639	2.99099292846927
0.358784888177568	2.99684062584136
0.359184871330497	3.00298579537939
0.359584854483427	3.00942879193552
0.359984837636356	3.01616932484739
0.360384820789285	3.02320591291208
0.360784803942215	3.03053547183388
0.361184787095144	3.03815283300157
0.361584770248073	3.04605050329107
0.361984753401002	3.05421865766267
0.362384736553932	3.06264528842786
0.362784719706861	3.0713164784167
0.36318470285979	3.08021690149054
0.36358468601272	3.08933021083049
0.363984669165649	3.09863942967581
0.364384652318578	3.10812733090222
0.364784635471507	3.11777675621473
0.365184618624437	3.1275706664398
0.365584601777366	3.13749211699192
0.365984584930295	3.14752417003589
0.366384568083225	3.15764963602277
0.366784551236154	3.1678507375228
0.367184534389083	3.17810884458664
0.367584517542012	3.18840428354396
0.367984500694942	3.19871625903107
0.368384483847871	3.20902290872353
0.3687844670008	3.219301748793
0.36918445015373	3.22953017915166
0.369584433306659	3.23968608783213
0.369984416459588	3.24974861800764
0.370384399612517	3.25969895386051
0.370784382765447	3.26952066380448
0.371184365918376	3.27919979011995
0.371584349071305	3.28872449008305
0.371984332224235	3.29808405378868
0.372384315377164	3.30726765884371
0.372784298530093	3.31626321019904
0.373184281683022	3.32505639659601
0.373584264835952	3.33363034312427
0.373984247988881	3.341965928825
0.37438423114181	3.35004249030852
0.37478421429474	3.35783876689302
0.375184197447669	3.36533410631017
0.375584180600598	3.37250932275695
0.375984163753527	3.37934721093846
0.376384146906457	3.38583296070496
0.376784130059386	3.39195433303824
0.377184113212315	3.39770177385726
0.377584096365245	3.40306871091408
0.377984079518174	3.40805186925718
0.378384062671103	3.4126512753316
0.378784045824032	3.41687023996693
0.379184028976962	3.4207150855723
0.379584012129891	3.42419453250069
0.37998399528282	3.42731876509795
0.38038397843575	3.43009825496736
0.380783961588679	3.43254242248431
0.381183944741608	3.43465839196355
0.381583927894537	3.43645021287434
0.381983911047467	3.43791892178545
0.382383894200396	3.43906335762331
0.382783877353325	3.4398815337604
0.383183860506254	3.44037229677515
0.383583843659184	3.44053701300235
0.383983826812113	3.44038084824005
0.384383809965042	3.43991339525606
0.384783793117972	3.43914853491358
0.385183776270901	3.43810377754164
0.38558375942383	3.4367991222671
0.385983742576759	3.43525558171835
0.386383725729689	3.43349352743893
0.386783708882618	3.4315311411983
0.387183692035547	3.42938312268949
0.387583675188477	3.42705994626887
0.387983658341406	3.4245679142977
0.388383641494335	3.42190986800569
0.388783624647264	3.41908642306066
0.389183607800194	3.41609758753696
0.389583590953123	3.41294405332193
0.389983574106052	3.40962785468923
0.390383557258982	3.40615264000973
0.390783540411911	3.40252357191052
0.39118352356484	3.39874659969511
0.391583506717769	3.39482759975029
0.391983489870699	3.39077150251068
0.392383473023628	3.38658147692479
0.392783456176557	3.38225842870731
0.393183439329487	3.37780105912649
0.393583422482416	3.3732064274734
0.393983405635345	3.36847108390284
0.394383388788274	3.36359255945676
0.394783371941204	3.35857071033716
0.395183355094133	3.35340852164713
0.395583338247062	3.34811233423154
0.395983321399992	3.34269135776468
0.396383304552921	3.33715677422303
0.39678328770585	3.33152075112076
0.397183270858779	3.32579575507311
0.397583254011709	3.31999415043498
0.397983237164638	3.31412796156773
0.398383220317567	3.30820865773434
0.398783203470497	3.30224689666256
0.399183186623426	3.29625231663153
0.399583169776355	3.29023347511589
0.399983152929284	3.28419815158926
0.400383136082214	3.2781540349544
0.400783119235143	3.27210953727085
0.401183102388072	3.26607453701683
0.401583085541002	3.26006090854867
0.401983068693931	3.25408262295571
0.40238305184686	3.24815534575396
0.402783034999789	3.24229578545779
0.403183018152719	3.23652122519307
0.403583001305648	3.23084925980239
0.403982984458577	3.2252975664784
0.404382967611507	3.21988365240567
0.404782950764436	3.21462459721791
0.405182933917365	3.20953640353486
0.405582917070294	3.20463309595215
0.405982900223224	3.19992597613711
0.406382883376153	3.19542307726635
0.406782866529082	3.19112886427877
0.407182849682012	3.18704451987662
0.407582832834941	3.1831684161144
0.40798281598787	3.17949626222887
0.408382799140799	3.17602100471207
0.408782782293729	3.17273257071966
0.409182765446658	3.16961718526989
0.409582748599587	3.1666568800562
0.409982731752517	3.16382960020599
0.410382714905446	3.16110989627684
0.410782698058375	3.15847013367289
0.411182681211304	3.15588211297294
0.411582664364234	3.15331864248855
0.411982647517163	3.15075480611548
0.412382630670092	3.14816876562951
0.412782613823022	3.14554201951259
0.413182596975951	3.14285919010649
0.41358258012888	3.14010757714227
0.413982563281809	3.13727663955385
0.414382546434739	3.13435755763982
0.414782529587668	3.13134289106207
0.415182512740597	3.12822636301938
0.415582495893527	3.1250026130842
0.415982479046456	3.12166678692091
0.416382462199385	3.11821403419659
0.416782445352314	3.11463902274481
0.417182428505244	3.11093567075003
0.417582411658173	3.10709741982823
0.417982394811102	3.10311815238201
0.418382377964032	3.09899359320578
0.418782361116961	3.09472306528425
0.41918234426989	3.09031100588283
0.419582327422819	3.08576753240693
0.419982310575749	3.08110808215705
0.420382293728678	3.07635229787642
0.420782276881607	3.07152225540773
0.421182260034537	3.06664049302981
0.421582243187466	3.06172834354307
0.421982226340395	3.05680466659381
0.422382209493324	3.05188520028381
0.422782192646254	3.04698240387836
0.423182175799183	3.04210550610867
0.423582158952112	3.03726082255773
0.423982142105041	3.03245240611503
0.424382125257971	3.02768273710588
0.4247821084109	3.02295345289101
0.425182091563829	3.01826591427358
0.425582074716759	3.01362158161187
0.425982057869688	3.00902222819819
0.426382041022617	3.00446992788109
0.426782024175547	2.99996666646397
0.427182007328476	2.99551392137368
0.427581990481405	2.99111230123148
0.427981973634334	2.98676106837246
0.428381956787264	2.98245774644012
0.428781939940193	2.97819795003684
0.429181923093122	2.97397536325095
0.429581906246051	2.96978184581088
0.429981889398981	2.96560766760786
0.43038187255191	2.96144173183479
0.430781855704839	2.95727177824185
0.431181838857769	2.9530848162057
0.431581822010698	2.94886776980068
0.431981805163627	2.94460806699827
0.432381788316556	2.94029433546753
0.432781771469486	2.93591708304059
0.433181754622415	2.93146911876343
0.433581737775344	2.9269452739052
0.433981720928274	2.92234172798715
0.434381704081203	2.91765514234796
0.434781687234132	2.91288173844946
0.435181670387061	2.90801675816547
0.435581653539991	2.90305468302662
0.43598163669292	2.89798994684753
0.436381619845849	2.89281776941471
0.436781602998779	2.88753505860318
0.437181586151708	2.88214096850918
0.437581569304637	2.87663686077448
0.437981552457566	2.87102587678513
0.438381535610496	2.86531219183142
0.438781518763425	2.85950004089906
0.439181501916354	2.85359294774497
0.439581485069284	2.84759338332845
0.439981468222213	2.84150269054888
0.440381451375142	2.83532124741681
0.440781434528071	2.82904899321815
0.441181417681001	2.82268598991408
0.44158140083393	2.81623297115827
0.441981383986859	2.80969196104818
0.442381367139789	2.80306674105455
0.442781350292718	2.79636290428454
0.443181333445647	2.78958754663863
0.443581316598576	2.78274870853706
0.443981299751506	2.7758547025576
0.444381282904435	2.76891344334634
0.444781266057364	2.76193178279985
0.445181249210294	2.7549149225861
0.445581232363223	2.74786605105492
0.445981215516152	2.74078616322314
0.446381198669081	2.73367400008075
0.446781181822011	2.72652608665689
0.44718116497494	2.7193369390968
0.447581148127869	2.71209943938592
0.447981131280799	2.70480556955402
0.448381114433728	2.69744743497967
0.448781097586657	2.69001855976295
0.449181080739586	2.6825151649626
0.449581063892516	2.67493697069297
0.449981047045445	2.66728725651548
0.450381030198374	2.659572351531
0.450781013351304	2.65180072767356
0.451180996504233	2.64398180683181
0.451580979657162	2.63612488500965
0.451980962810091	2.62823845881114
0.452380945963021	2.62032997788225
0.45278092911595	2.61240609338968
0.453180912268879	2.60447319904258
0.453580895421809	2.59653792504976
0.453980878574738	2.58860760555385
0.454380861727667	2.5806907345142
0.454780844880596	2.57279727484492
0.455180828033526	2.56493873110766
0.455580811186455	2.5571281638679
0.455980794339384	2.54937998884612
0.456380777492314	2.54170945065381
0.456780760645243	2.53413193463675
0.457180743798172	2.52666226884814
0.457580726951101	2.51931408362806
0.457980710104031	2.51209936043129
0.45838069325696	2.50502814409464
0.458780676409889	2.49810825544291
0.459180659562819	2.49134525729949
0.459580642715748	2.48474288194515
0.459980625868677	2.47830383312361
0.460380609021606	2.47203073538296
0.460780592174536	2.46592712864209
0.461180575327465	2.45999816228133
0.461580558480394	2.45425072705578
0.461980541633324	2.44869292301636
0.462380524786253	2.44333300981277
0.462780507939182	2.43817813922768
0.463180491092111	2.43323316653603
0.463580474245041	2.4284998815799
0.46398045739797	2.42397688706401
0.464380440550899	2.41966003884754
0.464780423703828	2.41554323688908
0.465180406856758	2.41161941893804
0.465580390009687	2.40788160912347
0.465980373162616	2.40432396141286
0.466380356315546	2.40094290525815
0.466780339468475	2.39773816714458
0.467180322621404	2.39471335148153
0.467580305774334	2.39187618194533
0.467980288927263	2.38923825334277
0.468380272080192	2.38681414054105
0.468780255233121	2.38462022609509
0.469180238386051	2.38267356253713
0.46958022153898	2.38099057931311
0.469980204691909	2.37958572575652
0.470380187844838	2.37847040028633
0.470780170997768	2.3776519558436
0.471180154150697	2.37713289852045
0.471580137303626	2.37691054376774
0.471980120456556	2.37697674388444
0.472380103609485	2.37731777201439
0.472780086762414	2.37791480317503
0.473180069915344	2.378745070319
0.473580053068273	2.37978330827914
0.473980036221202	2.38100370273386
0.474380019374131	2.38238220792961
0.474780002527061	2.38389881120372
0.47517998567999	2.38553931973171
0.475579968832919	2.38729615352072
0.475979951985849	2.38916781069218
0.476379935138778	2.39115721765743
0.476779918291707	2.39326928214832
0.477179901444636	2.39550825147276
0.477579884597566	2.39787561521776
0.477979867750495	2.40036900733796
0.478379850903424	2.40298198698136
0.478779834056353	2.40570461429539
0.479179817209283	2.40852447576423
0.479579800362212	2.41142763400505
0.479979783515141	2.41439943436778
0.480379766668071	2.41742514589349
0.480779749821	2.42049036392122
0.481179732973929	2.423581407414
0.481579716126859	2.42668584214121
0.481979699279788	2.42979293357483
0.482379682432717	2.43289400150306
0.482779665585646	2.43598258609084
0.483179648738576	2.43905448014633
0.483579631891505	2.44210773412156
0.483979615044434	2.44514278911689
0.484379598197363	2.44816280458053
0.484779581350293	2.45117412946248
0.485179564503222	2.45418682284961
0.485579547656151	2.4572150863162
0.485979530809081	2.46027753373947
0.48637951396201	2.46339709320717
0.486779497114939	2.46660047584758
0.487179480267869	2.46991690222499
0.487579463420798	2.47337640100124
0.487979446573727	2.47700805856224
0.488379429726656	2.48083851398663
0.488779412879586	2.4848907988409
0.489179396032515	2.48918383531308
0.489579379185444	2.49373263097139
0.489979362338373	2.49854892069389
0.490379345491303	2.50364184269693
0.490779328644232	2.50901864614019
0.491179311797161	2.51468490698172
0.491579294950091	2.52064450036328
0.49197927810302	2.52689956583415
0.492379261255949	2.53345053754761
0.492779244408878	2.54029603847103
0.493179227561808	2.54743282237457
0.493579210714737	2.55485553752373
0.493979193867666	2.56255625419387
0.494379177020596	2.57052392389293
0.494779160173525	2.57874413428646
0.495179143326454	2.58719934508805
0.495579126479383	2.59586975357472
0.495979109632313	2.60473450874744
0.496379092785242	2.61377300013813
0.496779075938171	2.62296583004129
0.497179059091101	2.63229544771316
0.49757904224403	2.64174627579814
0.497979025396959	2.65130432987648
0.498379008549888	2.6609566200143
0.498778991702818	2.67069070290643
0.499178974855747	2.6804942539901
0.499578958008676	2.69035473821334
0.499978941161606	2.70025930393759
0.500378924314535	2.71019477956466
0.500778907467464	2.7201475406335
0.501178890620393	2.73010359113623
0.501578873773323	2.74004874135341
0.501978856926252	2.74996873612453
0.502378840079181	2.75984964096345
0.502778823232111	2.76967840594623
0.50317880638504	2.77944301917532
0.503578789537969	2.78913215136551
0.503978772690898	2.79873454352409
0.504378755843828	2.80823802784361
0.504778738996757	2.81762861856032
0.505178722149686	2.82689000524863
0.505578705302616	2.83600368092731
0.505978688455545	2.84494966221756
0.506378671608474	2.85370773126416
0.506778654761403	2.86225889568964
0.507178637914333	2.87058692532539
0.507578621067262	2.87867947980048
0.507978604220191	2.88652881806517
0.508378587373121	2.89413210011274
0.50877857052605	2.901491313557
0.509178553678979	2.9086130179355
0.509578536831908	2.91550802851923
0.509978519984838	2.92219082149254
0.510378503137767	2.92867868515241
0.510778486290696	2.93499073013488
0.511178469443626	2.94114661323284
0.511578452596555	2.94716519280617
0.511978435749484	2.95306326227538
0.512378418902413	2.95885453129443
0.512778402055343	2.96454905370386
0.513178385208272	2.97015321904585
0.513578368361201	2.97566995779564
0.513978351514131	2.98109930097766
0.51437833466706	2.98643911758517
0.514778317819989	2.99168580298242
0.515178300972918	2.99683512400782
0.515578284125848	3.00188344449228
0.515978267278777	3.00682896490999
0.516378250431706	3.01167291266781
0.516778233584636	3.01642044348001
0.517178216737565	3.02108073390714
0.517578199890494	3.02566642214765
0.517978183043423	3.03019255331336
0.518378166196353	3.03467510219852
0.518778149349282	3.03912936721558
0.519178132502211	3.04356876418189
0.51957811565514	3.0480037774106
0.51997809880807	3.05244129232231
0.520378081960999	3.05688419997694
0.520778065113928	3.06133141489063
0.521178048266858	3.06577843678982
0.521578031419787	3.07021837340697
0.521978014572716	3.07464297562596
0.522377997725646	3.07904373384688
0.522777980878575	3.08341275768421
0.523177964031504	3.08774313974715
0.523577947184433	3.09202895836108
0.523977930337363	3.09626530125796
0.524377913490292	3.10044825587994
0.524777896643221	3.10457503066298
0.52517787979615	3.10864426391284
0.52557786294908	3.1126562526396
0.525977846102009	3.11661298713205
0.526377829254938	3.12051805653676
0.526777812407868	3.12437639297433
0.527177795560797	3.12819362697362
0.527577778713726	3.13197533938847
0.527977761866655	3.13572621597926
0.528377745019585	3.13944929392486
0.528777728172514	3.14314525230263
0.529177711325443	3.14681188366235
0.529577694478373	3.15044369049626
0.529977677631302	3.1540316681066
0.530377660784231	3.15756331205333
0.530777643937161	3.16102286155373
0.53117762709009	3.16439169382168
0.531577610243019	3.16764886695135
0.531977593395948	3.17077176105503
0.532377576548878	3.17373670253934
0.532777559701807	3.17651949784598
0.533177542854736	3.17909571672076
0.533577526007666	3.18144075516522
0.533977509160595	3.18352991190278
0.534377492313524	3.18533868971472
0.534777475466453	3.18684335812661
0.535177458619383	3.18802173003377
0.535577441772312	3.18885398772378
0.535977424925241	3.18932330793296
0.53637740807817	3.1894158827867
0.5367773912311	3.18912029704152
0.537177374384029	3.18842656069829
0.537577357536958	3.18732515178828
0.537977340689888	3.18580634584413
0.538377323842817	3.18386016757286
0.538777306995746	3.18147683915829
0.539177290148676	3.17864772603862
0.539577273301605	3.1753663955947
0.539977256454534	3.17162952095702
0.540377239607463	3.16743725525617
0.540777222760393	3.16279315848735
0.541177205913322	3.15770379570352
0.541577189066251	3.15217832640435
0.54197717221918	3.1462280407505
0.54237715537211	3.1398660709869
0.542777138525039	3.13310739169485
0.543177121677968	3.12596904359155
0.543577104830898	3.11847013757685
0.543977087983827	3.11063183934163
0.544377071136756	3.10247725804948
0.544777054289685	3.09403108144571
0.545177037442615	3.08531911754302
0.545577020595544	3.07636817518791
0.545977003748473	3.06720607342201
0.546376986901403	3.05786172831888
0.546776970054332	3.04836525152764
0.547176953207261	3.03874755825435
0.54757693636019	3.02903950035148
0.54797691951312	3.01927093340679
0.548376902666049	3.00946959057592
0.548776885818978	2.99965994792319
0.549176868971908	2.9898627369235
0.549576852124837	2.98009510841654
0.549976835277766	2.97037109542065
0.550376818430695	2.96070238634274
0.550776801583625	2.95109925698205
0.551176784736554	2.94157138203168
0.551576767889483	2.93212860341651
0.551976751042413	2.92278163538494
0.552376734195342	2.91354250553539
0.552776717348271	2.90442502213267
0.5531767005012	2.89544496951821
0.55357668365413	2.88661971915573
0.553976666807059	2.8779673181504
0.554376649959988	2.86950555225475
0.554776633112918	2.86125096355271
0.555176616265847	2.85321820758346
0.555576599418776	2.84542002180972
0.555976582571705	2.83786764950101
0.556376565724635	2.83057134444351
0.556776548877564	2.82354090561221
0.557176532030493	2.8167858737834
0.557576515183423	2.8103153090936
0.557976498336352	2.8041373940465
0.558376481489281	2.7982590349871
0.55877646464221	2.79268539602238
0.55917644779514	2.78741963626139
0.559576430948069	2.78246283872653
0.559976414100998	2.77781394705895
0.560376397253928	2.77346947698317
0.560776380406857	2.76942325070917
0.561176363559786	2.76566643073554
0.561576346712715	2.76218757181636
0.561976329865645	2.75897277296555
0.562376313018574	2.7560061624805
0.562776296171503	2.7532703934621
0.563176279324433	2.75074694531403
0.563576262477362	2.74841661693818
0.563976245630291	2.74626026015743
0.56437622878322	2.74425964099246
0.56477621193615	2.74239857662244
0.565176195089079	2.74066420585664
0.565576178242008	2.73904773775495
0.565976161394937	2.7375445954477
0.566376144547867	2.73615421725229
0.566776127700796	2.73487945282645
0.567176110853725	2.73372546847451
0.567576094006655	2.73269870388964
0.567976077159584	2.73180603220966
0.568376060312513	2.73105401045085
0.568776043465443	2.73044836215896
0.569176026618372	2.729993706838
0.569576009771301	2.72969354344689
0.56997599292423	2.72955049235774
0.57037597607716	2.72956708800803
0.570775959230089	2.72974668451078
0.571175942383018	2.7300940822655
0.571575925535947	2.73061586285841
0.571975908688877	2.73132037347474
0.572375891841806	2.73221705954728
0.572775874994735	2.73331564701545
0.573175858147665	2.7346253897157
0.573575841300594	2.73615449913554
0.573975824453523	2.7379096599343
0.574375807606452	2.7398955546118
0.574775790759382	2.74211405400534
0.575175773912311	2.74456339144999
0.57557575706524	2.74723725916123
0.57597574021817	2.75012399212313
0.576375723371099	2.75320633493112
0.576775706524028	2.75646210423786
0.577175689676958	2.75986553955511
0.577575672829887	2.76338918181906
0.577975655982816	2.76700588749442
0.578375639135745	2.77069046184066
0.578775622288675	2.77442075990099
0.579175605441604	2.77817829068704
0.579575588594533	2.78194802282602
0.579975571747463	2.78571767421886
0.580375554900392	2.78947696404935
0.580775538053321	2.79321692171733
0.58117552120625	2.7969293636527
0.58157550435918	2.80060693361573
0.581975487512109	2.80424372922143
0.582375470665038	2.80783602447402
0.582775453817967	2.81138300921327
0.583175436970897	2.8148876131311
0.583575420123826	2.81835719355519
0.583975403276755	2.8218039059295
0.584375386429685	2.8252447083726
0.584775369582614	2.82870084811645
0.585175352735543	2.83219685771274
0.585575335888472	2.83575943603632
0.585975319041402	2.83941623441788
0.586375302194331	2.84319434571547
0.58677528534726	2.84711907113571
0.58717526850019	2.85121321803732
0.587575251653119	2.85549673815579
0.587975234806048	2.85998648993577
0.588375217958977	2.86469635064945
0.588775201111907	2.86963725009067
0.589175184264836	2.87481699748739
0.589575167417765	2.88023995662207
0.589975150570695	2.88590687855159
0.590375133723624	2.89181486954742
0.590775116876553	2.89795787493869
0.591175100029482	2.9043274500525
0.591575083182412	2.91091367636247
0.591975066335341	2.9177059629878
0.59237504948827	2.9246937714805
0.5927750326412	2.93186697290797
0.593175015794129	2.93921586895477
0.593574998947058	2.94673085640745
0.593974982099987	2.95440212837516
0.594374965252917	2.96221946537444
0.594774948405846	2.97017220584555
0.595174931558775	2.97824933413814
0.595574914711705	2.98643964992317
0.595974897864634	2.99473149855955
0.596374881017563	3.00311228053142
0.596774864170492	3.01156790565573
0.597174847323422	3.02008222575971
0.597574830476351	3.02863673222405
0.59797481362928	3.03721085233149
0.59837479678221	3.04578270248999
0.598774779935139	3.05432972782827
0.599174763088068	3.06282920160243
0.599574746240997	3.07125840020436
0.599974729393927	3.07959445336866
0.600374712546856	3.08781408290045
0.600774695699785	3.09589339940793
0.601174678852715	3.10380780376215
0.601574662005644	3.11153232637222
0.601974645158573	3.11904227820887
0.602374628311502	3.12631383292924
0.602774611464432	3.13332453113955
0.603174594617361	3.14005398521471
0.60357457777029	3.14648458511924
0.60397456092322	3.15260224037855
0.604374544076149	3.15839721187628
0.604774527229078	3.16386472246168
0.605174510382007	3.16900503240491
0.605574493534937	3.17382301911979
0.605974476687866	3.17832750166958
0.606374459840795	3.18253023132237
0.606774442993725	3.1864450762574
0.607174426146654	3.19008740673394
0.607574409299583	3.19347360588882
0.607974392452512	3.19662068425993
0.608374375605442	3.19954617251699
0.608774358758371	3.20226788814847
0.6091743419113	3.20480357663772
0.60957432506423	3.20717047587341
0.609974308217159	3.20938503414847
0.610374291370088	3.21146275153074
0.610774274523017	3.21341836457955
0.611174257675947	3.21526621310359
0.611574240828876	3.21702083592122
0.611974223981805	3.21869746368285
0.612374207134734	3.22031225823839
0.612774190287664	3.22188221205748
0.613174173440593	3.22342472950201
0.613574156593522	3.22495682860637
0.613974139746452	3.22649406364523
0.614374122899381	3.2280496429459
0.61477410605231	3.22963386225212
0.61517408920524	3.2312539564447
0.615574072358169	3.23291430594197
0.615974055511098	3.23461711284996
0.616374038664027	3.23636320453266
0.616774021816957	3.23815270398341
0.617174004969886	3.23998548926328
0.617573988122815	3.24186139132515
0.617973971275744	3.24377988597137
0.618373954428674	3.24573951309846
0.618773937581603	3.24773718854039
0.619173920734532	3.24976772905471
0.619573903887462	3.25182347646186
0.619973887040391	3.25389413043212
0.62037387019332	3.25596658390834
0.620773853346249	3.25802498243434
0.621173836499179	3.26005108864095
0.621573819652108	3.26202493706682
0.621973802805037	3.26392556541232
0.622373785957967	3.26573169183464
0.622773769110896	3.26742228801495
0.623173752263825	3.26897689868524
0.623573735416755	3.2703755762528
0.623973718569684	3.2715987069625
0.624373701722613	3.27262717221895
0.624773684875542	3.27344273710682
0.625173668028472	3.27402836023952
0.625573651181401	3.27436869292909
0.62597363433433	3.27445051587795
0.62637361748726	3.27426286316178
0.626773600640189	3.27379712649044
0.627173583793118	3.27304705872413
0.627573566946047	3.27200842864772
0.627973550098977	3.27067866608451
0.628373533251906	3.26905634948098
0.628773516404835	3.2671402250592
0.629173499557764	3.26492829179994
0.629573482710694	3.26241737476725
0.629973465863623	3.2596029193446
0.630373449016552	3.25647934018565
0.630773432169482	3.25304111118156
0.631173415322411	3.24928402633769
0.63157339847534	3.24520621593022
0.631973381628269	3.24080885060603
0.632373364781199	3.23609632174673
0.632773347934128	3.23107588127748
0.633173331087057	3.22575721321789
0.633573314239987	3.22015197505186
0.633973297392916	3.21427318175997
0.634373280545845	3.20813466742464
0.634773263698774	3.20175063468404
0.635173246851704	3.1951352923385
0.635573230004633	3.18830252525503
0.635973213157562	3.18126556307317
0.636373196310492	3.17403650512284
0.636773179463421	3.1666256353632
0.63717316261635	3.15904070676802
0.637573145769279	3.1512867456215
0.637973128922209	3.14336655891146
0.638373112075138	3.13528173247305
0.638773095228067	3.12703381364565
0.639173078380997	3.11862535434995
0.639573061533926	3.11006036233877
0.639973044686855	3.10134421094503
0.640373027839784	3.09248317040387
0.640773010992714	3.0834839372308
0.641172994145643	3.07435342567773
0.641572977298572	3.06509941555843
0.641972960451502	3.05573180590929
0.642372943604431	3.04626380588257
0.64277292675736	3.03671275881835
0.643172909910289	3.02710039104529
0.643572893063219	3.01745207504049
0.643972876216148	3.00779532155643
0.644372859369077	2.9981581632285
0.644772842522007	2.98856769563238
0.645172825674936	2.9790486566166
0.645572808827865	2.96962230928322
0.645972791980794	2.96030567522993
0.646372775133724	2.95111100382227
0.646772758286653	2.94204578887997
0.647172741439582	2.93311346362582
0.647572724592512	2.92431443895133
0.647972707745441	2.91564729515643
0.64837269089837	2.90711019309983
0.648772674051299	2.89870202007949
0.649172657204229	2.89042293592676
0.649572640357158	2.88227450733136
0.649972623510087	2.87425960364828
0.650372606663017	2.86638205991285
0.650772589815946	2.85864646106855
0.651172572968875	2.85105828280927
0.651572556121804	2.84362412871213
0.651972539274734	2.83635198714834
0.652372522427663	2.82925144283054
0.652772505580592	2.82233370441847
0.653172488733522	2.81561139455951
0.653572471886451	2.80909827465192
0.65397245503938	2.80280897798067
0.654372438192309	2.79675886365917
0.654772421345239	2.79096376933544
0.655172404498168	2.78543983215627
0.655572387651097	2.78020313398637
0.655972370804027	2.77526938142472
0.656372353956956	2.77065362345227
0.656772337109885	2.76636992088383
0.657172320262814	2.76243066984491
0.657572303415744	2.75884594698931
0.657972286568673	2.75562262540541
0.658372269721602	2.75276335977334
0.658772252874531	2.75026588554864
0.659172236027461	2.74812287420587
0.65957221918039	2.746322131744
0.659972202333319	2.74484746388901
0.660372185486249	2.74367982712487
0.660772168639178	2.74279818582916
0.661172151792107	2.74217987750636
0.661572134945037	2.74180068043556
0.661972118097966	2.74163431481135
0.662372101250895	2.74165199733811
0.662772084403824	2.74182259723512
0.663172067556754	2.7421135137087
0.663572050709683	2.74249200230886
0.663972033862612	2.74292685073666
0.664372017015541	2.74338953073667
0.664772000168471	2.74385453495159
0.6651719833214	2.74429885223923
0.665571966474329	2.74470103670935
0.665971949627259	2.74504027552911
0.666371932780188	2.74529612395142
0.666771915933117	2.74544880710418
0.667171899086046	2.74548034924103
0.667571882238976	2.74537613093517
0.667971865391905	2.74512657398657
0.668371848544834	2.74472832315207
0.668771831697764	2.7441850051876
0.669171814850693	2.7435073721637
0.669571798003622	2.74271292440552
0.669971781156552	2.74182509120636
0.670371764309481	2.74087239661494
0.67077174746241	2.73988726940902
0.671171730615339	2.73890452569661
0.671571713768269	2.73795970462062
0.671971696921198	2.73708735539757
0.672371680074127	2.73631941283514
0.672771663227056	2.73568419326189
0.673171646379986	2.73520615021001
0.673571629532915	2.7349062808654
0.673971612685844	2.73480298900837
0.674371595838774	2.73491338129114
0.674771578991703	2.73525434052608
0.675171562144632	2.73584300523324
0.675571545297561	2.73669670170443
0.675971528450491	2.73783251972074
0.67637151160342	2.73926655052455
0.676771494756349	2.74101318207224
0.677171477909279	2.74308462370467
0.677571461062208	2.7454905113823
0.677971444215137	2.74823754319953
0.678371427368066	2.75132923559525
0.678771410520996	2.75476588473646
0.679171393673925	2.75854486377895
0.679571376826854	2.76266126836969
0.679971359979784	2.76710887060439
0.680371343132713	2.77188120171731
0.680771326285642	2.77697268447185
0.681171309438571	2.7823792049628
0.681571292591501	2.7880979795866
0.68197127574443	2.7941270129876
0.682371258897359	2.80046410424238
0.682771242050289	2.80710558063197
0.683171225203218	2.81404523145719
0.683571208356147	2.82127372175033
0.683971191509076	2.82877829126366
0.684371174662006	2.83654273405165
0.684771157814935	2.84454759694244
0.685171140967864	2.85277034087336
0.685571124120794	2.86118541944638
0.685971107273723	2.86976433769184
0.686371090426652	2.8784755856877
0.686771073579581	2.88728460866751
0.687171056732511	2.89615433768004
0.68757103988544	2.90504615582737
0.687971023038369	2.91392080865895
0.688371006191299	2.92273933090695
0.688770989344228	2.9314639667091
0.689170972497157	2.94005887748018
0.689570955650086	2.94849070526649
0.689970938803016	2.95672907704404
0.690370921955945	2.96474711321292
0.690770905108874	2.97252182391142
0.691170888261804	2.98003420813771
0.691570871414733	2.98726903848236
0.691970854567662	2.99421459784209
0.692370837720591	3.0008624576947
0.692770820873521	3.00720723605183
0.69317080402645	3.01324645488318
0.693570787179379	3.01898043706441
0.693970770332309	3.02441195324747
0.694370753485238	3.02954578876897
0.694770736638167	3.03438830363528
0.695170719791096	3.03894698772604
0.695570702944026	3.04323027789746
0.695970686096955	3.0472476877251
0.696370669249884	3.05100980640141
0.696770652402814	3.05452821524978
0.697170635555743	3.05781537171009
0.697570618708672	3.06088422635865
0.697970601861601	3.06374764033815
0.698370585014531	3.06641811651854
0.69877056816746	3.06890783736435
0.699170551320389	3.07122894636324
0.699570534473319	3.07339390358825
0.699970517626248	3.07541596259881
0.700370500779177	3.07730942601014
0.700770483932106	3.07908972290827
0.701170467085036	3.08077347410025
0.701570450237965	3.08237875345409
0.701970433390894	3.08392515442003
0.702370416543823	3.08543347766948
0.702770399696753	3.08692492171295
0.703170382849682	3.08841974211463
0.703570366002611	3.08993537675203
0.703970349155541	3.09148489673812
0.70437033230847	3.09307601248745
0.704770315461399	3.09471069595754
0.705170298614328	3.09638567097111
0.705570281767258	3.09809373322866
0.705970264920187	3.09982504704581
0.706370248073116	3.10156834077929
0.706770231226046	3.10331198828223
0.707170214378975	3.10504473804841
0.707570197531904	3.10675615942464
0.707970180684834	3.10843711557776
0.708370163837763	3.11008002089898
0.708770146990692	3.11167889926824
0.709170130143621	3.11322905948411
0.709570113296551	3.11472625938451
0.70997009644948	3.11616553868258
0.710370079602409	3.1175402868185
0.710770062755338	3.11884161749074
0.711170045908268	3.12005860954025
0.711570029061197	3.12117931159767
0.711970012214126	3.12219191045455
0.712369995367056	3.12308566784927
0.712769978519985	3.12385141228952
0.713169961672914	3.12448090655012
0.713569944825843	3.12496563132778
0.713969927978773	3.12529580446882
0.714369911131702	3.1254600693358
0.714769894284631	3.12544597212266
0.715169877437561	3.12524135658001
0.71556986059049	3.1248358055944
0.715969843743419	3.12422182888204
0.716369826896349	3.12339549501055
0.716769810049278	3.12235641816287
0.717169793202207	3.12110723826956
0.717569776355136	3.11965320046573
0.717969759508066	3.11800181343358
0.718369742660995	3.11616274050422
0.718769725813924	3.11414771126971
0.719169708966854	3.11197028105396
0.719569692119783	3.10964548419815
0.719969675272712	3.10718967439823
0.720369658425641	3.10462025631342
0.720769641578571	3.10195561112533
0.7211696247315	3.09921519021681
0.721569607884429	3.09641950233147
0.721969591037358	3.09358984700894
0.722369574190288	3.09074804260701
0.722769557343217	3.08791597698093
0.723169540496146	3.08511523308375
0.723569523649076	3.08236698124709
0.723969506802005	3.07969201351261
0.724369489954934	3.07711079320499
0.724769473107863	3.07464366577207
0.725169456260793	3.07231069922862
0.725569439413722	3.07013117020371
0.725969422566651	3.06812299059437
0.726369405719581	3.06630205481929
0.72676938887251	3.06468143902277
0.727169372025439	3.06327103121936
0.727569355178368	3.06207774680234
0.727969338331298	3.06110607664675
0.728369321484227	3.06035922492792
0.728769304637156	3.05984052032605
0.729169287790086	3.05955422387412
0.729569270943015	3.05950571657227
0.729969254095944	3.05970133617161
0.730369237248873	3.06014755716246
0.730769220401803	3.06084978193466
0.731169203554732	3.06181163005104
0.731569186707661	3.06303454614496
0.731969169860591	3.06451731746647
0.73236915301352	3.0662559055687
0.732769136166449	3.06824356480082
0.733169119319378	3.07047092985775
0.733569102472308	3.07292616185636
0.733969085625237	3.07559532108892
0.734369068778166	3.07846263147062
0.734769051931096	3.08151071894619
0.735169035084025	3.0847210405377
0.735569018236954	3.08807420988484
0.735969001389883	3.09155017448155
0.736368984542813	3.0951283257418
0.736768967695742	3.09878780468068
0.737168950848671	3.10250797017921
0.737568934001601	3.10626897705451
0.73796891715453	3.11005241485806
0.738368900307459	3.11384203229021
0.738768883460388	3.11762442047021
0.739168866613318	3.12138954928568
0.739568849766247	3.12513110758414
0.739968832919176	3.1288467362759
0.740368816072106	3.13253773282166
0.740768799225035	3.13620836274862
0.741168782377964	3.13986479559104
0.741568765530893	3.14351381181703
0.741968748683823	3.14716152605769
0.742368731836752	3.15081264561924
0.742768714989681	3.1544702157217
0.743168698142611	3.1581357714998
0.74356868129554	3.16180990122952
0.743968664448469	3.16549290030744
0.744368647601398	3.16918505137508
0.744768630754328	3.17288640932667
0.745168613907257	3.17659616321286
0.745568597060186	3.18031169079662
0.745968580213116	3.1840276510976
0.746368563366045	3.18773548305366
0.746768546518974	3.1914233090008
0.747168529671903	3.19507637887705
0.747568512824833	3.19867798259122
0.747968495977762	3.20221049871546
0.748368479130691	3.20565626790697
0.74876846228362	3.20899821659118
0.74916844543655	3.21222036826156
0.749568428589479	3.21530809909172
0.749968411742408	3.2182480810428
0.750368394895338	3.22102820388977
0.750768378048267	3.22363745215788
0.751168361201196	3.22606569282912
0.751568344354125	3.2283034585551
0.751968327507055	3.23034192337788
0.752368310659984	3.23217284058624
0.752768293812913	3.23378852795223
0.753168276965843	3.2351818516649
0.753568260118772	3.23634627547444
0.753968243271701	3.2372759043543
0.754368226424631	3.23796567422766
0.75476820957756	3.23841164890666
0.755168192730489	3.23861152564299
0.755568175883418	3.23856497998713
0.755968159036348	3.23827389655124
0.756368142189277	3.23774240737333
0.756768125342206	3.23697670829223
0.757168108495135	3.23598427870488
0.757568091648065	3.23477320847073
0.757968074800994	3.23335179466905
0.758368057953923	3.23172845693157
0.758768041106853	3.22991201264634
0.759168024259782	3.22791244428627
0.759568007412711	3.22574145027921
0.75996799056564	3.22341237869558
0.76036797371857	3.22093945971883
0.760767956871499	3.21833634724936
0.761167940024428	3.21561419576542
0.761567923177358	3.21278019378087
0.761967906330287	3.20983675307779
0.762367889483216	3.20678150169131
0.762767872636146	3.20360801695925
0.763167855789075	3.2003071610174
0.763567838942004	3.19686854361198
0.763967822094933	3.19328156123467
0.764367805247863	3.18953598618498
0.764767788400792	3.18562222914613
0.765167771553721	3.18153150772488
0.76556775470665	3.17725595801533
0.76596773785958	3.17278903326016
0.766367721012509	3.16812620034462
0.766767704165438	3.16326570143928
0.767167687318368	3.15820888322637
0.767567670471297	3.15296009856938
0.767967653624226	3.14752615798829
0.768367636777155	3.14191551626945
0.768767619930085	3.13613748078808
0.769167603083014	3.13020153959347
0.769567586235943	3.12411689783119
0.769967569388873	3.11789247019622
0.770367552541802	3.11153710825961
0.770767535694731	3.1050598255514
0.77116751884766	3.09846998751209
0.77156750200059	3.0917776152625
0.771967485153519	3.08499360984685
0.772367468306448	3.07812989429653
0.772767451459378	3.07119944284552
0.773167434612307	3.06421608305844
0.773567417765236	3.05719380198807
0.773967400918165	3.05014574003923
0.774367384071095	3.04308298839587
0.774767367224024	3.03601355344765
0.775167350376953	3.02894188982178
0.775567333529883	3.02186923713677
0.775967316682812	3.01479450652166
0.776367299835741	3.00771531466707
0.77676728298867	3.0006288832216
0.7771672661416	2.99353268958233
0.777567249294529	2.98642469191805
0.777967232447458	2.97930333259822
0.778367215600388	2.97216758643461
0.778767198753317	2.9650171987172
0.779167181906246	2.95785304026163
0.779567165059175	2.95067748323847
0.779967148212105	2.94349470888165
0.780367131365034	2.93631062387652
0.780767114517963	2.92913249174359
0.781167097670893	2.92196826720163
0.781567080823822	2.91482560654534
0.781967063976751	2.90771081505861
0.78236704712968	2.90062818893861
0.78276703028261	2.89357965735893
0.783167013435539	2.88656484248615
0.783566996588468	2.8795816390102
0.783966979741398	2.87262722894327
0.784366962894327	2.86569937552898
0.784766946047256	2.85879783252977
0.785166929200185	2.85192533324439
0.785566912353115	2.84508805236413
0.785966895506044	2.83829543578218
0.786366878658973	2.83155947841237
0.786766861811903	2.82489373418218
0.787166844964832	2.81831266289696
0.787566828117761	2.81183123052283
0.78796681127069	2.8054647475451
0.78836679442362	2.79922900238579
0.788766777576549	2.79314020663203
0.789166760729478	2.78721451449418
0.789566743882408	2.78146738880279
0.789966727035337	2.7759127495033
0.790366710188266	2.77056216417653
0.790766693341195	2.76542452530988
0.791166676494125	2.76050610860815
0.791566659647054	2.75581070928439
0.791966642799983	2.75133992908292
0.792366625952913	2.74709331434715
0.792766609105842	2.74306819441955
0.793166592258771	2.7392594378174
0.7935665754117	2.73565918814353
0.79396655856463	2.73225666859902
0.794366541717559	2.72903820174318
0.794766524870488	2.72598736329162
0.795166508023417	2.72308534624728
0.795566491176347	2.72031174393641
0.795966474329276	2.71764559992995
0.796366457482205	2.71506646304435
0.796766440635135	2.71255570401147
0.797166423788064	2.71009772784875
0.797566406940993	2.70768051065509
0.797966390093922	2.70529544573461
0.798366373246852	2.70293668132941
0.798766356399781	2.70059974458697
0.79916633955271	2.69828010495462
0.79956632270564	2.69597220414652
0.799966305858569	2.69366909585181
0.800366289011498	2.69136249496718
0.800766272164428	2.68904346454278
0.801166255317357	2.68670302936721
0.801566238470286	2.68433241112617
0.801966221623215	2.68192286177032
0.802366204776145	2.67946530150727
0.802766187929074	2.6769497702526
0.803166171082003	2.67436522045903
0.803566154234932	2.67169999696896
0.803966137387862	2.66894297335778
0.804366120540791	2.6660848161557
0.80476610369372	2.66311898789143
0.80516608684665	2.66004212483787
0.805566069999579	2.65685368583671
0.805966053152508	2.65355505693893
0.806366036305437	2.65014895726749
0.806766019458367	2.64663957072694
0.807166002611296	2.64303329777253
0.807565985764225	2.63934000911547
0.807965968917155	2.63557432968827
0.808365952070084	2.6317560146154
0.808765935223013	2.62790915689077
0.809165918375942	2.62406050578593
0.809565901528872	2.62023699272853
0.809965884681801	2.61646327703818
0.81036586783473	2.61276030389778
0.81076585098766	2.60914476733723
0.811165834140589	2.60562936186074
0.811565817293518	2.60222372246079
0.811965800446447	2.59893557713519
0.812365783599377	2.59577159310963
0.812765766752306	2.59273790800484
0.813165749905235	2.58984018971302
0.813565733058165	2.58708328639161
0.813965716211094	2.58447045598146
0.814365699364023	2.58200241538556
0.814765682516952	2.57967640699892
0.815165665669882	2.57748577617725
0.815565648822811	2.57542023100534
0.81596563197574	2.57346693495713
0.81636561512867	2.5716119862247
0.816765598281599	2.56984189043002
0.817165581434528	2.56814460331276
0.817565564587457	2.56650993663995
0.817965547740387	2.56492916102952
0.818365530893316	2.56339426931817
0.818765514046245	2.56189729254638
0.819165497199175	2.56042993411673
0.819565480352104	2.55898369402555
0.819965463505033	2.5575504585951
0.820365446657962	2.55612307125397
0.820765429810892	2.55469552882759
0.821165412963821	2.55326276009296
0.82156539611675	2.55182008734677
0.82196537926968	2.55036245445954
0.822365362422609	2.54888367812652
0.822765345575538	2.54737594160278
0.823165328728467	2.54582967174933
0.823565311881397	2.5442340090267
0.823965295034326	2.54257753189111
0.824365278187255	2.54084885653025
0.824765261340185	2.53903713469285
0.825165244493114	2.53713263967685
0.825565227646043	2.53512701524844
0.825965210798972	2.5330133350412
0.826365193951902	2.53078638588623
0.826765177104831	2.5284431186061
0.82716516025776	2.52598286817321
0.82756514341069	2.52340759728573
0.827965126563619	2.52072173294688
0.828365109716548	2.51793154427158
0.828765092869477	2.51504436300057
0.829165076022407	2.5120678603214
0.829565059175336	2.50900914441843
0.829965042328265	2.50587434139211
0.830365025481195	2.50266879156621
0.830765008634124	2.49939741480884
0.831164991787053	2.49606497865321
0.831564974939982	2.49267629720577
0.831964958092912	2.48923615642508
0.832364941245841	2.48574886028392
0.83276492439877	2.48221756399786
0.8331649075517	2.47864355693578
0.833564890704629	2.47502577889255
0.833964873857558	2.47136059277618
0.834364857010487	2.46764195432073
0.834764840163417	2.46386190461531
0.835164823316346	2.46001141771266
0.835564806469275	2.45608106463694
0.835964789622205	2.4520616141064
0.836364772775134	2.44794424706704
0.836764755928063	2.4437205315365
0.837164739080992	2.43938218338266
0.837564722233922	2.43492114823947
0.837964705386851	2.43032978692681
0.83836468853978	2.42560144130775
0.83876467169271	2.42073124505974
0.839164654845639	2.4157170250241
0.839564637998568	2.41055968950075
0.839964621151497	2.40526312089352
0.840364604304427	2.39983355064657
0.840764587457356	2.39427864090784
0.841164570610285	2.38860642018544
0.841564553763214	2.38282459318199
0.841964536916144	2.37694026011777
0.842364520069073	2.37096016758431
0.842764503222002	2.36489149948842
0.843164486374932	2.35874309485148
0.843564469527861	2.35252655917664
0.84396445268079	2.3462572343279
0.844364435833719	2.33995500124421
0.844764418986649	2.3336444023947
0.845164402139578	2.32735401793848
0.845564385292507	2.32111541442707
0.845964368445437	2.31496167904053
0.846364351598366	2.30892560635068
0.846764334751295	2.30303806308485
0.847164317904225	2.29732668860494
0.847564301057154	2.29181504674467
0.847964284210083	2.28652237190686
0.848364267363012	2.28146388025672
0.848764250515942	2.27665142399036
0.849164233668871	2.27209429499816
0.8495642168218	2.26779993560001
0.849964199974729	2.26377457272079
0.850364183127659	2.26002354814665
0.850764166280588	2.25655111760477
0.851164149433517	2.25335991908084
0.851564132586447	2.25045044588375
0.851964115739376	2.24782059899354
0.852364098892305	2.24546535496485
0.852764082045234	2.24337682002848
0.853164065198164	2.24154450213925
0.853564048351093	2.23995549856267
0.853964031504022	2.23859459511588
0.854364014656952	2.23744435233942
0.854763997809881	2.23648536770662
0.85516398096281	2.23569679968024
0.855563964115739	2.23505734181583
0.855963947268669	2.23454642360336
0.856363930421598	2.23414543084249
0.856763913574527	2.23383876328884
0.857163896727457	2.23361464298091
0.857563879880386	2.23346509680992
0.857963863033315	2.23338521960256
0.858363846186244	2.23337224953266
0.858763829339174	2.2334247886744
0.859163812492103	2.2335419896803
0.859563795645032	2.23372330661031
0.859963778797962	2.23396879315789
0.860363761950891	2.23427949196199
0.86076374510382	2.23465753530033
0.861163728256749	2.23510619957407
0.861563711409679	2.23562967669319
0.861963694562608	2.2362326901418
0.862363677715537	2.2369200632663
0.862763660868467	2.23769638490653
0.863163644021396	2.23856552533126
0.863563627174325	2.2395302645271
0.863963610327254	2.24059195728706
0.864363593480184	2.24175009030265
0.864763576633113	2.24300192435466
0.865163559786042	2.2443424619587
0.865563542938972	2.24576468308271
0.865963526091901	2.24726000611216
0.86636350924483	2.24881880327632
0.866763492397759	2.25043076583852
0.867163475550689	2.25208480889165
0.867563458703618	2.25376873695851
0.867963441856547	2.25546879545008
0.868363425009477	2.25716943761681
0.868763408162406	2.25885343890479
0.869163391315335	2.26050244702856
0.869563374468264	2.26209764534678
0.869963357621194	2.26362045206444
0.870363340774123	2.26505314532754
0.870763323927052	2.26637928581779
0.871163307079982	2.26758406064401
0.871563290232911	2.26865449131591
0.87196327338584	2.26957939758494
0.872363256538769	2.2703491074754
0.872763239691699	2.2709550851462
0.873163222844628	2.27138956154401
0.873563205997557	2.27164521035793
0.873963189150487	2.27171488974463
0.874363172303416	2.27159162262791
0.874763155456345	2.27126886090501
0.875163138609274	2.27074107939051
0.875563121762204	2.27000455795027
0.875963104915133	2.2690584214614
0.876363088068062	2.26790548881471
0.876763071220992	2.2665526743447
0.877163054373921	2.26501086808541
0.87756303752685	2.26329422493939
0.877963020679779	2.26141867700553
0.878363003832709	2.2594004128522
0.878762986985638	2.25725472097255
0.879162970138567	2.25499530388809
0.879562953291497	2.25263421081778
0.879962936444426	2.25018240571051
0.880362919597355	2.24765029021586
0.880762902750284	2.24504805744616
0.881162885903214	2.24238574883798
0.881562869056143	2.23967308083677
0.881962852209072	2.23691931863492
0.882362835362002	2.23413373611959
0.882762818514931	2.2313260564608
0.88316280166786	2.22850679317909
0.883562784820789	2.22568745033943
0.883962767973719	2.22288042335803
0.884362751126648	2.22009849115674
0.884762734279577	2.21735425423218
0.885162717432507	2.21465950117614
0.885562700585436	2.21202474327582
0.885962683738365	2.20945917419845
0.886362666891294	2.20697075339225
0.886762650044224	2.2045660881047
0.887162633197153	2.20225036126873
0.887562616350082	2.20002734748607
0.887962599503011	2.1978992621114
0.888362582655941	2.19586665879135
0.88876256580887	2.19392846444522
0.889162548961799	2.19208205983778
0.889562532114729	2.19032326261245
0.889962515267658	2.18864635183821
0.890362498420587	2.18704406090018
0.890762481573516	2.18550786098774
0.891162464726446	2.18402849229882
0.891562447879375	2.18259649785297
0.891962431032304	2.18120263781584
0.892362414185234	2.17983825034635
0.892762397338163	2.17849524373394
0.893162380491092	2.17716570490342
0.893562363644022	2.17584131013251
0.893962346796951	2.17451271222671
0.89436232994988	2.17316902338443
0.894762313102809	2.17179775992971
0.895162296255739	2.17038531102022
0.895562279408668	2.16891775840623
0.895962262561597	2.16738192048531
0.896362245714526	2.16576631708062
0.896762228867456	2.16406166630312
0.897162212020385	2.1622610014907
0.897562195173314	2.16035950681925
0.897962178326244	2.15835401537374
0.898362161479173	2.15624241327238
0.898762144632102	2.15402345183266
0.899162127785031	2.15169672097644
0.899562110937961	2.14926262853499
0.89996209409089	2.14672228605309
0.900362077243819	2.14407729383238
0.900762060396749	2.14132907962487
0.901162043549678	2.13847817335834
0.901562026702607	2.1355236167869
0.901962009855536	2.13246280669624
0.902361993008466	2.13051067194371
0.902761976161395	2.12834640899468
0.903161959314324	2.12597761142807
0.903561942467254	2.12342426578978
0.903961925620183	2.12071278191504
0.904361908773112	2.11787181508792
0.904761891926041	2.11492959724543
0.905161875078971	2.11191238274557
0.9055618582319	2.10884367279767
0.905961841384829	2.10574395433008
0.906361824537759	2.10263074579701
0.906761807690688	2.09951880615923
0.907161790843617	2.09642045535034
0.907561773996546	2.09334594298281
0.907961757149476	2.09030380396036
0.908361740302405	2.0873011835216
0.908761723455334	2.0843441205183
0.909161706608264	2.08143776294012
0.909561689761193	2.07858652839363
0.909961672914122	2.07579422996308
0.910361656067051	2.07306416950295
0.910761639219981	2.07039920126709
0.91116162237291	2.06780178680211
0.911561605525839	2.06527403786787
0.911961588678769	2.06281774424696
0.912361571831698	2.06043440614388
0.912761554984627	2.05812527384932
0.913161538137556	2.05589138801398
0.913561521290486	2.05373362256581
0.913961504443415	2.05165272669949
0.914361487596344	2.04964934670361
0.914761470749274	2.04772401835522
0.915161453902203	2.04587714395919
0.915561437055132	2.04410896018586
0.915961420208061	2.04241951292558
0.916361403360991	2.04080865506931
0.91676138651392	2.03927607251035
0.917161369666849	2.03782132632927
0.917561352819779	2.03644390150782
0.917961335972708	2.03514324902813
0.918361319125637	2.03391880807489
0.918761302278566	2.03277001421976
0.919161285431496	2.0316962977712
0.919561268584425	2.03069707304475
0.919961251737354	2.02977172500627
0.920361234890284	2.02891960232737
0.920761218043213	2.02814001633208
0.921161201196142	2.02743224092528
0.921561184349071	2.02679551016578
0.921961167502001	2.0262290151352
0.92236115065493	2.02573190110345
0.922761133807859	2.02530327034505
0.923161116960789	2.02494219191705
0.923561100113718	2.02464772119699
0.923961083266647	2.0244189196927
0.924361066419576	2.0242548739997
0.924761049572506	2.02415470941597
0.925161032725435	2.02411759478019
0.925561015878364	2.02414273663128
0.925960999031293	2.0242293732468
0.926360982184223	2.02437677196246
0.926760965337152	2.02458423054766
0.927160948490081	2.02485108096788
0.927560931643011	2.0251766946306
0.92796091479594	2.02556048047835
0.928360897948869	2.02600187624728
0.928760881101799	2.02650033489507
0.929160864254728	2.02705531219068
0.929560847407657	2.02766626074556
0.929960830560586	2.02833263651357
0.930360813713516	2.02905391153026
0.930760796866445	2.02982958796456
0.931160780019374	2.03065920970684
0.931560763172304	2.03154236929017
0.931960746325233	2.03247870670817
0.932360729478162	2.03346790115392
0.932760712631091	2.03450965978908
0.933160695784021	2.03560370735823
0.93356067893695	2.03674977925452
0.933960662089879	2.03794761864162
0.934360645242808	2.03919697523156
0.934760628395738	2.04049760496897
0.935160611548667	2.04184927337822
0.935560594701596	2.04325176013967
0.935960577854526	2.04470486265451
0.936360561007455	2.04620840079626
0.936760544160384	2.04776222406016
0.937160527313313	2.04936621699367
0.937560510466243	2.05102030296605
0.937960493619172	2.05272444810492
0.938360476772101	2.05447866505006
0.938760459925031	2.0562830153089
0.93916044307796	2.05813761060479
0.939560426230889	2.06004261304939
0.939960409383819	2.0619982331614
0.940360392536748	2.06400472624525
0.940760375689677	2.06606238617817
0.941160358842606	2.06817153544088
0.941560341995536	2.07033251168558
0.941960325148465	2.07254565465468
0.942360308301394	2.07481129552007
0.942760291454323	2.07712974945956
0.943160274607253	2.07950131596801
0.943560257760182	2.08192628678083
0.943960240913111	2.08440495635
0.944360224066041	2.08693763099259
0.94476020721897	2.08952463778648
0.945160190371899	2.0921663304956
0.945560173524828	2.09486309068893
0.945960156677758	2.09761532724111
0.946360139830687	2.10042347536413
0.946760122983616	2.10328799124774
0.947160106136546	2.10620934428084
0.947560089289475	2.10918800179364
0.947960072442404	2.1122244087764
0.948360055595333	2.11531896664328
0.948760038748263	2.11847202099625
0.949160021901192	2.12168385422632
0.949560005054121	2.124954693644
