0	1.56465259356726
0.000399983141568677	1.57007009371323
0.000799966283137354	1.57544034490718
0.00119994942470603	1.58076310802064
0.00159993256627471	1.58603808502129
0.00199991570784339	1.59126499689464
0.00239989884941206	1.59644363754919
0.00279988199098074	1.60157390553139
0.00319986513254942	1.60665581375892
0.00359984827411809	1.61168948415252
0.00399983141568677	1.61667513236344
0.00439981455725545	1.6216130460595
0.00479979769882413	1.62650356261212
0.0051997808403928	1.63134705305315
0.00559976398196148	1.63614391836508
0.00599974712353016	1.64089459430377
0.00639973026509883	1.64559956316897
0.00679971340666751	1.65025936931544
0.00719969654823619	1.65487462465703
0.00759967968980486	1.65944600233694
0.00799966283137354	1.6639742205629
0.00839964597294222	1.66846001626059
0.0087996291145109	1.67290411459965
0.00919961225607957	1.67730720942241
0.00959959539764825	1.68166995415409
0.00999957853921693	1.68599296219773
0.0103995616807856	1.69027681661386
0.0107995448223543	1.69452208574338
0.011199527963923	1.69872933293696
0.0115995111054916	1.7028991210617
0.0119994942470603	1.70703200921245
0.012399477388629	1.71112854417987
0.0127994605301977	1.71518925177958
0.0131994436717663	1.71921463430456
0.013599426813335	1.72320517045325
0.0139994099549037	1.72716131764778
0.0143993930964724	1.73108351586986
0.0147993762380411	1.73497218916417
0.0151993593796097	1.73882774224224
0.0155993425211784	1.74265055468252
0.0159993256627471	1.74644097597998
0.0163993088043158	1.75019932106376
0.0167992919458844	1.75392586821056
0.0171992750874531	1.75762086170131
0.0175992582290218	1.76128451868055
0.0179992413705905	1.76491703785792
0.0183992245121591	1.76851860859165
0.0187992076537278	1.77208941540034
0.0191991907952965	1.77562963502424
0.0195991739368652	1.77913942877694
0.0199991570784339	1.78261893333687
0.0203991402200025	1.78606824857818
0.0207991233615712	1.78948742545549
0.0211991065031399	1.79287645817382
0.0215990896447086	1.79623527851408
0.0219990727862772	1.79956375332468
0.0223990559278459	1.80286168867058
0.0227990390694146	1.80612883695018
0.0231990222109833	1.80936490607497
0.0235990053525519	1.81256957234403
0.0239989884941206	1.81574249129508
0.0243989716356893	1.81888330107183
0.024798954777258	1.82199161766709
0.0251989379188267	1.82506702072584
0.0255989210603953	1.82810903019599
0.025998904201964	1.83111708464633
0.0263988873435327	1.83409053018105
0.0267988704851014	1.83702861873861
0.02719885362667	1.83993051539389
0.0275988367682387	1.84279531268805
0.0279988199098074	1.84562204007448
0.0283988030513761	1.84840966184582
0.0287987861929447	1.85115707106522
0.0291987693345134	1.85386307793712
0.0295987524760821	1.85652639360643
0.0299987356176508	1.85914561913288
0.0303987187592195	1.86171924570398
0.0307987019007881	1.86424565867556
0.0311986850423568	1.8667231439231
0.0315986681839255	1.86914989876657
0.0319986513254942	1.87152404188002
0.0323986344670628	1.87384362199953
0.0327986176086315	1.87610663374956
0.0331986007502002	1.8783110349072
0.0335985838917689	1.88045475876573
0.0339985670333375	1.88253572070914
0.0343985501749062	1.88455181734453
0.0347985333164749	1.88650091284925
0.0351985164580436	1.88838082432892
0.0355984995996123	1.89018931446859
0.0359984827411809	1.89192409065572
0.0363984658827496	1.89358280984296
0.0367984490243183	1.89516309056815
0.037198432165887	1.89666252903932
0.0375984153074556	1.89807871055727
0.0379983984490243	1.89940921601885
0.038398381590593	1.90065161851061
0.0387983647321617	1.90180348365957
0.0391983478737304	1.90286238400068
0.039598331015299	1.90382591953915
0.0399983141568677	1.9046917421155
0.0403982972984364	1.90545759681748
0.0407982804400051	1.90612138083389
0.0411982635815737	1.906681216663
0.0415982467231424	1.90713555844027
0.0419982298647111	1.90748334930858
0.0423982130062798	1.90772422980735
0.0427981961478484	1.90785881642304
0.0431981792894171	1.90788906571543
0.0435981624309858	1.90781873551453
0.0439981455725545	1.90765396530345
0.0443981287141232	1.90740402346147
0.0447981118556918	1.90708224463167
0.0451980949972605	1.90670719520468
0.0455980781388292	1.90630413151689
0.0459980612803979	1.90590680584171
0.0463980444219665	1.90555964275561
0.0467980275635352	1.90532035538368
0.0471980107051039	1.90526316246739
0.0475979938466726	1.9054830215383
0.0479979769882412	1.90655941396849
0.0483979601298099	1.90750811793136
0.0487979432713786	1.90832785205395
0.0491979264129473	1.90901483767012
0.049597909554516	1.90956340783202
0.0499978926960846	1.9099664992462
0.0503978758376533	1.91021623977602
0.050797858979222	1.91030457962111
0.0511978421207907	1.91022394959348
0.0515978252623593	1.9099676902524
0.051997808403928	1.9095303067661
0.0523977915454967	1.90890740020727
0.0527977746870654	1.90809532106992
0.053197757828634	1.90709082634193
0.0535977409702027	1.90589087746245
0.0539977241117714	1.90449259684309
0.0543977072533401	1.90289353248004
0.0547976903949088	1.9010920094331
0.0551976735364774	1.8990873509249
0.0555976566780461	1.89687977245185
0.0559976398196148	1.89446992410195
0.0563976229611835	1.89185815651975
0.0567976061027521	1.88904396111601
0.0571975892443208	1.88602574195985
0.0575975723858895	1.88280120121841
0.0579975555274582	1.87936827109198
0.0583975386690268	1.87572646406413
0.0587975218105955	1.87187807669444
0.0591975049521642	1.86782903769318
0.0595974880937329	1.86358893911688
0.0599974712353016	1.85917041116656
0.0603974543768702	1.8545881515885
0.0607974375184389	1.84985797805547
0.0611974206600076	1.84499580146556
0.0615974038015763	1.84001684766806
0.0619973869431449	1.83493512659023
0.0623973700847136	1.82976301248245
0.0627973532262823	1.82451088705501
0.063197336367851	1.81918713701083
0.0635973195094196	1.81379843312903
0.0639973026509883	1.80835005818901
0.064397285792557	1.80284617725625
0.0647972689341257	1.79729006010544
0.0651972520756944	1.79168409223714
0.065597235217263	1.78602982084248
0.0659972183588317	1.78032808077633
0.0663972015004004	1.77457914013293
0.0667971846419691	1.76878288024543
0.0671971677835378	1.7629392034898
0.0675971509251064	1.75704844303949
0.0679971340666751	1.75111149462343
0.0683971172082438	1.74512971786551
0.0687971003498125	1.73910482781855
0.0691970834913811	1.73303868707523
0.0695970666329498	1.72693314965675
0.0699970497745185	1.72079012135424
0.0703970329160872	1.71461172408702
0.0707970160576558	1.70840032416418
0.0711969991992245	1.70215860828735
0.0715969823407932	1.69588960735915
0.0719969654823619	1.68959656998887
0.0723969486239305	1.68328282533802
0.0727969317654992	1.67695171454774
0.0731969149070679	1.6706063689363
0.0735968980486366	1.66424960276654
0.0739968811902053	1.65788414455581
0.0743968643317739	1.65151300876685
0.0747968474733426	1.64513984644651
0.0751968306149113	1.63876951661961
0.07559681375648	1.6324085177658
0.0759967968980486	1.62606498765187
0.0763967800396173	1.61974860318242
0.076796763181186	1.61347044944786
0.0771967463227547	1.6072425292291
0.0775967294643233	1.60107727882125
0.077996712605892	1.59498736959007
0.0783966957474607	1.58898547250644
0.0787966788890294	1.58308387002929
0.0791966620305981	1.57729413355404
0.0795966451721667	1.57162658897736
0.0799966283137354	1.56608978305582
0.0803966114553041	1.5606904114998
0.0807965945968728	1.55543378822856
0.0811965777384414	1.55032461825554
0.0815965608800101	1.54536802877407
0.0819965440215788	1.5405707042297
0.0823965271631475	1.53594167704752
0.0827965103047161	1.53149248976977
0.0831964934462848	1.52723681122409
0.0835964765878535	1.52318967356319
0.0839964597294222	1.51936639289119
0.0843964428709909	1.51578128487421
0.0847964260125595	1.51244675212383
0.0851964091541282	1.50937274695643
0.0855963922956969	1.50656658757071
0.0859963754372656	1.50403305576001
0.0863963585788342	1.50177501630205
0.0867963417204029	1.49979420579839
0.0871963248619716	1.49809205507665
0.0875963080035403	1.49667031376898
0.087996291145109	1.49553138825758
0.0883962742866776	1.49467826160541
0.0887962574282463	1.4941143285268
0.089196240569815	1.49384322623197
0.0895962237113837	1.49386874431356
0.0899962068529523	1.49419472631766
0.090396189994521	1.49482524476839
0.0907961731360897	1.49576474041405
0.0911961562776584	1.49701792397055
0.091596139419227	1.49858931851993
0.0919961225607957	1.50048276693263
0.0923961057023644	1.5027005938834
0.0927960888439331	1.505242498127
0.0931960719855018	1.50810467733408
0.0935960551270704	1.51127947888453
0.0939960382686391	1.51475552592837
0.0943960214102078	1.51851861047965
0.0947960045517765	1.52255312651687
0.0951959876933451	1.52684329963103
0.0955959708349138	1.53137402333199
0.0959959539764825	1.53613129018669
0.0963959371180512	1.54110179973402
0.0967959202596198	1.54627216295084
0.0971959034011885	1.55162829614453
0.0975958865427572	1.55715502758566
0.0979958696843259	1.56283590869252
0.0983958528258946	1.56865358715617
0.0987958359674632	1.57459041200782
0.0991958191090319	1.58062875918707
0.0995958022506006	1.58675133371514
0.0999957853921693	1.59294136797992
0.100395768533738	1.59918251192249
0.100795751675307	1.60545873906307
0.101195734816875	1.61175427289465
0.101595717958444	1.61805338462558
0.101995701100013	1.62434033707094
0.102395684241581	1.63059949706439
0.10279566738315	1.63681545486315
0.103195650524719	1.64297337919732
0.103595633666287	1.64905958294975
0.103995616807856	1.65506193173906
0.104395599949425	1.66097019080048
0.104795583090993	1.66677640022387
0.105195566232562	1.67247516947163
0.105595549374131	1.67806371305059
0.105995532515699	1.6835417475877
0.106395515657268	1.68891100882047
0.106795498798837	1.69417432833886
0.107195481940405	1.69933467707465
0.107595465081974	1.70439445173227
0.107995448223543	1.70935508895513
0.108395431365111	1.71421720616671
0.10879541450668	1.71898126245992
0.109195397648249	1.72364843488229
0.109595380789818	1.72822137768641
0.109995363931386	1.73270467400641
0.110395347072955	1.73710478652804
0.110795330214524	1.74142931900653
0.111195313356092	1.74568599817583
0.111595296497661	1.74988174578482
0.11199527963923	1.75402189109285
0.112395262780798	1.75810960162271
0.112795245922367	1.76214596002288
0.113195229063936	1.76613051635407
0.113595212205504	1.7700620039246
0.113995195347073	1.77393887957307
0.114395178488642	1.77775954301439
0.11479516163021	1.78152205532951
0.115195144771779	1.78522363250753
0.115595127913348	1.78886015040473
0.115995111054916	1.79242606030979
0.116395094196485	1.79591503882663
0.116795077338054	1.79932130737004
0.117195060479622	1.80264113678095
0.117595043621191	1.8058742742919
0.11799502676276	1.80902484064032
0.118395009904328	1.81210116438553
0.118794993045897	1.81511465096823
0.119194976187466	1.81807812354476
0.119594959329034	1.82100400979812
0.119994942470603	1.82390303165315
0.120394925612172	1.82678376416977
0.12079490875374	1.82965288146267
0.121194891895309	1.83251581491542
0.121594875036878	1.83537769315857
0.121994858178447	1.83824399023153
0.122394841320015	1.84112050195417
0.122794824461584	1.84401288802696
0.123194807603153	1.84692604284321
0.123594790744721	1.84986338211906
0.12399477388629	1.85282650792056
0.124394757027859	1.85581566850918
0.124794740169427	1.85883076281365
0.125194723310996	1.86187246877711
0.125594706452565	1.86494333581746
0.125994689594133	1.86804851436895
0.126394672735702	1.87119583284554
0.126794655877271	1.87439521074561
0.127194639018839	1.87765765191362
0.127594622160408	1.88099375067642
0.127994605301977	1.88441209851263
0.128394588443545	1.8879181730466
0.128794571585114	1.89151378549129
0.129194554726683	1.89519690452236
0.129594537868251	1.89896219484619
0.12999452100982	1.90280219421851
0.130394504151389	1.90670853983567
0.130794487292957	1.91067304825167
0.131194470434526	1.91468878690551
0.131594453576095	1.91875049277887
0.131994436717663	1.92285422781942
0.132394419859232	1.92699653612999
0.132794403000801	1.93117331205281
0.133194386142369	1.93537847507295
0.133594369283938	1.93960328563194
0.133994352425507	1.94383639619347
0.134394335567076	1.94806442904805
0.134794318708644	1.95227311845048
0.135194301850213	1.95644874053844
0.135594284991782	1.96057912561455
0.13599426813335	1.96465395602824
0.136394251274919	1.96866457457405
0.136794234416488	1.97260349809688
0.137194217558056	1.97646391930414
0.137594200699625	1.98023958381061
0.137994183841194	1.98392510825032
0.138394166982762	1.9875164969205
0.138794150124331	1.99101175309591
0.1391941332659	1.99441139715142
0.139594116407468	1.99771857433211
0.139994099549037	2.00093865221126
0.140394082690606	2.00407859327169
0.140794065832174	2.00714618667851
0.141194048973743	2.01014925488872
0.141594032115312	2.01309506473371
0.14199401525688	2.01599002080223
0.142393998398449	2.01883953046316
0.142793981540018	2.02164794616269
0.143193964681586	2.02441864148838
0.143593947823155	2.02715406280204
0.143993930964724	2.02985574181326
0.144393914106292	2.03252436499214
0.144793897247861	2.03516000740934
0.14519388038943	2.03776234428243
0.145593863530998	2.04033091053275
0.145993846672567	2.04286550499481
0.146393829814136	2.04536662721975
0.146793812955704	2.04783562833208
0.147193796097273	2.05027486459426
0.147593779238842	2.05268793138961
0.147993762380411	2.05507979326467
0.148393745521979	2.05745691322795
0.148793728663548	2.05982743987245
0.149193711805117	2.06220104123063
0.149593694946685	2.06458825716289
0.149993678088254	2.06699971650155
0.150393661229823	2.06944523879818
0.150793644371391	2.07193277597795
0.15119362751296	2.07446775273969
0.151593610654529	2.07705281508465
0.151993593796097	2.07968775112592
0.152393576937666	2.08236964553566
0.152793560079235	2.08509336016231
0.153193543220803	2.08785183731052
0.153593526362372	2.09063634529249
0.153993509503941	2.0934368596349
0.154393492645509	2.0962424823802
0.154793475787078	2.09904177520004
0.155193458928647	2.10182321796733
0.155593442070215	2.10457566798413
0.155993425211784	2.1072887557633
0.156393408353353	2.10995305561056
0.156793391494921	2.11256018602955
0.15719337463649	2.11510272934441
0.157593357778059	2.11757412115898
0.157993340919627	2.11996853778496
0.158393324061196	2.12228107210202
0.158793307202765	2.12450809498025
0.159193290344333	2.12664775307443
0.159593273485902	2.12870041319726
0.159993256627471	2.13066888777661
0.160393239769039	2.13255815115575
0.160793222910608	2.13437470558216
0.161193206052177	2.13612565266758
0.161593189193746	2.13781757613343
0.161993172335314	2.13945558334366
0.162393155476883	2.14104272804136
0.162793138618452	2.14257975036792
0.16319312176002	2.14406513247818
0.163593104901589	2.14549541465734
0.163993088043158	2.14686572940507
0.164393071184726	2.14817052769755
0.164793054326295	2.14940438263006
0.165193037467864	2.15056271057333
0.165593020609432	2.15164245637749
0.165993003751001	2.1526424971706
0.16639298689257	2.15356365397863
0.166792970034138	2.15440843856085
0.167192953175707	2.15518044409706
0.167592936317276	2.15588359575954
0.167992919458844	2.15652139031455
0.168392902600413	2.15709611434455
0.168792885741982	2.15760811957088
0.16919286888355	2.15805544441838
0.169592852025119	2.15843377247914
0.169992835166688	2.15873664771542
0.170392818308256	2.1589561084407
0.170792801449825	2.1590836019248
0.171192784591394	2.15911072040893
0.171592767732962	2.15902974063079
0.171992750874531	2.15883407345584
0.1723927340161	2.15851828316352
0.172792717157668	2.15807787860019
0.173192700299237	2.15750918014544
0.173592683440806	2.15680911464055
0.173992666582375	2.15597490435405
0.174392649723943	2.15500391025995
0.174792632865512	2.15389323718065
0.175192616007081	2.15263916767164
0.175592599148649	2.15123676597016
0.175992582290218	2.14967981976739
0.176392565431787	2.14796099263235
0.176792548573355	2.146072534353
0.177192531714924	2.14400749751709
0.177592514856493	2.14176121052275
0.177992497998061	2.13933248398017
0.17839248113963	2.1367244257153
0.178792464281199	2.13394467042239
0.179192447422767	2.13100500466432
0.179592430564336	2.12791994462873
0.179992413705905	2.12470478304751
0.180392396847473	2.12137356352942
0.180792379989042	2.11793738447522
0.181192363130611	2.11440324183566
0.181592346272179	2.11077398544059
0.181992329413748	2.10704887171649
0.182392312555317	2.10322479753401
0.182792295696885	2.09929776474853
0.183192278838454	2.09526390026457
0.183592261980023	2.0911195923205
0.183992245121591	2.08686150584106
0.18439222826316	2.08248645269761
0.184792211404729	2.07799118865516
0.185192194546297	2.07337248762111
0.185592177687866	2.06862780394943
0.185992160829435	2.06375594672077
0.186392143971004	2.05875760821611
0.186792127112572	2.05363550280143
0.187192110254141	2.04839431143143
0.18759209339571	2.0430403877181
0.187992076537278	2.03758144875436
0.188392059678847	2.03202628774864
0.188792042820416	2.02638446577672
0.189192025961984	2.02066614913333
0.189592009103553	2.01488202406769
0.189991992245122	2.00904309801472
0.19039197538669	2.00316022542331
0.190791958528259	1.99724371568486
0.191191941669828	1.99130314070078
0.191591924811396	1.98534735120365
0.191991907952965	1.97938482831749
0.192391891094534	1.97342454451196
0.192791874236102	1.96747699570665
0.193191857377671	1.96155506423726
0.19359184051924	1.95567450727772
0.193991823660808	1.94985406503924
0.194391806802377	1.94411486662128
0.194791789943946	1.93847941174271
0.195191773085514	1.93297036203195
0.195591756227083	1.92760941550052
0.195991739368652	1.92241642046075
0.19639172251022	1.91740881562568
0.196791705651789	1.91260115923512
0.197191688793358	1.90800458422719
0.197591671934926	1.90362641351825
0.197991655076495	1.89946998741933
0.198391638218064	1.89553470332261
0.198791621359632	1.89181674967179
0.199191604501201	1.88831039787386
0.19959158764277	1.88500950542586
0.199991570784339	1.88190887146906
0.200391553925907	1.87900529388619
0.200791537067476	1.87629779298002
0.201191520209045	1.87378718370759
0.201591503350613	1.87147515664719
0.201991486492182	1.86936309066982
0.202391469633751	1.86745099663364
0.202791452775319	1.86573702992142
0.203191435916888	1.86421748752019
0.203591419058457	1.86288715703892
0.203991402200025	1.86173989578208
0.204391385341594	1.86076934602743
0.204791368483163	1.85996943648737
0.205191351624731	1.85933473142666
0.2055913347663	1.85886053029082
0.205991317907869	1.85854276625778
0.206391301049437	1.85837765051998
0.206791284191006	1.85836136640488
0.207191267332575	1.85848975407531
0.207591250474143	1.8587580072125
0.207991233615712	1.85916066786466
0.208391216757281	1.85969206320837
0.208791199898849	1.86034695029406
0.209191183040418	1.86112110085581
0.209591166181987	1.86201182304098
0.209991149323555	1.86301798495637
0.210391132465124	1.86413951139809
0.210791115606693	1.86537671394915
0.211191098748261	1.86672966666478
0.21159108188983	1.86819784740875
0.211991065031399	1.86978023682575
0.212391048172968	1.87147566418707
0.212791031314536	1.87328309967383
0.213191014456105	1.87520187742649
0.213590997597674	1.87723165602842
0.213990980739242	1.87937180875369
0.214390963880811	1.88162070667027
0.21479094702238	1.88397535262095
0.215190930163948	1.88643159787207
0.215590913305517	1.88898459901624
0.215990896447086	1.89162965550371
0.216390879588654	1.89436302073493
0.216790862730223	1.89718235449416
0.217190845871792	1.90008651126624
0.21759082901336	1.90307495215796
0.217990812154929	1.90614680999871
0.218390795296498	1.90930002469498
0.218790778438066	1.9125306659605
0.219190761579635	1.91583269251279
0.219590744721204	1.91919798969346
0.219990727862772	1.92261701698474
0.220390711004341	1.9260796515956
0.22079069414591	1.92957590920221
0.221190677287478	1.93309639212114
0.221590660429047	1.93663294351754
0.221990643570616	1.94017904526636
0.222390626712184	1.94372996872337
0.222790609853753	1.94728267298364
0.223190592995322	1.95083574949353
0.22359057613689	1.95438909777502
0.223990559278459	1.9579435810011
0.224390542420028	1.9615005980031
0.224790525561597	1.96506178159602
0.225190508703165	1.9686289052057
0.225590491844734	1.97220426395073
0.225990474986303	1.97579130993928
0.226390458127871	1.97939563795294
0.22679044126944	1.98302607281563
0.227190424411009	1.98669562926782
0.227590407552577	1.9904216906854
0.227990390694146	1.99422532357628
0.228390373835715	1.99812976238773
0.228790356977283	2.00215859908692
0.229190340118852	2.00633376441337
0.229590323260421	2.01067382694802
0.229990306401989	2.01519316144552
0.230390289543558	2.01990207626141
0.230790272685127	2.02480750930953
0.231190255826695	2.02991394100725
0.231590238968264	2.03522407094761
0.231990222109833	2.04073910247287
0.232390205251401	2.04645878873576
0.23279018839297	2.05238132218592
0.233190171534539	2.05850286482523
0.233590154676107	2.06481714959605
0.233990137817676	2.0713153207561
0.234390120959245	2.07798586623357
0.234790104100813	2.08481458463891
0.235190087242382	2.0917848780385
0.235590070383951	2.09887828148783
0.235990053525519	2.10607509928683
0.236390036667088	2.11335501515704
0.236790019808657	2.12069748672598
0.237190002950225	2.12808165933285
0.237589986091794	2.13548614899124
0.237989969233363	2.14288874057024
0.238389952374932	2.15026609013131
0.2387899355165	2.15759362992985
0.239189918658069	2.16484619864671
0.239589901799638	2.17199875796516
0.239989884941206	2.17902694942469
0.240389868082775	2.18590758915865
0.240789851224344	2.19261884246292
0.241189834365912	2.19914001866837
0.241589817507481	2.20545141438752
0.24198980064905	2.2115342787861
0.242389783790618	2.21737086366524
0.242789766932187	2.22294483455944
0.243189750073756	2.22824209066169
0.243589733215324	2.23325163304587
0.243989716356893	2.23796648808806
0.244389699498462	2.24238436186171
0.24478968264003	2.24650774129147
0.245189665781599	2.25034341481912
0.245589648923168	2.25390160355862
0.245989632064736	2.25719480678155
0.246389615206305	2.26023685119878
0.246789598347874	2.26304245151889
0.247189581489442	2.26562715538331
0.247589564631011	2.26800781589598
0.24798954777258	2.27020350129714
0.248389530914148	2.27223604695885
0.248789514055717	2.27413027970199
0.249189497197286	2.27591386989539
0.249589480338854	2.27761682018809
0.249989463480423	2.27927066820491
0.250389446621992	2.28090789443569
0.250789429763561	2.28256130347198
0.251189412905129	2.28426343507411
0.251589396046698	2.28604615804665
0.251989379188267	2.28794041337416
0.252389362329835	2.28997574760541
0.252789345471404	2.29217986361807
0.253189328612973	2.2945780896127
0.253589311754541	2.29719274906922
0.25398929489611	2.30004245154255
0.254389278037679	2.30314174961507
0.254789261179247	2.30650097591637
0.255189244320816	2.3101263535077
0.255589227462385	2.31402042604333
0.255989210603953	2.31818269660008
0.256389193745522	2.32261019441682
0.256789176887091	2.32729790256161
0.257189160028659	2.33223915938327
0.257589143170228	2.33742582460116
0.257989126311797	2.34284822797927
0.258389109453365	2.34849530308899
0.258789092594934	2.35435476147461
0.259189075736503	2.36041312178251
0.259589058878071	2.36665569604045
0.25998904201964	2.373066309728
0.260389025161209	2.37962661681201
0.260789008302777	2.386315515574
0.261188991444346	2.39310901636751
0.261588974585915	2.39998052265042
0.261988957727483	2.40690176111522
0.262388940869052	2.41384402035515
0.262788924010621	2.42077936545151
0.26318890715219	2.42768139600095
0.263588890293758	2.43452535089576
0.263988873435327	2.4412875393537
0.264388856576896	2.44794466000802
0.264788839718464	2.45447340928794
0.265188822860033	2.46085062359897
0.265588806001602	2.46705415100014
0.26598878914317	2.47306421689576
0.266388772284739	2.47886458031479
0.266788755426308	2.48444333337642
0.267188738567876	2.4897931699111
0.267588721709445	2.4949109899208
0.267988704851014	2.4997970049296
0.268388687992582	2.50445374509109
0.268788671134151	2.50888495013225
0.26918865427572	2.5130945907458
0.269588637417288	2.51708626465242
0.269988620558857	2.52086267014618
0.270388603700426	2.52442510230752
0.270788586841994	2.52777326626439
0.271188569983563	2.53090530086201
0.271588553125132	2.5338177118915
0.2719885362667	2.53650566420988
0.272388519408269	2.53896355397293
0.272788502549838	2.54118559385199
0.273188485691406	2.54316622193665
0.273588468832975	2.54490054342334
0.273988451974544	2.54638449384656
0.274388435116112	2.54761487557719
0.274788418257681	2.54858921246858
0.27518840139925	2.54930542282345
0.275588384540818	2.54976130046565
0.275988367682387	2.54995434649138
0.276388350823956	2.54988179788486
0.276788333965525	2.54954089019891
0.277188317107093	2.54892933718695
0.277588300248662	2.54804635222232
0.277988283390231	2.54689386755066
0.278388266531799	2.54547733960328
0.278788249673368	2.54380591343234
0.279188232814937	2.54189214512753
0.279588215956505	2.53975119098782
0.279988199098074	2.53739965648676
0.280388182239643	2.53485481225638
0.280788165381211	2.53213425433212
0.28118814852278	2.52925596297037
0.281588131664349	2.52623857087577
0.281988114805917	2.5231015856487
0.282388097947486	2.51986528830162
0.282788081089055	2.5165505749207
0.283188064230623	2.51317885330364
0.283588047372192	2.50977206701717
0.283988030513761	2.50635263914117
0.284388013655329	2.50294351982277
0.284787996796898	2.49956774207499
0.285187979938467	2.49624727904887
0.285587963080035	2.49300137554313
0.285987946221604	2.48984494386549
0.286387929363173	2.48678720823503
0.286787912504741	2.4838311046694
0.28718789564631	2.48097366433906
0.287587878787879	2.47820713498341
0.287987861929447	2.47552039495214
0.288387845071016	2.47290047228399
0.288787828212585	2.4703337630672
0.289187811354154	2.46780683393322
0.289587794495722	2.46530698421615
0.289987777637291	2.46282262946855
0.29038776077886	2.46034333738977
0.290787743920428	2.4578599053539
0.291187727061997	2.45536457267192
0.291587710203566	2.45285108180498
0.291987693345134	2.45031450545651
0.292387676486703	2.44775090301859
0.292787659628272	2.44515683289068
0.29318764276984	2.44252884129627
0.293587625911409	2.43986311010605
0.293987609052978	2.43715552691089
0.294387592194546	2.43440201730617
0.294787575336115	2.43159913693191
0.295187558477684	2.42874460167495
0.295587541619252	2.42583747162552
0.295987524760821	2.42287767881438
0.29638750790239	2.41986523840002
0.296787491043958	2.41679922544308
0.297187474185527	2.41367693327951
0.297587457327096	2.41049351562434
0.297987440468664	2.4072422482805
0.298387423610233	2.40391515380298
0.298787406751802	2.40050372424652
0.29918738989337	2.39699956080529
0.299587373034939	2.39339488617515
0.299987356176508	2.38968279944299
0.300387339318076	2.38585747817718
0.300787322459645	2.38191449273867
0.301187305601214	2.37785115987342
0.301587288742783	2.37366670693559
0.301987271884351	2.36936230916154
0.30238725502592	2.36494101522592
0.302787238167489	2.36040742071865
0.303187221309057	2.35576719120525
0.303587204450626	2.35102657506675
0.303987187592195	2.34619188383005
0.304387170733763	2.34126902615591
0.304787153875332	2.33626325237612
0.305187137016901	2.33117881269326
0.305587120158469	2.32601860219914
0.305987103300038	2.3207842094995
0.306387086441607	2.31547632505995
0.306787069583175	2.31009539372218
0.307187052724744	2.30464255287006
0.307587035866313	2.29912065591084
0.307987019007881	2.29353481756786
0.30838700214945	2.28789256636334
0.308786985291019	2.28220338860916
0.309186968432587	2.27647755517128
0.309586951574156	2.27072463732932
0.309986934715725	2.26495241568426
0.310386917857293	2.2591662545226
0.310786900998862	2.25336901039488
0.311186884140431	2.24756166685004
0.311586867281999	2.24174434553626
0.311986850423568	2.23591738576043
0.312386833565137	2.23008228788644
0.312786816706705	2.22424246700614
0.313186799848274	2.21840366730559
0.313586782989843	2.21257426730896
0.313986766131411	2.20676551822272
0.31438674927298	2.20099154808601
0.314786732414549	2.19526894286893
0.315186715556117	2.18961633122566
0.315586698697686	2.18405396706073
0.315986681839255	2.17860314511394
0.316386664980824	2.17328539434104
0.316786648122392	2.16812200326145
0.317186631263961	2.16313371932481
0.31758661440553	2.15834040815606
0.317986597547098	2.15376062183829
0.318386580688667	2.14941146476408
0.318786563830236	2.14530847231775
0.319186546971804	2.14146557830861
0.319586530113373	2.13789505168087
0.319986513254942	2.1346072858449
0.32038649639651	2.1316104200383
0.320786479538079	2.12891005995333
0.321186462679648	2.12650904239502
0.321586445821216	2.12440727388794
0.321986428962785	2.12260197871649
0.322386412104354	2.12108864073009
0.322786395245922	2.11986195936259
0.323186378387491	2.11891643469044
0.32358636152906	2.11824665487379
0.323986344670628	2.11784728167996
0.324386327812197	2.11771232321837
0.324786310953766	2.11783436315629
0.325186294095334	2.11820411818581
0.325586277236903	2.1188101857354
0.325986260378472	2.11963893190704
0.32638624352004	2.12067459363793
0.326786226661609	2.12189917920601
0.327186209803178	2.12329221791949
0.327586192944747	2.12483095364783
0.327986176086315	2.12649093502386
0.328386159227884	2.12824660018961
0.328786142369453	2.13007224785016
0.329186125511021	2.13194336399147
0.32958610865259	2.13383763809441
0.329986091794159	2.13573531691907
0.330386074935727	2.13761934884838
0.330786058077296	2.13947536050754
0.331186041218865	2.14129151908412
0.331586024360433	2.14305852664118
0.331986007502002	2.14476968435457
0.332385990643571	2.14642063191396
0.332785973785139	2.1480090627381
0.333185956926708	2.14953450366683
0.333585940068277	2.15099812159385
0.333985923209845	2.15240257720457
0.334385906351414	2.15375259360716
0.334785889492983	2.1550557047964
0.335185872634551	2.15632263576988
0.33558585577612	2.1575672145407
0.335985838917689	2.15880589035489
0.336385822059257	2.16005678144611
0.336785805200826	2.16133841180464
0.337185788342395	2.16266839026222
0.337585771483963	2.16406258599304
0.337985754625532	2.16553490335636
0.338385737767101	2.16709762059571
0.338785720908669	2.16876197965276
0.339185704050238	2.17053900000331
0.339585687191807	2.17243992921864
0.339985670333376	2.17447638258703
0.340385653474944	2.17665997723936
0.340785636616513	2.17900139151757
0.341185619758082	2.18150915895706
0.34158560289965	2.18418870360111
0.341985586041219	2.18704165454151
0.342385569182788	2.19006539465362
0.342785552324356	2.19325320967897
0.343185535465925	2.19659497087648
0.343585518607494	2.20007771198564
0.343985501749062	2.2036861179428
0.344385484890631	2.20740285898062
0.3447854680322	2.21120883173684
0.345185451173768	2.21508340616946
0.345585434315337	2.21900506359394
0.345985417456906	2.22295226829432
0.346385400598474	2.22690454804627
0.346785383740043	2.23084365147148
0.347185366881612	2.23475456812131
0.34758535002318	2.23862594035418
0.347985333164749	2.24244982322804
0.348385316306318	2.24622088652086
0.348785299447886	2.24993526112387
0.349185282589455	2.25358933196414
0.349585265731024	2.25717910956527
0.349985248872592	2.26070022652966
0.350385232014161	2.26414855741668
0.35078521515573	2.26752116844063
0.351185198297298	2.27081741113912
0.351585181438867	2.27403969803352
0.351985164580436	2.27719377530584
0.352385147722004	2.28028846528456
0.352785130863573	2.28333505546532
0.353185114005142	2.2863464257307
0.35358509714671	2.28933643898843
0.353985080288279	2.29231965068558
0.354385063429848	2.29531125576462
0.354785046571417	2.29832735008116
0.355185029712985	2.30138512206909
0.355585012854554	2.30450254754982
0.355984995996123	2.30769777966811
0.356384979137691	2.31098844799765
0.35678496227926	2.31439076234411
0.357184945420829	2.31791877782381
0.357584928562397	2.32158389192475
0.357984911703966	2.32539454189534
0.358384894845535	2.32935600427635
0.358784877987103	2.33347032082053
0.359184861128672	2.33773602481726
0.359584844270241	2.34214779487752
0.359984827411809	2.34669640991614
0.360384810553378	2.35136909810504
0.360784793694947	2.35615030741573
0.361184776836515	2.36102290669664
0.361584759978084	2.36596943711132
0.361984743119653	2.37097307954573
0.362384726261221	2.37601815227549
0.36278470940279	2.38109020507502
0.363184692544359	2.38617561766117
0.363584675685927	2.39126097376547
0.363984658827496	2.39633262368809
0.364384641969065	2.401376498322
0.364784625110633	2.4063782835421
0.365184608252202	2.41132388467625
0.365584591393771	2.41619992557591
0.36598457453534	2.42099399733476
0.366384557676908	2.42569490950492
0.366784540818477	2.43029268702384
0.367184523960046	2.43477840177552
0.367584507101614	2.43914420146692
0.367984490243183	2.44338362917736
0.368384473384752	2.44749170498851
0.36878445652632	2.45146499083611
0.369184439667889	2.45530148702683
0.369584422809458	2.45900001789108
0.369984405951026	2.46255941346757
0.370384389092595	2.46597775951131
0.370784372234164	2.46925135856005
0.371184355375732	2.47237394924942
0.371584338517301	2.47533654680235
0.37198432165887	2.47812761832462
0.372384304800438	2.48073350168024
0.372784287942007	2.48313934325395
0.373184271083576	2.48533030345519
0.373584254225144	2.48729253320971
0.373984237366713	2.48901385549693
0.374384220508282	2.49048392588258
0.37478420364985	2.49169383905883
0.375184186791419	2.4926353151512
0.375584169932988	2.49330005932103
0.375984153074556	2.49367921547107
0.376384136216125	2.49376343322252
0.376784119357694	2.49354345417313
0.377184102499262	2.49301119585228
0.377584085640831	2.49216079058375
0.3779840687824	2.49098961046822
0.378384051923969	2.48949906651469
0.378784035065537	2.48769520938332
0.379184018207106	2.48558871848398
0.379584001348675	2.4831945135006
0.379983984490243	2.48053093343551
0.380383967631812	2.4776187678513
0.380783950773381	2.47448013683631
0.381183933914949	2.47113778102142
0.381583917056518	2.46761467711018
0.381983900198087	2.46393396186549
0.382383883339655	2.46011905613517
0.382783866481224	2.45619382413042
0.383183849622793	2.45218247988619
0.383583832764361	2.448109387553
0.38398381590593	2.4439988185377
0.384383799047499	2.43987438051709
0.384783782189067	2.4357583784223
0.385183765330636	2.43167136396281
0.385583748472205	2.4276317635462
0.385983731613773	2.42365568745312
0.386383714755342	2.41975714481812
0.386783697896911	2.41594856617434
0.387183681038479	2.41224134268871
0.387583664180048	2.40864637899065
0.387983647321617	2.40517436921223
0.388383630463185	2.40183557214604
0.388783613604754	2.39863939402644
0.389183596746323	2.39559416742331
0.389583579887891	2.39270702789156
0.38998356302946	2.3899841696498
0.390383546171029	2.3874316260258
0.390783529312597	2.38505623968457
0.391183512454166	2.38286607028097
0.391583495595735	2.38087037865907
0.391983478737303	2.37907917357529
0.392383461878872	2.3775024473028
0.392783445020441	2.37614939100914
0.39318342816201	2.37502794595129
0.393583411303578	2.37414460464448
0.393983394445147	2.373504465437
0.394383377586716	2.37311135947288
0.394783360728284	2.37296759159303
0.395183343869853	2.37307330650694
0.395583327011422	2.37342571454953
0.39598331015299	2.37401831928816
0.396383293294559	2.37484025000914
0.396783276436128	2.37587590931136
0.397183259577696	2.37710480493248
0.397583242719265	2.37850180971144
0.397983225860834	2.38003789221785
0.398383209002402	2.3816810150451
0.398783192143971	2.38339714061442
0.39918317528554	2.38515164425565
0.399583158427108	2.38691079392944
0.399983141568677	2.38864284973188
0.400383124710246	2.39031882840314
0.400783107851814	2.39191294986054
0.401183090993383	2.39340256238755
0.401583074134952	2.39476794596043
0.40198305727652	2.39599226819562
0.402383040418089	2.39706177981594
0.402783023559658	2.39796640273761
0.403183006701226	2.39870055129407
0.403582989842795	2.39926386707033
0.403982972984364	2.39966155180698
0.404382956125933	2.3999042837312
0.404782939267501	2.40000764662608
0.40518292240907	2.39999119334458
0.405582905550639	2.39987718322141
0.405982888692207	2.39968931713566
0.406382871833776	2.39945176413418
0.406782854975345	2.39918847293846
0.407182838116913	2.39892279167533
0.407582821258482	2.39867757292366
0.407982804400051	2.39847558572031
0.408382787541619	2.39834004566704
0.408782770683188	2.39829521430448
0.409182753824757	2.39836702528066
0.409582736966325	2.39858324527651
0.409982720107894	2.39897313844997
0.410382703249463	2.3995666792198
0.410782686391031	2.40039320950196
0.4111826695326	2.40147973994326
0.411582652674169	2.40284916961395
0.411982635815737	2.40451865633515
0.412382618957306	2.40649850399223
0.412782602098875	2.40879196042741
0.413182585240443	2.41139578868304
0.413582568382012	2.41430153707932
0.413982551523581	2.41749744699735
0.414382534665149	2.42097066406716
0.414782517806718	2.42470888592737
0.415182500948287	2.42870134133333
0.415582484089855	2.43293914806531
0.415982467231424	2.43741485183301
0.416382450372993	2.44212132608981
0.416782433514562	2.44705079600467
0.41718241665613	2.4521941580719
0.417582399797699	2.4575406543302
0.417982382939268	2.4630779053676
0.418382366080836	2.46879206092052
0.418782349222405	2.47466780075086
0.419182332363974	2.48068837033031
0.419582315505542	2.48683570234354
0.419982298647111	2.49309077437949
0.42038228178868	2.49943441398
0.420782264930248	2.50584842444785
0.421182248071817	2.51231671141144
0.421582231213386	2.51882596114863
0.421982214354954	2.52536566474447
0.422382197496523	2.53192733266332
0.422782180638092	2.53850314742266
0.42318216377966	2.54508435225577
0.423582146921229	2.55165972257555
0.423982130062798	2.55821455608408
0.424382113204366	2.56473037178974
0.424782096345935	2.57118530639981
0.425182079487504	2.57755477704315
0.425582062629072	2.58381224663142
0.425982045770641	2.58993021006466
0.42638202891221	2.59588114363394
0.426782012053778	2.60163819587681
0.427181995195347	2.6071758580497
0.427581978336916	2.61247058321132
0.427981961478484	2.61750115835254
0.428381944620053	2.62224892275206
0.428781927761622	2.62669805504061
0.42918191090319	2.63083558391271
0.429581894044759	2.6346513293267
0.429981877186328	2.63813793836706
0.430381860327896	2.64129082485521
0.430781843469465	2.64410773379259
0.431181826611034	2.64658840717253
0.431581809752603	2.64873453111977
0.431981792894171	2.65054956457088
0.43238177603574	2.65203843463212
0.432781759177309	2.653207470621
0.433181742318877	2.65406442406374
0.433581725460446	2.65461847147748
0.433981708602015	2.65488029012135
0.434381691743583	2.65486220903208
0.434781674885152	2.6545779782781
0.435181658026721	2.65404236831748
0.435581641168289	2.65327063597234
0.435981624309858	2.6522776785668
0.436381607451427	2.65107721783404
0.436781590592995	2.64968150548972
0.437181573734564	2.64810152184119
0.437581556876133	2.64634774299359
0.437981540017701	2.6444313678637
0.43838152315927	2.6423654694194
0.438781506300839	2.64016571279787
0.439181489442407	2.63785040283157
0.439581472583976	2.63543975009155
0.439981455725545	2.63295480765981
0.440381438867113	2.63041663410835
0.440781422008682	2.62784590345501
0.441181405150251	2.62526302068594
0.441581388291819	2.62268860231105
0.441981371433388	2.62014391619595
0.442381354574957	2.61765107514592
0.442781337716526	2.61523281215928
0.443181320858094	2.61291165375663
0.443581303999663	2.61070869135924
0.443981287141232	2.60864225188125
0.4443812702828	2.60672673869481
0.444781253424369	2.60497192205262
0.445181236565938	2.60338278730522
0.445581219707506	2.60195996135697
0.445981202849075	2.60070068881339
0.446381185990644	2.59960017068312
0.446781169132212	2.59865302755437
0.447181152273781	2.59785474570928
0.44758113541535	2.59720275438891
0.447981118556918	2.59669678204979
0.448381101698487	2.59633870327688
0.448781084840056	2.59613191128434
0.449181067981624	2.59608024215126
0.449581051123193	2.5961867205697
0.449981034264762	2.59645263643544
0.45038101740633	2.59687689774418
0.450781000547899	2.59745582381431
0.451180983689468	2.5981833653837
0.451580966831036	2.59905165852528
0.451980949972605	2.60005161612437
0.452380933114174	2.60117354210892
0.452780916255742	2.60240748373264
0.453180899397311	2.6037434661355
0.45358088253888	2.6051715750854
0.453980865680448	2.60668219817932
0.454380848822017	2.60826623348048
0.454780831963586	2.60991520280944
0.455180815105154	2.61162138511629
0.455580798246723	2.61337815517023
0.455980781388292	2.61518025930019
0.456380764529861	2.61702390702611
0.456780747671429	2.61890685177493
0.457180730812998	2.6208283349599
0.457580713954567	2.62278882221158
0.457980697096135	2.62478977203388
0.458380680237704	2.62683332182925
0.458780663379273	2.62892186669825
0.459180646520841	2.63105789475958
0.45958062966241	2.63324397667782
0.459980612803979	2.63548273508835
0.460380595945547	2.63777687607897
0.460780579087116	2.64012920817635
0.461180562228685	2.6425424365808
0.461580545370253	2.64501914523924
0.461980528511822	2.64756188869642
0.462380511653391	2.65017335073555
0.462780494794959	2.65285684642212
0.463180477936528	2.65561717937794
0.463580461078097	2.65846125599238
0.463980444219665	2.66139857141271
0.464380427361234	2.66444159046097
0.464780410502803	2.66760561833321
0.465180393644371	2.67090835310363
0.46558037678594	2.67436932575572
0.465980359927509	2.67800885199428
0.466380343069077	2.68184655346035
0.466780326210646	2.68589993760577
0.467180309352215	2.69018313480613
0.467580292493783	2.69470588515637
0.467980275635352	2.69947310300089
0.468380258776921	2.70448521725635
0.468780241918489	2.70973904848474
0.469180225060058	2.7152288336207
0.469580208201627	2.7209469005494
0.469980191343196	2.72688395817046
0.470380174484764	2.73302890632681
0.470780157626333	2.73936837838894
0.471180140767902	2.74588616992648
0.47158012390947	2.75256291781595
0.471980107051039	2.75937597685492
0.472380090192608	2.76629978071375
0.472780073334176	2.77330642749825
0.473180056475745	2.78036623183965
0.473580039617314	2.78744843680485
0.473980022758882	2.79452232152828
0.474380005900451	2.80155818193976
0.47477998904202	2.80852797221309
0.475179972183588	2.81540565790061
0.475579955325157	2.82216723394995
0.475979938466726	2.82879023076983
0.476379921608294	2.8352530834064
0.476779904749863	2.84153461771455
0.477179887891432	2.84761372596023
0.477579871033	2.85346939129858
0.477979854174569	2.8590809739408
0.478379837316138	2.86442864562277
0.478779820457706	2.86949408521304
0.479179803599275	2.87426136832168
0.479579786740844	2.8787175326918
0.479979769882412	2.88285275522118
0.480379753023981	2.88666003604559
0.48077973616555	2.89013441864888
0.481179719307119	2.89327189847744
0.481579702448687	2.8960683466617
0.481979685590256	2.8985188941901
0.482379668731825	2.9006179397802
0.482779651873393	2.90235959596482
0.483179635014962	2.9037382113831
0.483579618156531	2.90474844507815
0.483979601298099	2.90538455981555
0.484379584439668	2.9056392257931
0.484779567581237	2.90550229784315
0.485179550722805	2.9049600138803
0.485579533864374	2.90399491329552
0.485979517005943	2.9025868193562
0.486379500147511	2.90071423554302
0.48677948328908	2.89835565218292
0.487179466430649	2.89549064302932
0.487579449572217	2.89210083439879
0.487979432713786	2.88817056020071
0.488379415855355	2.8836874789646
0.488779398996923	2.87864325927267
0.489179382138492	2.87303432804571
0.489579365280061	2.8668623228955
0.489979348421629	2.86013420701625
0.490379331563198	2.85286207810646
0.490779314704767	2.84506269235286
0.491179297846335	2.83675671492242
0.491579280987904	2.82796832754629
0.491979264129473	2.81872507404904
0.492379247271041	2.8090576022692
0.49277923041261	2.79899939116351
0.493179213554179	2.78858660503166
0.493579196695748	2.77785764168357
0.493979179837316	2.766852513679
0.494379162978885	2.75561241910552
0.494779146120454	2.74417911362258
0.495179129262022	2.73259396202101
0.495579112403591	2.72089701446445
0.49597909554516	2.70912616345373
0.496379078686728	2.69731625437946
0.496779061828297	2.68549848194473
0.497179044969866	2.6737002913111
0.497579028111434	2.66194562743227
0.497979011253003	2.65025543634983
0.498378994394572	2.63864830449167
0.49877897753614	2.62714114375172
0.499178960677709	2.61574974580588
0.499578943819278	2.60448901454008
0.499978926960846	2.59337307192097
0.500378910102415	2.58241531534773
0.500778893243984	2.57162834498628
0.501178876385552	2.5610236646775
0.501578859527121	2.55061120861238
0.50197884266869	2.54039850869475
0.502378825810258	2.53038959214054
0.502778808951827	2.52058406117478
0.503178792093396	2.51097629814006
0.503578775234964	2.50155515538167
0.503978758376533	2.49230447402396
0.504378741518102	2.48320441364342
0.50477872465967	2.47423323166945
0.505178707801239	2.46536958925201
0.505578690942808	2.45659496445551
0.505978674084376	2.44789546422867
0.506378657225945	2.43926301935321
0.506778640367514	2.43069584570529
0.507178623509082	2.42219794532922
0.507578606650651	2.41377794758679
0.50797858979222	2.4054476580782
0.508378572933789	2.39722020391588
0.508778556075357	2.38910818420622
0.509178539216926	2.38112240994727
0.509578522358495	2.37327133986641
0.509978505500063	2.36556101602157
0.510378488641632	2.35799559331387
0.510778471783201	2.35057825512615
0.511178454924769	2.34331206475041
0.511578438066338	2.33620045064707
0.511978421207907	2.32924762270165
0.512378404349475	2.32245889358272
0.512778387491044	2.31584063653812
0.513178370632613	2.3094001146133
0.513578353774181	2.30314529177198
0.51397833691575	2.29708435726995
0.514378320057319	2.29122503712489
0.514778303198887	2.28557417935209
0.515178286340456	2.28013752874614
0.515578269482025	2.27491980090157
0.515978252623593	2.2699255210806
0.516378235765162	2.26516055245164
0.516778218906731	2.26063359620256
0.517178202048299	2.25635760024042
0.517578185189868	2.25235083924597
0.517978168331437	2.24863715724919
0.518378151473005	2.24524533699336
0.518778134614574	2.2422080368736
0.519178117756143	2.23956025045601
0.519578100897712	2.23733716786782
0.51997808403928	2.23557189324924
0.520378067180849	2.23429329407053
0.520778050322418	2.23352410648326
0.521178033463986	2.23327958977786
0.521578016605555	2.23356703888187
0.521977999747124	2.23438599636633
0.522377982888692	2.23572911788917
0.522777966030261	2.23758351492362
0.52317794917183	2.23993232292405
0.523577932313398	2.24275613320474
0.523977915454967	2.24603425048691
0.524377898596536	2.24974578188785
0.524777881738104	2.25387054647313
0.525177864879673	2.25838951137484
0.525577848021242	2.26328476665382
0.52597783116281	2.26853903587203
0.526377814304379	2.27413484726072
0.526777797445948	2.28005357497023
0.527177780587516	2.28627461476772
0.527577763729085	2.29277511541942
0.527977746870654	2.29953034099672
0.528377730012222	2.30651453741627
0.528777713153791	2.3137021471889
0.52917769629536	2.3210691070609
0.529577679436928	2.328593984619
0.529977662578497	2.33625849359807
0.530377645720066	2.34404721112016
0.530777628861634	2.35194656133161
0.531177612003203	2.35994315619527
0.531577595144772	2.36802193596995
0.531977578286341	2.37616465148112
0.532377561427909	2.38434897424526
0.532777544569478	2.39254853763212
0.533177527711047	2.4007340502148
0.533577510852615	2.40887494462378
0.533977493994184	2.41694102580039
0.534377477135753	2.42490373323705
0.534777460277321	2.43273674669546
0.53517744341889	2.44041610295402
0.535577426560459	2.44791994279579
0.535977409702027	2.45522836154755
0.536377392843596	2.46232356448476
0.536777375985165	2.46919019098465
0.537177359126733	2.47581569948945
0.537577342268302	2.48219082452462
0.537977325409871	2.48830979812578
0.538377308551439	2.49417011338064
0.538777291693008	2.49977198329595
0.539177274834577	2.5051176586792
0.539577257976145	2.51021062426145
0.539977241117714	2.51505494663532
0.540377224259283	2.51965487958115
0.540777207400851	2.52401451283771
0.54117719054242	2.52813765668189
0.541577173683989	2.53202801169977
0.541977156825557	2.53568946021866
0.542377139967126	2.53912641088615
0.542777123108695	2.54234438481321
0.543177106250263	2.54535032216632
0.543577089391832	2.54815295409418
0.543977072533401	2.55076318408762
0.544377055674969	2.55319421207838
0.544777038816538	2.55546121625668
0.545177021958107	2.55758108836288
0.545577005099676	2.55957199901911
0.545976988241244	2.56145286662793
0.546376971382813	2.56324292732024
0.546776954524381	2.56496133302214
0.54717693766595	2.56662652200419
0.547576920807519	2.56825562913529
0.547976903949088	2.56986402215793
0.548376887090656	2.57146484708209
0.548776870232225	2.57306876161216
0.549176853373794	2.57468418250651
0.549576836515362	2.5763177169161
0.549976819656931	2.57797445124628
0.5503768027985	2.57965844222054
0.550776785940068	2.58137343115665
0.551176769081637	2.58312341000015
0.551576752223206	2.58491279184489
0.551976735364774	2.58674657154489
0.552376718506343	2.58863027396723
0.552776701647912	2.59056963084762
0.55317668478948	2.59257025317153
0.553576667931049	2.59463730692301
0.553976651072618	2.59677506199571
0.554376634214186	2.5989866780676
0.554776617355755	2.60127455779364
0.555176600497324	2.60364081741227
0.555576583638892	2.60608757909879
0.555976566780461	2.60861702088851
0.55637654992203	2.61123106817445
0.556776533063599	2.61393063132921
0.557176516205167	2.61671463766719
0.557576499346736	2.61957941242938
0.557976482488304	2.62251858879577
0.558376465629873	2.6255235899973
0.558776448771442	2.62858468630431
0.559176431913011	2.63169229332621
0.559576415054579	2.63483809848556
0.559976398196148	2.63801569843068
0.560376381337717	2.6412207192671
0.560776364479285	2.64445057165579
0.561176347620854	2.64770400472299
0.561576330762423	2.65098066507101
0.561976313903991	2.65428065242477
0.56237629704556	2.65760414890246
0.562776280187129	2.66095098756738
0.563176263328697	2.66432008554278
0.563576246470266	2.66770910185404
0.563976229611835	2.67111447238534
0.564376212753403	2.67453173526623
0.564776195894972	2.67795614439985
0.565176179036541	2.68138365007225
0.565576162178109	2.68481171238937
0.565976145319678	2.68823982774069
0.566376128461247	2.69166996714581
0.566776111602815	2.69510668355737
0.567176094744384	2.69855648844377
0.567576077885953	2.7020270497398
0.567976061027521	2.70552637151631
0.56837604416909	2.70906167232771
0.568776027310659	2.71263831109946
0.569176010452227	2.71625937888247
0.569575993593796	2.71992581611385
0.569975976735365	2.72363689260692
0.570375959876933	2.72739107993265
0.570775943018502	2.73118679261855
0.571175926160071	2.73502272570271
0.571575909301639	2.73889782294247
0.571975892443208	2.74281100007005
0.572375875584777	2.74676059008762
0.572775858726346	2.75074378131733
0.573175841867914	2.75475619758455
0.573575825009483	2.7587917550222
0.573975808151052	2.76284271830915
0.57437579129262	2.76690001960549
0.574775774434189	2.77095359499064
0.575175757575758	2.77499281605606
0.575575740717326	2.77900665513481
0.575975723858895	2.78298373744003
0.576375707000464	2.7869121067559
0.576775690142032	2.79077882805603
0.577175673283601	2.79456980474496
0.57757565642517	2.79827008560458
0.577975639566738	2.80186446643146
0.578375622708307	2.80533861297575
0.578775605849876	2.80868030075416
0.579175588991444	2.81188019345508
0.579575572133013	2.81493192304892
0.579975555274582	2.81783170930446
0.58037553841615	2.82057732919501
0.580775521557719	2.82316690557935
0.581175504699288	2.82559790690728
0.581575487840856	2.82786647884467
0.581975470982425	2.82996697854384
0.582375454123994	2.83189190540766
0.582775437265562	2.8336322179924
0.583175420407131	2.83517777460422
0.5835754035487	2.83651790522755
0.583975386690268	2.83764226350208
0.584375369831837	2.83854179193151
0.584775352973406	2.83920943506854
0.585175336114975	2.83964055008304
0.585575319256543	2.8398331373968
0.585975302398112	2.83978763790173
0.586375285539681	2.83950608175996
0.586775268681249	2.83899121593549
0.587175251822818	2.83824567102067
0.587575234964387	2.83727121351021
0.587975218105955	2.83606837822722
0.588375201247524	2.8346368079502
0.588775184389093	2.83297589907037
0.589175167530661	2.83108575028325
0.58957515067223	2.82896814203968
0.589975133813799	2.82662707602718
0.590375116955367	2.824068798742
0.590775100096936	2.8213013740656
0.591175083238505	2.81833375433913
0.591575066380073	2.81517460774822
0.591975049521642	2.81183127757145
0.592375032663211	2.80830920906473
0.592775015804779	2.80461191736032
0.593174998946348	2.80074148705194
0.593574982087917	2.79669926591576
0.593974965229485	2.792486664926
0.594374948371054	2.78810590635394
0.594774931512623	2.78356033610409
0.595174914654191	2.77885456245382
0.59557489779576	2.77399487979078
0.595974880937329	2.76899002974399
0.596374864078898	2.76385209932019
0.596774847220466	2.75859752136955
0.597174830362035	2.75324762118701
0.597574813503604	2.7478283097108
0.597974796645172	2.74236901068458
0.598374779786741	2.73690070962937
0.59877476292831	2.73145336311758
0.599174746069878	2.72605343932588
0.599574729211447	2.7207219849293
0.599974712353016	2.71547325580518
0.600374695494584	2.71031425147303
0.600774678636153	2.70524507039402
0.601174661777722	2.70025979221409
0.60157464491929	2.69534802736664
0.601974628060859	2.6904968626722
0.602374611202428	2.68569273930798
0.602774594343996	2.68092335714179
0.603174577485565	2.67617939964711
0.603574560627134	2.6714554212968
0.603974543768702	2.66675002512569
0.604374526910271	2.66206563734141
0.60477451005184	2.65740792531436
0.605174493193408	2.65278531645571
0.605574476334977	2.64820872714947
0.605974459476546	2.64369124002366
0.606374442618114	2.63924773303149
0.606774425759683	2.63489465666505
0.607174408901252	2.63064941678002
0.60757439204282	2.62652943016365
0.607974375184389	2.62255111885377
0.608374358325958	2.618729012941
0.608774341467526	2.61507497702138
0.609174324609095	2.6115977829217
0.609574307750664	2.6083028705959
0.609974290892233	2.60519232006072
0.610374274033801	2.60226491504401
0.61077425717537	2.59951618522495
0.611174240316939	2.59693845478705
0.611574223458507	2.59452125811768
0.611974206600076	2.59225199459645
0.612374189741645	2.590116874021
0.612774172883213	2.58810205649275
0.613174156024782	2.58619491666842
0.613574139166351	2.58438514153248
0.613974122307919	2.58266573265728
0.614374105449488	2.58103353123354
0.614774088591057	2.57948904734695
0.615174071732625	2.57803566598713
0.615574054874194	2.57667855792002
0.615974038015763	2.57542352345839
0.616374021157331	2.57427593198452
0.6167740042989	2.57323985773282
0.617173987440469	2.57231761629621
0.617573970582037	2.57150944675636
0.617973953723606	2.57081321098666
0.618373936865175	2.57022412844806
0.618773920006743	2.56973466961351
0.619173903148312	2.56933452342757
0.619573886289881	2.56901099457379
0.619973869431449	2.56874992734844
0.620373852573018	2.56853679694651
0.620773835714587	2.56835768086515
0.621173818856156	2.56820006397261
0.621573801997724	2.56805314696574
0.621973785139293	2.56790757949255
0.622373768280861	2.56775485801889
0.62277375142243	2.56758686665435
0.623173734563999	2.56739560169539
0.623573717705568	2.56717314685835
0.623973700847136	2.56691180374948
0.624373683988705	2.56660445086398
0.624773667130273	2.56624519908379
0.625173650271842	2.56582996736477
0.625573633413411	2.56535680776758
0.62597361655498	2.56482610907313
0.626373599696548	2.56424045139187
0.626773582838117	2.56360406371279
0.627173565979686	2.56292226701905
0.627573549121254	2.56220103359371
0.627973532262823	2.56144652346007
0.628373515404392	2.56066502584497
0.62877349854596	2.55986346366462
0.629173481687529	2.55904993862429
0.629573464829098	2.5582340630041
0.629973447970666	2.55742710855343
0.630373431112235	2.55664160023529
0.630773414253804	2.55588988367974
0.631173397395372	2.55518235444993
0.631573380536941	2.55452580396525
0.63197336367851	2.55392209799132
0.632373346820078	2.5533675992706
0.632773329961647	2.55285351069185
0.633173313103216	2.55236688673324
0.633573296244784	2.5518918881556
0.633973279386353	2.55141090501917
0.634373262527922	2.55090542910262
0.634773245669491	2.55035655516485
0.635173228811059	2.5497450662253
0.635573211952628	2.54905142384256
0.635973195094196	2.54825590868405
0.636373178235765	2.54733876940295
0.636773161377334	2.54628032120102
0.637173144518903	2.54506100889189
0.637573127660471	2.54366135585405
0.63797311080204	2.54206175511307
0.638373093943609	2.54024229981673
0.638773077085177	2.53818285399824
0.639173060226746	2.53586320954384
0.639573043368315	2.53326339194085
0.639973026509883	2.53036409848266
0.640373009651452	2.52714722949353
0.640772992793021	2.52359645404787
0.641172975934589	2.51969790528997
0.641572959076158	2.51544106330588
0.641972942217727	2.51081966466469
0.642372925359295	2.50583243423271
0.642772908500864	2.50048357554245
0.643172891642433	2.49478303356036
0.643572874784001	2.48874629242674
0.64397285792557	2.48239351899442
0.644372841067139	2.47574829918642
0.644772824208707	2.46883625574727
0.645172807350276	2.46168347125026
0.645572790491845	2.45431495836886
0.645972773633413	2.44675378745568
0.646372756774982	2.43902076729171
0.646772739916551	2.43113451887603
0.647172723058119	2.42311216837051
0.647572706199688	2.41497048019774
0.647972689341257	2.40672683801872
0.648372672482825	2.39840016973935
0.648772655624394	2.39001160707365
0.649172638765963	2.38158435617054
0.649572621907532	2.37314287226909
0.6499726050491	2.36471207311782
0.650372588190669	2.3563165279071
0.650772571332238	2.34797973227862
0.651172554473806	2.33972385528075
0.651572537615375	2.33156991078484
0.651972520756944	2.32353795369276
0.652372503898512	2.31564721892064
0.652772487040081	2.30791614309939
0.65317247018165	2.30036229870555
0.653572453323218	2.29300213959311
0.653972436464787	2.28585100626493
0.654372419606356	2.27892343614177
0.654772402747924	2.2722335682319
0.655172385889493	2.26579540978148
0.655572369031062	2.25962299306684
0.65597235217263	2.25373025868611
0.656372335314199	2.24813060712818
0.656772318455768	2.24283661103036
0.657172301597336	2.23785986405329
0.657572284738905	2.23321080674467
0.657972267880474	2.22889853986135
0.658372251022042	2.22493070942587
0.658772234163611	2.22131334728605
0.65917221730518	2.2180506063775
0.659572200446748	2.21514464674673
0.659972183588317	2.21259575298889
0.660372166729886	2.21040282313678
0.660772149871454	2.20856409058823
0.661172133013023	2.2070778602561
0.661572116154592	2.20594324493436
0.661972099296161	2.20516067847079
0.662372082437729	2.20473177407492
0.662772065579298	2.20465843826668
0.663172048720867	2.20494154411436
0.663572031862435	2.20557946079596
0.663972015004004	2.20656672909882
0.664371998145573	2.20789332406127
0.664771981287141	2.20954479978157
0.66517196442871	2.21150314214136
0.665571947570279	2.21374792542353
0.665971930711847	2.21625729223793
0.666371913853416	2.21900851795338
0.666771896994985	2.22197822925636
0.667171880136553	2.2251426558729
0.667571863278122	2.22847797208401
0.667971846419691	2.2319608298809
0.668371829561259	2.23556911793904
0.668771812702828	2.23928300906033
0.669171795844397	2.24308572305286
0.669571778985965	2.24696402906812
0.669971762127534	2.25090848357477
0.670371745269103	2.25491363068546
0.670771728410671	2.25897795190031
0.67117171155224	2.26310386688034
0.671571694693809	2.26729759935893
0.671971677835377	2.27156868671858
0.672371660976946	2.27592917782544
0.672771644118515	2.28039260648951
0.673171627260084	2.28497282563744
0.673571610401652	2.28968321308864
0.673971593543221	2.29453631138217
0.67437157668479	2.29954380249796
0.674771559826358	2.30471649631647
0.675171542967927	2.31006435155091
0.675571526109496	2.31559610775968
0.675971509251064	2.32131871003301
0.676371492392633	2.32723671796857
0.676771475534202	2.33335195766434
0.67717145867577	2.33966354713511
0.677571441817339	2.34616837184436
0.677971424958908	2.35286172213808
0.678371408100476	2.35973779239021
0.678771391242045	2.36678979805235
0.679171374383614	2.37400967896568
0.679571357525182	2.381387475989
0.679971340666751	2.38891082141211
0.68037132380832	2.39656450161349
0.680771306949888	2.40433061412259
0.681171290091457	2.41218936180154
0.681571273233026	2.42012002988582
0.681971256374594	2.42810179040443
0.682371239516163	2.43611439570794
0.682771222657732	2.44413860907866
0.6831712057993	2.45215624362619
0.683571188940869	2.46015012597172
0.683971172082438	2.46810399371242
0.684371155224006	2.47600227616135
0.684771138365575	2.48382988967218
0.685171121507144	2.49157216346828
0.685571104648713	2.49921485577619
0.685971087790281	2.50674427328908
0.68637107093185	2.51414746336041
0.686771054073418	2.52141215290169
0.687171037214987	2.52852636510627
0.687571020356556	2.5354779997015
0.687971003498125	2.54225424092303
0.688370986639693	2.54884082696671
0.688770969781262	2.55522133625542
0.68917095292283	2.56137662601157
0.689570936064399	2.56728439744772
0.689970919205968	2.57291906612524
0.690370902347537	2.57825195571399
0.690770885489105	2.58325192706066
0.691170868630674	2.58788657893073
0.691570851772243	2.59212386059855
0.691970834913811	2.59593369816141
0.69237081805538	2.59928947829824
0.692770801196949	2.60216930006106
0.693170784338517	2.60455657390454
0.693570767480086	2.60643990980147
0.693970750621655	2.60781261892104
0.694370733763223	2.60867199226483
0.694770716904792	2.60901841450326
0.695170700046361	2.60885447606064
0.695570683187929	2.60818421346292
0.695970666329498	2.60701233793732
0.696370649471067	2.60534366833266
0.696770632612635	2.60318295210592
0.697170615754204	2.6005349399659
0.697570598895773	2.59740463907137
0.697970582037341	2.59379772900934
0.69837056517891	2.58972090831737
0.698770548320479	2.58518174394631
0.699170531462048	2.58018830369951
0.699570514603616	2.57474871776096
0.699970497745185	2.5688708394632
0.700370480886753	2.56256232815571
0.700770464028322	2.55583108454162
0.701170447169891	2.5486858075315
0.70157043031146	2.5411364627045
0.701970413453028	2.53319474750129
0.702370396594597	2.5248741877191
0.702770379736166	2.51618978905912
0.703170362877734	2.50715747666823
0.703570346019303	2.49779348073808
0.703970329160872	2.48811391766749
0.70437031230244	2.47813462264184
0.704770295444009	2.46787110242298
0.705170278585578	2.45733864397562
0.705570261727146	2.44655246485969
0.705970244868715	2.43552761260438
0.706370228010284	2.42427846600625
0.706770211151852	2.41281824552952
0.707170194293421	2.40115856379851
0.70757017743499	2.38930919919269
0.707970160576558	2.3772781838134
0.708370143718127	2.36507232316978
0.708770126859696	2.35269797399966
0.709170110001264	2.34016192670262
0.709570093142833	2.32747200024081
0.709970076284402	2.31463710011636
0.71037005942597	2.30166693145925
0.710770042567539	2.28857168952877
0.711170025709108	2.2753619781193
0.711570008850676	2.26204921710228
0.711969991992245	2.24864637917664
0.712369975133814	2.23516889632988
0.712769958275382	2.22163537754463
0.713169941416951	2.2080677894242
0.71356992455852	2.19449095714673
0.713969907700089	2.18093156849731
0.714369890841657	2.16741693861676
0.714769873983226	2.15397396415728
0.715169857124795	2.14062849825834
0.715569840266363	2.12740515548208
0.715969823407932	2.11432741385859
0.716369806549501	2.10141795486043
0.716769789691069	2.08869898793731
0.717169772832638	2.07619240342078
0.717569755974207	2.06391976941101
0.717969739115775	2.05190230858599
0.718369722257344	2.04016078087749
0.718769705398913	2.02871522044697
0.719169688540481	2.0175844335626
0.71956967168205	2.00678536259641
0.719969654823619	1.99633265665205
0.720369637965187	1.98623821231052
0.720769621106756	1.9765107298558
0.721169604248325	1.96715549037934
0.721569587389893	1.95817439902276
0.721969570531462	1.94956609433873
0.722369553673031	1.94132632602019
0.722769536814599	1.93344856909458
0.723169519956168	1.92592475635567
0.723569503097737	1.91874609377801
0.723969486239305	1.91190388377508
0.724369469380874	1.90539005774532
0.724769452522443	1.89919747790254
0.725169435664011	1.89331994642036
0.72556941880558	1.88775185868604
0.725969401947149	1.88248751117615
0.726369385088718	1.87752052257293
0.726769368230286	1.87284340340177
0.727169351371855	1.86844751446663
0.727569334513424	1.86432353045539
0.727969317654992	1.86046204643504
0.728369300796561	1.85685416672391
0.72876928393813	1.85349205058077
0.729169267079698	1.85036909635672
0.729569250221267	1.84747974048269
0.729969233362836	1.84481909996614
0.730369216504404	1.84238242833626
0.730769199645973	1.8401644346984
0.731169182787542	1.83815916721118
0.73156916592911	1.83636038960441
0.731969149070679	1.83476199249907
0.732369132212248	1.83335832021888
0.732769115353816	1.83214466192661
0.733169098495385	1.83111731106161
0.733569081636954	1.83027335125846
0.733969064778522	1.829610636857
0.734369047920091	1.82912785167172
0.73476903106166	1.82882449469814
0.735169014203228	1.8287011297302
0.735568997344797	1.82875936311649
0.735968980486366	1.8290012383545
0.736368963627934	1.82942834045625
0.736768946769503	1.83004077182012
0.737168929911072	1.8308360095237
0.73756891305264	1.83180832837078
0.737968896194209	1.8329493739099
0.738368879335778	1.83424972655938
0.738768862477347	1.8357010699618
0.739168845618915	1.8372981919925
0.739568828760484	1.83904006774697
0.739968811902053	1.84093006958224
0.740368795043621	1.84297530494811
0.74076877818519	1.84518495334358
0.741168761326759	1.84756828894629
0.741568744468327	1.85013296713051
0.741968727609896	1.85288376713799
0.742368710751465	1.85582198351653
0.742768693893033	1.85894564354869
0.743168677034602	1.86225025568822
0.743568660176171	1.86573008494997
0.743968643317739	1.86937976620852
0.744368626459308	1.873195692178
0.744768609600877	1.87717682910624
0.745168592742445	1.88132517510353
0.745568575884014	1.8856456289549
0.745968559025583	1.89014497765824
0.746368542167151	1.89483040540353
0.74676852530872	1.89970806819301
0.747168508450289	1.90478179843468
0.747568491591857	1.91005213051887
0.747968474733426	1.91551583642921
0.748368457874995	1.92116614986498
0.748768441016563	1.92699342099332
0.749168424158132	1.93298621469978
0.749568407299701	1.93913250336623
0.74996839044127	1.94542049671826
0.750368373582838	1.95183888608192
0.750768356724407	1.958376809928
0.751168339865976	1.96502341492707
0.751568323007544	1.97176727125468
0.751968306149113	1.97859623582141
0.752368289290682	1.98549779792686
0.75276827243225	1.99245946710252
0.753168255573819	1.99946923292832
0.753568238715388	2.00651593979871
0.753968221856956	2.01358930972496
0.754368204998525	2.02067949795976
0.754768188140094	2.02777652936034
0.755168171281662	2.03486962683531
0.755568154423231	2.04194662869666
0.7559681375648	2.04899389111283
0.756368120706368	2.05599678475425
0.756768103847937	2.06294043760951
0.757168086989506	2.06981062861779
0.757568070131074	2.07659465793093
0.757968053272643	2.08328171199628
0.758368036414212	2.08986252988355
0.75876801955578	2.09632866845239
0.759168002697349	2.10267150585499
0.759567985838918	2.10888125173168
0.759967968980486	2.11494648432317
0.760367952122055	2.12085430851587
0.760767935263624	2.12659081502758
0.761167918405192	2.13214167000416
0.761567901546761	2.13749270705948
0.76196788468833	2.14263026881981
0.762367867829898	2.14754150681734
0.762767850971467	2.15221470721506
0.763167834113036	2.15663972425156
0.763567817254605	2.16080848623452
0.763967800396173	2.16471549942567
0.764367783537742	2.16835809263983
0.764767766679311	2.17173636531487
0.765167749820879	2.17485286245583
0.765567732962448	2.17771211027666
0.765967716104017	2.18032012682006
0.766367699245585	2.18268407278725
0.766767682387154	2.18481200001325
0.767167665528723	2.18671259666848
0.767567648670291	2.18839492648394
0.76796763181186	2.18986815250854
0.768367614953429	2.19114127810554
0.768767598094997	2.19222300977141
0.769167581236566	2.19312194608114
0.769567564378135	2.19384696494651
0.769967547519703	2.19440764141731
0.770367530661272	2.19481463895512
0.770767513802841	2.19507996617837
0.771167496944409	2.19521696713951
0.771567480085978	2.19524023213516
0.771967463227547	2.19516547491789
0.772367446369115	2.19500937390632
0.772767429510684	2.19478957756379
0.773167412652253	2.19452473401569
0.773567395793821	2.19423427323892
0.77396737893539	2.19393798405504
0.774367362076959	2.19365530969169
0.774767345218527	2.19340427731143
0.775167328360096	2.19320060876859
0.775567311501665	2.19305705050994
0.775967294643233	2.19298284438995
0.776367277784802	2.19298361029695
0.776767260926371	2.19306177825738
0.77716724406794	2.19321697717099
0.777567227209508	2.19344643457238
0.777967210351077	2.19374570133418
0.778367193492645	2.19410930703523
0.778767176634214	2.19453105414691
0.779167159775783	2.19500426173804
0.779567142917352	2.19552185812873
0.77996712605892	2.19607614894872
0.780367109200489	2.19665858873596
0.780767092342058	2.19725972365954
0.781167075483626	2.1978692847374
0.781567058625195	2.19847663393373
0.781967041766764	2.19907166358031
0.782367024908332	2.19964587450822
0.782767008049901	2.20019348726401
0.78316699119147	2.20071219939622
0.783566974333038	2.20120339949214
0.783966957474607	2.2016716713869
0.784366940616176	2.20212373473547
0.784766923757744	2.20256701084906
0.785166906899313	2.20300836520752
0.785566890040882	2.20345310140196
0.78596687318245	2.20390446717803
0.786366856324019	2.20436378133748
0.786766839465588	2.20483094761381
0.787166822607156	2.20530462040881
0.787566805748725	2.20578227691847
0.787966788890294	2.20626014587481
0.788366772031862	2.20673272917584
0.788766755173431	2.20719220106519
0.789166738315	2.20762836247175
0.789566721456568	2.20802880889121
0.789966704598137	2.20837931626782
0.790366687739706	2.20866455349762
0.790766670881275	2.208869030682
0.791166654022843	2.20897791592525
0.791566637164412	2.2089780314419
0.791966620305981	2.20885861988977
0.792366603447549	2.20861173426918
0.792766586589118	2.20823248559567
0.793166569730687	2.20771897960314
0.793566552872255	2.20707165458333
0.793966536013824	2.20629232100133
0.794366519155393	2.20538320203136
0.794766502296961	2.20434599721278
0.79516648543853	2.20318125576201
0.795566468580099	2.20188832242582
0.795966451721667	2.20046567274867
0.796366434863236	2.19891168489198
0.796766418004805	2.19722558900062
0.797166401146373	2.1954082330763
0.797566384287942	2.19346275158211
0.797966367429511	2.19139505142906
0.798366350571079	2.18921375076528
0.798766333712648	2.1869297133912
0.799166316854217	2.18455576730444
0.799566299995785	2.18210643780303
0.799966283137354	2.17959749420347
0.800366266278923	2.17704573466988
0.800766249420491	2.17446896079763
0.80116623256206	2.17188575009447
0.801566215703629	2.16931510433279
0.801966198845197	2.1667761076733
0.802366181986766	2.16428745992398
0.802766165128335	2.16186717752311
0.803166148269904	2.15953274965785
0.803566131411472	2.15730129632531
0.803966114553041	2.15518971089724
0.80436609769461	2.15321493499862
0.804766080836178	2.15139410209728
0.805166063977747	2.1497442321334
0.805566047119316	2.14828174572453
0.805966030260884	2.14702193419063
0.806366013402453	2.14597841956543
0.806765996544022	2.14516283072259
0.80716597968559	2.14458481453659
0.807565962827159	2.14425215386926
0.807965945968728	2.14417105391666
0.808365929110296	2.14434630082006
0.808765912251865	2.14478121932124
0.809165895393434	2.14547714131257
0.809565878535002	2.14643255252955
0.809965861676571	2.14764218439064
0.81036584481814	2.1490965155075
0.810765827959708	2.15078181068535
0.811165811101277	2.15268086886116
0.811565794242846	2.15477435615305
0.811965777384414	2.15704249444263
0.812365760525983	2.15946662708554
0.812765743667552	2.16203027170502
0.81316572680912	2.16471934139529
0.813565709950689	2.16752172808398
0.813965693092258	2.17042656225136
0.814365676233826	2.17342339046605
0.814765659375395	2.17650140982925
0.815165642516964	2.17964915538086
0.815565625658533	2.18285448819772
0.815965608800101	2.18610482412772
0.81636559194167	2.18938724968371
0.816765575083239	2.19268841685807
0.817165558224807	2.19599405966934
0.817565541366376	2.19928834831959
0.817965524507945	2.20255323286245
0.818365507649513	2.2057682083457
0.818765490791082	2.20891065922357
0.819165473932651	2.21195670834091
0.819565457074219	2.21488242745155
0.819965440215788	2.21766514370099
0.820365423357357	2.22028424533137
0.820765406498925	2.22272147836245
0.821165389640494	2.2249607858872
0.821565372782063	2.22698790229712
0.821965355923631	2.22878968584459
0.8223653390652	2.23035368221317
0.822765322206769	2.23166801192916
0.823165305348337	2.23272156289669
0.823565288489906	2.23350419820489
0.823965271631475	2.23400704112089
0.824365254773043	2.23422274448068
0.824765237914612	2.23414555623835
0.825165221056181	2.23377117583321
0.825565204197749	2.23309637318072
0.825965187339318	2.23211807055286
0.826365170480887	2.23083239875975
0.826765153622456	2.22923418625485
0.827165136764024	2.22731675808386
0.827565119905593	2.2250720845676
0.827965103047162	2.22249170656353
0.82836508618873	2.21956790960001
0.828765069330299	2.21629469871768
0.829165052471868	2.21266882743451
0.829565035613436	2.2086908226634
0.829965018755005	2.20436562976029
0.830365001896574	2.19970316807702
0.830764985038142	2.19471852375526
0.831164968179711	2.18943153920091
0.83156495132128	2.18386611253152
0.831964934462848	2.1780492171614
0.832364917604417	2.17200946284556
0.832764900745986	2.16577548586661
0.833164883887554	2.15937462579422
0.833564867029123	2.15283202840231
0.833964850170692	2.1461701510615
0.83436483331226	2.13940848659145
0.834764816453829	2.13256339059281
0.835164799595398	2.12564838114667
0.835564782736966	2.1186746486052
0.835964765878535	2.11165155890264
0.836364749020104	2.10458719611874
0.836764732161672	2.09748880723102
0.837164715303241	2.09036280055163
0.83756469844481	2.08321448146601
0.837964681586378	2.07604768496199
0.838364664727947	2.06886438628623
0.838764647869516	2.06166483794213
0.839164631011085	2.0544485081492
0.839564614152653	2.04721534849892
0.839964597294222	2.03996734511408
0.84036458043579	2.03271039490112
0.840764563577359	2.02545592955092
0.841164546718928	2.0182213867494
0.841564529860497	2.0110297395774
0.841964513002065	2.00390834531939
0.842364496143634	1.99688692390959
0.842764479285203	1.98999493224405
0.843164462426771	1.98325914228006
0.84356444556834	1.97670177185552
0.843964428709909	1.97033935632997
0.844364411851477	1.96418255103811
0.844764394993046	1.95823669726622
0.845164378134615	1.95250273745648
0.845564361276183	1.94697824272515
0.845964344417752	1.94165832019851
0.846364327559321	1.93653608188832
0.846764310700889	1.93160291250844
0.847164293842458	1.926848869901
0.847564276984027	1.9222631417913
0.847964260125595	1.91783450710421
0.848364243267164	1.91355197315464
0.848764226408733	1.9094052909914
0.849164209550301	1.90538530544114
0.84956419269187	1.90148408278119
0.849964175833439	1.89769473421228
0.850364158975007	1.89401125485141
0.850764142116576	1.89042869318731
0.851164125258145	1.88694351898383
0.851564108399713	1.88355426497696
0.851964091541282	1.88026244694234
0.852364074682851	1.87707343474133
0.852764057824419	1.87399683519003
0.853164040965988	1.87104643739632
0.853564024107557	1.86823953758996
0.853964007249125	1.86559567309567
0.854363990390694	1.86313517461777
0.854763973532263	1.86087784178029
0.855163956673831	1.85884161865486
0.8555639398154	1.85704161518017
0.855963922956969	1.85548962513183
0.856363906098538	1.85419392933574
0.856763889240106	1.85315939727333
0.857163872381675	1.85238804072775
0.857563855523244	1.8518797925434
0.857963838664812	1.8516334489488
0.858363821806381	1.85164773070451
0.85876380494795	1.8519223155481
0.859163788089518	1.85245842204907
0.859563771231087	1.85325908813334
0.859963754372656	1.85432908101553
0.860363737514224	1.85567431865896
0.860763720655793	1.85730109076653
0.861163703797362	1.85921556879398
0.86156368693893	1.8614235565557
0.861963670080499	1.86393042536412
0.862363653222068	1.86674128265511
0.862763636363636	1.86986129864852
0.863163619505205	1.87329607832553
0.863563602646774	1.87705183353742
0.863963585788342	1.88113529762757
0.864363568929911	1.88555341757361
0.86476355207148	1.8903126869884
0.865163535213048	1.89541817558631
0.865563518354617	1.9008726220875
0.865963501496186	1.90667583207619
0.866363484637754	1.91282444270909
0.866763467779323	1.91931240291119
0.867163450920892	1.92613197034989
0.867563434062461	1.93327481098154
0.867963417204029	1.94073312557401
0.868363400345598	1.94850049564984
0.868763383487167	1.95657189734066
0.869163366628735	1.96494314688646
0.869563349770304	1.97361028695281
0.869963332911873	1.98256883357355
0.870363316053441	1.99181330309244
0.87076329919501	2.00133748546877
0.871163282336579	2.01113482412143
0.871563265478147	2.02119864288826
0.871963248619716	2.03152219583767
0.872363231761285	2.04209822367015
0.872763214902853	2.05291802108817
0.873163198044422	2.06397069126829
0.873563181185991	2.0752426505759
0.873963164327559	2.08671725651271
0.874363147469128	2.09837497789725
0.874763130610697	2.11019404521049
0.875163113752265	2.12215107432015
0.875563096893834	2.13422148310144
0.875963080035403	2.14637987786431
0.876363063176971	2.15860035321199
0.87676304631854	2.17085637598353
0.877163029460109	2.18312061119409
0.877563012601677	2.19536503240209
0.877962995743246	2.20756125849338
0.878362978884815	2.21968080984593
0.878762962026383	2.23169552773103
0.879162945167952	2.24357801496946
0.879562928309521	2.25530191482572
0.87996291145109	2.26684228216384
0.880362894592658	2.27817623136127
0.880762877734227	2.28928339212904
0.881162860875796	2.3001465443043
0.881562844017364	2.31075238333603
0.881962827158933	2.3210918959141
0.882362810300502	2.33115984449022
0.88276279344207	2.34095395931248
0.883162776583639	2.35047359924738
0.883562759725208	2.35971799084847
0.883962742866776	2.36868471428482
0.884362726008345	2.3773689495705
0.884762709149914	2.38576315222885
0.885162692291482	2.39385723395067
0.885562675433051	2.40163913931201
0.88596265857462	2.40909552210979
0.886362641716188	2.41621230022744
0.886762624857757	2.42297553816147
0.887162607999326	2.42937244356769
0.887562591140894	2.43539248416265
0.887962574282463	2.44102861695286
0.888362557424032	2.44627816002673
0.8887625405656	2.45114284350822
0.889162523707169	2.45562833264621
0.889562506848738	2.4597433249928
0.889962489990306	2.46349817317436
0.890362473131875	2.46690351776921
0.890762456273444	2.46996925011969
0.891162439415012	2.4727038137433
0.891562422556581	2.47511384026742
0.89196240569815	2.47720410379808
0.892362388839719	2.47897762230401
0.892762371981287	2.48043608495636
0.893162355122856	2.48158059184713
0.893562338264425	2.48241238059437
0.893962321405993	2.48293339396965
0.894362304547562	2.48314681722304
0.894762287689131	2.4830573442161
0.895162270830699	2.48267099665527
0.895562253972268	2.48199470035997
0.895962237113837	2.48103589331784
0.896362220255405	2.47980227701414
0.896762203396974	2.4783018260903
0.897162186538543	2.47654297718706
0.897562169680111	2.47453481030886
0.89796215282168	2.47228725174739
0.898362135963249	2.4698113975806
0.898762119104817	2.46711973881082
0.899162102246386	2.46422602881144
0.899562085387955	2.46114508398245
0.899962068529523	2.45789262298991
0.900362051671092	2.45448518768183
0.900762034812661	2.45094007632749
0.901162017954229	2.44727536543751
0.901562001095798	2.44297422000591
0.901961984237367	2.4391002502533
0.902361967378935	2.43567771578684
0.902761950520504	2.4327006658326
0.903161933662073	2.43014119960869
0.903561916803642	2.42795744458727
0.90396189994521	2.42610016543951
0.904361883086779	2.42451768247483
0.904761866228348	2.42315922663856
0.905161849369916	2.42197702243865
0.905561832511485	2.4209274315049
0.905961815653054	2.41997144459077
0.906361798794622	2.41907474851283
0.906761781936191	2.41820752030595
0.90716176507776	2.41734406495941
0.907561748219328	2.41646237499286
0.907961731360897	2.41554365960246
0.908361714502466	2.41457188594113
0.908761697644034	2.41353337066573
0.909161680785603	2.41241643018511
0.909561663927172	2.41121109199758
0.90996164706874	2.40990886590954
0.910361630210309	2.40850256641497
0.910761613351878	2.40698617156606
0.911161596493446	2.40535470349719
0.911561579635015	2.40360412489838
0.911961562776584	2.40173124214055
0.912361545918152	2.39973360565275
0.912761529059721	2.39760940735033
0.91316151220129	2.39535738196398
0.913561495342858	2.39297671829589
0.913961478484427	2.39046697968666
0.914361461625996	2.38782804518428
0.914761444767564	2.38506006576445
0.915161427909133	2.38216343097687
0.915561411050702	2.37913873882577
0.91596139419227	2.37598676543826
0.916361377333839	2.37270842741155
0.916761360475408	2.36930474512944
0.917161343616976	2.36577681960069
0.917561326758545	2.36212582104991
0.917961309900114	2.35835298966372
0.918361293041682	2.35445965331486
0.918761276183251	2.35044724618988
0.91916125932482	2.34631731668793
0.919561242466389	2.34207151698094
0.919961225607957	2.3377115744335
0.920361208749526	2.33323925004575
0.920761191891095	2.32865629526651
0.921161175032663	2.3239644140722
0.921561158174232	2.31916523469815
0.921961141315801	2.31426029641433
0.922361124457369	2.30925104789209
0.922761107598938	2.30413885303716
0.923161090740507	2.2989249981261
0.923561073882075	2.2936107028667
0.923961057023644	2.28819713474865
0.924361040165213	2.28268541781466
0.924761023306781	2.27707663599001
0.92516100644835	2.27137183621076
0.925560989589919	2.26557203170999
0.925960972731487	2.25967820284347
0.926360955873056	2.25369129956585
0.926760939014625	2.24761224519921
0.927160922156193	2.24144194065037
0.927560905297762	2.23518127220577
0.927960888439331	2.2288311224902
0.928360871580899	2.22239237705248
0.928760854722468	2.21586593073176
0.929160837864037	2.20925269072551
0.929560821005605	2.20255357249109
0.929960804147174	2.19576948788153
0.930360787288743	2.1889013306137
0.930760770430311	2.18194995698678
0.93116075357188	2.17491616812056
0.931560736713449	2.1678006982293
0.931960719855017	2.16060421027244
0.932360702996586	2.153327298317
0.932760686138155	2.14597049709593
0.933160669279724	2.13853429301732
0.933560652421292	2.13101913228981
0.933960635562861	2.12342542252914
0.93436061870443	2.11575352994427
0.934760601845998	2.10800377431044
0.935160584987567	2.10017642649963
0.935560568129136	2.09227170900194
0.935960551270704	2.08428979869675
0.936360534412273	2.07623083195683
0.936760517553842	2.0680949110676
0.93716050069541	2.05988210945868
0.937560483836979	2.05159247229296
0.937960466978548	2.04322601517384
0.938360450120116	2.03478272146773
0.938760433261685	2.02626253767068
0.939160416403254	2.01766536484913
0.939560399544822	2.0089910486338
0.939960382686391	2.00023936898466
0.94036036582796	1.99141003131503
0.940760348969528	1.98250265996117
0.941160332111097	1.97351679624029
0.941560315252666	1.96445189874766
0.941960298394234	1.95530734552223
0.942360281535803	1.94608243542577
0.942760264677372	1.93677638631039
0.94316024781894	1.92738832715691
0.943560230960509	1.91791729189213
0.943960214102078	1.90836222038034
0.944360197243647	1.89872196818034
0.944760180385215	1.88899532757493
0.945160163526784	1.87918105877486
0.945560146668353	1.86927792361647
0.945960129809921	1.85928471378774
0.94636011295149	1.84920027644561
0.946760096093059	1.83902352829135
0.947160079234627	1.8287534583708
0.947560062376196	1.81838912641951
0.947960045517765	1.80792966461491
0.948360028659333	1.79737427555214
0.948760011800902	1.78672223307884
