0	0.285512521813671
0.000399983175604627	0.290673373242762
0.000799966351209253	0.295759060962366
0.00119994952681388	0.300769784697452
0.00159993270241851	0.305705756394998
0.00199991587802313	0.31056718984004
0.00239989905362776	0.315354293539452
0.00279988222923239	0.320067266568991
0.00319986540483701	0.324706297259597
0.00359984858044164	0.329271564048169
0.00399983175604627	0.333763237546497
0.00439981493165089	0.338181484878813
0.00479979810725552	0.342526477411699
0.00519978128286015	0.346798396886511
0.00559976445846477	0.350997438851086
0.0059997476340694	0.355123813715841
0.00639973080967403	0.359177745280654
0.00679971398527865	0.363159466257231
0.00719969716088328	0.367069214510787
0.00759968033648791	0.370907231058499
0.00799966351209253	0.374673761727836
0.00839964668769716	0.378369061908448
0.00879962986330179	0.381993403109115
0.00919961303890642	0.385547077129567
0.00959959621451104	0.389030395591008
0.00999957939011567	0.392443683652802
0.0103995625657203	0.395787270067323
0.0107995457413249	0.399061475266256
0.0111995289169295	0.402266602106404
0.0115995120925342	0.405402930651081
0.0119994952681388	0.408470718094303
0.0123994784437434	0.411470202800377
0.0127994616193481	0.414401612220498
0.0131994447949527	0.417265171042739
0.0135994279705573	0.420061107611188
0.0139994111461619	0.422789658286668
0.0143993943217666	0.425451069539236
0.0147993774973712	0.428045597142991
0.0151993606729758	0.430573504992879
0.0155993438485804	0.433035063635852
0.0159993270241851	0.435430549121438
0.0163993101997897	0.43776024376781
0.0167992933753943	0.44002443691684
0.017199276550999	0.44222342357813
0.0175992597266036	0.4443575017725
0.0179992429022082	0.446426969134945
0.0183992260778128	0.448432115757045
0.0187992092534175	0.450373213697285
0.0191991924290221	0.452250506323037
0.0195991756046267	0.454064198502327
0.0199991587802313	0.455814447308037
0.020399141955836	0.45750135656706
0.0207991251314406	0.459124975853234
0.0211991083070452	0.460685302999364
0.0215990914826498	0.462182290046664
0.0219990746582545	0.463615853413319
0.0223990578338591	0.464985885128822
0.0227990410094637	0.466292262972515
0.0231990241850684	0.467534859591977
0.023599007360673	0.468713549857121
0.0239989905362776	0.469828213683776
0.0243989737118822	0.47087873668677
0.0247989568874869	0.471865010477602
0.0251989400630915	0.47278693165698
0.0255989232386961	0.473644400951776
0.0259989064143007	0.474437324072472
0.0263988895899054	0.475165613801067
0.02679887276551	0.475829191638244
0.0271988559411146	0.476427989310822
0.0275988391167192	0.476961950329705
0.0279988222923239	0.477431031597354
0.0283988054679285	0.477835205297609
0.0287987886435331	0.478174461757191
0.0291987718191378	0.478448811952096
0.0295987549947424	0.478658287434681
0.029998738170347	0.478802937479502
0.0303987213459516	0.478882823911317
0.0307987045215563	0.47889801447182
0.0311986876971609	0.478848575969202
0.0315986708727655	0.478734566016971
0.0319986540483701	0.478556023650407
0.0323986372239748	0.478312959405433
0.0327986203995794	0.478005346830614
0.033198603575184	0.477633115494663
0.0335985867507886	0.477196149971469
0.0339985699263933	0.47669429507826
0.0343985531019979	0.476127364707041
0.0347985362776025	0.475495150997875
0.0351985194532071	0.474797432641911
0.0355985026288118	0.474033976291437
0.0359984858044164	0.473204530280397
0.036398468980021	0.472308808255116
0.0367984521556257	0.471346466181395
0.0371984353312303	0.470317075602304
0.0375984185068349	0.469220100342316
0.0379984016824395	0.468054870606081
0.0383983848580442	0.466820555020818
0.0387983680336488	0.4655161348636
0.0391983512092534	0.464140382541539
0.039598334384858	0.462691844995874
0.0399983175604627	0.461168841109796
0.0403983007360673	0.459569476776467
0.0407982839116719	0.457891678877767
0.0411982670872766	0.456133249584549
0.0415982502628812	0.454291943571547
0.0419982334384858	0.452365568376827
0.0423982166140904	0.450352107905158
0.0427981997896951	0.44824987505914
0.0431981829652997	0.446057699136101
0.0435981661409043	0.443775160265057
0.0439981493165089	0.441402886000494
0.0443981324921136	0.438942926409768
0.0447981156677182	0.43639920219832
0.0451980988433228	0.433777991589483
0.0455980820189274	0.431088375095193
0.0459980651945321	0.42834248248736
0.0463980483701367	0.425555260961986
0.0467980315457413	0.42274335762591
0.047198014721346	0.419922558573201
0.0475979978969506	0.416906149160967
0.0479979810725552	0.413840404608637
0.0483979642481598	0.410730427214288
0.0487979474237645	0.407582383745938
0.0491979305993691	0.404403186408164
0.0495979137749737	0.401200183886669
0.0499978969505783	0.397980853606632
0.050397880126183	0.394752491480041
0.0507978633017876	0.391521852575751
0.0511978464773922	0.388294902397506
0.0515978296529968	0.385076767984809
0.0519978128286015	0.381871859584517
0.0523977960042061	0.378684116748731
0.0527977791798107	0.375517346373445
0.0531977623554154	0.372375400446587
0.05359774553102	0.369262086206032
0.0539977287066246	0.366180842662787
0.0543977118822292	0.363134312168892
0.0547976950578339	0.360123973655435
0.0551976782334385	0.357150050415735
0.0555976614090431	0.354211839034228
0.0559976445846477	0.351308388855158
0.0563976277602524	0.348439301050744
0.056797610935857	0.345605456806914
0.0571975941114616	0.34280948387231
0.0575975772870662	0.340055811266868
0.0579975604626709	0.337350280666143
0.0583975436382755	0.334699422431463
0.0587975268138801	0.332109630097095
0.0591975099894848	0.329586295382805
0.0595974931650894	0.327133109505203
0.059997476340694	0.324751762653141
0.0603974595162986	0.322442070811356
0.0607974426919033	0.320202362535705
0.0611974258675079	0.318029931378822
0.0615974090431125	0.315921480095341
0.0619973922187171	0.313873402714009
0.0623973753943218	0.311881937227695
0.0627973585699264	0.309943345536487
0.063197341745531	0.308054225327715
0.0635973249211357	0.306212030227126
0.0639973080967403	0.304415932570594
0.0643972912723449	0.302667765977486
0.0647972744479495	0.300972736428871
0.0651972576235542	0.299339781528561
0.0655972407991588	0.297781549920345
0.0659972239747634	0.296313783315811
0.066397207150368	0.294954259114841
0.0667971903259727	0.29372156823768
0.0671971735015773	0.29263400310269
0.0675971566771819	0.291708526506555
0.0679971398527865	0.290960043747506
0.0683971230283912	0.290401012229163
0.0687971062039958	0.290041351883799
0.0691970893796004	0.289888641907028
0.069597072555205	0.28994850697719
0.0699970557308097	0.290224993930552
0.0703970389064143	0.290720866201526
0.0707970220820189	0.291437800328276
0.0711970052576236	0.292376451313955
0.0715969884332282	0.293536388477056
0.0719969716088328	0.294916044343437
0.0723969547844374	0.296512738530089
0.0727969379600421	0.298322671780781
0.0731969211356467	0.300340930358347
0.0735969043112513	0.302561523542449
0.0739968874868559	0.304977411342447
0.0743968706624606	0.30758046967153
0.0747968538380652	0.310361416294738
0.0751968370136698	0.313309745252482
0.0755968201892745	0.31641375559944
0.0759968033648791	0.319660736415305
0.0763967865404837	0.323037262642292
0.0767967697160883	0.326529572965957
0.077196752891693	0.330123924659392
0.0775967360672976	0.333806829358301
0.0779967192429022	0.337565065973059
0.0783967024185068	0.341385599990927
0.0787966855941115	0.345255487277793
0.0791966687697161	0.349161672244754
0.0795966519453207	0.353090772139001
0.0799966351209253	0.357029002142995
0.08039661829653	0.360962257271423
0.0807966014721346	0.364876278823962
0.0811965846477392	0.368756926476148
0.0815965678233438	0.372590519912476
0.0819965509989485	0.376364186606227
0.0823965341745531	0.380066230871062
0.0827965173501577	0.383686460025426
0.0831965005257624	0.387216401196652
0.083596483701367	0.390649503124138
0.0839964668769716	0.393981288292869
0.0843964500525762	0.397209363965723
0.0847964332281809	0.400333327375929
0.0851964164037855	0.403354694522325
0.0855963995793901	0.406276643377868
0.0859963827549947	0.409103481221257
0.0863963659305994	0.411839987130242
0.086796349106204	0.414490722845585
0.0871963322818086	0.417059368396836
0.0875963154574133	0.419548252244788
0.0879962986330179	0.421958176241342
0.0883962818086225	0.424288482696925
0.0887962649842271	0.426537442388228
0.0891962481598318	0.428702938761501
0.0895962313354364	0.430783151674983
0.089996214511041	0.432777064111051
0.0903961976866456	0.434684761347505
0.0907961808622503	0.436507401356889
0.0911961640378549	0.43824682637293
0.0915961472134595	0.439905063328837
0.0919961303890642	0.441483952170779
0.0923961135646688	0.442984920088055
0.0927960967402734	0.444408949807408
0.093196079915878	0.445756840119097
0.0935960630914826	0.447029600694985
0.0939960462670873	0.448228703567187
0.0943960294426919	0.449356157984817
0.0947960126182965	0.450414499603144
0.0951959957939012	0.451406661523211
0.0955959789695058	0.452335800827476
0.0959959621451104	0.453205265941735
0.096395945320715	0.454018653533106
0.0967959284963197	0.454779897678931
0.0971959116719243	0.455493290134173
0.0975958948475289	0.456163392934581
0.0979958780231335	0.456794759116218
0.0983958611987382	0.457391582406611
0.0987958443743428	0.457957364749612
0.0991958275499474	0.458494696217398
0.0995958107255521	0.45900518124989
0.0999957939011567	0.459489577488698
0.100395777076761	0.459948111800825
0.100795760252366	0.460380870940994
0.101195743427971	0.460788122592091
0.101595726603575	0.461170556132842
0.10199570977918	0.461529474449489
0.102395692954784	0.46186691616347
0.102795676130389	0.462185646727924
0.103195659305994	0.462489061502521
0.103595642481598	0.46278096101724
0.103995625657203	0.463065228362461
0.104395608832808	0.463345493619458
0.104795592008412	0.463624842167495
0.105195575184017	0.463905586492123
0.105595558359621	0.46418918265796
0.105995541535226	0.464476271580579
0.106395524710831	0.464766707413901
0.106795507886435	0.465059499106023
0.10719549106204	0.465352712149533
0.107595474237645	0.465643402609394
0.107995457413249	0.465927598847747
0.108395440588854	0.46620036961419
0.108795423764458	0.466455989151167
0.109195406940063	0.466688186607728
0.109595390115668	0.466890404823655
0.109995373291272	0.467056000486686
0.110395356466877	0.467178413660891
0.110795339642482	0.467251326570626
0.111195322818086	0.467268911384952
0.111595305993691	0.467226350101546
0.111995289169295	0.46712013276355
0.1123952723449	0.466947975924749
0.112795255520505	0.466708512043448
0.113195238696109	0.466400828490072
0.113595221871714	0.466023710231126
0.113995205047319	0.465575208284113
0.114395188222923	0.465052689386599
0.114795171398528	0.464453182593395
0.115195154574132	0.463773850020008
0.115595137749737	0.46301257107696
0.115995120925342	0.46216809911312
0.116395104100946	0.461239875275342
0.116795087276551	0.460227748519591
0.117195070452156	0.459131755084963
0.11759505362776	0.457952012186137
0.117995036803365	0.456689143506539
0.11839501997897	0.455344994475874
0.118795003154574	0.453923341342158
0.119194986330179	0.452430318914872
0.119594969505783	0.450874505594351
0.119994952681388	0.449266669943595
0.120394935856993	0.447619345476884
0.120794919032597	0.445946311939846
0.121194902208202	0.444262142119951
0.121594885383807	0.442581750612062
0.121994868559411	0.440919981300333
0.122394851735016	0.439291116301017
0.12279483491062	0.43770838913134
0.123194818086225	0.436183532838929
0.12359480126183	0.434726461997925
0.123994784437434	0.433345155701517
0.124394767613039	0.432045869586318
0.124794750788644	0.430833519485416
0.125194733964248	0.429712156488505
0.125594717139853	0.428685406492538
0.125994700315457	0.427756829645603
0.126394683491062	0.426930073996061
0.126794666666667	0.426208813718679
0.127194649842271	0.42559653983559
0.127594633017876	0.425096331778554
0.127994616193481	0.424710605569199
0.128394599369085	0.424440968109887
0.12879458254469	0.42428825601871
0.129194565720294	0.424252665378071
0.129594548895899	0.4243339251866
0.129994532071504	0.424531427429789
0.130394515247108	0.424844159304691
0.130794498422713	0.42527039932811
0.131194481598318	0.425807331494181
0.131594464773922	0.426450706571817
0.131994447949527	0.427194722798013
0.132394431125131	0.428032267236836
0.132794414300736	0.428955499327173
0.133194397476341	0.429956587391444
0.133594380651945	0.431028410639484
0.13399436382755	0.432165043311006
0.134394347003155	0.433361916442954
0.134794330178759	0.434615749214285
0.135194313354364	0.435924303146918
0.135594296529968	0.437286036098531
0.135994279705573	0.438699800115367
0.136394262881178	0.440164715216309
0.136794246056782	0.441680103081111
0.137194229232387	0.443245468946843
0.137594212407992	0.444860597302404
0.137994195583596	0.446525562694216
0.138394178759201	0.448240503050852
0.138794161934805	0.450005183103938
0.13919414511041	0.451818426666934
0.139594128286015	0.453677411751849
0.139994111461619	0.455577022822556
0.140394094637224	0.457509520947963
0.140794077812829	0.459464527282114
0.141194060988433	0.461429351234538
0.141594044164038	0.46338967163616
0.141994027339642	0.465330232178203
0.142394010515247	0.467235391705993
0.142793993690852	0.469089626878747
0.143193976866456	0.470877926939567
0.143593960042061	0.472586038718924
0.143993943217666	0.474200844901474
0.14439392639327	0.475710780549034
0.144793909568875	0.477106040775949
0.145193892744479	0.478378616093919
0.145593875920084	0.479522158548904
0.145993859095689	0.480531646680066
0.146393842271293	0.481403006010786
0.146793825446898	0.482132899727969
0.147193808622503	0.482718618442307
0.147593791798107	0.483158044035212
0.147993774973712	0.483449784850575
0.148393758149317	0.483593276625972
0.148793741324921	0.483588730764066
0.149193724500526	0.483436970769399
0.14959370767613	0.483139237576635
0.149993690851735	0.482696901692256
0.15039367402734	0.482111243346848
0.150793657202944	0.481383443448966
0.151193640378549	0.480514815424118
0.151593623554154	0.479507126577748
0.151993606729758	0.478363071810109
0.152393589905363	0.477086885962689
0.152793573080967	0.475684979170128
0.153193556256572	0.474166361656031
0.153593539432177	0.472542831782246
0.153993522607781	0.470828841947851
0.154393505783386	0.469040999836798
0.154793488958991	0.467197387708342
0.155193472134595	0.46531705068279
0.1555934553102	0.463419579416629
0.155993438485804	0.461524797516397
0.156393421661409	0.459652459801162
0.156793404837014	0.457821887571245
0.157193388012618	0.456051360045304
0.157593371188223	0.454357466713133
0.157993354363828	0.452754546655444
0.158393337539432	0.451254341855816
0.158793320715037	0.449866000430989
0.159193303890641	0.448596573131908
0.159593287066246	0.447451773195665
0.159993270241851	0.44643668435723
0.160393253417455	0.445556225334423
0.16079323659306	0.44481529972993
0.161193219768665	0.444218470414731
0.161593202944269	0.443769377808156
0.161993186119874	0.443470147121314
0.162393169295478	0.443321043871051
0.162793152471083	0.443320315768442
0.163193135646688	0.44346428466075
0.163593118822292	0.443747587182327
0.163993101997897	0.444163436891865
0.164393085173502	0.444703913684713
0.164793068349106	0.445360218467894
0.165193051524711	0.446122803704263
0.165593034700315	0.446981508678113
0.16599301787592	0.447925797526116
0.166393001051525	0.448945031287422
0.166792984227129	0.45002869083739
0.167192967402734	0.451166601933147
0.167592950578339	0.452349105712707
0.167992933753943	0.453567125342267
0.168392916929548	0.454812133380342
0.168792900105152	0.456076140317955
0.169192883280757	0.457351724429219
0.169592866456362	0.458632076157736
0.169992849631966	0.459910909517457
0.170392832807571	0.461182250425717
0.170792815983176	0.46244008904795
0.17119279915878	0.463678043660846
0.171592782334385	0.464889101789629
0.171992765509989	0.466065558791898
0.172392748685594	0.467199179287725
0.172792731861199	0.46828163131238
0.173192715036803	0.469304970953883
0.173592698212408	0.470262099685192
0.173992681388013	0.471147092616923
0.174392664563617	0.471955306363634
0.174792647739222	0.472683253483746
0.175192630914827	0.473328441352997
0.175592614090431	0.473889272808342
0.175992597266036	0.474365083863365
0.17639258044164	0.4747561724017
0.176792563617245	0.4750637983451
0.17719254679285	0.475290064852739
0.177592529968454	0.475437678002278
0.177992513144059	0.475509480165924
0.178392496319664	0.475507905166897
0.178792479495268	0.47543453882819
0.179192462670873	0.475289946562643
0.179592445846477	0.475073692437059
0.179992429022082	0.47478464872832
0.180392412197687	0.474421512828758
0.180792395373291	0.473983403067683
0.181192378548896	0.473470310816551
0.181592361724501	0.472883341665554
0.181992344900105	0.472224685273764
0.18239232807571	0.4714973767588
0.182792311251314	0.470704887626287
0.183192294426919	0.469850668721603
0.183592277602524	0.468937709505682
0.183992260778128	0.467968380179948
0.184392243953733	0.466944642589145
0.184792227129338	0.465868470273645
0.185192210304942	0.464742237791571
0.185592193480547	0.463568979887859
0.185992176656151	0.462352352467356
0.186392159831756	0.461096249323697
0.186792143007361	0.459804206596026
0.187192126182965	0.458478890180015
0.18759210935857	0.457121780930308
0.187992092534175	0.455733187414018
0.188392075709779	0.454312675278779
0.188792058885384	0.452859758010687
0.189192042060988	0.451374466084896
0.189592025236593	0.449857764074687
0.189992008412198	0.448311745546606
0.190391991587802	0.446739566925727
0.190791974763407	0.445145184932194
0.191191957939012	0.443533175369856
0.191591941114616	0.44190858217608
0.191991924290221	0.440276907590814
0.192391907465825	0.438644117754351
0.19279189064143	0.437016610582228
0.193191873817035	0.435401044932137
0.193591856992639	0.433804086271182
0.193991840168244	0.432231946406496
0.194391823343849	0.430689877373957
0.194791806519453	0.429181749376642
0.195191789695058	0.427709777839451
0.195591772870662	0.426274512952845
0.195991756046267	0.42487504562649
0.196391739221872	0.423509269874451
0.196791722397476	0.422174176048696
0.197191705573081	0.420866210747026
0.197591688748686	0.419581501343908
0.19799167192429	0.418316054643161
0.198391655099895	0.417066039303131
0.198791638275499	0.415827926488115
0.199191621451104	0.414598411426625
0.199591604626709	0.413374339317434
0.199991587802313	0.412152494180193
0.200391570977918	0.410929278589417
0.200791554153523	0.409700550388869
0.201191537329127	0.408461716421633
0.201591520504732	0.407207931450992
0.201991503680336	0.405934473008317
0.202391486855941	0.404637096587505
0.202791470031546	0.403312205875727
0.20319145320715	0.40195688394154
0.203591436382755	0.400568816025053
0.20399141955836	0.399146100524013
0.204391402733964	0.397687117262103
0.204791385909569	0.396190554899484
0.205191369085174	0.394655463510453
0.205591352260778	0.393081387303868
0.205991335436383	0.391468537743599
0.206391318611987	0.389818011206462
0.206791301787592	0.388132216493093
0.207191284963197	0.386415312127791
0.207591268138801	0.384673344761756
0.207991251314406	0.382914209603496
0.208391234490011	0.381147407168047
0.208791217665615	0.379383362528035
0.20919120084122	0.377632655198531
0.209591184016824	0.375905559346897
0.209991167192429	0.374211869753586
0.210391150368034	0.372560992198342
0.210791133543638	0.370962273651655
0.211191116719243	0.369425201120508
0.211591099894848	0.367959238453984
0.211991083070452	0.366573389249814
0.212391066246057	0.365275537425643
0.212791049421661	0.36407174976654
0.213191032597266	0.362965950866716
0.213591015772871	0.361960140449484
0.213990998948475	0.361055040863985
0.21439098212408	0.360250914412798
0.214790965299685	0.359548307257843
0.215190948475289	0.358948476317326
0.215590931650894	0.358453418357833
0.215990914826498	0.358065540152818
0.216390898002103	0.357787283173946
0.216790881177708	0.357620728419481
0.217190864353312	0.357567343117284
0.217590847528917	0.357627918478882
0.217990830704522	0.357802603882211
0.218390813880126	0.358090873460596
0.218790797055731	0.358491523708784
0.219190780231335	0.359002663166268
0.21959076340694	0.359621794411833
0.219990746582545	0.360346010020411
0.220390729758149	0.361172309643167
0.220790712933754	0.362097781461547
0.221190696109359	0.363119751511778
0.221590679284963	0.364235816541657
0.221990662460568	0.365443650467569
0.222390645636172	0.366740713305542
0.222790628811777	0.368124221639148
0.223190611987382	0.369591310562773
0.223590595162986	0.371139386989644
0.223990578338591	0.372766617097533
0.224390561514196	0.374472277889934
0.2247905446898	0.376256921512041
0.225190527865405	0.378122333849163
0.225590511041009	0.38007115471898
0.225990494216614	0.382106212321581
0.226390477392219	0.384229791432078
0.226790460567823	0.386442942105447
0.227190443743428	0.388744853803552
0.227590426919033	0.391132472954607
0.227990410094637	0.393600465530804
0.228390393270242	0.396141497926886
0.228790376445846	0.398746759874016
0.229190359621451	0.401406589893938
0.229590342797056	0.404110979255635
0.22999032597266	0.406849974247448
0.230390309148265	0.40961393931086
0.23079029232387	0.412393659022919
0.231190275499474	0.415180302247569
0.231590258675079	0.417965409080587
0.231990241850684	0.420740916941623
0.232390225026288	0.423499278242769
0.232790208201893	0.426233604370408
0.233190191377497	0.428937808793311
0.233590174553102	0.431606681471625
0.233990157728707	0.43423593175072
0.234390140904311	0.436822149380983
0.234790124079916	0.439362711461414
0.235190107255521	0.441855642158947
0.235590090431125	0.444299549786052
0.23599007360673	0.446693505406646
0.236390056782334	0.449036936962772
0.236790039957939	0.45132948822085
0.237190023133544	0.453570883312489
0.237590006309148	0.455760804478835
0.237989989484753	0.457898861973428
0.238389972660358	0.459984567751635
0.238789955835962	0.462017413651198
0.239189939011567	0.46399710990008
0.239589922187171	0.465923928789072
0.239989905362776	0.467798890060792
0.240389888538381	0.469623871572523
0.240789871713985	0.471401592072857
0.24118985488959	0.47313548008671
0.241589838065195	0.4748294211933
0.241989821240799	0.476487532698574
0.242389804416404	0.47811389794006
0.242789787592008	0.479712360047533
0.243189770767613	0.48128643388958
0.243589753943218	0.482839225901445
0.243989737118822	0.484373359698118
0.244389720294427	0.485890998618355
0.244789703470032	0.487393913949967
0.245189686645636	0.488883470656497
0.245589669821241	0.490360610538393
0.245989652996845	0.491825879503386
0.24638963617245	0.493279399409846
0.246789619348055	0.494720811291171
0.247189602523659	0.496149281301932
0.247589585699264	0.49756356182115
0.247989568874869	0.498962109572069
0.248389552050473	0.50034324784869
0.248789535226078	0.501705334952549
0.249189518401682	0.503046842573492
0.249589501577287	0.504366360940631
0.249989484752892	0.505662595426358
0.250389467928496	0.506934432568541
0.250789451104101	0.508180996849388
0.251189434279706	0.509401675319712
0.25158941745531	0.510596099269805
0.251989400630915	0.511764036599491
0.252389383806519	0.512905191076644
0.252789366982124	0.514018891972935
0.253189350157729	0.515103774666199
0.253589333333333	0.516157517459314
0.253989316508938	0.517176754925795
0.254389299684543	0.518157242668888
0.254789282860147	0.519094299237383
0.255189266035752	0.51998333970356
0.255589249211357	0.520820381989154
0.255989232386961	0.521602471841909
0.256389215562566	0.522327829065672
0.25678919873817	0.522995588692989
0.257189181913775	0.523605383607199
0.25758916508938	0.524156943479317
0.257989148264984	0.524649663836221
0.258389131440589	0.525082290826737
0.258789114616193	0.525452899520074
0.259189097791798	0.525758973461664
0.259589080967403	0.525997475082238
0.259989064143007	0.52616496288804
0.260389047318612	0.52625766419796
0.260789030494217	0.526271534788334
0.261189013669821	0.526202437609846
0.261588996845426	0.526046417911861
0.26198898002103	0.525799896018722
0.262388963196635	0.525459773461199
0.26278894637224	0.525023419960833
0.263188929547844	0.524488503383874
0.263588912723449	0.523852743948468
0.263988895899054	0.523113759603685
0.264388879074658	0.522269056044922
0.264788862250263	0.521316206669788
0.265188845425868	0.520253055662361
0.265588828601472	0.519077811238521
0.265988811777077	0.51778896646755
0.266388794952681	0.516385114631424
0.266788778128286	0.514864728642344
0.267188761303891	0.513225979775429
0.267588744479495	0.511466714906046
0.2679887276551	0.509584638315089
0.268388710830705	0.507577652268876
0.268788694006309	0.505444241649499
0.269188677181914	0.503183694779501
0.269588660357518	0.500796116560929
0.269988643533123	0.498282235113459
0.270388626708728	0.495643113468233
0.270788609884332	0.492879846803623
0.271188593059937	0.489993504754624
0.271588576235542	0.486985249297253
0.271988559411146	0.483856666990286
0.272388542586751	0.480610221310667
0.272788525762355	0.477249641247022
0.27318850893796	0.473780007108884
0.273588492113565	0.470207630411613
0.273988475289169	0.466539712352905
0.274388458464774	0.462783902292904
0.274788441640379	0.458947837714056
0.275188424815983	0.455038844074425
0.275588407991588	0.451063707425749
0.275988391167192	0.447028634372698
0.276388374342797	0.442939359611433
0.276788357518402	0.438801347015777
0.277188340694006	0.434619942898909
0.277588323869611	0.430400481316831
0.277988307045216	0.426148289680699
0.27838829022082	0.421868590020343
0.278788273396425	0.417566302539438
0.279188256572029	0.413245990552369
0.279588239747634	0.408912090980811
0.279988222923239	0.404569428194691
0.280388206098843	0.400223752355925
0.280788189274448	0.395882130925579
0.281188172450053	0.391553022629719
0.281588155625657	0.38724597181984
0.281988138801262	0.382970854585076
0.282388121976866	0.378736973987056
0.282788105152471	0.374552307277556
0.283188088328076	0.37042316929345
0.28358807150368	0.366354305154606
0.283988054679285	0.36234942334476
0.28438803785489	0.358411762126974
0.284788021030494	0.35454455937273
0.285188004206099	0.350751349934901
0.285587987381703	0.347036039012858
0.285987970557308	0.343402626259678
0.286387953732913	0.339854908131535
0.286787936908517	0.33639619074554
0.287187920084122	0.333029104201335
0.287587903259727	0.329755556805727
0.287987886435331	0.326576900769691
0.288387869610936	0.32349419918992
0.288787852786541	0.320508587844626
0.289187835962145	0.317621567021138
0.28958781913775	0.314835226775284
0.289987802313354	0.312152305750364
0.290387785488959	0.309575987530077
0.290787768664564	0.307109565370894
0.291187751840168	0.30475605005073
0.291587735015773	0.302517684212194
0.291987718191378	0.300395541587618
0.292387701366982	0.298389476785415
0.292787684542587	0.296498290972719
0.293187667718191	0.294720154713994
0.293587650893796	0.29305332917831
0.293987634069401	0.291496842816763
0.294387617245005	0.290050848104162
0.29478760042061	0.288716795093306
0.295187583596214	0.287497313918307
0.295587566771819	0.286395776373663
0.295987549947424	0.285415824442617
0.296387533123028	0.284560973108915
0.296787516298633	0.283834263907653
0.297187499474238	0.28323811459575
0.297587482649842	0.282774232411044
0.297987465825447	0.282443519511552
0.298387449001052	0.282246097516526
0.298787432176656	0.282181427797666
0.299187415352261	0.282248489412067
0.299587398527865	0.282446060069479
0.29998738170347	0.282773065482972
0.300387364879075	0.283228808343419
0.300787348054679	0.283813121586965
0.301187331230284	0.284526323491626
0.301587314405889	0.285368941070225
0.301987297581493	0.286341297424409
0.302387280757098	0.28744318784663
0.302787263932702	0.288673555058725
0.303187247108307	0.290030334121981
0.303587230283912	0.291510471867792
0.303987213459516	0.293110038523039
0.304387196635121	0.294824345131275
0.304787179810726	0.296648183882826
0.30518716298633	0.298576081737788
0.305587146161935	0.3006025145284
0.305987129337539	0.302722029257619
0.306387112513144	0.30492932899683
0.306787095688749	0.307219215074969
0.307187078864353	0.309586406446411
0.307587062039958	0.312025280066751
0.307987045215563	0.314529721454227
0.308387028391167	0.317093092321404
0.308787011566772	0.319708412634011
0.309186994742376	0.322368783976667
0.309586977917981	0.325068005166222
0.309986961093586	0.327801168305863
0.31038694426919	0.330564963177327
0.310786927444795	0.333357551606372
0.3111869106204	0.336177940211265
0.311586893796004	0.339025140535781
0.311986876971609	0.341897244501703
0.312386860147213	0.344790699560725
0.312786843322818	0.347700034616972
0.313186826498423	0.350618084937132
0.313586809674027	0.35353648279786
0.313986792849632	0.35644634781277
0.314386776025237	0.359339001799404
0.314786759200841	0.362206590099064
0.315186742376446	0.365042532443137
0.31558672555205	0.367841877560001
0.315986708727655	0.370601347131016
0.31638669190326	0.373319172997223
0.316786675078864	0.375994687929496
0.317186658254469	0.378627675608687
0.317586641430074	0.381217567387322
0.317986624605678	0.383762873676602
0.318386607781283	0.386260962890389
0.318786590956887	0.388708243563181
0.319186574132492	0.391100708298811
0.319586557308097	0.393434634088035
0.319986540483701	0.395707176473837
0.320386523659306	0.397916724572905
0.320786506834911	0.400062890851174
0.321186490010515	0.402146192623143
0.32158647318612	0.404167507779553
0.321986456361725	0.406127490521383
0.322386439537329	0.408026045311723
0.322786422712934	0.409861924567158
0.323186405888538	0.411632550884652
0.323586389064143	0.413334089565099
0.323986372239748	0.414961736754934
0.324386355415352	0.416510163692094
0.324786338590957	0.417973950704086
0.325186321766562	0.419347883925428
0.325586304942166	0.420627119536987
0.325986288117771	0.421807352339928
0.326386271293375	0.422884966517615
0.32678625446898	0.423857260357055
0.327186237644585	0.424722836181688
0.327586220820189	0.425482070828232
0.327986203995794	0.426137388219855
0.328386187171399	0.426693299684853
0.328786170347003	0.427156214796812
0.329186153522608	0.42753408830644
0.329586136698212	0.427835855503988
0.329986119873817	0.42807082644917
0.330386103049422	0.428248105194293
0.330786086225026	0.428376094555463
0.331186069400631	0.428462012089297
0.331586052576236	0.428511612268332
0.33198603575184	0.428529099775075
0.332386018927445	0.42851729795003
0.332786002103049	0.42847814643781
0.333185985278654	0.428413441177783
0.333585968454259	0.428325456448637
0.333985951629863	0.428217444191374
0.334385934805468	0.428093962046492
0.334785917981073	0.427960947879124
0.335185901156677	0.427825447785353
0.335585884332282	0.427695345909023
0.335985867507886	0.427579044358734
0.336385850683491	0.42748499277298
0.336785833859096	0.427421122225887
0.3371858170347	0.427394304877199
0.337585800210305	0.427409854363747
0.33798578338591	0.42747128445881
0.338385766561514	0.427580432038982
0.338785749737119	0.42773784988567
0.339185732912723	0.427943405796713
0.339585716088328	0.428196975603609
0.339985699263933	0.428498876476885
0.340385682439537	0.428849856724235
0.340785665615142	0.429250777267402
0.341185648790747	0.429702168695935
0.341585631966351	0.430203785283256
0.341985615141956	0.43075443693828
0.34238559831756	0.431352170192593
0.342785581493165	0.431994627126546
0.34318556466877	0.432679550157687
0.343585547844374	0.433405168774243
0.343985531019979	0.434170313902542
0.344385514195584	0.434974317653172
0.344785497371188	0.435816872682425
0.345185480546793	0.43669779017016
0.345585463722398	0.437616846481231
0.345985446898002	0.438573850987843
0.346385430073607	0.439568905994718
0.346785413249211	0.440602654812747
0.347185396424816	0.441676485790305
0.347585379600421	0.442792658393679
0.347985362776025	0.443954250524685
0.34838534595163	0.44516497053856
0.348785329127235	0.446428911736214
0.349185312302839	0.447750239837204
0.349585295478444	0.449132912542495
0.349985278654048	0.450580527366476
0.350385261829653	0.45209629173845
0.350785245005258	0.453683071073517
0.351185228180862	0.455343583431127
0.351585211356467	0.457080696916265
0.351985194532071	0.45889755757179
0.352385177707676	0.460797495336491
0.352785160883281	0.462783796165225
0.353185144058885	0.464859293415193
0.35358512723449	0.467025826677089
0.353985110410095	0.469283804208883
0.354385093585699	0.471631908134902
0.354785076761304	0.474066964468902
0.355185059936909	0.476584074163409
0.355585043112513	0.479176957092289
0.355985026288118	0.481838465363416
0.356385009463722	0.48456111757362
0.356784992639327	0.487337558869206
0.357184975814932	0.490160865294751
0.357584958990536	0.493024689990477
0.357984942166141	0.495923261162206
0.358384925341746	0.498851272287072
0.35878490851735	0.501803788038921
0.359184891692955	0.504776199511195
0.359584874868559	0.507764067857889
0.359984858044164	0.510762934559584
0.360384841219769	0.513768116623791
0.360784824395373	0.516774422514021
0.361184807570978	0.519775750461038
0.361584790746583	0.522764793302207
0.361984773922187	0.525732929678622
0.362384757097792	0.528670342243514
0.362784740273396	0.531566415704545
0.363184723449001	0.53441030609829
0.363584706624606	0.537191506361338
0.36398468980021	0.539900393824943
0.364384672975815	0.542528629052321
0.36478465615142	0.545069246510213
0.365184639327024	0.547516452154099
0.365584622502629	0.54986533326852
0.365984605678233	0.552111446751251
0.366384588853838	0.554250478249382
0.366784572029443	0.556278033957816
0.367184555205047	0.558189682947625
0.367584538380652	0.559981179706392
0.367984521556257	0.561648756363246
0.368384504731861	0.563189291198711
0.368784487907466	0.564600444856757
0.36918447108307	0.565880722501991
0.369584454258675	0.567029344874685
0.36998443743428	0.568046026370489
0.370384420609884	0.56893076128325
0.370784403785489	0.569683497199638
0.371184386961094	0.5703037097912
0.371584370136698	0.57079007893935
0.371984353312303	0.571140349782173
0.372384336487907	0.571351364515573
0.372784319663512	0.571419196831682
0.373184302839117	0.571339372262819
0.373584286014721	0.571107083511695
0.373984269190326	0.570717256999057
0.374384252365931	0.570164532859373
0.374784235541535	0.569443328495432
0.37518421871714	0.568548044846432
0.375584201892744	0.567473475402232
0.375984185068349	0.566215308256545
0.376384168243954	0.564770550260746
0.376784151419558	0.56313775362118
0.377184134595163	0.561317042759664
0.377584117770768	0.559309930402939
0.377984100946372	0.557119004745744
0.378384084121977	0.55474781237573
0.378784067297582	0.552200985327053
0.379184050473186	0.549484501128692
0.379584033648791	0.546605917666659
0.379984016824395	0.543574470184972
0.380384	0.540401005152148
0.380783983175605	0.537097710410312
0.381183966351209	0.533677591264763
0.381583949526814	0.53015389590614
0.381983932702419	0.5265396913836
0.382383915878023	0.522847562153823
0.382783899053628	0.519089489976455
0.383183882229232	0.51527704958367
0.383583865404837	0.511421728872773
0.383983848580442	0.507535294592008
0.384383831756046	0.503630183576312
0.384783814931651	0.499719820908399
0.385183798107256	0.495818700104674
0.38558378128286	0.491942252277075
0.385983764458465	0.488106496423605
0.386383747634069	0.484327493771181
0.386783730809674	0.480620765321828
0.387183713985279	0.477000887818036
0.387583697160883	0.473481229950513
0.387983680336488	0.470073827547872
0.388383663512093	0.46678938418976
0.388783646687697	0.463637351896575
0.389183629863302	0.460625874024166
0.389583613038906	0.4577616802603
0.389983596214511	0.455050005561587
0.390383579390116	0.452494572740588
0.39078356256572	0.450097684737309
0.391183545741325	0.447860554593177
0.39158352891693	0.445783588611242
0.391983512092534	0.443866514729186
0.392383495268139	0.442108407508612
0.392783478443743	0.440507450139167
0.393183461619348	0.439060526594867
0.393583444794953	0.437762937974069
0.393983427970557	0.436608283788333
0.394383411146162	0.435588482208038
0.394783394321767	0.434694061549835
0.395183377497371	0.433914611909633
0.395583360672976	0.433239291326761
0.39598334384858	0.432657448705483
0.396383327024185	0.432159187745194
0.39678331019979	0.431735711568314
0.397183293375394	0.431379518936
0.397583276550999	0.431084367920085
0.397983259726604	0.43084494424561
0.398383242902208	0.430656431228828
0.398783226077813	0.430514167358824
0.399183209253417	0.430413424890275
0.399583192429022	0.430349498856467
0.399983175604627	0.430318033112313
0.400383158780231	0.430315414072929
0.400783141955836	0.430339122509429
0.401183125131441	0.430387975169793
0.401583108307045	0.430461996565865
0.40198309148265	0.430561976751761
0.402383074658255	0.430688869687324
0.402783057833859	0.430843189214202
0.403183041009464	0.431024489702223
0.403583024185068	0.431231160093063
0.403983007360673	0.431460596055772
0.404382990536278	0.431709747900935
0.404782973711882	0.431975855181017
0.405182956887487	0.432257231549544
0.405582940063091	0.432553908107923
0.405982923238696	0.43286798209574
0.406382906414301	0.433203420526423
0.406782889589905	0.433565540332444
0.40718287276551	0.433960138540145
0.407582855941115	0.434392521863665
0.407982839116719	0.434866748749358
0.408382822292324	0.435385361961735
0.408782805467929	0.435949406500972
0.409182788643533	0.436558863540469
0.409582771819138	0.437213425577402
0.409982754994742	0.437913258155952
0.410382738170347	0.43865945144116
0.410782721345952	0.43945435777945
0.411182704521556	0.440301552426518
0.411582687697161	0.441205396926387
0.411982670872766	0.442170474907108
0.41238265404837	0.4432010988912
0.412782637223975	0.444300801759585
0.413182620399579	0.445472080170666
0.413582603575184	0.446716458818678
0.413982586750789	0.448034803246541
0.414382569926393	0.449427879918474
0.414782553101998	0.450897104843905
0.415182536277603	0.452445160006561
0.415582519453207	0.454076325326849
0.415982502628812	0.455796563948179
0.416382485804416	0.457613341597702
0.416782468980021	0.459535166687778
0.417182452155626	0.461571041872765
0.41758243533123	0.46373005018772
0.417982418506835	0.466021048237987
0.41838240168244	0.468452529432513
0.418782384858044	0.471032506176801
0.419182368033649	0.47376841557777
0.419582351209253	0.476667021839267
0.419982334384858	0.479734220372953
0.420382317560463	0.4829745377508
0.420782300736067	0.486390516495559
0.421182283911672	0.489982146025985
0.421582267087277	0.493746420344901
0.421982250262881	0.497677139495147
0.422382233438486	0.501765136189111
0.42278221661409	0.505998804661036
0.423182199789695	0.510364843496607
0.4235821829653	0.514849090793408
0.423982166140904	0.519437262281523
0.424382149316509	0.524115468147047
0.424782132492114	0.528870491641396
0.425182115667718	0.533689695067627
0.425582098843323	0.538560606440997
0.425982082018927	0.543470374527142
0.426382065194532	0.548405175913008
0.426782048370137	0.553349650033823
0.427182031545741	0.55828652593651
0.427582014721346	0.563196557623806
0.427981997896951	0.568058706054801
0.428381981072555	0.572850606138537
0.42878196424816	0.577549171709895
0.429181947423764	0.5821312814085
0.429581930599369	0.586574523192898
0.429981913774974	0.590858044954104
0.430381896950578	0.594963303273828
0.430781880126183	0.598874703686421
0.431181863301788	0.602580085051713
0.431581846477392	0.606070830172319
0.431981829652997	0.609341477488995
0.432381812828601	0.612388899901715
0.432781796004206	0.615211298932095
0.433181779179811	0.617807296907048
0.433581762355415	0.620175305989746
0.43398174553102	0.62231338264266
0.434381728706625	0.624219680651162
0.434781711882229	0.62589337053072
0.435181695057834	0.627335536557989
0.435581678233439	0.628549740827287
0.435981661409043	0.629542143850535
0.436381644584648	0.630321046733008
0.436781627760252	0.630895985393704
0.437181610935857	0.631276726119565
0.437581594111462	0.631472414849335
0.437981577287066	0.631491008035836
0.438381560462671	0.631339268047386
0.438781543638276	0.631023118076778
0.43918152681388	0.630548058503331
0.439581509989485	0.629919641522849
0.439981493165089	0.629143885782564
0.440381476340694	0.628227307931044
0.440781459516299	0.627176684378225
0.441181442691903	0.625998830929457
0.441581425867508	0.624700458862071
0.441981409043113	0.623288111344917
0.442381392218717	0.621768246493289
0.442781375394322	0.62014735150718
0.443181358569926	0.618432075939329
0.443581341745531	0.616629284597941
0.443981324921136	0.61474591908358
0.44438130809674	0.612788736329825
0.444781291272345	0.610764154440488
0.44518127444795	0.608678127515886
0.445581257623554	0.606536120536776
0.445981240799159	0.604343222954862
0.446381223974763	0.602104229241335
0.446781207150368	0.599823700971612
0.447181190325973	0.597506090398604
0.447581173501577	0.595155746292759
0.447981156677182	0.592776756214848
0.448381139852787	0.590372851528529
0.448781123028391	0.587947382217556
0.449181106203996	0.585503188774425
0.4495810893796	0.583042409030699
0.449981072555205	0.580566368521853
0.45038105573081	0.578075509839034
0.450781038906414	0.575569442490847
0.451181022082019	0.573047278309933
0.451581005257624	0.570508133155877
0.451980988433228	0.567951643923123
0.452380971608833	0.565378603548032
0.452780954784437	0.562791499741712
0.453180937960042	0.560194722434549
0.453580921135647	0.557594430869897
0.453980904311251	0.55499831857597
0.454380887486856	0.55241520527071
0.454780870662461	0.54985445769073
0.455180853838065	0.547325488709257
0.45558083701367	0.544837486957545
0.455980820189274	0.542399355113413
0.456380803364879	0.540019743849449
0.456780786540484	0.537707081697294
0.457180769716088	0.535469566425571
0.457580752891693	0.53331498997813
0.457980736067298	0.531250297575045
0.458380719242902	0.529280970125324
0.458780702418507	0.527410368219683
0.459180685594111	0.525639208005411
0.459580668769716	0.523965420103152
0.459980651945321	0.522384362699126
0.460380635120925	0.520889296597516
0.46078061829653	0.519472152093022
0.461180601472135	0.518124416780638
0.461580584647739	0.516837744848828
0.461980567823344	0.515604292817636
0.462380550998948	0.51441690899909
0.462780534174553	0.513269115348426
0.463180517350158	0.512154881540855
0.463580500525762	0.511068545006647
0.463980483701367	0.510004915720814
0.464380466876972	0.508959491491906
0.464780450052576	0.507928654086628
0.465180433228181	0.506909895527617
0.465580416403786	0.505901969385183
0.46598039957939	0.50490491489001
0.466380382754995	0.503919878136011
0.466780365930599	0.502948906799151
0.467180349106204	0.501994727000305
0.467580332281809	0.501060603322872
0.467980315457413	0.500150260836277
0.468380298633018	0.499267809363837
0.468780281808623	0.498417669495384
0.469180264984227	0.497604523768167
0.469580248159832	0.49683321778677
0.469980231335436	0.49610857075352
0.470380214511041	0.495435253919285
0.470780197686646	0.494817810277168
0.47118018086225	0.494260593316709
0.471580164037855	0.493767587782623
0.47198014721346	0.493342247848047
0.472380130389064	0.492987426549816
0.472780113564669	0.492705446089238
0.473180096740273	0.492498374688693
0.473580079915878	0.492368562305185
0.473980063091483	0.492319390624959
0.474380046267087	0.492355992304449
0.474780029442692	0.492485670508725
0.475180012618297	0.492717916031981
0.475579995793901	0.493064077809035
0.475979978969506	0.493536630610506
0.47637996214511	0.494148172068772
0.476779945320715	0.494910339137576
0.47717992849632	0.49583298317254
0.477579911671924	0.496923628591146
0.477979894847529	0.498187285485659
0.478379878023134	0.499626617418937
0.478779861198738	0.501242353446781
0.479179844374343	0.503033780097795
0.479579827549947	0.504999240676137
0.479979810725552	0.507136517535821
0.480379793901157	0.509442984282104
0.480779777076761	0.51191561407593
0.481179760252366	0.514550952135369
0.481579743427971	0.517345092621921
0.481979726603575	0.520293722482353
0.48237970977918	0.52339234452909
0.482779692954785	0.526636546591742
0.483179676130389	0.530022215925097
0.483579659305994	0.533545711800908
0.483979642481598	0.537203958161602
0.484379625657203	0.540994281099695
0.484779608832808	0.544914173803812
0.485179592008412	0.548961043506093
0.485579575184017	0.553131940340815
0.485979558359622	0.557423342683708
0.486379541535226	0.561831101298152
0.486779524710831	0.566350360767622
0.487179507886435	0.570975484841306
0.48757949106204	0.575700028644688
0.487979474237645	0.580516601312101
0.488379457413249	0.585416701563423
0.488779440588854	0.590390671863314
0.489179423764458	0.59542767430612
0.489579406940063	0.600515677336025
0.489979390115668	0.605641651675045
0.490379373291272	0.610791873971635
0.490779356466877	0.615952284100987
0.491179339642482	0.621108859254623
0.491579322818086	0.626247875292658
0.491979305993691	0.631356020753831
0.492379289169296	0.636420480815184
0.4927792723449	0.641428870038008
0.493179255520505	0.646368996288966
0.493579238696109	0.651228647124089
0.493979221871714	0.655995383347144
0.494379205047319	0.66065644288322
0.494779188222923	0.665198789327916
0.495179171398528	0.669609243821111
0.495579154574133	0.673874682952018
0.495979137749737	0.677982489779956
0.496379120925342	0.68192110112895
0.496779104100946	0.685680478194395
0.497179087276551	0.689252462199664
0.497579070452156	0.692630932415928
0.49797905362776	0.695811612510201
0.498379036803365	0.698791692540611
0.49877901997897	0.701569354428013
0.499179003154574	0.704143399029415
0.499578986330179	0.706513140105151
0.499978969505783	0.708678654450009
0.500378952681388	0.71064107972422
0.500778935856993	0.712402973081966
0.501178919032597	0.713968522581019
0.501578902208202	0.715343340772905
0.501978885383807	0.716533911961727
0.502378868559411	0.717546875678039
0.502778851735016	0.718388243927561
0.50317883491062	0.719062848959471
0.503578818086225	0.719574269989597
0.50397880126183	0.719925102774862
0.504378784437434	0.720117555104903
0.504778767613039	0.72015430873395
0.505178750788644	0.720039272523869
0.505578733964248	0.719778032040132
0.505978717139853	0.719378061887023
0.506378700315457	0.718848546217656
0.506778683491062	0.71819982435569
0.507178666666667	0.717442699200836
0.507578649842271	0.716587744263897
0.507978633017876	0.715644563275527
0.508378616193481	0.714621274164286
0.508778599369085	0.71352425159186
0.50917858254469	0.712358223740547
0.509578565720294	0.711126767279163
0.509978548895899	0.709832958198966
0.510378532071504	0.708479882943515
0.510778515247108	0.707071008065956
0.511178498422713	0.705610308551914
0.511578481598318	0.704102075418827
0.511978464773922	0.702550494175201
0.512378447949527	0.700959266857862
0.512778431125132	0.69933142306031
0.513178414300736	0.697669398170302
0.513578397476341	0.695975313723527
0.513978380651945	0.694251305626808
0.51437836382755	0.692499840952067
0.514778347003155	0.690723952695902
0.515178330178759	0.688927301832787
0.515578313354364	0.687113981197857
0.515978296529969	0.685288224874939
0.516378279705573	0.683454081278566
0.516778262881178	0.681615102262214
0.517178246056782	0.67977411764571
0.517578229232387	0.677933206625405
0.517978212407992	0.676093935572339
0.518378195583596	0.674257738829486
0.518778178759201	0.672426296897748
0.519178161934805	0.670601770613685
0.51957814511041	0.66878683034912
0.519978128286015	0.6669844510455
0.520378111461619	0.665197491342261
0.520778094637224	0.663428173701866
0.521178077812829	0.66167770956188
0.521578060988433	0.659946157332892
0.521978044164038	0.658232511745732
0.522378027339643	0.656534860088935
0.522778010515247	0.654850656733397
0.523177993690852	0.653176843137575
0.523577976866456	0.651509784267434
0.523977960042061	0.649845057339381
0.524377943217666	0.648177339746056
0.52477792639327	0.646500316528294
0.525177909568875	0.644806810019008
0.52557789274448	0.64308910975767
0.525977875920084	0.64133940552554
0.526377859095689	0.639550238581782
0.526777842271293	0.637715036620245
0.527177825446898	0.635828495537153
0.527577808622503	0.633886730476617
0.527977791798107	0.631887307443173
0.528377774973712	0.629829168876127
0.528777758149316	0.627712335487862
0.529177741324921	0.625537497392503
0.529577724500526	0.623305626461328
0.529977707676131	0.621017700173054
0.530377690851735	0.618674482712088
0.53077767402734	0.616276395719087
0.531177657202944	0.613823569768446
0.531577640378549	0.611316019981362
0.531977623554154	0.608753717757372
0.532377606729758	0.606136491921585
0.532777589905363	0.603463878356615
0.533177573080967	0.600734921290478
0.533577556256572	0.597948006560827
0.533977539432177	0.59510084719182
0.534377522607781	0.592190566002117
0.534777505783386	0.589213894353037
0.535177488958991	0.586167508533903
0.535577472134595	0.58304840610859
0.5359774553102	0.579854037459183
0.536377438485804	0.576582270138434
0.536777421661409	0.573231289971141
0.537177404837014	0.569799514418406
0.537577388012618	0.566285473861748
0.537977371188223	0.562687800015919
0.538377354363828	0.559005506523693
0.538777337539432	0.555238378906816
0.539177320715037	0.551387340885982
0.539577303890642	0.547454905352906
0.539977287066246	0.543445619898309
0.540377270241851	0.539366319314764
0.540777253417455	0.535226300887452
0.54117723659306	0.531037449726507
0.541577219768665	0.526814021948574
0.541977202944269	0.522572247581715
0.542377186119874	0.518330023248098
0.542777169295478	0.514106577142655
0.543177152471083	0.509921954999128
0.543577135646688	0.505796487345713
0.543977118822292	0.501750253795676
0.544377101997897	0.497802395766071
0.544777085173502	0.49397034533545
0.545177068349106	0.490269213354889
0.545577051524711	0.486711360492954
0.545977034700315	0.483306228423327
0.54637701787592	0.48006057425151
0.546777001051525	0.476979033182232
0.547176984227129	0.474064681104063
0.547576967402734	0.471319713031358
0.547976950578339	0.468746168882083
0.548376933753943	0.466346387899366
0.548776916929548	0.464122980121631
0.549176900105153	0.462078561501445
0.549576883280757	0.460215239789695
0.549976866456362	0.458533925985873
0.550376849631966	0.457033698557834
0.550776832807571	0.455711525991685
0.551176815983176	0.454562419009422
0.55157679915878	0.453580107991547
0.551976782334385	0.452758016126431
0.55237676550999	0.452090330854536
0.552776748685594	0.451572778062832
0.553176731861199	0.45120288835404
0.553576715036803	0.450979700596071
0.553976698212408	0.450903092919353
0.554376681388013	0.450972815974194
0.554776664563617	0.451187675099146
0.555176647739222	0.451545077017654
0.555576630914827	0.452040888487339
0.555976614090431	0.452669634419333
0.556376597266036	0.453425180359949
0.55677658044164	0.454301417900122
0.557176563617245	0.455292797036172
0.55757654679285	0.456394708877578
0.557976529968454	0.45760357165711
0.558376513144059	0.45891652670885
0.558776496319664	0.460331171061879
0.559176479495268	0.461845387333087
0.559576462670873	0.463457172918307
0.559976445846477	0.465164539647171
0.560376429022082	0.466965483169492
0.560776412197687	0.468857842150976
0.561176395373291	0.470839048174749
0.561576378548896	0.472905890966513
0.561976361724501	0.475054381774171
0.562376344900105	0.477279722131375
0.56277632807571	0.479576476924082
0.563176311251314	0.481938938278837
0.563576294426919	0.48436145066188
0.563976277602524	0.486838622226127
0.564376260778128	0.489365524740668
0.564776243953733	0.491937838338174
0.565176227129338	0.494551862602693
0.565576210304942	0.49720452244835
0.565976193480547	0.499893376793083
0.566376176656151	0.502616395623538
0.566776159831756	0.505371490829312
0.567176143007361	0.508155999798882
0.567576126182965	0.5109661913643
0.56797610935857	0.513796992497645
0.568376092534175	0.516642095572444
0.568776075709779	0.519494347642518
0.569176058885384	0.522346273398135
0.569576042060989	0.525190583505052
0.569976025236593	0.528020528547555
0.570376008412198	0.530830095593265
0.570775991587802	0.533614127808846
0.571175974763407	0.53636845343341
0.571575957939012	0.539090112000316
0.571975941114616	0.541777546557223
0.572375924290221	0.544430731516938
0.572775907465826	0.54705122579884
0.57317589064143	0.549642030740767
0.573575873817035	0.552207290982182
0.573975856992639	0.554752012607671
0.574375840168244	0.557281838418538
0.574775823343849	0.559802805430712
0.575175806519453	0.562321152965662
0.575575789695058	0.564843089869665
0.575975772870662	0.567374453824149
0.576375756046267	0.56992035881692
0.576775739221872	0.572484973088514
0.577175722397476	0.575071360642991
0.577575705573081	0.577681391726691
0.577975688748686	0.580315758011846
0.57837567192429	0.582974039828709
0.578775655099895	0.585654781249514
0.5791756382755	0.588355650216908
0.579575621451104	0.591073553184517
0.579975604626709	0.593804760445248
0.580375587802313	0.596545084241317
0.580775570977918	0.59929014034115
0.581175554153523	0.602035592913083
0.581575537329127	0.604777354679794
0.581975520504732	0.607511675860495
0.582375503680337	0.610235172534157
0.582775486855941	0.612944800442554
0.583175470031546	0.615637803293419
0.58357545320715	0.618311617665815
0.583975436382755	0.620963758445928
0.58437541955836	0.62359167616273
0.584775402733964	0.626192562435387
0.585175385909569	0.628763170878373
0.585575369085173	0.631299794922436
0.585975352260778	0.633798454731876
0.586375335436383	0.636255082801027
0.586775318611988	0.638665686328356
0.587175301787592	0.641026460029436
0.587575284963197	0.643333780807656
0.587975268138801	0.64558403377403
0.588375251314406	0.64777343651236
0.588775234490011	0.649897983816123
0.589175217665615	0.65195346300944
0.58957520084122	0.653935677530186
0.589975184016824	0.655840720928068
0.590375167192429	0.657665041461845
0.590775150368034	0.659405306347353
0.591175133543638	0.661058231514804
0.591575116719243	0.662620310480306
0.591975099894848	0.664087555038544
0.592375083070452	0.665455526865003
0.592775066246057	0.666719504187364
0.593175049421661	0.667874534079578
0.593575032597266	0.668915502275757
0.593975015772871	0.669837114104963
0.594374998948475	0.670633747793589
0.59477498212408	0.671299407662315
0.595174965299685	0.671828055564538
0.595574948475289	0.67221414922742
0.595974931650894	0.672453358705097
0.596374914826499	0.672543263687996
0.596774898002103	0.672483654423375
0.597174881177708	0.672276359318387
0.597574864353312	0.671924818618672
0.597974847528917	0.671433421735665
0.598374830704522	0.670806747697862
0.598774813880126	0.670049082035672
0.599174797055731	0.669164269854889
0.599574780231335	0.668155864522936
0.59997476340694	0.66702742688467
0.600374746582545	0.665782819089313
0.600774729758149	0.664426413202283
0.601174712933754	0.662963169170454
0.601574696109359	0.661398528610401
0.601974679284963	0.659738218435779
0.602374662460568	0.65798802789451
0.602774645636172	0.656153649863413
0.603174628811777	0.654240552133242
0.603574611987382	0.65225396161282
0.603974595162986	0.650198908928419
0.604374578338591	0.648080499478408
0.604774561514196	0.645904339522515
0.6051745446898	0.643676914429614
0.605574527865405	0.641405759857808
0.60597451104101	0.639099606487153
0.606374494216614	0.636768361797174
0.606774477392219	0.634422953102952
0.607174460567823	0.632074980834985
0.607574443743428	0.629736189044911
0.607974426919033	0.627417790992823
0.608374410094637	0.625129810082964
0.608774393270242	0.622880373884989
0.609174376445847	0.620675202713878
0.609574359621451	0.618517555245619
0.609974342797056	0.61640849950983
0.61037432597266	0.614347366940929
0.610774309148265	0.61233234748144
0.61117429232387	0.610361046772179
0.611574275499474	0.60843079638368
0.611974258675079	0.606538804668604
0.612374241850684	0.604682240826146
0.612774225026288	0.602858258903284
0.613174208201893	0.601064276558232
0.613574191377497	0.599298486371958
0.613974174553102	0.59756026511722
0.614374157728707	0.595850409114576
0.614774140904311	0.594171262267717
0.615174124079916	0.592526643260954
0.615574107255521	0.59092158319063
0.615974090431125	0.589362047905252
0.61637407360673	0.587854716070296
0.616774056782334	0.58640670280817
0.617174039957939	0.585025314463788
0.617574023133544	0.583717630752975
0.617974006309148	0.582490076827272
0.618373989484753	0.581348040033864
0.618773972660358	0.580295669864947
0.619173955835962	0.579335683132359
0.619573939011567	0.578469437457089
0.619973922187171	0.577697123516145
0.620373905362776	0.577017934326453
0.620773888538381	0.576430016341399
0.621173871713985	0.575930356578222
0.62157385488959	0.575514526895254
0.621973838065195	0.5751765845829
0.622373821240799	0.574909207881799
0.622773804416404	0.574704176942082
0.623173787592008	0.574553077876555
0.623573770767613	0.574448215669768
0.623973753943218	0.574383532727838
0.624373737118822	0.574355258635971
0.624773720294427	0.574362157222455
0.625173703470032	0.574405448144304
0.625573686645636	0.574488390273618
0.625973669821241	0.57461558527294
0.626373652996846	0.57479224296673
0.62677363617245	0.575023605980058
0.627173619348055	0.575314452836136
0.627573602523659	0.575668722519977
0.627973585699264	0.576089368243087
0.628373568874869	0.576578420925903
0.628773552050473	0.577137255131978
0.629173535226078	0.577766938887697
0.629573518401683	0.578468522765964
0.629973501577287	0.579243207285502
0.630373484752892	0.580092364216867
0.630773467928496	0.581017465510012
0.631173451104101	0.582019904851365
0.631573434279706	0.583100758174258
0.63197341745531	0.584260518396801
0.632373400630915	0.585498979752733
0.632773383806519	0.586815072336929
0.633173366982124	0.588206641753231
0.633573350157729	0.589670302957373
0.633973333333333	0.591201362316777
0.634373316508938	0.592793798649971
0.634773299684543	0.594440477182999
0.635173282860147	0.596133515258692
0.635573266035752	0.59786466532142
0.635973249211357	0.599625777233404
0.636373232386961	0.601409276029037
0.636773215562566	0.603208452296042
0.63717319873817	0.605017732260907
0.637573181913775	0.60683305776129
0.63797316508938	0.608652238616704
0.638373148264984	0.610475097673087
0.638773131440589	0.612303340843434
0.639173114616194	0.614140075303765
0.639573097791798	0.615988970635566
0.639973080967403	0.617853234051347
0.640373064143007	0.619734711754616
0.640773047318612	0.621633366818609
0.641173030494217	0.623547198816751
0.641573013669821	0.625472604616846
0.641972996845426	0.627405044537726
0.64237298002103	0.629339715391206
0.642772963196635	0.631272048961135
0.64317294637224	0.633198058518911
0.643572929547845	0.635114517515323
0.643972912723449	0.637018926105571
0.644372895899054	0.638909374169898
0.644772879074658	0.640784382578855
0.645172862250263	0.64264273687024
0.645572845425868	0.644483295326533
0.645972828601472	0.646304925939122
0.646372811777077	0.648106537548738
0.646772794952681	0.649887191139289
0.647172778128286	0.65164629312691
0.647572761303891	0.65338376833557
0.647972744479495	0.655099943340542
0.6483727276551	0.656795196486534
0.648772710830705	0.658469469291883
0.649172694006309	0.660121747102003
0.649572677181914	0.661749658739897
0.649972660357518	0.663349383397351
0.650372643533123	0.664915764520974
0.650772626708728	0.666442607321665
0.651172609884332	0.667923047712905
0.651572593059937	0.669349976336828
0.651972576235542	0.670716364749061
0.652372559411146	0.672015566958882
0.652772542586751	0.673241572621183
0.653172525762356	0.674389202658612
0.65357250893796	0.675454290836854
0.653972492113565	0.676433933152442
0.654372475289169	0.677326820130859
0.654772458464774	0.678133642336515
0.655172441640379	0.678857408442188
0.655572424815983	0.679503555701558
0.655972407991588	0.680079734831026
0.656372391167192	0.680595296604571
0.656772374342797	0.681060516379409
0.657172357518402	0.681485729748692
0.657572340694006	0.681880442002869
0.657972323869611	0.682252754616562
0.658372307045216	0.682609142958211
0.65877229022082	0.68295450458117
0.659172273396425	0.683292338996469
0.659572256572029	0.68362517706741
0.659972239747634	0.683955098892873
0.660372222923239	0.684284272669358
0.660772206098843	0.684615426798746
0.661172189274448	0.684952259696059
0.661572172450053	0.685299589658473
0.661972155625657	0.685663271606002
0.662372138801262	0.686049910636838
0.662772121976867	0.686466444036791
0.663172105152471	0.686919777663811
0.663572088328076	0.687416533771529
0.66397207150368	0.687962811655734
0.664372054679285	0.688563945990336
0.66477203785489	0.689224234899578
0.665172021030494	0.689946539400618
0.665572004206099	0.690731845600783
0.665971987381704	0.691578854450457
0.666371970557308	0.692483787239654
0.666771953732913	0.69344047075686
0.667171936908517	0.694440787125275
0.667571920084122	0.695475206888166
0.667971903259727	0.696533465889354
0.668371886435331	0.697605164750026
0.668771869610936	0.698680258156794
0.669171852786541	0.699749404649399
0.669571835962145	0.700804301039045
0.66997181913775	0.70183785877052
0.670371802313354	0.702844315794977
0.670771785488959	0.703819308964253
0.671171768664564	0.704759923928847
0.671571751840168	0.705664736729489
0.671971735015773	0.706533991854177
0.672371718191378	0.707369818304349
0.672771701366982	0.708176352996782
0.673171684542587	0.708959647822361
0.673571667718191	0.709727414078853
0.673971650893796	0.710488534490836
0.674371634069401	0.711252464392111
0.674771617245005	0.712028632260912
0.67517160042061	0.712825989916695
0.675571583596215	0.713652761227792
0.675971566771819	0.714516461724099
0.676371549947424	0.715424068785169
0.676771533123028	0.716382123954937
0.677171516298633	0.717396659979442
0.677571499474238	0.718473104725213
0.677971482649842	0.7196161396959
0.678371465825447	0.720829611458566
0.678771449001052	0.72211663148254
0.679171432176656	0.723479873362315
0.679571415352261	0.724921895154657
0.679971398527865	0.726445384747336
0.68037138170347	0.72805320417281
0.680771364879075	0.729748315393361
0.681171348054679	0.731533623956913
0.681571331230284	0.733411739054929
0.681971314405889	0.735384692859098
0.682371297581493	0.737453563425155
0.682771280757098	0.73961807001905
0.683171263932703	0.74187625396084
0.683571247108307	0.744224294685963
0.683971230283912	0.746656462542194
0.684371213459516	0.749165363886073
0.684771196635121	0.751742440589327
0.685171179810726	0.754378563381591
0.68557116298633	0.757064605870957
0.685971146161935	0.759791877803567
0.68637112933754	0.762552284877206
0.686771112513144	0.765338243905245
0.687171095688749	0.768142447703315
0.687571078864353	0.770957632696758
0.687971062039958	0.773776488867447
0.688371045215563	0.776591682070952
0.688771028391167	0.779395872892392
0.689171011566772	0.782181741207232
0.689570994742376	0.784941953439216
0.689970977917981	0.787669074560896
0.690370961093586	0.790355614684351
0.69077094426919	0.792994214502655
0.691170927444795	0.795577868893663
0.6915709106204	0.798100207975221
0.691970893796004	0.800555797070893
0.692370876971609	0.802940323076278
0.692770860147214	0.805250750846907
0.693170843322818	0.807485511942328
0.693570826498423	0.80964461408123
0.693970809674027	0.811729693696665
0.694370792849632	0.813743986450902
0.694770776025237	0.815692242460895
0.695170759200841	0.81758041382622
0.695570742376446	0.819415129003467
0.695970725552051	0.821203035763222
0.696370708727655	0.82295017379653
0.69677069190326	0.824661378496387
0.697170675078864	0.826339819325996
0.697570658254469	0.827986722176355
0.697970641430074	0.829601237174153
0.698370624605678	0.831180409070374
0.698770607781283	0.832719370125479
0.699170590956887	0.834211636486754
0.699570574132492	0.835649465610871
0.699970557308097	0.837024257885203
0.700370540483702	0.838326934301058
0.700770523659306	0.839548072564968
0.701170506834911	0.840677976666408
0.701570490010515	0.841706784009292
0.70197047318612	0.84262467965871
0.702370456361725	0.843422202078281
0.702770439537329	0.844090635870793
0.703170422712934	0.844622348025176
0.703570405888538	0.845010944889237
0.703970389064143	0.845251146644424
0.704370372239748	0.84533850785122
0.704770355415352	0.845269171844185
0.705170338590957	0.845039717912134
0.705570321766562	0.844647064156024
0.705970304942166	0.844088435885694
0.706370288117771	0.843361330781479
0.706770271293375	0.842463389306786
0.70717025446898	0.841392198501612
0.707570237644585	0.84014518497985
0.707970220820189	0.838719669325854
0.708370203995794	0.837113238347203
0.708770187171399	0.835324307058008
0.709170170347003	0.83335252313586
0.709570153522608	0.831198880055183
0.709970136698213	0.828865521901123
0.710370119873817	0.826355224046086
0.710770103049422	0.823670808634606
0.711170086225026	0.820814764898421
0.711570069400631	0.817789229171427
0.711970052576236	0.814596231304208
0.71237003575184	0.811238069112597
0.712770018927445	0.807717463914849
0.713170002103049	0.804037577109277
0.713569985278654	0.800201970133771
0.713969968454259	0.796214655788566
0.714369951629863	0.792080220346777
0.714769934805468	0.787804213380235
0.715169917981073	0.78339369650429
0.715569901156677	0.778857677153052
0.715969884332282	0.774207135662731
0.716369867507886	0.769454666044628
0.716769850683491	0.764613824167013
0.717169833859096	0.759698409707502
0.7175698170347	0.7547217859616
0.717969800210305	0.749696533130809
0.71836978338591	0.744634403156513
0.718769766561514	0.739546406610861
0.719169749737119	0.734442994624791
0.719569732912724	0.729334289925045
0.719969716088328	0.72423025576348
0.720369699263933	0.719140836234384
0.720769682439537	0.714076025206275
0.721169665615142	0.709045825929872
0.721569648790747	0.704060148008742
0.721969631966351	0.699128607032162
0.722369615141956	0.694260197610619
0.72276959831756	0.689463031542807
0.723169581493165	0.684744137282199
0.72356956466877	0.680109343732054
0.723969547844374	0.675563340221719
0.724369531019979	0.671109880841002
0.724769514195584	0.666751938757424
0.725169497371188	0.662491981264146
0.725569480546793	0.65833226831091
0.725969463722398	0.654275006136532
0.726369446898002	0.650322479216594
0.726769430073607	0.646477355592944
0.727169413249211	0.642742820377422
0.727569396424816	0.63912255509986
0.727969379600421	0.635620665018798
0.728369362776025	0.63224154383508
0.72876934595163	0.628989562704531
0.729169329127235	0.625868813095837
0.729569312302839	0.622882970841857
0.729969295478444	0.620035252935641
0.730369278654048	0.617328417449456
0.730769261829653	0.614764794804943
0.731169245005258	0.612346265765547
0.731569228180862	0.6100741266205
0.731969211356467	0.607948834993299
0.732369194532072	0.60596982897303
0.732769177707676	0.604135496122114
0.733169160883281	0.602443359456727
0.733569144058885	0.600890392327072
0.73396912723449	0.599473442503683
0.734369110410095	0.59818959060886
0.734769093585699	0.59703632957191
0.735169076761304	0.596011503614455
0.735569059936909	0.595113157521522
0.735969043112513	0.594339424147187
0.736369026288118	0.593688576024641
0.736769009463722	0.593159128281631
0.737168992639327	0.592749986928901
0.737568975814932	0.592460600312063
0.737968958990536	0.592291128101952
0.738368942166141	0.59224236622214
0.738768925341746	0.592315457325909
0.73916890851735	0.592511491585596
0.739568891692955	0.592831152394226
0.739968874868559	0.593274347426378
0.740368858044164	0.593839915051299
0.740768841219769	0.594525539408191
0.741168824395373	0.595328056655435
0.741568807570978	0.596244047840697
0.741968790746583	0.597270632291489
0.742368773922187	0.598406226513266
0.742768757097792	0.599651182731257
0.743168740273397	0.601008095110234
0.743568723449001	0.602481699168156
0.743968706624606	0.604078257724665
0.74436868980021	0.605804710033754
0.744768672975815	0.607667965033804
0.74516865615142	0.609674357847736
0.745568639327024	0.611829218656538
0.745968622502629	0.614136710461071
0.746368605678233	0.616599799216903
0.746768588853838	0.619220228609106
0.747168572029443	0.621998392340755
0.747568555205047	0.624933131488541
0.747968538380652	0.628021453105862
0.748368521556257	0.63125840600362
0.748768504731861	0.634637125296163
0.749168487907466	0.638149064391558
0.749568471083071	0.64178456275024
0.749968454258675	0.645533673776671
0.75036843743428	0.649386860754699
0.750768420609884	0.653335485316884
0.751168403785489	0.657372005303127
0.751568386961094	0.661489816427633
0.751968370136698	0.66568287314473
0.752368353312303	0.669945335249709
0.752768336487908	0.674271171379752
0.753168319663512	0.678653803005268
0.753568302839117	0.683085828273473
0.753968286014721	0.6875588002056
0.754368269190326	0.69206290937501
0.754768252365931	0.696586735166063
0.755168235541535	0.701117204750475
0.75556821871714	0.705639807725795
0.755968201892744	0.710139116069353
0.756368185068349	0.714599672570516
0.756768168243954	0.719006923560157
0.757168151419558	0.723347917947312
0.757568134595163	0.72761174085276
0.757968117770768	0.731789680233187
0.758368100946372	0.735875186438456
0.758768084121977	0.739863632693072
0.759168067297582	0.743752022542592
0.759568050473186	0.747538646944963
0.759968033648791	0.751222795602966
0.760368016824395	0.754804443370366
0.760768	0.758283918066611
0.761167983175605	0.761661630768195
0.761567966351209	0.764938050866701
0.761967949526814	0.768113714489195
0.762367932702419	0.771189364280803
0.762767915878023	0.774166046866548
0.763167899053628	0.777045204991581
0.763567882229232	0.779828673777448
0.763967865404837	0.782518736996715
0.764367848580442	0.785117997757189
0.764767831756046	0.787629234955112
0.765167814931651	0.790055244214867
0.765567798107256	0.792398698230313
0.76596778128286	0.794661880651132
0.766367764458465	0.796846510728637
0.76676774763407	0.798953622708822
0.767167730809674	0.800983574607581
0.767567713985279	0.80293619802479
0.767967697160883	0.804811040773966
0.768367680336488	0.806607497996486
0.768767663512093	0.808325028829116
0.769167646687697	0.809963268841251
0.769567629863302	0.811521923004966
0.769967613038906	0.813000494805279
0.770367596214511	0.814398050628881
0.770767579390116	0.815712935505982
0.77116756256572	0.81694261755992
0.771567545741325	0.818083730739621
0.77196752891693	0.819132156883465
0.772367512092534	0.820083104600332
0.772767495268139	0.820931239006911
0.773167478443743	0.821670676005278
0.773567461619348	0.822294753906565
0.773967444794953	0.822795836892368
0.774367427970557	0.823165336952971
0.774767411146162	0.823394021075481
0.775167394321767	0.82347251855103
0.775567377497371	0.823392017115632
0.775967360672976	0.823145014037783
0.776367343848581	0.822725859621724
0.776767327024185	0.822130940987194
0.77716731019979	0.821358712157874
0.777567293375394	0.820409473017048
0.777967276550999	0.819285023071041
0.778367259726604	0.817988402351358
0.778767242902208	0.816523824787387
0.779167226077813	0.814896548198286
0.779567209253417	0.813112917058706
0.779967192429022	0.811180503114382
0.780367175604627	0.809108191841801
0.780767158780231	0.806906250384875
0.781167141955836	0.804586494719346
0.781567125131441	0.802162234089518
0.781967108307045	0.799647996851146
0.78236709148265	0.797059175634767
0.782767074658255	0.794411557675212
0.783167057833859	0.791720845798563
0.783567041009464	0.789002383263588
0.783967024185068	0.786270989441686
0.784367007360673	0.783540868726901
0.784766990536278	0.780825583311806
0.785166973711882	0.778137997850203
0.785566956887487	0.775490206340855
0.785966940063092	0.772893496748171
0.786366923238696	0.770358283930707
0.786766906414301	0.767894030964686
0.787166889589905	0.765509305243423
0.78756687276551	0.763211848071526
0.787966855941115	0.761008637426689
0.788366839116719	0.758905847808477
0.788766822292324	0.756908747642503
0.789166805467929	0.755021538738131
0.789566788643533	0.753247235905644
0.789966771819138	0.751587576341236
0.790366754994742	0.750043081020282
0.790766738170347	0.74861317743854
0.791166721345952	0.747296300135466
0.791566704521556	0.746089931352295
0.791966687697161	0.744990550852436
0.792366670872766	0.743993411879487
0.79276665404837	0.743092302925286
0.793166637223975	0.74227939603247
0.793566620399579	0.741545261882496
0.793966603575184	0.740879169265061
0.794366586750789	0.740269795864592
0.794766569926393	0.73970609079215
0.795166553101998	0.739178118575278
0.795566536277603	0.738677649437565
0.795966519453207	0.738198282405038
0.796366502628812	0.737735145496498
0.796766485804416	0.737284369924843
0.797166468980021	0.736842378827575
0.797566452155626	0.736405263860144
0.79796643533123	0.735968496946779
0.798366418506835	0.735526963017989
0.79876640168244	0.735075182913687
0.799166384858044	0.734607747279007
0.799566368033649	0.734119846436008
0.799966351209254	0.733607731524973
0.800366334384858	0.733069046577422
0.800766317560463	0.732502987257545
0.801166300736067	0.73191007994931
0.801566283911672	0.731291717689036
0.801966267087277	0.730649590453261
0.802366250262881	0.729985109631401
0.802766233438486	0.729298908047505
0.80316621661409	0.72859079090213
0.803566199789695	0.727860114286096
0.8039661829653	0.727106402701333
0.804366166140904	0.726330013852003
0.804766149316509	0.725532775656578
0.805166132492114	0.724718286341355
0.805566115667718	0.723891809249695
0.805966098843323	0.723060024741561
0.806366082018928	0.722230700260311
0.806766065194532	0.721412225596341
0.807166048370137	0.720613157403437
0.807566031545741	0.719841714599798
0.807966014721346	0.719105177739506
0.808365997896951	0.718409266526348
0.808765981072555	0.717757651434215
0.80916596424816	0.717151696826278
0.809565947423765	0.716590461122347
0.809965930599369	0.716070886801472
0.810365913774974	0.715588141826537
0.810765896950578	0.715136008656793
0.811165880126183	0.714707148797005
0.811565863301788	0.714293331052939
0.811965846477392	0.71388576035657
0.812365829652997	0.713475404829454
0.812765812828601	0.713053314649089
0.813165796004206	0.712611152556528
0.813565779179811	0.712141672387557
0.813965762355415	0.711638839215373
0.81436574553102	0.711097756374918
0.814765728706625	0.710514490622477
0.815165711882229	0.70988568536574
0.815565695057834	0.709208277108749
0.815965678233439	0.708479453327763
0.816365661409043	0.707696737562052
0.816765644584648	0.706858216583514
0.817165627760252	0.705962864166387
0.817565610935857	0.705010750457346
0.817965594111462	0.704003166930998
0.818365577287066	0.702942559221867
0.818765560462671	0.701832149663678
0.819165543638276	0.700675301112635
0.81956552681388	0.699474870899248
0.819965509989485	0.698232639081761
0.820365493165089	0.696949074186907
0.820765476340694	0.695623484048917
0.821165459516299	0.694254379547663
0.821565442691903	0.692839948069524
0.821965425867508	0.691378630273428
0.822365409043113	0.689869468291176
0.822765392218717	0.688312139081654
0.823165375394322	0.686706835460776
0.823565358569927	0.685054066276874
0.823965341745531	0.68335434960751
0.824365324921136	0.681608111013932
0.82476530809674	0.679815840972045
0.825165291272345	0.677978444893653
0.82556527444795	0.676097685950241
0.825965257623554	0.674176585493831
0.826365240799159	0.672219675149721
0.826765223974763	0.670233088687849
0.827165207150368	0.668224420907909
0.827565190325973	0.666202371119767
0.827965173501577	0.664176287602458
0.828365156677182	0.662155708070719
0.828765139852787	0.660149811912488
0.829165123028391	0.658166945108788
0.829565106203996	0.656214232058283
0.8299650893796	0.654297257210436
0.830365072555205	0.652419887007662
0.83076505573081	0.650584432416675
0.831165038906414	0.648792037068241
0.831565022082019	0.647043279765267
0.831965005257624	0.645338815721321
0.832364988433228	0.643679805762756
0.832764971608833	0.642067985533857
0.833164954784438	0.640505540108256
0.833564937960042	0.638994742821976
0.833964921135647	0.637537490711545
0.834364904311251	0.636134932593511
0.834764887486856	0.63478742752841
0.835164870662461	0.63349468533941
0.835564853838065	0.632256018059584
0.83596483701367	0.631070660109535
0.836364820189274	0.629938080113113
0.836764803364879	0.628858176841143
0.837164786540484	0.627831442371775
0.837564769716088	0.62685900134037
0.837964752891693	0.625942540719861
0.838364736067298	0.625084291541746
0.838764719242902	0.624287080153498
0.839164702418507	0.623554330923939
0.839564685594112	0.622889971142698
0.839964668769716	0.622298424541751
0.840364651945321	0.621784507920606
0.840764635120925	0.621353296571474
0.84116461829653	0.621010017351139
0.841564601472135	0.620760033155294
0.841964584647739	0.620608883388893
0.842364567823344	0.620562457093602
0.842764550998949	0.620627037266471
0.843164534174553	0.620809193802917
0.843564517350158	0.621115569811684
0.843964500525762	0.621552578492464
0.844364483701367	0.622125973186895
0.844764466876972	0.622840610039351
0.845164450052576	0.623700404012376
0.845564433228181	0.624708445645875
0.845964416403786	0.625867194777408
0.84636439957939	0.627178738033784
0.846764382754995	0.62864482129285
0.847164365930599	0.63026679168297
0.847564349106204	0.63204557681169
0.847964332281809	0.633981733257675
0.848364315457413	0.636075444897338
0.848764298633018	0.638326638248437
0.849164281808623	0.640735177867458
0.849564264984227	0.643300908582284
0.849964248159832	0.646023379864132
0.850364231335436	0.648901450370617
0.850764214511041	0.651932719288595
0.851164197686646	0.655112869794554
0.85156418086225	0.658435233521002
0.851964164037855	0.661890820761366
0.85236414721346	0.665468584787165
0.852764130389064	0.669155922268797
0.853164113564669	0.67293940457931
0.853564096740273	0.67680553852269
0.853964079915878	0.680741246279636
0.854364063091483	0.684734174219849
0.854764046267087	0.688772780012735
0.855164029442692	0.692846175100423
0.855564012618297	0.696943892301321
0.855963995793901	0.701055684922118
0.856363978969506	0.705171389305386
0.856763962145111	0.709281000222451
0.857163945320715	0.713374869753964
0.85756392849632	0.717443815331994
0.857963911671924	0.72147909537986
0.858363894847529	0.725472262740346
0.858763878023134	0.729414828698913
0.859163861198738	0.733297838886708
0.859563844374343	0.737111434858603
0.859963827549947	0.740844489558627
0.860363810725552	0.744484405380429
0.860763793901157	0.748017237598674
0.861163777076761	0.751428043429923
0.861563760252366	0.754701316208743
0.861963743427971	0.757821545194989
0.862363726603575	0.760773708804537
0.86276370977918	0.763543509081063
0.863163692954785	0.76611740051622
0.863563676130389	0.768482572967887
0.863963659305994	0.770626988457551
0.864363642481598	0.772539542445632
0.864763625657203	0.774210518848587
0.865163608832808	0.775632210218894
0.865563592008412	0.776799483831912
0.865963575184017	0.777710154419868
0.866363558359622	0.778365155244028
0.866763541535226	0.77876839104329
0.867163524710831	0.778926370405216
0.867563507886435	0.778847950767775
0.86796349106204	0.77854407205428
0.868363474237645	0.778027379689112
0.868763457413249	0.777311766082105
0.869163440588854	0.776411775331325
0.869563423764458	0.775341816807061
0.869963406940063	0.774115574667687
0.870363390115668	0.772745768391204
0.870763373291272	0.771244198484275
0.871163356466877	0.769622071363324
0.871563339642482	0.767890538705333
0.871963322818086	0.766060936418947
0.872363305993691	0.764144746413938
0.872763289169296	0.762153425944648
0.8731632723449	0.760098107989488
0.873563255520505	0.757989211634994
0.873963238696109	0.755836343975178
0.874363221871714	0.753648351128565
0.874763205047319	0.751433475741608
0.875163188222923	0.749199581888143
0.875563171398528	0.746954439622547
0.875963154574133	0.744705922439066
0.876363137749737	0.742462207534387
0.876763120925342	0.740231860470568
0.877163104100946	0.738023731957364
0.877563087276551	0.735846636531851
0.877963070452156	0.733708910161126
0.87836305362776	0.731617952915428
0.878763036803365	0.729579866389388
0.87916301997897	0.727599226393391
0.879563003154574	0.725679043529648
0.879962986330179	0.723820859443451
0.880362969505784	0.722024881536915
0.880762952681388	0.720290078455729
0.881162935856993	0.718614322377598
0.881562919032597	0.716994555472103
0.881962902208202	0.71542696055139
0.882362885383807	0.713907175433193
0.882762868559411	0.712430542236006
0.883162851735016	0.710992349948746
0.88356283491062	0.709587905019896
0.883962818086225	0.708212449412203
0.88436280126183	0.706860956255696
0.884762784437434	0.705527893293422
0.885162767613039	0.704206987069228
0.885562750788644	0.702891213137583
0.885962733964248	0.701573011671217
0.886362717139853	0.700244736934014
0.886762700315457	0.698899260706409
0.887162683491062	0.697530610607112
0.887562666666667	0.696134384629655
0.887962649842271	0.694707931744702
0.888362633017876	0.693250220268855
0.888762616193481	0.691761460547629
0.889162599369085	0.690242581180015
0.88956258254469	0.688694931284868
0.889962565720295	0.687120259949892
0.890362548895899	0.685520959961636
0.890762532071504	0.683900359544748
0.891162515247108	0.682262961798991
0.891562498422713	0.68061451876247
0.891962481598318	0.678961819539406
0.892362464773922	0.677312124308339
0.892762447949527	0.675672528107297
0.893162431125131	0.674049396951087
0.893562414300736	0.672447874841222
0.893962397476341	0.670871596909793
0.894362380651945	0.669322740009752
0.89476236382755	0.667802301600554
0.895162347003155	0.666310521704884
0.895562330178759	0.664847380199993
0.895962313354364	0.66341305506759
0.896362296529969	0.662008167456891
0.896762279705573	0.660633827841116
0.897162262881178	0.659291434436112
0.897562246056782	0.657982283779599
0.897962229232387	0.656707070621687
0.898362212407992	0.655465519336382
0.898762195583596	0.654256179913258
0.899162178759201	0.653076350533836
0.899562161934806	0.651922036060478
0.89996214511041	0.650788057820596
0.900362128286015	0.64966814477243
0.900762111461619	0.648555000969219
0.901162094637224	0.647440545768156
0.901562077812829	0.64631645913671
0.901962060988433	0.645540196273689
0.902362044164038	0.64464786927232
0.902762027339643	0.643625809865069
0.903162010515247	0.642469466535584
0.903561993690852	0.641181053690666
0.903961976866456	0.639767348989775
0.904361960042061	0.6382378741082
0.904761943217666	0.636603523263785
0.90516192639327	0.634875593375822
0.905561909568875	0.633065143471816
0.90596189274448	0.631182601977708
0.906361875920084	0.629237548821485
0.906761859095689	0.627238609935049
0.907161842271293	0.625193432588127
0.907561825446898	0.623108709883953
0.907961808622503	0.620990231266381
0.908361791798107	0.618842949547186
0.908761774973712	0.616671063989924
0.909161758149317	0.61447810126211
0.909561741324921	0.612266997906471
0.909961724500526	0.610040179810547
0.91036170767613	0.607799629511187
0.910761690851735	0.605546938783431
0.91116167402734	0.603283357669702
0.911561657202944	0.601009834642571
0.911961640378549	0.598727051676623
0.912361623554154	0.596435466673231
0.912761606729758	0.594135363657361
0.913161589905363	0.591826896817486
0.913561573080968	0.589510130938283
0.913961556256572	0.587185076383471
0.914361539432177	0.584851710495912
0.914761522607781	0.582509986896275
0.915161505783386	0.580159843160678
0.915561488958991	0.577801199749565
0.915961472134595	0.575433952503445
0.9163614553102	0.573057965415269
0.916761438485804	0.570673062240602
0.917161421661409	0.568279014135836
0.917561404837014	0.565875531962757
0.917961388012618	0.563462267612122
0.918361371188223	0.561038819650608
0.918761354363828	0.558604743806321
0.919161337539432	0.556159569378807
0.919561320715037	0.553702811636632
0.919961303890641	0.55123397711601
0.920361287066246	0.548752566537776
0.920761270241851	0.546258072925989
0.921161253417455	0.543749976539087
0.92156123659306	0.541227743573284
0.921961219768665	0.538690830156535
0.922361202944269	0.536138688058384
0.922761186119874	0.533570773023196
0.923161169295479	0.530986554475064
0.923561152471083	0.528385524843156
0.923961135646688	0.525767206891311
0.924361118822292	0.523131160485574
0.924761101997897	0.520476986824748
0.925161085173502	0.517804329199724
0.925561068349106	0.515112870300668
0.925961051524711	0.512402327993113
0.926361034700315	0.509672448443229
0.92676101787592	0.506922997915848
0.927161001051525	0.504153755370386
0.927560984227129	0.501364507638926
0.927960967402734	0.498555046719145
0.928360950578339	0.495725169993936
0.928760933753943	0.49287468362661
0.929160916929548	0.490003407297063
0.929560900105153	0.487111177908593
0.929960883280757	0.484197850673574
0.930360866456362	0.481263296838416
0.930760849631966	0.478307397938627
0.931160832807571	0.47533003818443
0.931560815983176	0.472331096765426
0.93196079915878	0.469310441310521
0.932360782334385	0.466267923291551
0.93276076550999	0.463203376124512
0.933160748685594	0.460116615268179
0.933560731861199	0.457007439248083
0.933960715036803	0.453875632190534
0.934360698212408	0.450720967661305
0.934760681388013	0.447543213260947
0.935160664563617	0.444342136189941
0.935560647739222	0.441117510486602
0.935960630914827	0.437869123296224
0.936360614090431	0.434596778971127
0.936760597266036	0.431300301012627
0.93716058044164	0.427979532597365
0.937560563617245	0.424634336164109
0.93796054679285	0.421264593746763
0.938360529968454	0.417870207929641
0.938760513144059	0.414451104641009
0.939160496319664	0.411007237930747
0.939560479495268	0.407538593335843
0.939960462670873	0.404045187921975
0.940360445846477	0.400527068890818
0.940760429022082	0.39698431068942
0.941160412197687	0.393417008433364
0.941560395373291	0.389825270960564
0.941960378548896	0.386209216394598
0.942360361724501	0.382568970289363
0.942760344900105	0.378904666468752
0.94316032807571	0.375216452089892
0.943560311251314	0.371504494348524
0.943960294426919	0.367768987885322
0.944360277602524	0.364010160921365
0.944760260778128	0.360228276638333
0.945160243953733	0.356423627509512
0.945560227129338	0.352596526435659
0.945960210304942	0.348747296470626
0.946360193480547	0.344876262995098
0.946760176656152	0.340983748997789
0.947160159831756	0.337070071827534
0.947560143007361	0.333135540809273
0.947960126182965	0.329180453095629
0.94836010935857	0.325205083846851
0.948760092534175	0.321209673093215
