0	0.656439744516068
0.000399983164274591	0.654518823698606
0.000799966328549181	0.6526334784786
0.00119994949282377	0.65078301648368
0.00159993265709836	0.648966675854497
0.00199991582137295	0.647183652788094
0.00239989898564754	0.645433122101397
0.00279988214992213	0.643714249401743
0.00319986531419673	0.642026190404582
0.00359984847847132	0.640368089944632
0.00399983164274591	0.638739086616807
0.0043998148070205	0.637138326142581
0.00479979797129509	0.635564978037784
0.00519978113556968	0.634018248226526
0.00559976429984427	0.632497384670661
0.00599974746411886	0.631001677976757
0.00639973062839345	0.629530456274214
0.00679971379266804	0.628083079300868
0.00719969695694263	0.626658935190568
0.00759968012121722	0.62525743996217
0.00799966328549181	0.623878037360031
0.0083996464497664	0.622520199964363
0.00879962961404099	0.621183430659766
0.00919961277831559	0.619867264742686
0.00959959594259018	0.61857127188584
0.00999957910686477	0.617295059278463
0.0103995622711394	0.616038274228721
0.0107995454354139	0.614800604375079
0.0111995285996885	0.613581775576633
0.0115995117639631	0.612381547785751
0.0119994949282377	0.611199708867026
0.0123994780925123	0.610036068055573
0.0127994612567869	0.608890452459227
0.0131994444210615	0.607762707886872
0.0135994275853361	0.606652702904949
0.0139994107496107	0.605560333728131
0.0143993939138853	0.60448552696224
0.0147993770781599	0.603428239131743
0.0151993602424344	0.602388453138974
0.015599343406709	0.601366172776679
0.0159993265709836	0.600361418438575
0.0163993097352582	0.599374224841669
0.0167992928995328	0.598404641498121
0.0171992760638074	0.597452735993017
0.017599259228082	0.596518599812803
0.0179992423923566	0.595602352902496
0.0183992255566312	0.59470414568463
0.0187992087209058	0.593824158857944
0.0191991918851804	0.592962601359243
0.0195991750494549	0.59211970679255
0.0199991582137295	0.591295729720883
0.0203991413780041	0.590490942955112
0.0207991245422787	0.589705637106467
0.0211991077065533	0.588940121679891
0.0215990908708279	0.588194725956818
0.0219990740351025	0.587469799789726
0.0223990571993771	0.586765713888466
0.0227990403636517	0.586082859514969
0.0231990235279263	0.585421645584271
0.0235990066922009	0.584782494190889
0.0239989898564754	0.584165834682736
0.02439897302075	0.583572100686529
0.0247989561850246	0.583001728054251
0.0251989393492992	0.582455154136628
0.0255989225135738	0.581932817899107
0.0259989056778484	0.581435164442708
0.026398888842123	0.580962653580865
0.0267988720063976	0.580515767250882
0.0271988551706722	0.580095012277664
0.0275988383349468	0.579700920216597
0.0279988214992213	0.579334038041836
0.0283988046634959	0.578994908772752
0.0287987878277705	0.578684046509742
0.0291987709920451	0.578401913663669
0.0295987541563197	0.578148901567217
0.0299987373205943	0.577925321662392
0.0303987204848689	0.577731408156087
0.0307987036491435	0.577567328130083
0.0311986868134181	0.577433195015471
0.0315986699776927	0.577329083072014
0.0319986531419673	0.577255036771094
0.0323986363062418	0.577211074417939
0.0327986194705164	0.577197188467565
0.033198602634791	0.577213343580807
0.0335985857990656	0.577259471871256
0.0339985689633402	0.57733546650456
0.0343985521276148	0.577441172186916
0.0347985352918894	0.577576373682694
0.035198518456164	0.577740779584121
0.0355985016204386	0.57793400491253
0.0359984847847132	0.578155553957232
0.0363984679489878	0.57840479678849
0.0367984511132623	0.578680935635101
0.0371984342775369	0.578982964701498
0.0375984174418115	0.579309621426108
0.0379984006060861	0.579659327580996
0.0383983837703607	0.580030128241234
0.0387983669346353	0.580419626631482
0.0391983500989099	0.580824913203408
0.0395983332631845	0.581242488900451
0.0399983164274591	0.58166817515017
0.0403982995917337	0.582096993145005
0.0407982827560083	0.582523015243995
0.0411982659202828	0.582939185749785
0.0415982490845574	0.583337106214098
0.041998232248832	0.583706793929305
0.0423982154131066	0.58403642528832
0.0427981985773812	0.584312056710223
0.0431981817416558	0.584517337070097
0.0435981649059304	0.584633242497666
0.043998148070205	0.584637873817969
0.0443981312344796	0.584506397951408
0.0447981143987542	0.584211291990841
0.0451980975630287	0.583723075011549
0.0455980807273033	0.583011787697771
0.0459980638915779	0.58204956298058
0.0463980470558525	0.580814663462227
0.0467980302201271	0.57929729084407
0.0471980133844017	0.577507330347782
0.0475979965486763	0.575198259088778
0.0479979797129509	0.572891144388012
0.0483979628772255	0.570603821318914
0.0487979460415001	0.568352438363896
0.0491979292057747	0.566151406728314
0.0495979123700492	0.564013296111407
0.0499978955343238	0.561948700216959
0.0503978786985984	0.559965987086482
0.050797861862873	0.558070883349461
0.0511978450271476	0.556266253234345
0.0515978281914222	0.554552188530671
0.0519978113556968	0.552926570424015
0.0523977945199714	0.55138597106926
0.052797777684246	0.549926545103033
0.0531977608485206	0.548544719789115
0.0535977440127952	0.547237699303808
0.0539977271770697	0.546003560295518
0.0543977103413443	0.544841083527
0.0547976935056189	0.543749636625882
0.0551976766698935	0.542729068722818
0.0555976598341681	0.541779450002856
0.0559976429984427	0.540900850116213
0.0563976261627173	0.540093188601645
0.0567976093269919	0.539356155129429
0.0571975924912665	0.538689196663062
0.0575975756555411	0.538091663520876
0.0579975588198157	0.537562968186934
0.0583975419840902	0.537102685653972
0.0587975251483648	0.536710498597734
0.0591975083126394	0.536385984134244
0.059597491476914	0.536128277143233
0.0599974746411886	0.535935717772662
0.0603974578054632	0.535805643194164
0.0607974409697378	0.535734506711713
0.0611974241340124	0.535718244271296
0.061597407298287	0.535752653874504
0.0619973904625616	0.535833660717094
0.0623973736268362	0.535957391168114
0.0627973567911107	0.536119917330297
0.0631973399553853	0.536316838756105
0.0635973231196599	0.536543010989852
0.0639973062839345	0.536792415768714
0.0643972894482091	0.537058217154432
0.0647972726124837	0.537333129095722
0.0651972557767583	0.537609987942599
0.0655972389410329	0.537882248366477
0.0659972221053075	0.538144393442264
0.0663972052695821	0.538392104526069
0.0667971884338567	0.53862213001114
0.0671971715981312	0.53883201841159
0.0675971547624058	0.539019862397178
0.0679971379266804	0.539183910066245
0.068397121090955	0.539322238128848
0.0687971042552296	0.53943260039258
0.0691970874195042	0.53951237387659
0.0695970705837788	0.539558558063288
0.0699970537480534	0.539567904707957
0.070397036912328	0.539537122536812
0.0707970200766026	0.539463012280008
0.0711970032408771	0.539342542186656
0.0715969864051517	0.539172876067718
0.0719969695694263	0.538951503532704
0.0723969527337009	0.538676443087335
0.0727969358979755	0.538346542703594
0.0731969190622501	0.53796178961788
0.0735969022265247	0.537523688833484
0.0739968853907993	0.53703579058808
0.0743968685550739	0.536504199129808
0.0747968517193485	0.535937697432655
0.0751968348836231	0.535347584571505
0.0755968180478976	0.534747192081956
0.0759968012121722	0.534150976734758
0.0763967843764468	0.53357321965021
0.0767967675407214	0.533026774822853
0.077196750704996	0.532521916471084
0.0775967338692706	0.532065550345499
0.0779967170335452	0.531661006036637
0.0783967001978198	0.531308371312009
0.0787966833620944	0.531005125016091
0.079196666526369	0.530746992606212
0.0795966496906435	0.53052880292473
0.0799966328549181	0.530345129272494
0.0803966160191927	0.530190721415382
0.0807965991834673	0.530060865526576
0.0811965823477419	0.529951637675046
0.0815965655120165	0.529860083977567
0.0819965486762911	0.529784319441004
0.0823965318405657	0.529723576616519
0.0827965150048403	0.52967812950948
0.0831964981691149	0.529649182903411
0.0835964813333895	0.529638721336125
0.083996464497664	0.529649218037648
0.0843964476619386	0.529683222060243
0.0847964308262132	0.529742971787082
0.0851964139904878	0.529830045930687
0.0855963971547624	0.529945059540281
0.085996380319037	0.530087548768831
0.0863963634833116	0.530255967300403
0.0867963466475862	0.530447713301392
0.0871963298118608	0.530659205346429
0.0875963129761354	0.530885873962085
0.0879962961404099	0.531121883723161
0.0883962793046845	0.531359857451672
0.0887962624689591	0.531590718186657
0.0891962456332337	0.531803691896764
0.0895962287975083	0.531986680862291
0.0899962119617829	0.532127097842803
0.0903961951260575	0.532212688726868
0.0907961782903321	0.532232242150632
0.0911961614546067	0.532176189726421
0.0915961446188813	0.5320368151671
0.0919961277831559	0.531808035630798
0.0923961109474305	0.531485327876118
0.092796094111705	0.531065607293318
0.0931960772759796	0.530546903230007
0.0935960604402542	0.529928071540715
0.0939960436045288	0.529208597235885
0.0943960267688034	0.528388105414406
0.094796009933078	0.527465861899106
0.0951959930973526	0.526440496330332
0.0955959762616272	0.525309794477392
0.0959959594259018	0.524070713214076
0.0963959425901764	0.522719954288474
0.096795925754451	0.521254593136472
0.0971959089187255	0.519672591917202
0.0975958920830001	0.51797337293084
0.0979958752472747	0.516158216603502
0.0983958584115493	0.514230193083034
0.0987958415758239	0.512194043238645
0.0991958247400985	0.510056002398138
0.0995958079043731	0.507823466546676
0.0999957910686477	0.505504724607102
0.100395774232922	0.503108911057188
0.100795757397197	0.500646030626062
0.101195740561471	0.498127025962365
0.101595723725746	0.495563913548976
0.101995706890021	0.492969900744871
0.102395690054295	0.490359396010373
0.10279567321857	0.487747936807574
0.103195656382844	0.485151965607512
0.103595639547119	0.482588422655161
0.103995622711394	0.480074221898012
0.104395605875668	0.477625748575177
0.104795589039943	0.475258535865466
0.105195572204217	0.47298708768912
0.105595555368492	0.47082489477215
0.105995538532767	0.468784637901983
0.106395521697041	0.466878348990101
0.106795504861316	0.465117445674437
0.10719548802559	0.463512772493076
0.107595471189865	0.462074514679239
0.107995454354139	0.460811993181292
0.108395437518414	0.459733578766572
0.108795420682689	0.458846743438193
0.109195403846963	0.458158100473946
0.109595387011238	0.45767347965322
0.109995370175512	0.457398028747491
0.110395353339787	0.457336208867617
0.110795336504062	0.457491726322014
0.111195319668336	0.457867477934618
0.111595302832611	0.458465549139994
0.111995285996885	0.459287302919467
0.11239526916116	0.460333648044731
0.112795252325435	0.461605285911218
0.113195235489709	0.463102837722688
0.113595218653984	0.464826861918587
0.113995201818258	0.466777614953221
0.114395184982533	0.468954541209542
0.114795168146808	0.471355703389321
0.115195151311082	0.473977254108591
0.115595134475357	0.476812934865126
0.115995117639631	0.479853772126317
0.116395100803906	0.483087947337146
0.11679508396818	0.486500681481576
0.117195067132455	0.490074228232649
0.11759505029673	0.493788109762859
0.117995033461004	0.497619503167673
0.118395016625279	0.501543909122704
0.118794999789553	0.505536201396702
0.119194982953828	0.509571880076815
0.119594966118103	0.513628216157557
0.119994949282377	0.517685029059534
0.120394932446652	0.521724920058873
0.120794915610926	0.52573292999305
0.121194898775201	0.529695839984059
0.121594881939476	0.533601342372092
0.12199486510375	0.537437389469709
0.122394848268025	0.541191912684325
0.122794831432299	0.544852937709322
0.123194814596574	0.548408947592183
0.123594797760849	0.551849393555413
0.123994780925123	0.555165100697922
0.124394764089398	0.558348495355685
0.124794747253672	0.561393689474867
0.125194730417947	0.564296379491894
0.125594713582221	0.567053606853516
0.125994696746496	0.569663586292464
0.126394679910771	0.572125634723034
0.126794663075045	0.574440094703772
0.12719464623932	0.57660834851883
0.127594629403594	0.578633051382344
0.127994612567869	0.580518539831873
0.128394595732144	0.582271238008145
0.128794578896418	0.583900046321013
0.129194562060693	0.585416470209985
0.129594545224967	0.586834284246178
0.129994528389242	0.588168680769985
0.130394511553517	0.589435098784269
0.130794494717791	0.59064788913717
0.131194477882066	0.591819111619304
0.13159446104634	0.592957764697966
0.131994444210615	0.594069665419086
0.13239442737489	0.595157854905787
0.132794410539164	0.596223409510462
0.133194393703439	0.5972663969799
0.133594376867713	0.598286681731945
0.133994360031988	0.599284371754166
0.134394343196262	0.600259950299912
0.134794326360537	0.601214151518489
0.135194309524812	0.602147760785515
0.135594292689086	0.603061491515202
0.135994275853361	0.603956006398602
0.136394259017635	0.604832050632689
0.13679424218191	0.605690605122792
0.137194225346185	0.606532949418014
0.137594208510459	0.607360622585793
0.137994191674734	0.608175133604583
0.138394174839008	0.608977461632829
0.138794158003283	0.609767486306301
0.139194141167558	0.610543520711905
0.139594124331832	0.61130198856877
0.139994107496107	0.612037364064677
0.140394090660381	0.612742284346896
0.140794073824656	0.613407805542517
0.141194056988931	0.614023862033627
0.141594040153205	0.614579859706865
0.14199402331748	0.615065295885749
0.142394006481754	0.615470403081044
0.142793989646029	0.615786784418553
0.143193972810303	0.616007990938053
0.143593955974578	0.61613006506221
0.143993939138853	0.616151892028533
0.144393922303127	0.616075259881307
0.144793905467402	0.615904733207217
0.145193888631676	0.615647243771256
0.145593871795951	0.615311296362471
0.145993854960226	0.614906058203683
0.1463938381245	0.614440562260094
0.146793821288775	0.613922982216723
0.147193804453049	0.613360124917317
0.147593787617324	0.612757272478752
0.147993770781599	0.612118198583751
0.148393753945873	0.611445279447793
0.148793737110148	0.610739760243348
0.149193720274422	0.610001868563692
0.149593703438697	0.609230742411732
0.149993686602972	0.608424461812389
0.150393669767246	0.607580181781021
0.150793652931521	0.606694198668687
0.151193636095795	0.605762228591236
0.15159361926007	0.604779853481698
0.151993602424344	0.603742908249742
0.152393585588619	0.602647796301282
0.152793568752894	0.601491804708041
0.153193551917168	0.600273163322245
0.153593535081443	0.598990940087643
0.153993518245717	0.597644866099921
0.154393501409992	0.596235032812974
0.154793484574267	0.59476151595484
0.155193467738541	0.593224180961082
0.155593450902816	0.59162257553222
0.15599343406709	0.589956037356648
0.156393417231365	0.588223967535357
0.15679340039564	0.58642608553695
0.157193383559914	0.584562597184787
0.157593366724189	0.582634339364758
0.157993349888463	0.580642702864518
0.158393333052738	0.5785894739654
0.158793316217013	0.576476802971655
0.159193299381287	0.574307247089082
0.159593282545562	0.572083796886925
0.159993265709836	0.569809993458781
0.160393248874111	0.567489993275464
0.160793232038385	0.565128542396487
0.16119321520266	0.562730934013252
0.161593198366935	0.560302947714539
0.161993181531209	0.557850792977486
0.162393164695484	0.555381185756953
0.162793147859758	0.552901497063492
0.163193131024033	0.550419773722448
0.163593114188308	0.547944588557794
0.163993097352582	0.545484711219415
0.164393080516857	0.543048705072971
0.164793063681131	0.540644498981118
0.165193046845406	0.538279026543905
0.165593030009681	0.535958075399852
0.165993013173955	0.533686357569559
0.16639299633823	0.531467658987504
0.166792979502504	0.529305006645014
0.167192962666779	0.527200844276635
0.167592945831053	0.525157144397227
0.167992928995328	0.523175511045572
0.168392912159603	0.521257265084746
0.168792895323877	0.519403522409015
0.169192878488152	0.517615396662635
0.169592861652426	0.515894421903911
0.169992844816701	0.514242912928348
0.170392827980976	0.512664303395637
0.17079281114525	0.511163507933249
0.171192794309525	0.509747156996456
0.171592777473799	0.508423535300461
0.171992760638074	0.507202320422708
0.172392743802349	0.506094013043821
0.172792726966623	0.505109134648728
0.173192710130898	0.504257423010459
0.173592693295172	0.503547165726275
0.173992676459447	0.50298472022568
0.174392659623722	0.502574260644548
0.174792642787996	0.502317701745997
0.175192625952271	0.502214663887511
0.175592609116545	0.502262351154907
0.17599259228082	0.502455399120106
0.176392575445094	0.502785841769915
0.176792558609369	0.503243298678492
0.177192541773644	0.50381528328445
0.177592524937918	0.504487679136265
0.177992508102193	0.505245393523014
0.178392491266467	0.506072944788605
0.178792474430742	0.506954725779512
0.179192457595017	0.507875077043928
0.179592440759291	0.508818183883846
0.179992423923566	0.509767845086007
0.18039240708784	0.510707389303389
0.180792390252115	0.511619893377352
0.18119237341639	0.51248857206255
0.181592356580664	0.513297326111151
0.181992339744939	0.514031358337754
0.182392322909213	0.514677662217728
0.182792306073488	0.515225213871231
0.183192289237763	0.51566490482873
0.183592272402037	0.515989231101092
0.183992255566312	0.516191802332223
0.184392238730586	0.516266905142324
0.184792221894861	0.516209313340272
0.185192205059136	0.516014413561185
0.18559218822341	0.515678438443937
0.185992171387685	0.515198791868932
0.186392154551959	0.514574408462618
0.186792137716234	0.51380600169994
0.187192120880508	0.512896079437319
0.187592104044783	0.511849021412426
0.187992087209058	0.510671169477592
0.188392070373332	0.50937080208298
0.188792053537607	0.507958026425704
0.189192036701881	0.506444594730977
0.189592019866156	0.50484349325652
0.189992003030431	0.503168348787444
0.190391986194705	0.501432757771935
0.19079196935898	0.499649609152368
0.191191952523254	0.497830618546572
0.191591935687529	0.495986144374544
0.191991918851804	0.494125220733239
0.192391902016078	0.492255726580217
0.192791885180353	0.490384691086121
0.193191868344627	0.488518521975144
0.193591851508902	0.48666323944917
0.193991834673176	0.484824770907142
0.194391817837451	0.483009118588527
0.194791801001726	0.481222316458683
0.195191784166	0.479470346970918
0.195591767330275	0.47775885815394
0.195991750494549	0.476092726308881
0.196391733658824	0.474475683558135
0.196791716823099	0.472910149656211
0.197191699987373	0.471397309915656
0.197591683151648	0.46993761407678
0.197991666315922	0.468531375891441
0.198391649480197	0.467179161751345
0.198791632644472	0.465881947127128
0.199191615808746	0.464641056703759
0.199591598973021	0.463457788314746
0.199991582137295	0.462333001051731
0.20039156530157	0.461266978270759
0.200791548465845	0.460259603555687
0.201191531630119	0.459310793450603
0.201591514794394	0.45842092957712
0.201991497958668	0.45759105710525
0.202391481122943	0.456822913239643
0.202791464287217	0.456118756240249
0.203191447451492	0.455480965319498
0.203591430615767	0.454911679061615
0.203991413780041	0.454412617501034
0.204391396944316	0.453984964960067
0.20479138010859	0.453629318547683
0.205191363272865	0.453345656955566
0.20559134643714	0.45313312984211
0.205991329601414	0.452989821941197
0.206391312765689	0.452912616701641
0.206791295929963	0.452897177421371
0.207191279094238	0.45293813438336
0.207591262258513	0.453029559268303
0.207991245422787	0.453165521034378
0.208391228587062	0.453340541955875
0.208791211751336	0.453549950128428
0.209191194915611	0.453789946235198
0.209591178079886	0.45405751254103
0.20999116124416	0.454350364173948
0.210391144408435	0.454667005892841
0.210791127572709	0.455006777557327
0.211191110736984	0.455369804645193
0.211591093901258	0.455756742013187
0.211991077065533	0.456168226455927
0.212391060229808	0.456604131480573
0.212791043394082	0.457062804862412
0.213191026558357	0.457540592353262
0.213591009722631	0.458031929691865
0.213990992886906	0.458529951455773
0.214390976051181	0.459027476451996
0.214790959215455	0.459518151371558
0.21519094237973	0.459997314959899
0.215590925544004	0.46046244226656
0.215990908708279	0.460913130908979
0.216390891872554	0.461350777232419
0.216790875036828	0.461778015120363
0.217190858201103	0.462198261113121
0.217590841365377	0.462615264800487
0.217990824529652	0.463032760506919
0.218390807693927	0.463454241708044
0.218790790858201	0.46388292710126
0.219190774022476	0.464321695258846
0.21959075718675	0.464773117868979
0.219990740351025	0.465239585473612
0.220390723515299	0.465723437031291
0.220790706679574	0.466227012910977
0.221190689843849	0.466752745708155
0.221590673008123	0.46730314205964
0.221990656172398	0.46788066526858
0.222390639336672	0.468487563345416
0.222790622500947	0.469125694907298
0.223190605665222	0.469796374971959
0.223590588829496	0.470500423686774
0.223990571993771	0.47123845012038
0.224390555158045	0.47201125499344
0.22479053832232	0.472820300683179
0.225190521486595	0.473668095226032
0.225590504650869	0.474558285466259
0.225990487815144	0.475495319694353
0.226390470979418	0.476483748193777
0.226790454143693	0.47752723282278
0.227190437307968	0.478627639074774
0.227590420472242	0.479784424727707
0.227990403636517	0.480994408826615
0.228390386800791	0.482251880476446
0.228790369965066	0.483549009876064
0.22919035312934	0.484876256889126
0.229590336293615	0.486222675976391
0.22999031945789	0.487576162311013
0.230390302622164	0.488923676958325
0.230790285786439	0.49025150687894
0.231190268950713	0.491545771235339
0.231590252114988	0.492793196504036
0.231990235279263	0.4939819356666
0.232390218443537	0.495102284493362
0.232790201607812	0.49614723183679
0.233190184772086	0.49711263614462
0.233590167936361	0.497996991922287
0.233990151100636	0.498800984523707
0.23439013426491	0.499527009380675
0.234790117429185	0.500178729289313
0.235190100593459	0.500760783384405
0.235590083757734	0.501278603276004
0.235990066922009	0.501738254258079
0.236390050086283	0.502146312431109
0.236790033250558	0.502509632545665
0.237190016414832	0.502835004353431
0.237589999579107	0.50312880270231
0.237989982743381	0.503396675730263
0.238389965907656	0.50364334253584
0.238789949071931	0.503872547790532
0.239189932236205	0.504087152968187
0.23958991540048	0.504289225387723
0.239989898564754	0.504480297079636
0.240389881729029	0.504661690246313
0.240789864893304	0.504834668834986
0.241189848057578	0.505000362325469
0.241589831221853	0.50515963672845
0.241989814386127	0.505312858276455
0.242389797550402	0.505459476741434
0.242789780714677	0.505597774367971
0.243189763878951	0.505724855891911
0.243589747043226	0.50583681090884
0.2439897302075	0.505929100411582
0.244389713371775	0.505996932005397
0.24478969653605	0.506035402441146
0.245189679700324	0.50603944248585
0.245589662864599	0.506003714951039
0.245989646028873	0.505922302988705
0.246389629193148	0.505788444673411
0.246789612357422	0.505594561811058
0.247189595521697	0.505332511425897
0.247589578685972	0.504993939608345
0.247989561850246	0.504570847538201
0.248389545014521	0.504056155980246
0.248789528178795	0.503444201210413
0.24918951134307	0.502731170872258
0.249589494507345	0.501915304473778
0.249989477671619	0.500996692325327
0.250389460835894	0.499976990381387
0.250789444000168	0.498858999338091
0.251189427164443	0.49764627909116
0.251589410328718	0.496342822100682
0.251989393492992	0.494952980843758
0.252389376657267	0.49348157468406
0.252789359821541	0.491934088711578
0.253189342985816	0.490316819055236
0.25358932615009	0.488637003514321
0.253989309314365	0.486902935251896
0.25438929247864	0.485124041631279
0.254789275642914	0.48331094571501
0.255189258807189	0.481475468692851
0.255589241971463	0.479630553473061
0.255989225135738	0.477790069250247
0.256389208300013	0.475968436330458
0.256789191464287	0.47418010116408
0.257189174628562	0.472439118410637
0.257589157792836	0.470758923870947
0.257989140957111	0.469152245164748
0.258389124121386	0.467631173110959
0.25878910728566	0.466207304780072
0.259189090449935	0.464891763442822
0.259589073614209	0.463695183678767
0.259989056778484	0.462627583118233
0.260389039942759	0.461698087958112
0.260789023107033	0.460914726478743
0.261189006271308	0.460284433935992
0.261588989435582	0.459813139778945
0.261988972599857	0.459505883162973
0.262388955764132	0.459366886735125
0.262788938928406	0.459399420608954
0.263188922092681	0.459605461659145
0.263588905256955	0.459985080378471
0.26398888842123	0.460535735924936
0.264388871585504	0.461251806092242
0.264788854749779	0.462124536713391
0.265188837914054	0.463142407590777
0.265588821078328	0.464291970454107
0.265988804242603	0.465558880512385
0.266388787406877	0.466928864848047
0.266788770571152	0.468388620693191
0.267188753735427	0.469926435757267
0.267588736899701	0.471532339943041
0.267988720063976	0.473198113519437
0.26838870322825	0.474917365993036
0.268788686392525	0.476685560332719
0.2691886695568	0.478500142028718
0.269588652721074	0.480360760721376
0.269988635885349	0.482269317603513
0.270388619049623	0.484229849283301
0.270788602213898	0.486248293662223
0.271188585378172	0.488331995605783
0.271588568542447	0.490489147083182
0.271988551706722	0.492728424356484
0.272388534870996	0.495058676469546
0.272788518035271	0.4974886824224
0.273188501199545	0.500027166209185
0.27358848436382	0.502682988762956
0.273988467528095	0.505465231854416
0.274388450692369	0.508383229679542
0.274788433856644	0.511446522562676
0.275188417020918	0.514664564231749
0.275588400185193	0.518046228743531
0.275988383349468	0.521599325343189
0.276388366513742	0.525330110839201
0.276788349678017	0.529242868335408
0.277188332842291	0.533339696149165
0.277588316006566	0.537620609246756
0.277988299170841	0.542083873249397
0.278388282335115	0.546726500034866
0.27878826549939	0.551544642947331
0.279188248663664	0.556533729674677
0.279588231827939	0.561688305750339
0.279988214992213	0.567001718232987
0.280388198156488	0.572465736792968
0.280788181320763	0.578070260141074
0.281188164485037	0.583803267782615
0.281588147649312	0.589651097973819
0.281988130813586	0.595598861805908
0.282388113977861	0.601630843870048
0.282788097142136	0.607730888859328
0.28318808030641	0.613882783783689
0.283588063470685	0.620070519255551
0.283988046634959	0.626278530210473
0.284388029799234	0.632491968114139
0.284788012963509	0.638697043169427
0.285187996127783	0.644881236042417
0.285587979292058	0.65103326674972
0.285987962456332	0.657142807616817
0.286387945620607	0.66320020913689
0.286787928784882	0.669196269795786
0.287187911949156	0.675122170929178
0.287587895113431	0.680969712696937
0.287987878277705	0.686731867457736
0.28838786144198	0.692403263296109
0.288787844606255	0.697980444078964
0.289187827770529	0.703461876820605
0.289587810934804	0.708847603614695
0.289987794099078	0.714138600658421
0.290387777263353	0.719336041499111
0.290787760427627	0.724440584540827
0.291187743591902	0.729451814180756
0.291587726756177	0.734368005798699
0.291987709920451	0.739186205991611
0.292387693084726	0.743902473197143
0.292787676249	0.748512307567055
0.293187659413275	0.753011146711418
0.29358764257755	0.757394685237665
0.293987625741824	0.761658955962053
0.294387608906099	0.765800243304435
0.294787592070373	0.769814862658713
0.295187575234648	0.773698839748516
0.295587558398923	0.7774476616625
0.295987541563197	0.781056229681846
0.296387524727472	0.784519087004938
0.296787507891746	0.787830625345533
0.297187491056021	0.790985037634606
0.297587474220295	0.793976169651429
0.29798745738457	0.796797244607451
0.298387440548845	0.799440458358448
0.298787423713119	0.801896781478173
0.299187406877394	0.8041560497033
0.299587390041668	0.806207257746947
0.299987373205943	0.80803915178513
0.300387356370218	0.809640974168198
0.300787339534492	0.811002931387146
0.301187322698767	0.812116509421595
0.301587305863041	0.81297469400482
0.301987289027316	0.81357198718377
0.302387272191591	0.813904362011515
0.302787255355865	0.813969372672474
0.30318723852014	0.81376633979039
0.303587221684414	0.813296563207074
0.303987204848689	0.812563597055013
0.304387188012963	0.811573317090236
0.304787171177238	0.810333812316167
0.305187154341513	0.808855283253497
0.305587137505787	0.807149916547469
0.305987120670062	0.805231594218244
0.306387103834336	0.803115447004925
0.306787086998611	0.800817249191801
0.307187070162886	0.798352651948972
0.30758705332716	0.795736301479735
0.307987036491435	0.792981058689737
0.308387019655709	0.790097499239995
0.308787002819984	0.787093877905881
0.309186985984259	0.783976499782584
0.309586969148533	0.780750389895599
0.309986952312808	0.777419970728037
0.310386935477082	0.773989663224051
0.310786918641357	0.770464285405483
0.311186901805632	0.766849214287314
0.311586884969906	0.763150378500892
0.311986868134181	0.759374264801838
0.312386851298455	0.755528017485921
0.31278683446273	0.751619507063742
0.313186817627005	0.747657293509845
0.313586800791279	0.743650500270158
0.313986783955554	0.739608634806701
0.314386767119828	0.735541360898237
0.314786750284103	0.731458351159907
0.315186733448377	0.727369128166976
0.315586716612652	0.723282862588705
0.315986699776927	0.719208158757388
0.316386682941201	0.715152914629895
0.316786666105476	0.711124190078802
0.31718664926975	0.707128228695462
0.317586632434025	0.70317068031716
0.3179866155983	0.699256888759327
0.318386598762574	0.695392097818966
0.318786581926849	0.691581556299768
0.319186565091123	0.687830400327508
0.319586548255398	0.68414341370259
0.319986531419673	0.680524822720187
0.320386514583947	0.67697827138337
0.320786497748222	0.67350702641872
0.321186480912496	0.670114498094005
0.321586464076771	0.666804788918272
0.321986447241046	0.663583037051203
0.32238643040532	0.660455487649109
0.322786413569595	0.657429312865837
0.323186396733869	0.654512257064132
0.323586379898144	0.651712256681815
0.323986363062418	0.64903719285863
0.324386346226693	0.646494691761579
0.324786329390968	0.644091930692666
0.325186312555242	0.641835477496985
0.325586295719517	0.639731077808878
0.325986278883791	0.637783377009316
0.326386262048066	0.635995700926161
0.326786245212341	0.634370107067997
0.327186228376615	0.632907504776031
0.32758621154089	0.631607786440415
0.327986194705164	0.630469959868578
0.328386177869439	0.629492178068831
0.328786161033714	0.628671507510635
0.329186144197988	0.628003726924517
0.329586127362263	0.627483345534508
0.329986110526537	0.627103631861746
0.330386093690812	0.626856754774643
0.330786076855086	0.626734118824401
0.331186060019361	0.626726565731304
0.331586043183636	0.626824415636071
0.33198602634791	0.627017527081812
0.332386009512185	0.627295347883096
0.332785992676459	0.62764695953615
0.333185975840734	0.628061281257151
0.333585959005009	0.628527378857299
0.333985942169283	0.629034664898545
0.334385925333558	0.629573094649544
0.334785908497832	0.630133288102166
0.335185891662107	0.630706604286135
0.335585874826382	0.631285304615204
0.335985857990656	0.63186282498417
0.336385841154931	0.632433997665713
0.336785824319205	0.632995289447165
0.33718580748348	0.633544962131465
0.337585790647755	0.63408288548791
0.337985773812029	0.634610091052525
0.338385756976304	0.63512827568324
0.338785740140578	0.635639206713227
0.339185723304853	0.636144246954634
0.339585706469128	0.636644146949464
0.339985689633402	0.637139174219792
0.340385672797677	0.637629445052886
0.340785655961951	0.638115549235427
0.341185639126226	0.638599098519567
0.3415856222905	0.639082999695199
0.341985605454775	0.639571464996135
0.34238558861905	0.640069880609333
0.342785571783324	0.640584375355686
0.343185554947599	0.6411214286425
0.343585538111873	0.641687604421448
0.343985521276148	0.642289494415693
0.344385504440423	0.642933731146578
0.344785487604697	0.643627103374727
0.345185470768972	0.644376475890879
0.345585453933246	0.645188563912182
0.345985437097521	0.646069478796672
0.346385420261796	0.647024226337954
0.34678540342607	0.648056125642709
0.347185386590345	0.649166426370712
0.347585369754619	0.65035416173601
0.347985352918894	0.651616249987847
0.348385336083169	0.652947745924151
0.348785319247443	0.654342290249991
0.349185302411718	0.655792619865461
0.349585285575992	0.657291015254969
0.349985268740267	0.658829609557706
0.350385251904541	0.660400561126692
0.350785235068816	0.661996054558474
0.351185218233091	0.663608069941282
0.351585201397365	0.665228062582552
0.35198518456164	0.666846639667734
0.352385167725914	0.668453327606832
0.352785150890189	0.670036513867466
0.353185134054464	0.671583617449774
0.353585117218738	0.673081441823251
0.353985100383013	0.674516586427363
0.354385083547287	0.675875848820396
0.354785066711562	0.677146635067791
0.355185049875837	0.678317263427999
0.355585033040111	0.679377250464667
0.355985016204386	0.68031766807536
0.35638499936866	0.681131540625716
0.356784982532935	0.681814235655536
0.357184965697209	0.682363859872901
0.357584948861484	0.682781481989726
0.357984932025759	0.683071025404617
0.358384915190033	0.683238902226209
0.358784898354308	0.683293286635764
0.359184881518582	0.683243164540148
0.359584864682857	0.683097391503219
0.359984847847132	0.682863961350773
0.360384831011406	0.682549440717158
0.360784814175681	0.682158736492199
0.361184797339955	0.681695107847315
0.36158478050423	0.681160280450309
0.361984763668505	0.680554702872168
0.362384746832779	0.679877947473536
0.362784729997054	0.679128926767766
0.363184713161328	0.678306102483586
0.363584696325603	0.677407796517449
0.363984679489878	0.676432486344986
0.364384662654152	0.675378915404541
0.364784645818427	0.674246230690182
0.365184628982701	0.673033994612389
0.365584612146976	0.671742070636597
0.36598459531125	0.670370561669486
0.366384578475525	0.668919924341882
0.3667845616398	0.66739106572944
0.367184544804074	0.665785494297655
0.367584527968349	0.664105433668737
0.367984511132623	0.662353788821508
0.368384494296898	0.66053387339427
0.368784477461173	0.658649153462045
0.369184460625447	0.656702944370391
0.369584443789722	0.654698143095735
0.369984426953996	0.652637105246207
0.370384410118271	0.650521741082538
0.370784393282546	0.64835361685968
0.37118437644682	0.646134068592472
0.371584359611095	0.643864319090806
0.371984342775369	0.641545543721023
0.372384325939644	0.639178874402395
0.372784309103919	0.636765555790497
0.373184292268193	0.634307238504892
0.373584275432468	0.631806313879987
0.373984258596742	0.629266151497117
0.374384241761017	0.626691224781048
0.374784224925292	0.624087050135462
0.375184208089566	0.621459973667563
0.375584191253841	0.618816768523852
0.375984174418115	0.616164171455621
0.37638415758239	0.613508533582129
0.376784140746664	0.610855743583423
0.377184123910939	0.608211307672085
0.377584107075214	0.605580550196625
0.377984090239488	0.60296884293132
0.378384073403763	0.600381718261775
0.378784056568037	0.597824709651038
0.379184039732312	0.595303089381623
0.379584022896587	0.592821633122901
0.379984006060861	0.590384539085579
0.380383989225136	0.587995521976907
0.38078397238941	0.585657949638911
0.381183955553685	0.583374915429606
0.38158393871796	0.58114922572462
0.381983921882234	0.57898316311724
0.382383905046509	0.576877960665194
0.382783888210783	0.574833310671359
0.383183871375058	0.572847247601021
0.383583854539332	0.570916486145131
0.383983837703607	0.569037030346042
0.384383820867882	0.567204952670773
0.384783804032156	0.565417086207875
0.385183787196431	0.563671448017018
0.385583770360705	0.561967146361463
0.38598375352498	0.560303899321088
0.386383736689255	0.558681403999078
0.386783719853529	0.557098822431095
0.387183703017804	0.55555436646125
0.387583686182078	0.554044974777573
0.387983669346353	0.55256613424603
0.388383652510628	0.551111888258337
0.388783635674902	0.549674922469765
0.389183618839177	0.548246739234174
0.389583602003451	0.546818024309319
0.389983585167726	0.545379218178379
0.390383568332	0.543921216503447
0.390783551496275	0.542436097301461
0.39118353466055	0.54091774823234
0.391583517824824	0.53936234483616
0.391983500989099	0.53776866210393
0.392383484153373	0.536137999183171
0.392783467317648	0.534473722114699
0.393183450481923	0.532780554193012
0.393583433646197	0.531063739011344
0.393983416810472	0.529328230268044
0.394383399974746	0.527578083565016
0.394783383139021	0.525816113381585
0.395183366303296	0.524043910570981
0.39558334946757	0.522262149979825
0.395983332631845	0.520470942359246
0.396383315796119	0.518670093748157
0.396783298960394	0.516859294402704
0.397183282124669	0.515038150054359
0.397583265288943	0.513206156652987
0.397983248453218	0.511362786235825
0.398383231617492	0.509507674987704
0.398783214781767	0.507640898032031
0.399183197946042	0.505763229466926
0.399583181110316	0.503876204026519
0.399983164274591	0.501981978166924
0.400383147438865	0.500083170260257
0.40078313060314	0.498182752632564
0.401183113767414	0.496284010978205
0.401583096931689	0.494390741036143
0.401983080095964	0.492507550178989
0.402383063260238	0.490640115549222
0.402783046424513	0.488795296654506
0.403183029588787	0.486981067131214
0.403583012753062	0.485206161313769
0.403982995917337	0.483479522498973
0.404382979081611	0.481809607831994
0.404782962245886	0.480203638074934
0.40518294541016	0.47866691904806
0.405582928574435	0.477202523403083
0.40598291173871	0.475811260204131
0.406382894902984	0.474491951376391
0.406782878067259	0.473242004510898
0.407182861231533	0.472058284028467
0.407582844395808	0.470937895695188
0.407982827560083	0.469878787091555
0.408382810724357	0.468880054623364
0.408782793888632	0.467941939802731
0.409182777052906	0.467065538806291
0.409582760217181	0.466252416172007
0.409982743381455	0.465504334211861
0.41038272654573	0.464823112674636
0.410782709710005	0.464210556082303
0.411182692874279	0.463668376133623
0.411582676038554	0.463198045778758
0.411982659202828	0.462800614215016
0.412382642367103	0.462476538095115
0.412782625531378	0.462225630704143
0.413182608695652	0.462047147793418
0.413582591859927	0.461940082807256
0.413982575024201	0.461903523355084
0.414382558188476	0.461936944305527
0.414782541352751	0.462040369303435
0.415182524517025	0.462214374127248
0.4155825076813	0.462459981274852
0.415982490845574	0.462778549147078
0.416382474009849	0.463171819462601
0.416782457174123	0.463642038370505
0.417182440338398	0.464192078327423
0.417582423502673	0.464825454115006
0.417982406666947	0.465546053688699
0.418382389831222	0.466357690448683
0.418782372995496	0.467263659748709
0.419182356159771	0.468266409715182
0.419582339324046	0.469367354468467
0.41998232248832	0.470566941002694
0.420382305652595	0.47186491553503
0.420782288816869	0.473260566052032
0.421182271981144	0.474752870045327
0.421582255145419	0.47634055700749
0.421982238309693	0.478022137629122
0.422382221473968	0.47979580179759
0.422782204638242	0.481659258291631
0.423182187802517	0.48360944322204
0.423582170966792	0.4856420737096
0.423982154131066	0.487751170653448
0.424382137295341	0.489928741854123
0.424782120459615	0.492164771411674
0.42518210362389	0.494447487533621
0.425582086788165	0.496763950266212
0.425982069952439	0.499100779568819
0.426382053116714	0.501444750023362
0.426782036280988	0.503783155496759
0.427182019445263	0.50610403159681
0.427582002609537	0.508396275219661
0.427981985773812	0.510649803611505
0.428381968938087	0.512855756140518
0.428781952102361	0.515006700642931
0.429181935266636	0.517096763298614
0.42958191843091	0.519121669616508
0.429981901595185	0.521078539309515
0.43038188475946	0.522965495445473
0.430781867923734	0.524781196719568
0.431181851088009	0.526524492889192
0.431581834252283	0.528194286610663
0.431981817416558	0.529789704519256
0.432381800580833	0.531310488155485
0.432781783745107	0.532757551968186
0.433181766909382	0.534133476572006
0.433581750073656	0.535442836291058
0.433981733237931	0.536692105637463
0.434381716402206	0.53788920489441
0.43478169956648	0.539042767720137
0.435181682730755	0.540161372999966
0.435581665895029	0.541252753702805
0.435981649059304	0.542323295849137
0.436381632223578	0.543377845728581
0.436781615387853	0.544419692067898
0.437181598552128	0.545450526759283
0.437581581716402	0.54647048292115
0.437981564880677	0.547478122667279
0.438381548044951	0.548470609920516
0.438781531209226	0.549444064320741
0.439181514373501	0.550393958288038
0.439581497537775	0.551315353521649
0.43998148070205	0.552203152501795
0.440381463866324	0.553052208963163
0.440781447030599	0.55385724462662
0.441181430194874	0.554612774282374
0.441581413359148	0.555313231335069
0.441981396523423	0.555953204657612
0.442381379687697	0.556527822178461
0.442781362851972	0.557033163004486
0.443181346016246	0.557466564976223
0.443581329180521	0.557826787901599
0.443981312344796	0.558114107995032
0.44438129550907	0.558330306284988
0.444781278673345	0.55847859442722
0.445181261837619	0.558563576590017
0.445581245001894	0.558591271551986
0.445981228166169	0.558569059386234
0.446381211330443	0.558505338414502
0.446781194494718	0.558408988262186
0.447181177658992	0.558288739915276
0.447581160823267	0.558152511611474
0.447981143987542	0.558006810688342
0.448381127151816	0.557856343508171
0.448781110316091	0.557703867013812
0.449181093480365	0.55755025254831
0.44958107664464	0.557394726474385
0.449981059808915	0.557235195635512
0.450381042973189	0.557068500790632
0.450781026137464	0.556890706637345
0.451181009301738	0.556697494159859
0.451580992466013	0.55648458743109
0.451980975630287	0.556248075655591
0.452380958794562	0.555984677817032
0.452780941958837	0.555691918024673
0.453180925123111	0.555368017504113
0.453580908287386	0.555011540918014
0.45398089145166	0.554620989265491
0.454380874615935	0.554194574296519
0.45478085778021	0.553730199014676
0.455180840944484	0.553225791231976
0.455580824108759	0.55267974265991
0.455980807273033	0.55209131211362
0.456380790437308	0.551460893322195
0.456780773601583	0.550790075388608
0.457180756765857	0.5500813091325
0.457580739930132	0.549337477261922
0.457980723094406	0.54856148504773
0.458380706258681	0.547756024469697
0.458780689422956	0.546923477060951
0.45918067258723	0.546066114316257
0.459580655751505	0.545186286288919
0.459980638915779	0.544286588998799
0.460380622080054	0.543369899964309
0.460780605244329	0.54243929390778
0.461180588408603	0.541497791155618
0.461580571572878	0.540548196004283
0.461980554737152	0.539592989125369
0.462380537901427	0.538634355344021
0.462780521065701	0.537674253755825
0.463180504229976	0.536714554304063
0.463580487394251	0.535757053908904
0.463980470558525	0.534803408515465
0.4643804537228	0.533854899344552
0.464780436887074	0.53291216323854
0.465180420051349	0.531974921653308
0.465580403215624	0.531041829635728
0.465980386379898	0.530110470592035
0.466380369544173	0.529177504152295
0.466780352708447	0.528238859356396
0.467180335872722	0.527289995209227
0.467580319036997	0.526326191107087
0.467980302201271	0.525342790808673
0.468380285365546	0.524335286557124
0.46878026852982	0.523299326980265
0.469180251694095	0.522230679298964
0.469580234858369	0.521125069797475
0.469980218022644	0.519978050139015
0.470380201186919	0.518784945464719
0.470780184351193	0.517540812159389
0.471180167515468	0.516240391425277
0.471580150679742	0.514878179048899
0.471980133844017	0.513448531326107
0.472380117008292	0.511945852041338
0.472780100172566	0.510364933284878
0.473180083336841	0.508701391200145
0.473580066501115	0.506951974586484
0.47398004966539	0.505114774031389
0.474380032829665	0.503189308731455
0.474780015993939	0.501176480539256
0.475179999158214	0.499078349656776
0.475579982322488	0.496897972295608
0.475979965486763	0.494639178183875
0.476379948651037	0.492306461604872
0.476779931815312	0.489904928152438
0.477179914979587	0.487440190358013
0.477579898143861	0.484917955983562
0.477979881308136	0.482343539003873
0.47837986447241	0.479721315845724
0.478779847636685	0.477054301405424
0.47917983080096	0.474343903981048
0.479579813965234	0.471590079572054
0.479979797129509	0.468791630904805
0.480379780293783	0.465946648034815
0.480779763458058	0.463052992947362
0.481179746622333	0.460108716178175
0.481579729786607	0.457112338763389
0.481979712950882	0.454063202892654
0.482379696115156	0.450961722216462
0.482779679279431	0.447809427272245
0.483179662443706	0.444608974377575
0.48357964560798	0.441364181441478
0.483979628772255	0.438079941604749
0.484379611936529	0.434762063106149
0.484779595100804	0.43141711367679
0.485179578265079	0.428052193420725
0.485579561429353	0.424674673367119
0.485979544593628	0.421291989723076
0.486379527757902	0.417911479774799
0.486779510922177	0.414540189313355
0.487179494086451	0.411184873812045
0.487579477250726	0.407852181377824
0.487979460415001	0.404548867617796
0.488379443579275	0.401281964331265
0.48877942674355	0.398058867145814
0.489179409907824	0.394887265795338
0.489579393072099	0.391774898484673
0.489979376236374	0.388729316376454
0.490379359400648	0.385757627556042
0.490779342564923	0.38286616785287
0.491179325729197	0.380060195256622
0.491579308893472	0.377343617920202
0.491979292057747	0.374718719110501
0.492379275222021	0.372185994055605
0.492779258386296	0.36974431255529
0.49317924155057	0.367391409963125
0.493579224714845	0.365124697042892
0.493979207879119	0.362942297552862
0.494379191043394	0.360843900426843
0.494779174207669	0.358831152442792
0.495179157371943	0.356907547028279
0.495579140536218	0.355077804892551
0.495979123700492	0.353346813918507
0.496379106864767	0.351718590435094
0.496779090029042	0.350195688683223
0.497179073193316	0.348779021882564
0.497579056357591	0.347468169455505
0.497979039521865	0.346262061704122
0.49837902268614	0.345159765832675
0.498779005850415	0.344161159795494
0.499178989014689	0.343267424956496
0.499578972178964	0.342481150133321
0.499978955343238	0.341806051332875
0.500378938507513	0.341246605299027
0.500778921671788	0.340807700130142
0.501178904836062	0.340494250440687
0.501578888000337	0.340310919557759
0.501978871164611	0.340262009896632
0.502378854328886	0.340351520992576
0.502778837493161	0.3405832922041
0.503178820657435	0.340961277716616
0.50357880382171	0.341489783871449
0.503978786985984	0.34217358330729
0.504378770150259	0.343017841406266
0.504778753314533	0.344027841588138
0.505178736478808	0.345208535071144
0.505578719643083	0.346564131768251
0.505978702807357	0.34809792221364
0.506378685971632	0.349812208904662
0.506778669135906	0.351708283189406
0.507178652300181	0.353786538335856
0.507578635464456	0.356046414345078
0.50797861862873	0.358486037526755
0.508378601793005	0.36110175300523
0.508778584957279	0.36388766342108
0.509178568121554	0.366835053624856
0.509578551285829	0.369932075990371
0.509978534450103	0.3731637392905
0.510378517614378	0.376512075110526
0.510778500778652	0.379956541249322
0.511178483942927	0.383474782512726
0.511578467107201	0.387043531454073
0.511978450271476	0.390639705544561
0.512378433435751	0.394241546237237
0.512778416600025	0.397829509652699
0.5131783997643	0.401386665619599
0.513578382928574	0.404898761839543
0.513978366092849	0.408353925614059
0.514378349257124	0.411742167024937
0.514778332421398	0.41505497045561
0.515178315585673	0.418285121226221
0.515578298749947	0.421426650322307
0.515978281914222	0.42447480467659
0.516378265078497	0.427425982594395
0.516778248242771	0.430277623502575
0.517178231407046	0.433028172185563
0.51757821457132	0.435677140793095
0.517978197735595	0.438225391185902
0.51837818089987	0.440675326825853
0.518778164064144	0.443030861354547
0.519178147228419	0.445297034044292
0.519578130392693	0.447479337423671
0.519978113556968	0.449582839080785
0.520378096721242	0.451611635975236
0.520778079885517	0.453568759242613
0.521178063049792	0.455456537884979
0.521578046214066	0.457277257581007
0.521978029378341	0.459033978323651
0.522378012542615	0.460731095663196
0.52277799570689	0.462374591423299
0.523177978871165	0.463972054621825
0.523577962035439	0.465532511603679
0.523977945199714	0.467066072266698
0.524377928363988	0.468583682496826
0.524777911528263	0.470097025705807
0.525177894692538	0.47161839996576
0.525577877856812	0.47316045663128
0.525977861021087	0.474735797205062
0.526377844185361	0.476356480295862
0.526777827349636	0.478033423535764
0.527177810513911	0.479775843379807
0.527577793678185	0.481590851567405
0.52797777684246	0.483483361806167
0.528377760006734	0.485456244771804
0.528777743171009	0.487510619518294
0.529177726335283	0.489646148986601
0.529577709499558	0.491861326872
0.529977692663833	0.49415368486217
0.530377675828107	0.496519948701445
0.530777658992382	0.498956209238326
0.531177642156656	0.501458261938811
0.531577625320931	0.504022118918172
0.531977608485206	0.506644486346383
0.53237759164948	0.509322931116854
0.532777574813755	0.512055593492906
0.533177557978029	0.514840553267686
0.533577541142304	0.517675145204413
0.533977524306579	0.520555484321831
0.534377507470853	0.523476289767638
0.534777490635128	0.52643109944351
0.535177473799402	0.529412798437564
0.535577456963677	0.532414212678985
0.535977440127952	0.535428406231497
0.536377423292226	0.538448705066661
0.536777406456501	0.541468475993701
0.537177389620775	0.544480683210675
0.53757737278505	0.547477427304342
0.537977355949324	0.550449656236591
0.538377339113599	0.553387051106367
0.538777322277874	0.556278176963341
0.539177305442148	0.559110828767083
0.539577288606423	0.561872440299732
0.539977271770697	0.564550494703118
0.540377254934972	0.567133020474336
0.540777238099247	0.569609105448602
0.541177221263521	0.571969398466905
0.541577204427796	0.574206477272583
0.54197718759207	0.576315118281147
0.542377170756345	0.578292406532337
0.54277715392062	0.580137576360208
0.543177137084894	0.581851590360405
0.543577120249169	0.583436535481228
0.543977103413443	0.584894914092525
0.544377086577718	0.586229025180028
0.544777069741992	0.587440629518086
0.545177052906267	0.588530933472228
0.545577036070542	0.589500688621009
0.545977019234816	0.590350465069553
0.546377002399091	0.591080922075392
0.546776985563366	0.591693056984129
0.54717696872764	0.592188345178178
0.547576951891915	0.592568872384211
0.547976935056189	0.592837475891828
0.548376918220464	0.592997883745275
0.548776901384738	0.59305472236616
0.549176884549013	0.593013392578674
0.549576867713288	0.59287976268385
0.549976850877562	0.592659716934703
0.550376834041837	0.592358661905108
0.550776817206111	0.591981165808289
0.551176800370386	0.59153069757774
0.551576783534661	0.591009639401473
0.551976766698935	0.59041957811325
0.55237674986321	0.589761644667899
0.552776733027484	0.589036826820675
0.553176716191759	0.5882463597946
0.553576699356033	0.587392097873195
0.553976682520308	0.586476757893525
0.554376665684583	0.585504093687884
0.554776648848857	0.584478941599724
0.555176632013132	0.583407117165125
0.555576615177406	0.582295243050013
0.555976598341681	0.581150581671641
0.556376581505956	0.57998090339188
0.55677656467023	0.578794470546434
0.557176547834505	0.57760010718586
0.557576530998779	0.57640729492741
0.557976514163054	0.575226189618805
0.558376497327329	0.57406749841671
0.558776480491603	0.57294216600686
0.559176463655878	0.571860832297568
0.559576446820152	0.570833130083365
0.559976429984427	0.569866968259564
0.560376413148702	0.568968007699687
0.560776396312976	0.56813938475629
0.561176379477251	0.567381792209769
0.561576362641525	0.566693932507337
0.5619763458058	0.566073200872901
0.562376328970075	0.565516460378726
0.562776312134349	0.56502078503796
0.563176295298624	0.564583854576796
0.563576278462898	0.564203831441233
0.563976261627173	0.563878900491894
0.564376244791447	0.563606720432417
0.564776227955722	0.563383854080803
0.565176211119997	0.563205500673539
0.565576194284271	0.563065639739931
0.565976177448546	0.562957313763491
0.56637616061282	0.562872853632296
0.566776143777095	0.562804060057785
0.56717612694137	0.562742226505387
0.567576110105644	0.562678053683824
0.567976093269919	0.562601689103617
0.568376076434193	0.562503057835346
0.568776059598468	0.562372356412899
0.569176042762743	0.562200715726862
0.569576025927017	0.561980948552372
0.569976009091292	0.561708191999504
0.570375992255566	0.56138024383134
0.570775975419841	0.560997635548774
0.571175958584116	0.560563474852804
0.57157594174839	0.560083143881643
0.571975924912665	0.559563847543457
0.572375908076939	0.55901411533327
0.572775891241214	0.558443204522959
0.573175874405488	0.557860475924903
0.573575857569763	0.557274868647068
0.573975840734038	0.556694638178138
0.574375823898312	0.556127230216502
0.574775807062587	0.555579412759118
0.575175790226861	0.555057599062856
0.575575773391136	0.554568111272069
0.575975756555411	0.554117331824482
0.576375739719685	0.55371172738977
0.57677572288396	0.553357598289944
0.577175706048234	0.553060638880421
0.577575689212509	0.552825503284365
0.577975672376783	0.552655315936648
0.578375655541058	0.552551333941869
0.578775638705333	0.55251295885916
0.579175621869607	0.552538081449716
0.579575605033882	0.552623481515497
0.579975588198157	0.552765248932624
0.580375571362431	0.552959078610041
0.580775554526706	0.553200378637504
0.58117553769098	0.55348419695513
0.581575520855255	0.553805207122368
0.581975504019529	0.554157818332861
0.582375487183804	0.55453647674447
0.582775470348079	0.554936109313991
0.583175453512353	0.555352673786047
0.583575436676628	0.555783608597861
0.583975419840902	0.55622807181154
0.584375403005177	0.556687091729199
0.584775386169452	0.55716361236301
0.585175369333726	0.557662517687898
0.585575352498001	0.558190651743306
0.585975335662275	0.558756770413874
0.58637531882655	0.559371220490868
0.586775301990825	0.560045481275035
0.587175285155099	0.560791484077419
0.587575268319374	0.561620920272179
0.587975251483648	0.562544692182438
0.588375234647923	0.563572638930574
0.588775217812197	0.564713450680624
0.589175200976472	0.565974885494562
0.589575184140747	0.56736404602598
0.589975167305021	0.568887590170809
0.590375150469296	0.570551878033334
0.59077513363357	0.572363113324783
0.591175116797845	0.574327146536113
0.59157509996212	0.576449127417002
0.591975083126394	0.57873320053793
0.592375066290669	0.58118220414025
0.592775049454943	0.583797437096369
0.593175032619218	0.586578609472956
0.593575015783493	0.58952394721028
0.593974998947767	0.592630282479524
0.594374982112042	0.595893159957238
0.594774965276316	0.599306822228853
0.595174948440591	0.602864005104937
0.595574931604866	0.606555662511456
0.59597491476914	0.610370842380515
0.596374897933415	0.614296655599185
0.596774881097689	0.61831843052747
0.597174864261964	0.622420001033871
0.597574847426239	0.626584102413318
0.597974830590513	0.630792774617792
0.598374813754788	0.635027798439698
0.598774796919062	0.639271030443757
0.599174780083337	0.643504733215204
0.599574763247611	0.647711820627601
0.599974746411886	0.651876041803246
0.600374729576161	0.655982095040373
0.600774712740435	0.660015767216547
0.60117469590471	0.663964160388682
0.601574679068984	0.667815935071208
0.601974662233259	0.671561516130819
0.602374645397534	0.67519324088515
0.602774628561808	0.678705347723552
0.603174611726083	0.682093801635753
0.603574594890357	0.685356111207985
0.603974578054632	0.688491158915931
0.604374561218907	0.691498979908827
0.604774544383181	0.694380557223874
0.605174527547456	0.697137531251626
0.60557451071173	0.699771712698667
0.605974493876005	0.702284412486657
0.606374477040279	0.704675738559458
0.606774460204554	0.706943907569272
0.607174443368829	0.709084902607868
0.607574426533103	0.711092555800263
0.607974409697378	0.712958963500077
0.608374392861653	0.71467511918875
0.608774376025927	0.716231731725356
0.609174359190202	0.717619976998166
0.609574342354476	0.718832053772019
0.609974325518751	0.719861583443738
0.610374308683025	0.72070388159909
0.6107742918473	0.721356027788303
0.611174275011575	0.72181679454969
0.611574258175849	0.722086484314534
0.611974241340124	0.722166690262028
0.612374224504398	0.722060111134459
0.612774207668673	0.721770455998727
0.613174190832948	0.721302578030806
0.613574173997222	0.720662627927043
0.613974157161497	0.719858153933217
0.614374140325771	0.718897816899625
0.614774123490046	0.717790743724299
0.61517410665432	0.716545495826401
0.615574089818595	0.71516905792624
0.61597407298287	0.713666041222606
0.616374056147144	0.712038482264463
0.616774039311419	0.710286168012074
0.617174022475693	0.708407462766859
0.617574005639968	0.706400307979084
0.617973988804243	0.704263080687282
0.618373971968517	0.701994994922948
0.618773955132792	0.699596251442321
0.619173938297066	0.697067794104397
0.619573921461341	0.694410893618929
0.619973904625616	0.691626801189037
0.62037388778989	0.688716644366612
0.620773870954165	0.685681379753495
0.621173854118439	0.682521854623071
0.621573837282714	0.679238903379066
0.621973820446988	0.675833410946611
0.622373803611263	0.672306218523183
0.622773786775538	0.668657996392853
0.623173769939812	0.664889115371336
0.623573753104087	0.660999658234978
0.623973736268362	0.656989524280332
0.624373719432636	0.652858772961497
0.624773702596911	0.648608083036586
0.625173685761185	0.644239192947269
0.62557366892546	0.63975510494461
0.625973652089734	0.635160168518922
0.626373635254009	0.630459857898099
0.626773618418284	0.625660403927824
0.627173601582558	0.620768471747674
0.627573584746833	0.615790963723721
0.627973567911107	0.610734803063024
0.628373551075382	0.605606825445516
0.628773534239657	0.600413710146952
0.629173517403931	0.595161902223899
0.629573500568206	0.589857527798168
0.62997348373248	0.584506428703043
0.630373466896755	0.579114329515642
0.63077345006103	0.573687226742454
0.631173433225304	0.568231879878238
0.631573416389579	0.562756289446003
0.631973399553853	0.557269978094294
0.632373382718128	0.551783998450171
0.632773365882402	0.546310685357839
0.633173349046677	0.540863199560126
0.633573332210952	0.535454951062854
0.633973315375226	0.530099075412152
0.634373298539501	0.524808141082006
0.634773281703775	0.519593926651136
0.63517326486805	0.514467269253976
0.635573248032325	0.509437987688459
0.635973231196599	0.504514899789831
0.636373214360874	0.499705741589701
0.636773197525148	0.49501714116258
0.637173180689423	0.49045469437937
0.637573163853698	0.486023191997913
0.637973147017972	0.481726899379718
0.638373130182247	0.477569921069649
0.638773113346521	0.473556438042804
0.639173096510796	0.469690854589057
0.63957307967507	0.465977790578391
0.639973062839345	0.462422041559228
0.64037304600362	0.459028447034472
0.640773029167894	0.455801677932183
0.641173012332169	0.452745983502166
0.641572995496444	0.449865012629616
0.641972978660718	0.447161632114684
0.642372961824993	0.444637757449543
0.642772944989267	0.442294336651521
0.643172928153542	0.440131499037815
0.643572911317816	0.438148820192099
0.643972894482091	0.436345765118016
0.644372877646366	0.434722337541126
0.64477286081064	0.433279639215161
0.645172843974915	0.432020324726502
0.645572827139189	0.430948799814113
0.645972810303464	0.430071038817872
0.646372793467739	0.429393937803267
0.646772776632013	0.42892455904087
0.647172759796288	0.428669217745896
0.647572742960562	0.428632576247825
0.647972726124837	0.428816951497918
0.648372709289112	0.42922213149364
0.648772692453386	0.42984550418568
0.649172675617661	0.4306825399855
0.649572658781935	0.431727391197437
0.64997264194621	0.432973383058752
0.650372625110484	0.434413260302151
0.650772608274759	0.436039250532331
0.651172591439034	0.437842843767335
0.651572574603308	0.439814605661685
0.651972557767583	0.441944314664833
0.652372540931857	0.444221362002558
0.652772524096132	0.446635214146138
0.653172507260407	0.449176023643471
0.653572490424681	0.451835147972252
0.653972473588956	0.454605308643774
0.65437245675323	0.457480334867008
0.654772439917505	0.460454602642933
0.655172423081779	0.463522304347767
0.655572406246054	0.466676782807037
0.655972389410329	0.469910156143118
0.656372372574603	0.473213342032094
0.656772355738878	0.476576599726682
0.657172338903153	0.479990514964655
0.657572322067427	0.483447071522891
0.657972305231702	0.486940556126109
0.658372288395976	0.490468022092325
0.658772271560251	0.494029124724393
0.659172254724525	0.49762536154212
0.6595722378888	0.501258989341524
0.659972221053075	0.504931954780818
0.660372204217349	0.508645227233719
0.660772187381624	0.512398791240375
0.661172170545898	0.516192004099283
0.661572153710173	0.520024003780077
0.661972136874448	0.523893975255383
0.662372120038722	0.527801138172919
0.662772103202997	0.531744371749459
0.663172086367271	0.535721700824596
0.663572069531546	0.539730003010621
0.663972052695821	0.543765010853483
0.664372035860095	0.547821620537297
0.66477201902437	0.551894456845064
0.665172002188644	0.555978472922266
0.665571985352919	0.560069418853375
0.665971968517193	0.56416403960662
0.666371951681468	0.568260166067518
0.666771934845743	0.572356651869723
0.667171918010017	0.576453091481322
0.667571901174292	0.580549455745284
0.667971884338566	0.584645724093742
0.668371867502841	0.588741397968314
0.668771850667116	0.592835048735042
0.66917183383139	0.596924107537714
0.669571816995665	0.601004865240343
0.669971800159939	0.605072587719378
0.670371783324214	0.609121873405426
0.670771766488489	0.613147013429073
0.671171749652763	0.617142259594088
0.671571732817038	0.621102070914026
0.671971715981312	0.62502132924465
0.672371699145587	0.628895460560695
0.672771682309862	0.632720659939259
0.673171665474136	0.636494021100374
0.673571648638411	0.640213571899663
0.673971631802685	0.643878162682411
0.67437161496696	0.647487200953244
0.674771598131235	0.65104009282504
0.675171581295509	0.654535694096248
0.675571564459784	0.657971818200581
0.675971547624058	0.6613449163513
0.676371530788333	0.664649969295421
0.676771513952607	0.667880673398244
0.677171497116882	0.671029808248267
0.677571480281157	0.674089754160018
0.677971463445431	0.677053039092382
0.678371446609706	0.679912680337181
0.67877142977398	0.682662238277668
0.679171412938255	0.685295739718013
0.67957139610253	0.687807504968265
0.679971379266804	0.690191947607647
0.680371362431079	0.692443500062303
0.680771345595353	0.6945567863889
0.681171328759628	0.69652700174221
0.681571311923903	0.698350225076818
0.681971295088177	0.700023664651558
0.682371278252452	0.701545702177117
0.682771261416726	0.702915739810422
0.683171244581001	0.704133895067755
0.683571227745275	0.705200725617664
0.68397121090955	0.70611695695704
0.684371194073825	0.706883376051746
0.684771177238099	0.707500916078766
0.685171160402374	0.707970835719065
0.685571143566648	0.708294918412009
0.685971126730923	0.708475771229135
0.686371109895198	0.708516993729839
0.686771093059472	0.708423202068075
0.687171076223747	0.708199789763166
0.687571059388021	0.707852525377414
0.687971042552296	0.7073869527109
0.68837102571657	0.706807785420301
0.688771008880845	0.706118370394553
0.68917099204512	0.705320416031397
0.689570975209394	0.704414107175895
0.689970958373669	0.70339856157652
0.690370941537944	0.702272402910997
0.690770924702218	0.701034313314307
0.691170907866493	0.699683451792647
0.691570891030767	0.698219664166758
0.691970874195042	0.696643485994325
0.692370857359316	0.694956009217916
0.692770840523591	0.69315868415028
0.693170823687866	0.691253228721542
0.69357080685214	0.689241597065136
0.693970790016415	0.687125944575133
0.694370773180689	0.684908681017999
0.694770756344964	0.682592596326637
0.695170739509239	0.680181073866906
0.695570722673513	0.677678310693356
0.695970705837788	0.67508955203746
0.696370689002062	0.672421255958797
0.696770672166337	0.669681173907817
0.697170655330612	0.666878249474103
0.697570638494886	0.664022237215074
0.697970621659161	0.661123063845509
0.698370604823435	0.658190185295446
0.69877058798771	0.655232092726941
0.699170571151984	0.652255992019931
0.699570554316259	0.649267815751996
0.699970537480534	0.646272663176499
0.700370520644808	0.643275502976861
0.700770503809083	0.640282008167681
0.701170486973357	0.637299314673215
0.701570470137632	0.634336468192612
0.701970453301907	0.631404428098346
0.702370436466181	0.628515723134443
0.702770419630456	0.625683807908782
0.70317040279473	0.622922288629725
0.703570385959005	0.620244273232645
0.70397036912328	0.617662011768943
0.704370352287554	0.615186759074196
0.704770335451829	0.612828765233749
0.705170318616103	0.610597217460554
0.705570301780378	0.608500073857158
0.705970284944653	0.606543778048269
0.706370268108927	0.604732939993946
0.706770251273202	0.603070123425303
0.707170234437476	0.601555918797252
0.707570217601751	0.600189163000132
0.707970200766026	0.598967286738887
0.7083701839303	0.597886614801183
0.708770167094575	0.596942428870351
0.709170150258849	0.596128649967196
0.709570133423124	0.595437269702213
0.709970116587399	0.594857697370216
0.710370099751673	0.594376246147005
0.710770082915948	0.593976013116832
0.711170066080222	0.593637286827229
0.711570049244497	0.593338369737432
0.711970032408771	0.593056690052079
0.712370015573046	0.592769915770649
0.712769998737321	0.592456857669365
0.713169981901595	0.592098003178635
0.71356996506587	0.591675763108935
0.713969948230144	0.591174574747117
0.714369931394419	0.590580959310341
0.714769914558694	0.589883654593622
0.715169897722968	0.58907387260936
0.715569880887243	0.588145566249442
0.715969864051517	0.587095583157109
0.716369847215792	0.58592367672931
0.716769830380066	0.584632258874793
0.717169813544341	0.583226035348176
0.717569796708616	0.58171156719
0.71796977987289	0.580096785822114
0.718369763037165	0.578390574074117
0.71876974620144	0.576602377163951
0.719169729365714	0.574741824183845
0.719569712529989	0.572818554451535
0.719969695694263	0.570842220103694
0.720369678858538	0.568822587674502
0.720769662022812	0.566769716980131
0.721169645187087	0.564694220604533
0.721569628351362	0.562607196078619
0.721969611515636	0.560519788979191
0.722369594679911	0.558442614985697
0.722769577844185	0.556385061014744
0.72316956100846	0.554354651931838
0.723569544172735	0.552356839237207
0.723969527337009	0.550395213312098
0.724369510501284	0.548472006280245
0.724769493665558	0.546588829791716
0.725169476829833	0.544747366844992
0.725569459994107	0.542949819176193
0.725969443158382	0.541199103225957
0.726369426322657	0.539498861270496
0.726769409486931	0.537853358985647
0.727169392651206	0.536267258236712
0.72756937581548	0.534745443197254
0.727969358979755	0.53329299822615
0.72836934214403	0.531915184937785
0.728769325308304	0.530617245475932
0.729169308472579	0.529404182898084
0.729569291636853	0.528280616476673
0.729969274801128	0.527250401873079
0.730369257965403	0.526316158494029
0.730769241129677	0.525479026907256
0.731169224293952	0.524738690692716
0.731569207458226	0.524093560394769
0.731969190622501	0.523541292830742
0.732369173786776	0.523079463778685
0.73276915695105	0.522706161186792
0.733169140115325	0.522420530397249
0.733569123279599	0.522223144191097
0.733969106443874	0.522115972963719
0.734369089608149	0.522102226858433
0.734769072772423	0.522186142229888
0.735169055936698	0.522372697528126
0.735569039100972	0.522667289637031
0.735969022265247	0.523075488410995
0.736369005429521	0.523602731363603
0.736768988593796	0.524254104861771
0.737168971758071	0.5250341407766
0.737568954922345	0.5259465093663
0.73796893808662	0.526993753517411
0.738368921250894	0.52817712957901
0.738768904415169	0.529496395203818
0.739168887579444	0.530949609708161
0.739568870743718	0.532533127660399
0.739968853907993	0.534241715028199
0.740368837072267	0.536068852766807
0.740768820236542	0.538007267044937
0.741168803400817	0.540049394496958
0.741568786565091	0.542187616563586
0.741968769729366	0.544414474312717
0.74236875289364	0.546722669084427
0.742768736057915	0.549104878299235
0.74316871922219	0.551553526056484
0.743568702386464	0.554060755107162
0.743968685550739	0.556618519796398
0.744368668715013	0.559218918449088
0.744768651879288	0.561854619506658
0.745168635043562	0.564519168928268
0.745568618207837	0.567207140922523
0.745968601372112	0.569914155678188
0.746368584536386	0.572636587726949
0.746768567700661	0.575371168638794
0.747168550864935	0.578114847515732
0.74756853402921	0.580864959914352
0.747968517193485	0.583619494016532
0.748368500357759	0.586377509707577
0.748768483522034	0.589139549478145
0.749168466686308	0.591907754155447
0.749568449850583	0.594685497049399
0.749968433014857	0.597476617182835
0.750368416179132	0.60028435896049
0.750768399343407	0.603110281049423
0.751168382507681	0.605953547070573
0.751568365671956	0.608810726186931
0.751968348836231	0.611676160588914
0.752368332000505	0.614542969176644
0.75276831516478	0.617404287294634
0.753168298329054	0.62025430740187
0.753568281493329	0.623088905426035
0.753968264657603	0.625905833025055
0.754368247821878	0.62870443242391
0.754768230986153	0.631485091849444
0.755168214150427	0.634248656020542
0.755568197314702	0.636995969677292
0.755968180478976	0.639727718239298
0.756368163643251	0.642444432899134
0.756768146807526	0.645146411971067
0.7571681299718	0.647833581341596
0.757568113136075	0.650505351373597
0.757968096300349	0.65316036073151
0.758368079464624	0.655796228362027
0.758768062628899	0.658409551929561
0.759168045793173	0.660996122137188
0.759568028957448	0.663551351109131
0.759968012121722	0.66607079371368
0.760367995285997	0.668550575641026
0.760767978450271	0.670987706170898
0.761167961614546	0.673380261527446
0.761567944778821	0.675727429988264
0.761967927943095	0.678029430110016
0.76236791110737	0.680287211196236
0.762767894271644	0.682501940210537
0.763167877435919	0.684674337360354
0.763567860600194	0.686804008193958
0.763967843764468	0.688888891264506
0.764367826928743	0.690924993261175
0.764767810093017	0.692906577598676
0.765167793257292	0.694826734242007
0.765567776421567	0.696678165321738
0.765967759585841	0.698453936368606
0.766367742750116	0.700147881826609
0.76676772591439	0.701754634806354
0.767167709078665	0.703269344718835
0.76756769224294	0.704687299587621
0.767967675407214	0.706003730931931
0.768367658571489	0.707213933083738
0.768767641735763	0.708313732597981
0.769167624900038	0.7093001316834
0.769567608064312	0.71017179645503
0.769967591228587	0.710929222542482
0.770367574392862	0.711574701882057
0.770767557557136	0.712112068135255
0.771167540721411	0.712546314321564
0.771567523885685	0.712883304082483
0.77196750704996	0.71312951163548
0.772367490214235	0.7132916803435
0.772767473378509	0.713376443072847
0.773167456542784	0.713390003912289
0.773567439707058	0.71333770849814
0.773967422871333	0.713223680696735
0.774367406035608	0.713050769798355
0.774767389199882	0.712820708306555
0.775167372364157	0.712534400927987
0.775567355528431	0.712192341550791
0.775967338692706	0.711794934542124
0.776367321856981	0.711342664356041
0.776767305021255	0.710836132052333
0.77716728818553	0.710275969658173
0.777567271349804	0.709662613327176
0.777967254514079	0.708996061608035
0.778367237678353	0.708275672450482
0.778767220842628	0.70750001025159
0.779167204006903	0.706666738722893
0.779567187171177	0.705772652112546
0.779967170335452	0.704813931734522
0.780367153499726	0.703786607213143
0.780767136664001	0.702687094971691
0.781167119828276	0.701512783735746
0.78156710299255	0.700262566843382
0.781967086156825	0.698937308354357
0.782367069321099	0.69754005433352
0.782767052485374	0.696076012014031
0.783167035649649	0.694552261721521
0.783567018813923	0.692977273142156
0.783967001978198	0.691360208872816
0.784366985142472	0.689710155940023
0.784766968306747	0.688035453814752
0.785166951471022	0.686343253663064
0.785566934635296	0.684639335530294
0.785966917799571	0.682928214929633
0.786366900963845	0.681213433063286
0.78676688412812	0.679497916023631
0.787166867292394	0.677784283853204
0.787566850456669	0.676075016287264
0.787966833620944	0.674372384985018
0.788366816785218	0.672678291714092
0.788766799949493	0.670994122877278
0.789166783113767	0.669320568426851
0.789566766278042	0.667657503014446
0.789966749442317	0.666003977258009
0.790366732606591	0.664358382787067
0.790766715770866	0.66271866284671
0.79116669893514	0.661082622148811
0.791566682099415	0.659448170416304
0.79196666526369	0.657813524872156
0.792366648427964	0.656177308976654
0.792766631592239	0.654538517727243
0.793166614756513	0.652896169558871
0.793566597920788	0.651248862866608
0.793966581085062	0.649594357945604
0.794366564249337	0.647929072371163
0.794766547413612	0.64624754248351
0.795166530577886	0.644542066994433
0.795566513742161	0.642802502324938
0.795966496906436	0.641016270001618
0.79636648007071	0.639168566505158
0.796766463234985	0.637242742142555
0.797166446399259	0.635220748934332
0.797566429563534	0.633083664583066
0.797966412727808	0.630812173852354
0.798366395892083	0.628386941260125
0.798766379056358	0.625788952954121
0.799166362220632	0.622999976032658
0.799566345384907	0.620003131769436
0.799966328549181	0.616783577125867
0.800366311713456	0.613329250599514
0.800766294877731	0.60963154701476
0.801166278042005	0.605685809059378
0.80156626120628	0.601491587559459
0.801966244370554	0.597052692470804
0.802366227534829	0.592377268169074
0.802766210699103	0.587477774373744
0.803166193863378	0.582370907561679
0.803566177027653	0.577077398802844
0.803966160191927	0.571621606400777
0.804366143356202	0.566030639370079
0.804766126520476	0.560333119605028
0.805166109684751	0.554557819680276
0.805566092849026	0.548732438531711
0.8059660760133	0.542882757794557
0.806366059177575	0.537032354548928
0.806766042341849	0.531202694109176
0.807166025506124	0.525413534217522
0.807566008670399	0.519683422137121
0.807965991834673	0.514029973191592
0.808365974998948	0.508469785095669
0.808765958163222	0.503018283518578
0.809165941327497	0.497689519013531
0.809565924491772	0.492496023280444
0.809965907656046	0.487448870707758
0.810365890820321	0.482557963930588
0.810765873984595	0.477832388912052
0.81116585714887	0.473280751367221
0.811565840313144	0.468911308905255
0.811965823477419	0.464731810675999
0.812365806641694	0.460749253600591
0.812765789805968	0.456969635398203
0.813165772970243	0.453397741221074
0.813565756134517	0.450037158055323
0.813965739298792	0.446890404534592
0.814365722463067	0.443959156624117
0.814765705627341	0.44124457115675
0.815165688791616	0.438747444147548
0.81556567195589	0.436468033735474
0.815965655120165	0.434405675299416
0.81636563828444	0.432558314096731
0.816765621448714	0.430921845203813
0.817165604612989	0.429489570540852
0.817565587777263	0.428252011983195
0.817965570941538	0.427197038109243
0.818365554105813	0.426310267933998
0.818765537270087	0.425575878572403
0.819165520434362	0.424977500637578
0.819565503598636	0.424499028447139
0.819965486762911	0.424125307285919
0.820365469927186	0.423842646710659
0.82076545309146	0.423639081620331
0.821165436255735	0.423504461185653
0.821565419420009	0.42343042689155
0.821965402584284	0.423410322465834
0.822365385748558	0.42343895959752
0.822765368912833	0.423512459928486
0.823165352077108	0.423628307875107
0.823565335241382	0.423785499673913
0.823965318405657	0.423984624255902
0.824365301569931	0.424228023995501
0.824765284734206	0.424519918923742
0.825165267898481	0.424866065832439
0.825565251062755	0.425273057857112
0.82596523422703	0.425747567817971
0.826365217391304	0.426295538308533
0.826765200555579	0.426921504127776
0.827165183719854	0.427628445871562
0.827565166884128	0.428418067043393
0.827965150048403	0.429291294652688
0.828365133212677	0.430249033288478
0.828765116376952	0.431292894318349
0.829165099541227	0.432425454945663
0.829565082705501	0.433650181226174
0.829965065869776	0.43497113626767
0.83036504903405	0.436392258052233
0.830765032198325	0.437916327261039
0.831165015362599	0.439544075311455
0.831564998526874	0.441273603833185
0.831964981691149	0.443100134958052
0.832364964855423	0.445016212507757
0.832764948019698	0.447012235918004
0.833164931183972	0.449077193437059
0.833564914348247	0.451199504466285
0.833964897512522	0.453367858837402
0.834364880676796	0.455571829660528
0.834764863841071	0.457802280065912
0.835164847005345	0.460051701298736
0.83556483016962	0.462314496961357
0.835964813333894	0.464587138747493
0.836364796498169	0.466868119438493
0.836764779662444	0.469157610296972
0.837164762826718	0.471456938733875
0.837564745990993	0.473767872346898
0.837964729155268	0.47609189448456
0.838364712319542	0.47842967259575
0.838764695483817	0.48078091062287
0.839164678648091	0.483144553366977
0.839564661812366	0.485519305662459
0.83996464497664	0.487904284806927
0.840364628140915	0.49029955981697
0.84076461130519	0.49270648127102
0.841164594469464	0.495127758148912
0.841564577633739	0.497567214091628
0.841964560798013	0.500029262196408
0.842364543962288	0.502518381605639
0.842764527126563	0.505038737547589
0.843164510290837	0.507593965923806
0.843564493455112	0.510187036686936
0.843964476619386	0.512820252219124
0.844364459783661	0.515495366246777
0.844764442947936	0.518213703311833
0.84516442611221	0.520976178394852
0.845564409276485	0.523783120634505
0.845964392440759	0.526633849530086
0.846364375605034	0.529526215175457
0.846764358769308	0.53245621403889
0.847164341933583	0.53541772866002
0.847564325097858	0.538402588297062
0.847964308262132	0.541401021342963
0.848364291426407	0.544402226177159
0.848764274590681	0.547394808026748
0.849164257754956	0.550367119966957
0.849564240919231	0.553307264161271
0.849964224083505	0.556202839331284
0.85036420724778	0.559040635435812
0.850764190412054	0.561806450467149
0.851164173576329	0.564485049792718
0.851564156740604	0.567060521363242
0.851964139904878	0.569516826978296
0.852364123069153	0.571838311304321
0.852764106233427	0.574010122626361
0.853164089397702	0.576018542135649
0.853564072561977	0.577851021322854
0.853964055726251	0.579496103593936
0.854364038890526	0.58094339188196
0.8547640220548	0.58218361335708
0.855164005219075	0.583208603284053
0.855563988383349	0.584011314596266
0.855963971547624	0.584585851543142
0.856363954711899	0.58492741150068
0.856763937876173	0.585032178293753
0.857163921040448	0.584897371739208
0.857563904204722	0.584521416735841
0.857963887368997	0.583904129900202
0.858363870533272	0.583046839204966
0.858763853697546	0.581952293136084
0.859163836861821	0.58062426610425
0.859563820026095	0.579067077209223
0.85996380319037	0.577285181776357
0.860363786354645	0.575282975702056
0.860763769518919	0.573064996734096
0.861163752683194	0.57063650664448
0.861563735847468	0.568004116906032
0.861963719011743	0.565176260747733
0.862363702176018	0.562163347990652
0.862763685340292	0.558977504009891
0.863163668504567	0.555632069306981
0.863563651668841	0.55214107549607
0.863963634833116	0.548518800401161
0.86436361799739	0.544779520716758
0.864763601161665	0.540937457685159
0.86516358432594	0.537006762750737
0.865563567490214	0.53300155925611
0.865963550654489	0.528936074581279
0.866363533818763	0.524824903712505
0.866763516983038	0.520683376572909
0.867163500147313	0.516527929034565
0.867563483311587	0.512376312771632
0.867963466475862	0.508247563844722
0.868363449640136	0.504161724882896
0.868763432804411	0.500139379719639
0.869163415968686	0.496201154286825
0.86956339913296	0.492367376183576
0.869963382297235	0.488657960777458
0.870363365461509	0.485092506823746
0.870763348625784	0.481690454011679
0.871163331790059	0.47847109067552
0.871563314954333	0.475453300418786
0.871963298118608	0.472655054296131
0.872363281282882	0.470092796685105
0.872763264447157	0.467780761558402
0.873163247611431	0.465730435537276
0.873563230775706	0.463950288471802
0.873963213939981	0.462445756701495
0.874363197104255	0.461219334881663
0.87476318026853	0.460270886104495
0.875163163432804	0.459597995027742
0.875563146597079	0.459196302485022
0.875963129761354	0.459059853342887
0.876363112925628	0.45918147014994
0.876763096089903	0.45955300965197
0.877163079254177	0.460165699786058
0.877563062418452	0.461010442759693
0.877963045582727	0.462077895101976
0.878363028747001	0.46335836044364
0.878763011911276	0.464841636530232
0.87916299507555	0.466516638659501
0.879562978239825	0.468370977872176
0.8799629614041	0.470390711985803
0.880362944568374	0.472560212906884
0.880762927732649	0.474862234604304
0.881162910896923	0.477278331837645
0.881562894061198	0.479789502216081
0.881962877225473	0.482376786837181
0.882362860389747	0.48502180697963
0.882762843554022	0.487707102501463
0.883162826718296	0.490416202643062
0.883562809882571	0.493133503150649
0.883962793046845	0.495844186804519
0.88436277621112	0.49853412215965
0.884762759375395	0.501189873088083
0.885162742539669	0.503798784357016
0.885562725703944	0.506349084299251
0.885962708868218	0.508829897885375
0.886362692032493	0.511231377294934
0.886762675196768	0.513544823482159
0.887162658361042	0.51576285085073
0.887562641525317	0.51787952325697
0.887962624689591	0.519890570913327
0.888362607853866	0.521793499082976
0.88876259101814	0.52358762472318
0.889162574182415	0.525274004446994
0.88956255734669	0.52685525816089
0.889962540510964	0.528335290830803
0.890362523675239	0.529719063477566
0.890762506839514	0.531012396761643
0.891162490003788	0.532221865212496
0.891562473168063	0.533354736547858
0.891962456332337	0.534418965288727
0.892362439496612	0.535423144340978
0.892762422660886	0.536376383197787
0.893162405825161	0.537288096761742
0.893562388989436	0.538167699450646
0.89396237215371	0.539024199178891
0.894362355317985	0.539865765129247
0.894762338482259	0.540699368536261
0.895162321646534	0.541530562241595
0.895562304810809	0.542363550318033
0.895962287975083	0.54320144921357
0.896362271139358	0.544046635563466
0.896762254303632	0.544901111705713
0.897162237467907	0.545766802922312
0.897562220632181	0.546645766315937
0.897962203796456	0.547540357162349
0.898362186960731	0.548453285840239
0.898762170125005	0.549387583256008
0.89916215328928	0.550346536721354
0.899562136453554	0.551333584157043
0.899962119617829	0.552352010782397
0.900362102782104	0.553404604789038
0.900762085946378	0.554493376954948
0.901162069110653	0.555619143659993
0.901562052274927	0.556780890902344
0.901962035439202	0.55797513267625
0.902362018603477	0.559195357018276
0.902762001767751	0.560431653960031
0.903161984932026	0.561072398058485
0.9035619680963	0.561589103053131
0.903961951260575	0.561959245210734
0.90436193442485	0.562178928430305
0.904761917589124	0.562255810633936
0.905161900753399	0.562203936869773
0.905561883917673	0.562040196697686
0.905961867081948	0.561782061114807
0.906361850246223	0.561446239949692
0.906761833410497	0.561047962270175
0.907161816574772	0.560600666272603
0.907561799739046	0.560115932462775
0.907961782903321	0.559603553017498
0.908361766067595	0.559071681994858
0.90876174923187	0.558527029415525
0.909161732396145	0.557975066862798
0.909561715560419	0.557420229422002
0.909961698724694	0.556866102746424
0.910361681888968	0.556315583305198
0.910761665053243	0.555771013045505
0.911161648217518	0.555234289279341
0.911561631381792	0.554706947726926
0.911961614546067	0.554190224655927
0.912361597710341	0.55368510225847
0.912761580874616	0.553192338031268
0.913161564038891	0.55271248401764
0.913561547203165	0.552245905507
0.91396153036744	0.551792806182041
0.914361513531714	0.551353258826601
0.914761496695989	0.550927239565557
0.915161479860264	0.550514660945673
0.915561463024538	0.550115399596678
0.915961446188813	0.54972931529962
0.916361429353087	0.54935626442649
0.916761412517362	0.548996108347726
0.917161395681636	0.548648719451607
0.917561378845911	0.5483139874981
0.917961362010186	0.547991825457872
0.91836134517446	0.547682171440007
0.918761328338735	0.547384987515417
0.919161311503009	0.547100254459159
0.919561294667284	0.546827961011747
0.919961277831559	0.546568092333066
0.920361260995833	0.546320619817239
0.920761244160108	0.546085492792516
0.921161227324382	0.545862633319595
0.921561210488657	0.545651934236627
0.921961193652931	0.545453258472477
0.922361176817206	0.545266442935301
0.922761159981481	0.545091303472554
0.923161143145755	0.544927639497116
0.92356112631003	0.544775239744295
0.923961109474305	0.544633888776102
0.924361092638579	0.544503371229774
0.924761075802854	0.544383477819563
0.925161058967128	0.544274010385528
0.925561042131403	0.544174783552976
0.925961025295677	0.544085624410198
0.926361008459952	0.544006371509708
0.926760991624227	0.543936868104584
0.927160974788501	0.543876955212161
0.927560957952776	0.543826468045957
0.92796094111705	0.543785233645854
0.928360924281325	0.543753071478722
0.9287609074456	0.543729800527733
0.929160890609874	0.543715248870556
0.929560873774149	0.543709262513594
0.929960856938423	0.543711712843772
0.930360840102698	0.543722500706768
0.930760823266973	0.543741556190479
0.931160806431247	0.543768836819385
0.931560789595522	0.54380432593793
0.931960772759796	0.543848031122763
0.932360755924071	0.543899984090487
0.932760739088345	0.54396024199529
0.93316072225262	0.544028887950734
0.933560705416895	0.544106029254455
0.933960688581169	0.544191794851232
0.934360671745444	0.544286332444509
0.934760654909718	0.544389806571441
0.935160638073993	0.54450239713162
0.935560621238268	0.544624299702006
0.935960604402542	0.544755726897602
0.936360587566817	0.544896909398686
0.936760570731091	0.545048094077625
0.937160553895366	0.545209539662066
0.937560537059641	0.545381509697655
0.937960520223915	0.545564265245788
0.93836050338819	0.545758059268594
0.938760486552464	0.545963134010351
0.939160469716739	0.546179721502075
0.939560452881014	0.546408047507751
0.939960436045288	0.546648337208518
0.940360419209563	0.546900820515432
0.940760402373837	0.547165736903679
0.941160385538112	0.547443340583995
0.941560368702386	0.547733905671213
0.941960351866661	0.548037731524309
0.942360335030936	0.548355146998488
0.94276031819521	0.548686512621459
0.943160301359485	0.549032221811325
0.943560284523759	0.549392700415731
0.943960267688034	0.54976840377099
0.944360250852309	0.550159813498288
0.944760234016583	0.550567436755984
0.945160217180858	0.550991806386566
0.945560200345132	0.551433482897266
0.945960183509407	0.551893058101483
0.946360166673682	0.552371159484621
0.946760149837956	0.552868453843145
0.947160133002231	0.553385650406689
0.947560116166505	0.553923502178285
0.94796009933078	0.554482805676315
0.948360082495055	0.555064399643995
0.948760065659329	0.555669152491881
0.949160048823604	0.556297931609936
0.949560031987878	0.556951559257636
0.949960015152153	0.557630762455338
