0	1.24928244282646
0.000399983175604627	1.24900765317449
0.000799966351209253	1.24873793192188
0.00119994952681388	1.24847258101795
0.00159993270241851	1.2482108653362
0.00199991587802313	1.24795203829261
0.00239989905362776	1.24769535751335
0.00279988222923239	1.24744008697812
0.00319986540483701	1.24718547636785
0.00359984858044164	1.24693074783346
0.00399983175604627	1.24667509864312
0.00439981493165089	1.24641771324614
0.00479979810725552	1.24615777532654
0.00519978128286015	1.24589447685256
0.00559976445846477	1.24562702198612
0.0059997476340694	1.24535462273291
0.00639973080967403	1.24507649568068
0.00679971398527865	1.24479186293292
0.00719969716088328	1.24449995782366
0.00759968033648791	1.24420003557016
0.00799966351209253	1.24389138813549
0.00839964668769716	1.24357335377508
0.00879962986330179	1.24324532013397
0.00919961303890642	1.24290672053807
0.00959959621451104	1.24255702755182
0.00999957939011567	1.24219574693546
0.0103995625657203	1.24182241420544
0.0107995457413249	1.24143659107622
0.0111995289169295	1.2410378630122
0.0115995120925342	1.24062583453419
0.0119994952681388	1.24020012112852
0.0123994784437434	1.23976033725814
0.0127994616193481	1.23930608511679
0.0131994447949527	1.23883694437407
0.0135994279705573	1.23835246589665
0.0139994111461619	1.23785216964034
0.0143993943217666	1.23733554544543
0.0147993774973712	1.23680205562682
0.0151993606729758	1.23625114215881
0.0155993438485804	1.23568223609583
0.0159993270241851	1.2350947670182
0.0163993101997897	1.23448817280299
0.0167992933753943	1.23386190960727
0.017199276550999	1.23321545918674
0.0175992597266036	1.23254833415401
0.0179992429022082	1.23186008284277
0.0183992260778128	1.23115029535185
0.0187992092534175	1.23041861079348
0.0191991924290221	1.22966472459436
0.0195991756046267	1.22888839310718
0.0199991587802313	1.2280894323349
0.020399141955836	1.22726771271292
0.0207991251314406	1.22642315260013
0.0211991083070452	1.22555571108362
0.0215990914826498	1.2246653837462
0.0219990746582545	1.22375220555441
0.0223990578338591	1.22281625978162
0.0227990410094637	1.2218576869387
0.0231990241850684	1.22087669239826
0.023599007360673	1.21987355093212
0.0239989905362776	1.21884860525108
0.0243989737118822	1.21780225835961
0.0247989568874869	1.21673496537477
0.0251989400630915	1.21564722583776
0.0255989232386961	1.21453957823409
0.0259989064143007	1.21341259886591
0.0263988895899054	1.21226690629726
0.02679887276551	1.21110316675912
0.0271988559411146	1.20992210074459
0.0275988391167192	1.20872448927692
0.0279988222923239	1.20751117360457
0.0283988054679285	1.2062830454693
0.0287987886435331	1.20504103534215
0.0291987718191378	1.20378610085496
0.0295987549947424	1.20251921548392
0.029998738170347	1.20124136467103
0.0303987213459516	1.19995355219402
0.0307987045215563	1.19865681189743
0.0311986876971609	1.19735222241718
0.0315986708727655	1.1960409232034
0.0319986540483701	1.19472412828947
0.0323986372239748	1.19340313551744
0.0327986203995794	1.19207933125777
0.033198603575184	1.19075419285153
0.0335985867507886	1.18942929027606
0.0339985699263933	1.18810628801296
0.0343985531019979	1.18678694077472
0.0347985362776025	1.18547307929191
0.0351985194532071	1.1841665862734
0.0355985026288118	1.18286936325344
0.0359984858044164	1.18158329352382
0.036398468980021	1.1803102087599
0.0367984521556257	1.17905186196626
0.0371984353312303	1.17780990914458
0.0375984185068349	1.17658589824133
0.0379984016824395	1.17538126096075
0.0383983848580442	1.17419730183821
0.0387983680336488	1.17303517824565
0.0391983512092534	1.17189586265948
0.039598334384858	1.17078008087408
0.0399983175604627	1.16968821631496
0.0403983007360673	1.16862018462473
0.0407982839116719	1.16757528253655
0.0411982670872766	1.16655200731426
0.0415982502628812	1.16554784217652
0.0419982334384858	1.16455901537441
0.0423982166140904	1.16358023957465
0.0427981997896951	1.16260442396049
0.0431981829652997	1.16162235760493
0.0435981661409043	1.16062238146037
0.0439981493165089	1.15959006913582
0.0443981324921136	1.15850795658211
0.0447981156677182	1.15735541260548
0.0451980988433228	1.15610877333236
0.0455980820189274	1.15474190824392
0.0459980651945321	1.15322745158543
0.0463980483701367	1.15153897798936
0.0467980315457413	1.14965437454326
0.047198014721346	1.14756055664426
0.0475979978969506	1.14368319241016
0.0479979810725552	1.13975930999355
0.0483979642481598	1.13579985960854
0.0487979474237645	1.13181604407065
0.0491979305993691	1.12781943624631
0.0495979137749737	1.1238219698938
0.0499978969505783	1.1198358740907
0.050397880126183	1.11587340709655
0.0507978633017876	1.11194601629646
0.0511978464773922	1.10806365818383
0.0515978296529968	1.10423445313791
0.0519978128286015	1.10046469040726
0.0523977960042061	1.09675908892972
0.0527977791798107	1.09312118097848
0.0531977623554154	1.08955362553198
0.05359774553102	1.08605820770531
0.0539977287066246	1.08263572135535
0.0543977118822292	1.07928578800012
0.0547976950578339	1.07600668313924
0.0551976782334385	1.07279529231213
0.0555976614090431	1.06964741806508
0.0559976445846477	1.06655826076091
0.0563976277602524	1.06352291481386
0.056797610935857	1.06053679266732
0.0571975941114616	1.05759593607888
0.0575975772870662	1.05469725050133
0.0579975604626709	1.05183879692384
0.0583975436382755	1.04902011672712
0.0587975268138801	1.04624254586361
0.0591975099894848	1.04350945658506
0.0595974931650894	1.04082645160107
0.059997476340694	1.03820123832897
0.0603974595162986	1.03564319204561
0.0607974426919033	1.03316268782908
0.0611974258675079	1.03077034630139
0.0615974090431125	1.02847631733312
0.0619973922187171	1.02628973295729
0.0623973753943218	1.02421846686968
0.0627973585699264	1.02226919947374
0.063197341745531	1.02044754277592
0.0635973249211357	1.01875812044693
0.0639973080967403	1.01720448521316
0.0643972912723449	1.01578892368775
0.0647972744479495	1.01451219368275
0.0651972576235542	1.01337341792637
0.0655972407991588	1.01237017710298
0.0659972239747634	1.01149905329392
0.066397207150368	1.01075655369649
0.0667971903259727	1.01014012345962
0.0671971735015773	1.0096488517631
0.0675971566771819	1.00928373286762
0.0679971398527865	1.00904735356049
0.0683971230283912	1.00894318064227
0.0687971062039958	1.00897473168454
0.0691970893796004	1.0091450468172
0.069597072555205	1.00945653816209
0.0699970557308097	1.00991129135256
0.0703970389064143	1.01051153885112
0.0707970220820189	1.01126008624023
0.0711970052576236	1.01216049791605
0.0715969884332282	1.01321702570159
0.0719969716088328	1.01443420638113
0.0723969547844374	1.01581638702154
0.0727969379600421	1.01736740331392
0.0731969211356467	1.01909039690705
0.0735969043112513	1.02098769661563
0.0739968874868559	1.02306086273389
0.0743968706624606	1.02531075018562
0.0747968538380652	1.02773749529261
0.0751968370136698	1.0303405667965
0.0755968201892745	1.03311872710562
0.0759968033648791	1.03606972698811
0.0763967865404837	1.03919000301598
0.0767967697160883	1.04247443083477
0.077196752891693	1.04591588034194
0.0775967360672976	1.04950489980352
0.0779967192429022	1.05322976759588
0.0783967024185068	1.05707658019666
0.0787966855941115	1.06102943300488
0.0791966687697161	1.06507093864895
0.0795966519453207	1.06918277121508
0.0799966351209253	1.07334600605783
0.08039661829653	1.07754143917512
0.0807966014721346	1.08174985059157
0.0811965846477392	1.08595215827259
0.0815965678233438	1.09012973930114
0.0819965509989485	1.09426471147243
0.0823965341745531	1.09833981236077
0.0827965173501577	1.10233808784155
0.0831965005257624	1.10624258294947
0.083596483701367	1.11003600647407
0.0839964668769716	1.11370055775296
0.0843964500525762	1.11721819594289
0.0847964332281809	1.12057111275731
0.0851964164037855	1.12374227051952
0.0855963995793901	1.12671590887139
0.0859963827549947	1.12947792590042
0.0863963659305994	1.13201606729588
0.086796349106204	1.13432004468961
0.0871963322818086	1.13638161334818
0.0875963154574133	1.13819459177534
0.0879962986330179	1.13975490822336
0.0883962818086225	1.14106068466957
0.0887962649842271	1.14211212649664
0.0891962481598318	1.14291110807355
0.0895962313354364	1.14346063051927
0.089996214511041	1.14376450469262
0.0903961976866456	1.14382715920648
0.0907961808622503	1.1436534891846
0.0911961640378549	1.14324884212516
0.0915961472134595	1.14261898499117
0.0919961303890642	1.14176993173235
0.0923961135646688	1.14070784884564
0.0927960967402734	1.13943912273068
0.093196079915878	1.13797026176166
0.0935960630914826	1.13630778927775
0.0939960462670873	1.13445814031668
0.0943960294426919	1.13242744570719
0.0947960126182965	1.13022138855516
0.0951959957939012	1.12784552683805
0.0955959789695058	1.12530593638667
0.0959959621451104	1.12260996621088
0.096395945320715	1.11976703833863
0.0967959284963197	1.11678922270432
0.0971959116719243	1.1136911963033
0.0975958948475289	1.11048963051046
0.0979958780231335	1.10720221192485
0.0983958611987382	1.10384666838948
0.0987958443743428	1.10044000797705
0.0991958275499474	1.09699811717659
0.0995958107255521	1.09353560437337
0.0999957939011567	1.09006575375772
0.100395777076761	1.08660037940542
0.100795760252366	1.08314950993088
0.101195743427971	1.07972111220647
0.101595726603575	1.07632098968671
0.10199570977918	1.07295290265362
0.102395692954784	1.06961898255672
0.102795676130389	1.06632032033393
0.103195659305994	1.06305753307917
0.103595642481598	1.05983119650559
0.103995625657203	1.05664223212644
0.104395608832808	1.0534920999767
0.104795592008412	1.050382941133
0.105195575184017	1.04731772921713
0.105595558359621	1.04430033312764
0.105995541535226	1.04133530291868
0.106395524710831	1.03842755519395
0.106795507886435	1.03558197564571
0.10719549106204	1.03280302296665
0.107595474237645	1.03009457570633
0.107995457413249	1.02746024032164
0.108395440588854	1.02490392703579
0.108795423764458	1.02243046225541
0.109195406940063	1.02004612766369
0.109595390115668	1.01775902775168
0.109995373291272	1.01557907408531
0.110395356466877	1.01351764955862
0.110795339642482	1.01158721682687
0.111195322818086	1.00980092254064
0.111595305993691	1.00817218305707
0.111995289169295	1.00671434687138
0.1123952723449	1.00544011338391
0.112795255520505	1.00436072585745
0.113195238696109	1.00348527694721
0.113595221871714	1.00282015103701
0.113995205047319	1.00236853060034
0.114395188222923	1.00213038127735
0.114795171398528	1.00210287535818
0.115195154574132	1.00228088493427
0.115595137749737	1.00265753670476
0.115995120925342	1.0032248821396
0.116395104100946	1.00397439264094
0.116795087276551	1.00489745109093
0.117195070452156	1.0059859975311
0.11759505362776	1.00723324501304
0.117995036803365	1.0086341611029
0.11839501997897	1.01018582194653
0.118795003154574	1.01188737216322
0.119194986330179	1.01373945387327
0.119594969505783	1.0157431850439
0.119994952681388	1.01789907324373
0.120394935856993	1.0202061389588
0.120794919032597	1.02266145749474
0.121194902208202	1.02526019100707
0.121594885383807	1.02799611027673
0.121994868559411	1.03086243261609
0.122394851735016	1.03385268335163
0.12279483491062	1.03696130304424
0.123194818086225	1.04018390656516
0.12359480126183	1.04351712075232
0.123994784437434	1.04695831725209
0.124394767613039	1.05050544090397
0.124794750788644	1.05415691217568
0.125194733964248	1.05791143520987
0.125594717139853	1.06176793208286
0.125994700315457	1.06572555465319
0.126394683491062	1.06978357547738
0.126794666666667	1.07394137652161
0.127194649842271	1.07819854382165
0.127594633017876	1.08255496062102
0.127994616193481	1.08701062453578
0.128394599369085	1.09156516288327
0.12879458254469	1.09621708298263
0.129194565720294	1.10096301482628
0.129594548895899	1.10579705001533
0.129994532071504	1.11071037402189
0.130394515247108	1.11569135268575
0.130794498422713	1.12072612414951
0.131194481598318	1.12579947745172
0.131594464773922	1.13089591222386
0.131994447949527	1.1360005566708
0.132394431125131	1.14109999159327
0.132794414300736	1.14618293392353
0.133194397476341	1.15124087036597
0.133594380651945	1.15626814050439
0.13399436382755	1.16126165805796
0.134394347003155	1.16622033306593
0.134794330178759	1.17114430386891
0.135194313354364	1.17603413257664
0.135594296529968	1.18089054501389
0.135994279705573	1.18571465546651
0.136394262881178	1.19050848228352
0.136794246056782	1.19527530454222
0.137194229232387	1.20001973831918
0.137594212407992	1.20474723888825
0.137994195583596	1.20946329571094
0.138394178759201	1.21417251579545
0.138794161934805	1.21887791095496
0.13919414511041	1.2235804270889
0.139594128286015	1.22827893400386
0.139994111461619	1.23297046753821
0.140394094637224	1.23765049611453
0.140794077812829	1.2423130818574
0.141194060988433	1.24695097697599
0.141594044164038	1.25155567988123
0.141994027339642	1.25611752571879
0.142394010515247	1.26062596079129
0.142793993690852	1.26507003428137
0.143193976866456	1.26943891948934
0.143593960042061	1.27372251538506
0.143993943217666	1.27791210039093
0.14439392639327	1.28200075648265
0.144793909568875	1.28598358866852
0.145193892744479	1.28985773755615
0.145593875920084	1.29362211041434
0.145993859095689	1.29727688073618
0.146393842271293	1.30082301751251
0.146793825446898	1.30426168259244
0.147193808622503	1.30759365902351
0.147593791798107	1.3108190371263
0.147993774973712	1.31393708292554
0.148393758149317	1.31694625174788
0.148793741324921	1.31984424466738
0.149193724500526	1.32262811609714
0.14959370767613	1.32529432758719
0.149993690851735	1.327838796306
0.15039367402734	1.33025696079376
0.150793657202944	1.33254405072048
0.151193640378549	1.33469548749467
0.151593623554154	1.33670722935175
0.151993606729758	1.33857609582396
0.152393589905363	1.34029992738361
0.152793573080967	1.34187744931938
0.153193556256572	1.34330807389926
0.153593539432177	1.34459178450153
0.153993522607781	1.34572900376963
0.154393505783386	1.34672058836906
0.154793488958991	1.34756813211384
0.155193472134595	1.34827420871087
0.1555934553102	1.34884245922116
0.155993438485804	1.34927770034674
0.156393421661409	1.34958586780927
0.156793404837014	1.34977389106193
0.157193388012618	1.34984964360856
0.157593371188223	1.34982194395209
0.157993354363828	1.34970048123355
0.158393337539432	1.3494955993613
0.158793320715037	1.3492178934937
0.159193303890641	1.34887764551325
0.159593287066246	1.34848436199927
0.159993270241851	1.34804634164566
0.160393253417455	1.34757041875229
0.16079323659306	1.34706200924194
0.161193219768665	1.34652563256612
0.161593202944269	1.34596554241069
0.161993186119874	1.34538632654802
0.162393169295478	1.34479328767901
0.162793152471083	1.34419252292741
0.163193135646688	1.34359050816856
0.163593118822292	1.34299349359147
0.163993101997897	1.34240690405286
0.164393085173502	1.34183499871728
0.164793068349106	1.34128070763214
0.165193051524711	1.3407457421476
0.165593034700315	1.34023070723858
0.16599301787592	1.3397350989551
0.166393001051525	1.33925725065888
0.166792984227129	1.3387943930652
0.167192967402734	1.33834282480162
0.167592950578339	1.33789838038825
0.167992933753943	1.33745733103297
0.168392916929548	1.33701730232952
0.168792900105152	1.33657783680289
0.169192883280757	1.33614057051029
0.169592866456362	1.33570907921683
0.169992849631966	1.3352883105051
0.170392832807571	1.33488405711659
0.170792815983176	1.33450267675696
0.17119279915878	1.33415094064316
0.171592782334385	1.3338359510204
0.171992765509989	1.33356520581784
0.172392748685594	1.33334630643394
0.172792731861199	1.33318633881387
0.173192715036803	1.3330912625974
0.173592698212408	1.33306531584257
0.173992681388013	1.3331105682076
0.174392664563617	1.33322715863821
0.174792647739222	1.33341401883024
0.175192630914827	1.33366965683653
0.175592614090431	1.33399292998169
0.175992597266036	1.33438367061133
0.17639258044164	1.33484273234074
0.176792563617245	1.33537176735613
0.17719254679285	1.33597283641309
0.177592529968454	1.33664772118347
0.177992513144059	1.33739718881087
0.178392496319664	1.33822070673201
0.178792479495268	1.33911644681468
0.179192462670873	1.34008155948064
0.179592445846477	1.34111300444134
0.179992429022082	1.34220854267188
0.180392412197687	1.34336746505074
0.180792395373291	1.34459091493044
0.181192378548896	1.34588162147681
0.181592361724501	1.34724289754962
0.181992344900105	1.34867727984948
0.18239232807571	1.35018519341189
0.182792311251314	1.35176398948203
0.183192294426919	1.35340775335792
0.183592277602524	1.3551079726387
0.183992260778128	1.35685462752098
0.184392243953733	1.35863746516531
0.184792227129338	1.36044709036507
0.185192210304942	1.36227568374503
0.185592193480547	1.36411726283481
0.185992176656151	1.36596753358461
0.186392159831756	1.36782341178274
0.186792143007361	1.36968249611136
0.187192126182965	1.37154258294649
0.18759210935857	1.37340124339397
0.187992092534175	1.3752555550771
0.188392075709779	1.37710188233875
0.188792058885384	1.37893546209873
0.189192042060988	1.38074985374348
0.189592025236593	1.38253637792232
0.189992008412198	1.38428355159235
0.190391991587802	1.38597670786566
0.190791974763407	1.38759807329521
0.191191957939012	1.38912730969312
0.191591941114616	1.39054255009313
0.191991924290221	1.39182175601306
0.192391907465825	1.39294400104382
0.19279189064143	1.39389044289776
0.193191873817035	1.39464501416015
0.193591856992639	1.39519460034319
0.193991840168244	1.3955289138192
0.194391823343849	1.39564032610891
0.194791806519453	1.39552379626883
0.195191789695058	1.39517685867016
0.195591772870662	1.39459972543425
0.195991756046267	1.39379523828274
0.196391739221872	1.3927686677368
0.196791722397476	1.39152739643594
0.197191705573081	1.39008039222574
0.197591688748686	1.388437427604
0.19799167192429	1.38660852211297
0.198391655099895	1.3846036556758
0.198791638275499	1.38243250918517
0.199191621451104	1.38010430651455
0.199591604626709	1.37762791583089
0.199991587802313	1.37501200702645
0.200391570977918	1.37226523495514
0.200791554153523	1.36939648277249
0.201191537329127	1.36641500010297
0.201591520504732	1.36333038142485
0.201991503680336	1.36015230921449
0.202391486855941	1.35688999277131
0.202791470031546	1.35355142625836
0.20319145320715	1.3501429088016
0.203591436382755	1.34666898372061
0.20399141955836	1.34313261432335
0.204391402733964	1.33953559450531
0.204791385909569	1.33587914453138
0.205191369085174	1.3321644490561
0.205591352260778	1.32839297570994
0.205991335436383	1.32456673321182
0.206391318611987	1.32068852532671
0.206791301787592	1.31676227399649
0.207191284963197	1.31279343720894
0.207591268138801	1.30878919135545
0.207991251314406	1.30475828607681
0.208391234490011	1.30071068827784
0.208791217665615	1.29665717295234
0.20919120084122	1.29260872667354
0.209591184016824	1.28857606907402
0.209991167192429	1.28456953054303
0.210391150368034	1.28059903755336
0.210791133543638	1.27667403291314
0.211191116719243	1.27280347317423
0.211591099894848	1.26899579265788
0.211991083070452	1.2652588662768
0.212391066246057	1.26160000789936
0.212791049421661	1.25802612098845
0.213191032597266	1.25454361256018
0.213591015772871	1.25115820477231
0.213990998948475	1.24787477973472
0.21439098212408	1.2446973269609
0.214790965299685	1.24162881588513
0.215190948475289	1.23867132270176
0.215590931650894	1.23582639310973
0.215990914826498	1.233095291843
0.216390898002103	1.23047901119386
0.216790881177708	1.22797821339446
0.217190864353312	1.22559299509242
0.217590847528917	1.22332261549846
0.217990830704522	1.2211655117901
0.218390813880126	1.21911967181561
0.218790797055731	1.21718302057877
0.219190780231335	1.21535396693141
0.21959076340694	1.21363201010819
0.219990746582545	1.21201801308038
0.220390729758149	1.21051413508595
0.220790712933754	1.20912372818605
0.221190696109359	1.20785112944776
0.221590679284963	1.20670126521364
0.221990662460568	1.20567938192325
0.222390645636172	1.20479081842261
0.222790628811777	1.20404077020356
0.223190611987382	1.20343408189184
0.223590595162986	1.2029749564678
0.223990578338591	1.20266646360008
0.224390561514196	1.20251011645413
0.2247905446898	1.20250561744817
0.225190527865405	1.2026507938248
0.225590511041009	1.20294181526186
0.225990494216614	1.20337376149593
0.226390477392219	1.20394131013805
0.226790460567823	1.204639519096
0.227190443743428	1.20546446196531
0.227590426919033	1.20641369395446
0.227990410094637	1.20748655571063
0.228390393270242	1.20868449280279
0.228790376445846	1.2100110832082
0.229190359621451	1.21147183814007
0.229590342797056	1.21307378408355
0.22999032597266	1.21482461152451
0.230390309148265	1.21673153262372
0.23079029232387	1.21880031186202
0.231190275499474	1.22103453055307
0.231590258675079	1.22343526417371
0.231990241850684	1.22600129333763
0.232390225026288	1.2287297119925
0.232790208201893	1.23161648107891
0.233190191377497	1.23465693545437
0.233590174553102	1.23784614948296
0.233990157728707	1.24117905576434
0.234390140904311	1.24465029249002
0.234790124079916	1.24825412543114
0.235190107255521	1.25198449685237
0.235590090431125	1.25583503643143
0.23599007360673	1.25979911451435
0.236390056782334	1.26386987712094
0.236790039957939	1.26804018038255
0.237190023133544	1.27230242709381
0.237590006309148	1.27664844021856
0.237989989484753	1.2810693537827
0.238389972660358	1.28555545637536
0.238789955835962	1.29009624001777
0.239189939011567	1.29468072152655
0.239589922187171	1.29929782700668
0.239989905362776	1.3039369079355
0.240389888538381	1.30858832984333
0.240789871713985	1.31324388957536
0.24118985488959	1.31789694690895
0.241589838065195	1.3225424966105
0.241989821240799	1.32717702886325
0.242389804416404	1.33179831115909
0.242789787592008	1.33640522926249
0.243189770767613	1.34099768612193
0.243589753943218	1.34557651457773
0.243989737118822	1.3501432496136
0.244389720294427	1.35469953826997
0.244789703470032	1.35924605945051
0.245189686645636	1.36378119659864
0.245589669821241	1.36829973241613
0.245989652996845	1.37279197982221
0.24638963617245	1.37724365360293
0.246789619348055	1.38163646673749
0.247189602523659	1.38594929769279
0.247589585699264	1.39015966859615
0.247989568874869	1.39424513164956
0.248389552050473	1.39818429161403
0.248789535226078	1.40195744610023
0.249189518401682	1.40554689238384
0.249589501577287	1.4089368375702
0.249989484752892	1.41211316549261
0.250389467928496	1.41506306734011
0.250789451104101	1.41777467086943
0.251189434279706	1.42023675212159
0.25158941745531	1.42243862130307
0.251989400630915	1.42437027002436
0.252389383806519	1.42602285735081
0.252789366982124	1.42738920168528
0.253189350157729	1.42846410524068
0.253589333333333	1.42924438622377
0.253989316508938	1.42972856524439
0.254389299684543	1.42991621275858
0.254789282860147	1.42980750079954
0.255189266035752	1.42940293372669
0.255589249211357	1.42870321315896
0.255989232386961	1.42770940006896
0.256389215562566	1.42642353858263
0.25678919873817	1.42484906754964
0.257189181913775	1.42299093120788
0.25758916508938	1.42085554384939
0.257989148264984	1.41845041340981
0.258389131440589	1.41578338133256
0.258789114616193	1.41286210389009
0.259189097791798	1.40969393454276
0.259589080967403	1.40628612399368
0.259989064143007	1.40264635943129
0.260389047318612	1.39878359407631
0.260789030494217	1.39470853196747
0.261189013669821	1.39043355233415
0.261588996845426	1.38597219160943
0.26198898002103	1.38133836542338
0.262388963196635	1.37654553628352
0.26278894637224	1.37160622466842
0.263188929547844	1.36653213655353
0.263588912723449	1.36133468191644
0.263988895899054	1.35602548866194
0.264388879074658	1.35061680822093
0.264788862250263	1.34512175600032
0.265188845425868	1.33955429117203
0.265588828601472	1.33392921408693
0.265988811777077	1.32826238078463
0.266388794952681	1.32257101300116
0.266788778128286	1.31687389147077
0.267188761303891	1.31119152406577
0.267588744479495	1.30554593202077
0.2679887276551	1.29995989560588
0.268388710830705	1.29445581554479
0.268788694006309	1.28905452609479
0.269188677181914	1.28377405752985
0.269588660357518	1.27862878145134
0.269988643533123	1.27362913588663
0.270388626708728	1.26878193079406
0.270788609884332	1.26409109520179
0.271188593059937	1.25955881206458
0.271588576235542	1.2551865166079
0.271988559411146	1.25097558105943
0.272388542586751	1.2469275804501
0.272788525762355	1.24304421635932
0.27318850893796	1.23932688004802
0.273588492113565	1.23577618573209
0.273988475289169	1.23239154989024
0.274388458464774	1.22917096144524
0.274788441640379	1.22611101297888
0.275188424815983	1.22320712777222
0.275588407991588	1.2204539023724
0.275988391167192	1.21784556472686
0.276388374342797	1.21537628916938
0.276788357518402	1.21304025936341
0.277188340694006	1.2108315542046
0.277588323869611	1.20874384502573
0.277988307045216	1.20676997764659
0.27838829022082	1.20490172834359
0.278788273396425	1.203129842152
0.279188256572029	1.20144430101741
0.279588239747634	1.19983494711416
0.279988222923239	1.19829218819359
0.280388206098843	1.19680748179473
0.280788189274448	1.19537351197044
0.281188172450053	1.19398398800181
0.281588155625657	1.19263311829343
0.281988138801262	1.19131517563729
0.282388121976866	1.19002419633073
0.282788105152471	1.18875374042384
0.283188088328076	1.18749680696666
0.28358807150368	1.18624611271565
0.283988054679285	1.18499424164132
0.28438803785489	1.18373380293848
0.284788021030494	1.18245774125652
0.285188004206099	1.18115975188939
0.285587987381703	1.17983450340054
0.285987970557308	1.17847794334867
0.286387953732913	1.17708746835952
0.286787936908517	1.1756618665352
0.287187920084122	1.17420108265261
0.287587903259727	1.17270597485474
0.287987886435331	1.17117794889697
0.288387869610936	1.16961882678632
0.288787852786541	1.16803083965555
0.289187835962145	1.16641679482359
0.28958781913775	1.16478019699162
0.289987802313354	1.16312543797623
0.290387785488959	1.16145794648737
0.290787768664564	1.15978434292572
0.291187751840168	1.15811239063349
0.291587735015773	1.15645087235826
0.291987718191378	1.15480941022915
0.292387701366982	1.15319802859545
0.292787684542587	1.15162630322197
0.293187667718191	1.15010246240161
0.293587650893796	1.14863254969684
0.293987634069401	1.14721971564606
0.294387617245005	1.14586392617174
0.29478760042061	1.14456234661163
0.295187583596214	1.14331014566437
0.295587566771819	1.14210162255763
0.295987549947424	1.14093141273283
0.296387533123028	1.13979536594193
0.296787516298633	1.13869107664247
0.297187499474238	1.13761809634554
0.297587482649842	1.13657776134343
0.297987465825447	1.13557271941983
0.298387449001052	1.1346065138587
0.298787432176656	1.13368327083255
0.299187415352261	1.13280732410941
0.299587398527865	1.13198285780296
0.29998738170347	1.13121370420772
0.300387364879075	1.1305032428267
0.300787348054679	1.12985450158491
0.301187331230284	1.12927062113714
0.301587314405889	1.12875535907576
0.301987297581493	1.12831335154998
0.302387280757098	1.12795013446271
0.302787263932702	1.12767179001393
0.303187247108307	1.12748407449452
0.303587230283912	1.12739124471479
0.303987213459516	1.12739526591891
0.304387196635121	1.12749538329465
0.304787179810726	1.12768797160741
0.30518716298633	1.1279668492157
0.305587146161935	1.12832393057583
0.305987129337539	1.12874973564684
0.306387112513144	1.12923394558119
0.306787095688749	1.12976605883519
0.307187078864353	1.13033604156299
0.307587062039958	1.13093487973644
0.307987045215563	1.13155529660575
0.308387028391167	1.13219215660915
0.308787011566772	1.13284237812526
0.309186994742376	1.13350457185265
0.309586977917981	1.13417875789043
0.309986961093586	1.13486604226982
0.31038694426919	1.13556860643406
0.310786927444795	1.13629001874678
0.3111869106204	1.1370354694643
0.311586893796004	1.13781162410414
0.311986876971609	1.13862622019544
0.312386860147213	1.13948727104655
0.312786843322818	1.14040210328641
0.313186826498423	1.14137670573059
0.313586809674027	1.14241559517361
0.313986792849632	1.1435219627924
0.314386776025237	1.14469807740588
0.314786759200841	1.14594588815482
0.315186742376446	1.14726727339602
0.31558672555205	1.14866410048971
0.315986708727655	1.15013831645706
0.31638669190326	1.15169186600012
0.316786675078864	1.15332629575879
0.317186658254469	1.15504234969292
0.317586641430074	1.15683937535157
0.317986624605678	1.15871454187202
0.318386607781283	1.16066229086025
0.318786590956887	1.16267425513695
0.319186574132492	1.16473961699306
0.319586557308097	1.16684597866075
0.319986540483701	1.16898052773458
0.320386523659306	1.17113113362382
0.320786506834911	1.17328711970866
0.321186490010515	1.17543967617193
0.32158647318612	1.17758197140678
0.321986456361725	1.17970921119911
0.322386439537329	1.1818186897929
0.322786422712934	1.18390979230738
0.323186405888538	1.18598410066413
0.323586389064143	1.18804535105318
0.323986372239748	1.19009911420187
0.324386355415352	1.19215242982133
0.324786338590957	1.19421341080226
0.325186321766562	1.19629072971429
0.325586304942166	1.19839328428331
0.325986288117771	1.20053000567384
0.326386271293375	1.20270964644835
0.32678625446898	1.2049407211151
0.327186237644585	1.20723167330184
0.327586220820189	1.20959108161779
0.327986203995794	1.21202780862044
0.328386187171399	1.21455113226336
0.328786170347003	1.21717079759553
0.329186153522608	1.21989699719147
0.329586136698212	1.22274019545363
0.329986119873817	1.22571083719144
0.330386103049422	1.2288190956948
0.330786086225026	1.23207461240871
0.331186069400631	1.23548616284854
0.331586052576236	1.23906147505877
0.33198603575184	1.24280715100033
0.332386018927445	1.24672851667589
0.332786002103049	1.25082956388493
0.333185985278654	1.2551129631823
0.333585968454259	1.2595797980129
0.333985951629863	1.26422919483596
0.334385934805468	1.26905801169136
0.334785917981073	1.27406055332917
0.335185901156677	1.27922852282738
0.335585884332282	1.28455144821196
0.335985867507886	1.29001736605741
0.336385850683491	1.2956135403447
0.336785833859096	1.30132720371846
0.3371858170347	1.30714603029105
0.337585800210305	1.31305823517114
0.33798578338591	1.31905253737391
0.338385766561514	1.32511820697191
0.338785749737119	1.33124539017571
0.339185732912723	1.33742570448416
0.339585716088328	1.3436528303325
0.339985699263933	1.34992275278391
0.340385682439537	1.35623355361719
0.340785665615142	1.36258441391069
0.341185648790747	1.36897402600676
0.341585631966351	1.37539903494202
0.341985615141956	1.38185283323322
0.34238559831756	1.38832488601835
0.342785581493165	1.39480083731554
0.34318556466877	1.40126316465268
0.343585547844374	1.40769200394294
0.343985531019979	1.41406616609714
0.344385514195584	1.42036438250609
0.344785497371188	1.42656621301437
0.345185480546793	1.43265270790593
0.345585463722398	1.43860691182111
0.345985446898002	1.4444140538899
0.346385430073607	1.45006122581766
0.346785413249211	1.45553691814394
0.347185396424816	1.46083046838564
0.347585379600421	1.46593168391607
0.347985362776025	1.4708307770616
0.34838534595163	1.47551865163628
0.348785329127235	1.47998739049412
0.349185312302839	1.48423093281923
0.349585295478444	1.48824546151876
0.349985278654048	1.49202964142979
0.350385261829653	1.49558459803009
0.350785245005258	1.49891375340375
0.351185228180862	1.50202249417748
0.351585211356467	1.50491801718664
0.351985194532071	1.50760906922529
0.352385177707676	1.5101056212744
0.352785160883281	1.51241856379488
0.353185144058885	1.5145594118151
0.35358512723449	1.51653978901168
0.353985110410095	1.51837104196157
0.354385093585699	1.52006392411975
0.354785076761304	1.52162834692214
0.355185059936909	1.52307330973155
0.355585043112513	1.52440712283181
0.355985026288118	1.52563744147234
0.356385009463722	1.52677113763638
0.356784992639327	1.52781406626122
0.357184975814932	1.52877075435188
0.357584958990536	1.52964408465892
0.357984942166141	1.5304352706529
0.358384925341746	1.53114424375607
0.35878490851735	1.53177025748849
0.359184891692955	1.53231246156236
0.359584874868559	1.53277038537913
0.359984858044164	1.53314407757739
0.360384841219769	1.53343393136542
0.360784824395373	1.53364052135957
0.361184807570978	1.53376442564284
0.361584790746583	1.53380605946077
0.361984773922187	1.53376562799004
0.362384757097792	1.53364324530718
0.362784740273396	1.53343890779851
0.363184723449001	1.53315251285946
0.363584706624606	1.53278403809303
0.36398468980021	1.53233388816089
0.364384672975815	1.53180315885231
0.36478465615142	1.53119395825204
0.365184639327024	1.53050957601444
0.365584622502629	1.52975440683902
0.365984605678233	1.52893364540543
0.366384588853838	1.52805294337095
0.366784572029443	1.52711802126754
0.367184555205047	1.5261344874763
0.367584538380652	1.52510777601802
0.367984521556257	1.5240431002969
0.368384504731861	1.52294541231488
0.368784487907466	1.5218194107643
0.36918447108307	1.52066941154986
0.369584454258675	1.5194990174148
0.36998443743428	1.51831073779222
0.370384420609884	1.51710560470791
0.370784403785489	1.51588282430398
0.371184386961094	1.51463964894422
0.371584370136698	1.51337149693744
0.371984353312303	1.51207221251706
0.372384336487907	1.51073457226754
0.372784319663512	1.50935093389434
0.373184302839117	1.50791387028424
0.373584286014721	1.50641672213585
0.373984269190326	1.50485419258121
0.374384252365931	1.50322281075519
0.374784235541535	1.50152126655007
0.37518421871714	1.4997506697527
0.375584201892744	1.49791484507399
0.375984185068349	1.49602045486838
0.376384168243954	1.49407678725332
0.376784151419558	1.49209534810453
0.377184134595163	1.49008939387071
0.377584117770768	1.48807325377558
0.377984100946372	1.48606156006305
0.378384084121977	1.48406853633341
0.378784067297582	1.48210747862626
0.379184050473186	1.480190246248
0.379584033648791	1.47832696745763
0.379984016824395	1.47652592494515
0.380384	1.47479365129381
0.380783983175605	1.47313514891255
0.381183966351209	1.47155433517881
0.381583949526814	1.47005444726213
0.381983932702419	1.46863823027402
0.382383915878023	1.46730791789462
0.382783899053628	1.466065070662
0.383183882229232	1.46491018855742
0.383583865404837	1.46384235855161
0.383983848580442	1.46285915417544
0.384383831756046	1.46195685564439
0.384783814931651	1.46113083334327
0.385183798107256	1.46037595322189
0.38558378128286	1.4596867947497
0.385983764458465	1.45905773659922
0.386383747634069	1.45848288320286
0.386783730809674	1.45795590785541
0.387183713985279	1.45747016113651
0.387583697160883	1.45701898587517
0.387983680336488	1.45659602648925
0.388383663512093	1.45619543195998
0.388783646687697	1.4558118192119
0.389183629863302	1.45543974915738
0.389583613038906	1.45507310456839
0.389983596214511	1.45470480113284
0.390383579390116	1.45432670480669
0.39078356256572	1.45392969355767
0.391183545741325	1.45350399384255
0.39158352891693	1.45303929085059
0.391983512092534	1.45252447466184
0.392383495268139	1.4519472953523
0.392783478443743	1.45129406043016
0.393183461619348	1.45054930753645
0.393583444794953	1.44969577033935
0.393983427970557	1.44871470571077
0.394383411146162	1.44758631246438
0.394783394321767	1.44629020325036
0.395183377497371	1.44480602383192
0.395583360672976	1.44311422447697
0.39598334384858	1.44119693178016
0.396383327024185	1.43903915517408
0.39678331019979	1.43663007594803
0.397183293375394	1.43396400826746
0.397583276550999	1.4310409504063
0.397983259726604	1.4278666559376
0.398383242902208	1.42445200063134
0.398783226077813	1.42081177450084
0.399183209253417	1.41696352373856
0.399583192429022	1.41292661748477
0.399983175604627	1.40872142005221
0.400383158780231	1.40436876673386
0.400783141955836	1.39988975795238
0.401183125131441	1.39530554271379
0.401583108307045	1.39063723223658
0.40198309148265	1.38590585003359
0.402383074658255	1.38113218809303
0.402783057833859	1.37633651706635
0.403183041009464	1.37153849735289
0.403583024185068	1.36675684855926
0.403983007360673	1.36200885159036
0.404382990536278	1.35730982989014
0.404782973711882	1.35267289015356
0.405182956887487	1.34810874511191
0.405582940063091	1.34362595976724
0.405982923238696	1.33923156424642
0.406382906414301	1.33493179661866
0.406782889589905	1.33073270484567
0.40718287276551	1.32664054912203
0.407582855941115	1.32266171854564
0.407982839116719	1.31880245336897
0.408382822292324	1.3150686695702
0.408782805467929	1.31146595890462
0.409182788643533	1.30799968009697
0.409582771819138	1.30467538926045
0.409982754994742	1.30149939014701
0.410382738170347	1.29847898383363
0.410782721345952	1.29562259128563
0.411182704521556	1.29293998928087
0.411582687697161	1.29044245635272
0.411982670872766	1.28814277845319
0.41238265404837	1.28605506343591
0.412782637223975	1.28419396115336
0.413182620399579	1.28257332766255
0.413582603575184	1.28120478158678
0.413982586750789	1.2800963710975
0.414382569926393	1.27925173288014
0.414782553101998	1.2786701259829
0.415182536277603	1.27834716234936
0.415582519453207	1.27827578408994
0.415982502628812	1.2784471396094
0.416382485804416	1.27885107925707
0.416782468980021	1.27947634914381
0.417182452155626	1.2803107320647
0.41758243533123	1.28134130244371
0.417982418506835	1.28255502600315
0.41838240168244	1.28393986969855
0.418782384858044	1.2854859946132
0.419182368033649	1.28718661095225
0.419582351209253	1.28903845859732
0.419982334384858	1.29104175126653
0.420382317560463	1.29319972023401
0.420782300736067	1.29551808884255
0.421182283911672	1.29800445763051
0.421582267087277	1.30066767947764
0.421982250262881	1.30351736825589
0.422382233438486	1.30656344249576
0.42278221661409	1.30981561644166
0.423182199789695	1.31328290688155
0.4235821829653	1.3169731724944
0.423982166140904	1.32089273760979
0.424382149316509	1.32504620095806
0.424782132492114	1.32943639636171
0.425182115667718	1.33406449291924
0.425582098843323	1.338930264093
0.425982082018927	1.34403230395477
0.426382065194532	1.3493681309551
0.426782048370137	1.35493442249516
0.427182031545741	1.36072721812225
0.427582014721346	1.36674203481635
0.427981997896951	1.37297410796411
0.428381981072555	1.37941857241154
0.42878196424816	1.38607026362809
0.429181947423764	1.39292342501718
0.429581930599369	1.39997126086468
0.429981913774974	1.40720529278378
0.430381896950578	1.41461487730195
0.430781880126183	1.42218715831346
0.431181863301788	1.42990721410071
0.431581846477392	1.43775845472728
0.431981829652997	1.44572320544399
0.432381812828601	1.45378321283383
0.432781796004206	1.46191994984956
0.433181779179811	1.47011494052807
0.433581762355415	1.47834994712762
0.43398174553102	1.48660718044215
0.434381728706625	1.49486964989364
0.434781711882229	1.50312149846085
0.435181695057834	1.51134820638161
0.435581678233439	1.51953682683488
0.435981661409043	1.52767608582236
0.436381644584648	1.53575639787231
0.436781627760252	1.5437699707475
0.437181610935857	1.55171092787875
0.437581594111462	1.55957531079022
0.437981577287066	1.56736103406131
0.438381560462671	1.57506746920178
0.438781543638276	1.58269464845266
0.43918152681388	1.59024244192026
0.439581509989485	1.59770997523219
0.439981493165089	1.60509517219291
0.440381476340694	1.61239457207682
0.440781459516299	1.61960353615734
0.441181442691903	1.62671663627358
0.441581425867508	1.63372787090584
0.441981409043113	1.64063075910514
0.442381392218717	1.64741821774869
0.442781375394322	1.65408223273624
0.443181358569926	1.66061349774469
0.443581341745531	1.66700128360227
0.443981324921136	1.67323354911491
0.44438130809674	1.67929745824725
0.444781291272345	1.68518011966891
0.44518127444795	1.69086943959454
0.445581257623554	1.69635461123251
0.445981240799159	1.70162626025307
0.446381223974763	1.70667615128657
0.446781207150368	1.71149642321945
0.447181190325973	1.71607848830544
0.447581173501577	1.72041203620215
0.447981156677182	1.72448440129658
0.448381139852787	1.72828060518235
0.448781123028391	1.7317839885836
0.449181106203996	1.73497739126214
0.4495810893796	1.73784455046682
0.449981072555205	1.74037146705564
0.45038105573081	1.74254731589591
0.450781038906414	1.74436480448974
0.451181022082019	1.74581976729697
0.451581005257624	1.74691016048816
0.451980988433228	1.74763483624197
0.452380971608833	1.74799241718579
0.452780954784437	1.74798054073606
0.453180937960042	1.74759566099846
0.453580921135647	1.74683347118855
0.453980904311251	1.74568957637244
0.454380887486856	1.74416022238109
0.454780870662461	1.74224302837807
0.455180853838065	1.73993750636287
0.45558083701367	1.7372453038839
0.455980820189274	1.73417043991204
0.456380803364879	1.73071929920226
0.456780786540484	1.72690032305825
0.457180769716088	1.72272332288659
0.457580752891693	1.7181985570993
0.457980736067298	1.71333559177671
0.458380719242902	1.70814249826013
0.458780702418507	1.70262554219662
0.459180685594111	1.69678953216038
0.459580668769716	1.69063873560914
0.459980651945321	1.68417824871256
0.460380635120925	1.67741515827806
0.46078061829653	1.67035933246941
0.461180601472135	1.6630236493136
0.461580584647739	1.65542377241339
0.461980567823344	1.64757749377682
0.462380550998948	1.63950422423869
0.462780534174553	1.63122473458865
0.463180517350158	1.62276108372364
0.463580500525762	1.61413677716251
0.463980483701367	1.60537718444809
0.464380466876972	1.59650974888887
0.464780450052576	1.5875637070311
0.465180433228181	1.57856954473826
0.465580416403786	1.56955829689756
0.46598039957939	1.56056059331911
0.466380382754995	1.55160578497681
0.466780365930599	1.54272152863273
0.467180349106204	1.53393370630984
0.467580332281809	1.52526669287135
0.467980315457413	1.51674388323681
0.468380298633018	1.50838828042189
0.468780281808623	1.5002228645464
0.469180264984227	1.49227083547592
0.469580248159832	1.48455550666853
0.469980231335436	1.477099824297
0.470380214511041	1.46992574305037
0.470780197686646	1.46305384664472
0.47118018086225	1.45650317877308
0.471580164037855	1.45029110868369
0.47198014721346	1.44443330477217
0.472380130389064	1.43894389971492
0.472780113564669	1.43383547937937
0.473180096740273	1.4291188688503
0.473580079915878	1.42480293288785
0.473980063091483	1.42089445780882
0.474380046267087	1.41739791163482
0.474780029442692	1.41431530126499
0.475180012618297	1.41164599067563
0.475579995793901	1.4093864041337
0.475979978969506	1.40752977623191
0.47637996214511	1.40606625134187
0.476779945320715	1.40498311733761
0.47717992849632	1.40426529516789
0.477579911671924	1.40389597568854
0.477979894847529	1.40385722598852
0.478379878023134	1.40413030596863
0.478779861198738	1.4046956502814
0.479179844374343	1.40553250778891
0.479579827549947	1.40661861482348
0.479979810725552	1.40793012781202
0.480379793901157	1.40944182588068
0.480779777076761	1.41112750178512
0.481179760252366	1.41296050324995
0.481579743427971	1.41491426494592
0.481979726603575	1.41696263811253
0.48237970977918	1.41908012386528
0.482779692954785	1.42124207123708
0.483179676130389	1.4234249810393
0.483579659305994	1.42560690294444
0.483979642481598	1.42776794178243
0.484379625657203	1.42989054180359
0.484779608832808	1.43195974917692
0.485179592008412	1.43396355259915
0.485579575184017	1.43589339348204
0.485979558359622	1.43774446061681
0.486379541535226	1.43951580070192
0.486779524710831	1.44121022487527
0.487179507886435	1.4428338399139
0.48757949106204	1.44439521227036
0.487979474237645	1.44590456006052
0.488379457413249	1.44737303885573
0.488779440588854	1.44881215511198
0.489179423764458	1.45023348631871
0.489579406940063	1.45164874097991
0.489979390115668	1.45306975887203
0.490379373291272	1.45450848232146
0.490779356466877	1.45597715631464
0.491179339642482	1.45748858838256
0.491579322818086	1.45905619089604
0.491979305993691	1.46069413507091
0.492379289169296	1.46241760903249
0.4927792723449	1.46424283429423
0.493179255520505	1.46618682487605
0.493579238696109	1.4682669290412
0.493979221871714	1.47049991841362
0.494379205047319	1.47290070016595
0.494779188222923	1.47548091305618
0.495179171398528	1.47824753266085
0.495579154574133	1.48120173110196
0.495979137749737	1.48433848152507
0.496379120925342	1.48764701926389
0.496779104100946	1.49111201225738
0.497179087276551	1.49471525759891
0.497579070452156	1.49843768397277
0.49797905362776	1.50226110896451
0.498379036803365	1.50616937650649
0.49877901997897	1.51014872214032
0.499179003154574	1.51418764539756
0.499578986330179	1.51827636405351
0.499978969505783	1.52240612353014
0.500378952681388	1.52656863019787
0.500778935856993	1.53075569911765
0.501178919032597	1.53495919992788
0.501578902208202	1.5391712983187
0.501978885383807	1.54338483772038
0.502378868559411	1.54759370635617
0.502778851735016	1.55179304938492
0.50317883491062	1.55597927085031
0.503578818086225	1.56014975240071
0.50397880126183	1.56430234497513
0.504378784437434	1.56843464773144
0.504778767613039	1.57254333683771
0.505178750788644	1.57662358422403
0.505578733964248	1.58066856759226
0.505978717139853	1.58466933878903
0.506378700315457	1.58861523799719
0.506778683491062	1.59249482939024
0.507178666666667	1.59629725160489
0.507578649842271	1.60001371325198
0.507978633017876	1.60363847673218
0.508378616193481	1.60716913395728
0.508778599369085	1.61060643835661
0.50917858254469	1.61395371673317
0.509578565720294	1.61721616065199
0.509978548895899	1.62040028258202
0.510378532071504	1.62351364124586
0.510778515247108	1.62656477559051
0.511178498422713	1.62956302731807
0.511578481598318	1.6325179231895
0.511978464773922	1.63543835186313
0.512378447949527	1.63833176337992
0.512778431125132	1.64120331849538
0.513178414300736	1.64405533543349
0.513578397476341	1.64688739135744
0.513978380651945	1.64969676448282
0.51437836382755	1.65247915768366
0.514778347003155	1.65522958837908
0.515178330178759	1.65794308100394
0.515578313354364	1.66061506251629
0.515978296529969	1.66324175730146
0.516378279705573	1.66582035475364
0.516778262881178	1.66834891398751
0.517178246056782	1.67082626774472
0.517578229232387	1.67325181236576
0.517978212407992	1.67562513583268
0.518378195583596	1.67794571357106
0.518778178759201	1.68021260802503
0.519178161934805	1.68242421068829
0.51957814511041	1.68457828694089
0.519978128286015	1.68667214001493
0.520378111461619	1.68870279527696
0.520778094637224	1.69066725728983
0.521178077812829	1.69256248542722
0.521578060988433	1.69438496439138
0.521978044164038	1.69613038440917
0.522378027339643	1.69779344955189
0.522778010515247	1.69936787583458
0.523177993690852	1.7008469219824
0.523577976866456	1.70222439861033
0.523977960042061	1.70349561391968
0.524377943217666	1.70465831849139
0.52477792639327	1.70571344023924
0.525177909568875	1.70666540804278
0.52557789274448	1.70752210959645
0.525977875920084	1.70829458689418
0.526377859095689	1.70899631117415
0.526777842271293	1.70964224276616
0.527177825446898	1.71024771553851
0.527577808622503	1.71082725475203
0.527977791798107	1.71139378252273
0.528377774973712	1.7119582384301
0.528777758149316	1.71252944668419
0.529177741324921	1.71311429073584
0.529577724500526	1.71371807009714
0.529977707676131	1.71434467564
0.530377690851735	1.71499666000749
0.53077767402734	1.71567518434391
0.531177657202944	1.71637997656543
0.531577640378549	1.71710953227097
0.531977623554154	1.71786158301379
0.532377606729758	1.71863353036684
0.532777589905363	1.71942296569814
0.533177573080967	1.72022812941862
0.533577556256572	1.7210480402443
0.533977539432177	1.7218823904247
0.534377522607781	1.72273142091284
0.534777505783386	1.72359567933758
0.535177488958991	1.72447586855738
0.535577472134595	1.72537273630522
0.5359774553102	1.72628688880697
0.536377438485804	1.72721876169217
0.536777421661409	1.72816870258073
0.537177404837014	1.72913686844536
0.537577388012618	1.73012293125626
0.537977371188223	1.7311256745269
0.538377354363828	1.73214244264426
0.538777337539432	1.73316869802619
0.539177320715037	1.73419784013571
0.539577303890642	1.73522142571264
0.539977287066246	1.73622986191964
0.540377270241851	1.7372134197842
0.540777253417455	1.73816295021563
0.54117723659306	1.73907014980313
0.541577219768665	1.7399275038853
0.541977202944269	1.74072760191826
0.542377186119874	1.74146199574512
0.542777169295478	1.74212008654951
0.543177152471083	1.74268840751148
0.543577135646688	1.74315044624777
0.543977118822292	1.74348722850449
0.544377101997897	1.74367823369624
0.544777085173502	1.74370252941586
0.545177068349106	1.74353988324021
0.545577051524711	1.7431716543687
0.545977034700315	1.7425812231763
0.54637701787592	1.74175426308269
0.546777001051525	1.74067879047449
0.547176984227129	1.739345159745
0.547576967402734	1.73774601874489
0.547976950578339	1.73587647019114
0.548376933753943	1.73373412292579
0.548776916929548	1.73131912828856
0.549176900105153	1.72863405103437
0.549576883280757	1.72568365460564
0.549976866456362	1.72247470089658
0.550376849631966	1.71901591190846
0.550776832807571	1.71531802209934
0.551176815983176	1.7113939442116
0.55157679915878	1.70725892181769
0.551976782334385	1.70293057718008
0.55237676550999	1.69842871611857
0.552776748685594	1.6937748170209
0.553176731861199	1.68899142096801
0.553576715036803	1.68410161412487
0.553976698212408	1.67912836786718
0.554376681388013	1.67409386401868
0.554776664563617	1.66901897741903
0.555176647739222	1.66392291709071
0.555576630914827	1.65882283968759
0.555976614090431	1.65373377768943
0.556376597266036	1.64866890547881
0.55677658044164	1.64363999892997
0.557176563617245	1.63865796354418
0.55757654679285	1.63373328484278
0.557976529968454	1.62887609380847
0.558376513144059	1.62409593431601
0.558776496319664	1.61940146819681
0.559176479495268	1.61480009126764
0.559576462670873	1.61029752241
0.559976445846477	1.60589762629836
0.560376429022082	1.6016024255385
0.560776412197687	1.59741218735522
0.561176395373291	1.59332560377652
0.561576378548896	1.5893400023341
0.561976361724501	1.5854516370375
0.562376344900105	1.58165611864616
0.56277632807571	1.57794907335544
0.563176311251314	1.57432667764935
0.563576294426919	1.57078616292496
0.563976277602524	1.5673262283969
0.564376260778128	1.56394709830009
0.564776243953733	1.56065013905431
0.565176227129338	1.55743736938777
0.565576210304942	1.55431100021005
0.565976193480547	1.55127300973234
0.566376176656151	1.54832501982873
0.566776159831756	1.54546843262471
0.567176143007361	1.54270471859449
0.567576126182965	1.54003580712329
0.56797610935857	1.5374644549504
0.568376092534175	1.53499431352069
0.568776075709779	1.53262986668073
0.569176058885384	1.53037633135328
0.569576042060989	1.52823937328718
0.569976025236593	1.52622467138395
0.570376008412198	1.5243374958911
0.570775991587802	1.5225822488972
0.571175974763407	1.52096209594811
0.571575957939012	1.51947888885867
0.571975941114616	1.51813323036759
0.572375924290221	1.51692479417787
0.572775907465826	1.51585287059161
0.57317589064143	1.51491698337928
0.573575873817035	1.51411739287297
0.573975856992639	1.51345535955985
0.574375840168244	1.51293302372513
0.574775823343849	1.51255296110267
0.575175806519453	1.51231759823855
0.575575789695058	1.51222865972965
0.575975772870662	1.51228682036403
0.576375756046267	1.51249170013984
0.576775739221872	1.51284216033875
0.577175722397476	1.51333670871648
0.577575705573081	1.5139739183905
0.577975688748686	1.51475276049126
0.57837567192429	1.51567274864101
0.578775655099895	1.51673371444697
0.5791756382755	1.51793546113888
0.579575621451104	1.51927729614256
0.579975604626709	1.52075755089235
0.580375587802313	1.52237319900493
0.580775570977918	1.52411996372481
0.581175554153523	1.52599257979284
0.581575537329127	1.52798503747439
0.581975520504732	1.53009106404626
0.582375503680337	1.53230459790393
0.582775486855941	1.53461993806487
0.583175470031546	1.53703184706154
0.58357545320715	1.53953550826168
0.583975436382755	1.54212613583877
0.58437541955836	1.54479863014338
0.584775402733964	1.54754760761047
0.585175385909569	1.5503673886056
0.585575369085173	1.55325200508812
0.585975352260778	1.55619544751187
0.586375335436383	1.55919194399652
0.586775318611988	1.56223600600141
0.587175301787592	1.56532246613141
0.587575284963197	1.56844666788088
0.587975268138801	1.5716047903126
0.588375251314406	1.5747943825396
0.588775234490011	1.57801509983214
0.589175217665615	1.58126938087972
0.58957520084122	1.58456268224721
0.589975184016824	1.58790301982629
0.590375167192429	1.59129983859537
0.590775150368034	1.59476238141232
0.591175133543638	1.5982978617566
0.591575116719243	1.60191012210224
0.591975099894848	1.6055989277213
0.592375083070452	1.60935996973132
0.592775066246057	1.61318557775163
0.593175049421661	1.61706599367043
0.593575032597266	1.62099061062631
0.593975015772871	1.62494909936269
0.594374998948475	1.62893245092201
0.59477498212408	1.63293363840111
0.595174965299685	1.63694773147953
0.595574948475289	1.64097176329995
0.595974931650894	1.6450042576108
0.596374914826499	1.64904448103869
0.596774898002103	1.65309167305727
0.597174881177708	1.65714441301994
0.597574864353312	1.66120015850441
0.597974847528917	1.66525519978936
0.598374830704522	1.66930499493225
0.598774813880126	1.67334460678273
0.599174797055731	1.67736935147685
0.599574780231335	1.68137546701179
0.59997476340694	1.68536046976628
0.600374746582545	1.68932309807818
0.600774729758149	1.6932629812268
0.601174712933754	1.69718010181062
0.601574696109359	1.70107428541501
0.601974679284963	1.70494490764326
0.602374662460568	1.70879075421771
0.602774645636172	1.71261002914394
0.603174628811777	1.71640029623872
0.603574611987382	1.72015798756267
0.603974595162986	1.72387764296807
0.604374578338591	1.72755111028596
0.604774561514196	1.73116700438409
0.6051745446898	1.7347106383199
0.605574527865405	1.73816468568465
0.60597451104101	1.74151043045219
0.606374494216614	1.7447291730653
0.606774477392219	1.74780324020143
0.607174460567823	1.75071637784248
0.607574443743428	1.75345348642732
0.607974426919033	1.75599982528421
0.608374410094637	1.75833979958766
0.608774393270242	1.76045579475146
0.609174376445847	1.76232738290496
0.609574359621451	1.76393139605563
0.609974342797056	1.7652428567482
0.61037432597266	1.76623668797642
0.610774309148265	1.76688976040013
0.61117429232387	1.76718295201632
0.611574275499474	1.76710252725862
0.611974258675079	1.76664057357169
0.612374241850684	1.76579453651996
0.612774225026288	1.76456599061107
0.613174208201893	1.76295896039756
0.613574191377497	1.76097840365819
0.613974174553102	1.75862909327764
0.614374157728707	1.7559151194071
0.614774140904311	1.75284028160753
0.615174124079916	1.74940900525376
0.615574107255521	1.74562739362642
0.615974090431125	1.74150427200858
0.61637407360673	1.73705181736199
0.616774056782334	1.73228541365075
0.617174039957939	1.72722301162725
0.617574023133544	1.72188421597254
0.617974006309148	1.71628922626271
0.618373989484753	1.71045809478183
0.618773972660358	1.70441060764187
0.619173955835962	1.69816649934951
0.619573939011567	1.69174579031007
0.619973922187171	1.68516918732227
0.620373905362776	1.67845830376684
0.620773888538381	1.6716354983999
0.621173871713985	1.66472339644708
0.62157385488959	1.65774431352387
0.621973838065195	1.65071968363911
0.622373821240799	1.64366952240514
0.622773804416404	1.63661208394552
0.623173787592008	1.62956394671653
0.623573770767613	1.6225403553833
0.623973753943218	1.61555566446218
0.624373737118822	1.60862390409926
0.624773720294427	1.60175911783392
0.625173703470032	1.59497543037544
0.625573686645636	1.58828709854623
0.625973669821241	1.58170830539451
0.626373652996846	1.57525258469527
0.62677363617245	1.56893228780872
0.627173619348055	1.56275809863731
0.627573602523659	1.55673831570447
0.627973585699264	1.5508782736212
0.628373568874869	1.54518019633015
0.628773552050473	1.53964328638858
0.629173535226078	1.53426424881029
0.629573518401683	1.52903833370102
0.629973501577287	1.5239604357212
0.630373484752892	1.51902604364718
0.630773467928496	1.51423213312612
0.631173451104101	1.50957769452384
0.631573434279706	1.50506390441041
0.63197341745531	1.50069437316724
0.632373400630915	1.49647533282604
0.632773383806519	1.49241555795377
0.633173366982124	1.4885262698436
0.633573350157729	1.4848209550048
0.633973333333333	1.48131481291404
0.634373316508938	1.47802401884288
0.634773299684543	1.47496515191451
0.635173282860147	1.47215476876791
0.635573266035752	1.46960920426191
0.635973249211357	1.46734455109907
0.636373232386961	1.46537679278035
0.636773215562566	1.46372208985202
0.63717319873817	1.46239690159352
0.637573181913775	1.46141780917448
0.63797316508938	1.46080113408163
0.638373148264984	1.460562439387
0.638773131440589	1.46071579849134
0.639173114616194	1.46127325446057
0.639573097791798	1.46224437714824
0.639973080967403	1.46363608041614
0.640373064143007	1.46545264711114
0.640773047318612	1.46769587998562
0.641173030494217	1.47036497386723
0.641573013669821	1.47345644180675
0.641972996845426	1.47696390706728
0.64237298002103	1.48087777485136
0.642772963196635	1.48518491759079
0.64317294637224	1.48986879681148
0.643572929547845	1.49490977046107
0.643972912723449	1.50028575921394
0.644372895899054	1.50597301534405
0.644772879074658	1.51194690423448
0.645172862250263	1.51818261131783
0.645572845425868	1.52465570367161
0.645972828601472	1.53134227950472
0.646372811777077	1.53821881947595
0.646772794952681	1.54526194243522
0.647172778128286	1.55244791079684
0.647572761303891	1.55975214547147
0.647972744479495	1.56714901122629
0.6483727276551	1.57461207445998
0.648772710830705	1.58211476693662
0.649172694006309	1.5896313488337
0.649572677181914	1.5971377933296
0.649972660357518	1.60461228844013
0.650372643533123	1.61203518130716
0.650772626708728	1.61938849293188
0.651172609884332	1.62665500125055
0.651572593059937	1.63381730899521
0.651972576235542	1.64085727977256
0.652372559411146	1.64775620549798
0.652772542586751	1.65449544173116
0.653172525762356	1.6610574396363
0.65357250893796	1.66742686944896
0.653972492113565	1.67359159362193
0.654372475289169	1.67954318505554
0.654772458464774	1.68527699217091
0.655172441640379	1.69079176724358
0.655572424815983	1.69608899564201
0.655972407991588	1.70117204782032
0.656372391167192	1.7060452251649
0.656772374342797	1.7107127372144
0.657172357518402	1.71517798060719
0.657572340694006	1.71944323552042
0.657972323869611	1.72350981270268
0.658372307045216	1.72737857874371
0.65877229022082	1.73105084974308
0.659172273396425	1.73452932982616
0.659572256572029	1.73781866487855
0.659972239747634	1.7409254426218
0.660372222923239	1.74385751964614
0.660772206098843	1.74662288981368
0.661172189274448	1.7492284161465
0.661572172450053	1.75167887731534
0.661972155625657	1.75397654724887
0.662372138801262	1.75612158689647
0.662772121976867	1.75811304848807
0.663172105152471	1.75994997535204
0.663572088328076	1.76163226122362
0.66397207150368	1.76316135022254
0.664372054679285	1.76454061698882
0.66477203785489	1.76577541370181
0.665172021030494	1.76687280217383
0.665572004206099	1.76784126093371
0.665971987381704	1.76869024993211
0.666371970557308	1.76942958055841
0.666771953732913	1.77006864539851
0.667171936908517	1.77061557782309
0.667571920084122	1.77107636479937
0.667971903259727	1.77145418810462
0.668371886435331	1.7717493088998
0.668771869610936	1.77195926939333
0.669171852786541	1.77207923523756
0.669571835962145	1.77210260929961
0.66997181913775	1.77202163354174
0.670371802313354	1.77182769248479
0.670771785488959	1.77151158430753
0.671171768664564	1.77106393233563
0.671571751840168	1.77047557074577
0.671971735015773	1.7697380494231
0.672371718191378	1.76884429257329
0.672771701366982	1.7677891807061
0.673171684542587	1.76657010230415
0.673571667718191	1.76518749033244
0.673971650893796	1.76364507890711
0.674371634069401	1.76194987191703
0.674771617245005	1.76011199384823
0.67517160042061	1.75814436463103
0.675571583596215	1.75606215000939
0.675971566771819	1.75388213094947
0.676371549947424	1.75162199886522
0.676771533123028	1.74929969236921
0.677171516298633	1.7469330973397
0.677571499474238	1.74453996280614
0.677971482649842	1.74213794974878
0.678371465825447	1.73974479317032
0.678771449001052	1.73737833493971
0.679171432176656	1.73505620781214
0.679571415352261	1.73279544132073
0.679971398527865	1.73061216395902
0.68037138170347	1.72852156480943
0.680771364879075	1.72653814039797
0.681171348054679	1.72467610307987
0.681571331230284	1.72294954870063
0.681971314405889	1.7213723250128
0.682371297581493	1.71995734864522
0.682771280757098	1.71871549478141
0.683171263932703	1.71765457929055
0.683571247108307	1.71677886392197
0.683971230283912	1.71608920842028
0.684371213459516	1.71558407162363
0.684771196635121	1.71526097184564
0.685171179810726	1.715117794085
0.68557116298633	1.71515365294655
0.685971146161935	1.71536913392278
0.68637112933754	1.71576564046375
0.686771112513144	1.71634428338756
0.687171095688749	1.71710474587809
0.687571078864353	1.7180442587005
0.687971062039958	1.71915685824728
0.688371045215563	1.7204331366656
0.688771028391167	1.72186040333739
0.689171011566772	1.7234232585628
0.689570994742376	1.72510464609715
0.689970977917981	1.72688697299709
0.690370961093586	1.72875303543902
0.69077094426919	1.73068672920517
0.691170927444795	1.73267347057964
0.6915709106204	1.73470008780983
0.691970893796004	1.73675432347779
0.692370876971609	1.73882411663026
0.692770860147214	1.74089681515361
0.693170843322818	1.74295850577163
0.693570826498423	1.74499381180761
0.693970809674027	1.74698600499881
0.694370792849632	1.74891770815602
0.694770776025237	1.75077192167078
0.695170759200841	1.75253302495284
0.695570742376446	1.75418730431403
0.695970725552051	1.75572327641376
0.696370708727655	1.75713148669418
0.69677069190326	1.75840407555892
0.697170675078864	1.75953413037679
0.697570658254469	1.76051520859945
0.697970641430074	1.76134109143825
0.698370624605678	1.7620060698012
0.698770607781283	1.76250523503515
0.699170590956887	1.76283471181312
0.699570574132492	1.7629917235187
0.699970557308097	1.76297456369319
0.700370540483702	1.76278224112705
0.700770523659306	1.7624143865429
0.701170506834911	1.76187142841395
0.701570490010515	1.76115519673319
0.70197047318612	1.76026982936221
0.702370456361725	1.75922286627653
0.702770439537329	1.75802585521025
0.703170422712934	1.75669451821452
0.703570405888538	1.75524815841641
0.703970389064143	1.7537080720143
0.704370372239748	1.75209531891649
0.704770355415352	1.75042869582037
0.705170338590957	1.74872321027029
0.705570321766562	1.74698940697147
0.705970304942166	1.74523375776395
0.706370288117771	1.74346004814446
0.706770271293375	1.7416710885629
0.70717025446898	1.73987053745802
0.707570237644585	1.73806436958496
0.707970220820189	1.73626160150289
0.708370203995794	1.73447419013908
0.708770187171399	1.73271635985928
0.709170170347003	1.73100329734927
0.709570153522608	1.72934952368865
0.709970136698213	1.72776740205728
0.710370119873817	1.72626603038695
0.710770103049422	1.72485050205044
0.711170086225026	1.72352174056008
0.711570069400631	1.72227689549507
0.711970052576236	1.72110989745442
0.71237003575184	1.72001195112275
0.712770018927445	1.7189720541889
0.713170002103049	1.71797741734473
0.713569985278654	1.71701386700146
0.713969968454259	1.7160665060218
0.714369951629863	1.71512061865422
0.714769934805468	1.71416250855766
0.715169917981073	1.71318032914577
0.715569901156677	1.71216456003742
0.715969884332282	1.71110793403611
0.716369867507886	1.71000483398325
0.716769850683491	1.7088505517782
0.717169833859096	1.70764041873426
0.7175698170347	1.70636895285302
0.717969800210305	1.70502928788152
0.71836978338591	1.70361301091961
0.718769766561514	1.7021102587954
0.719169749737119	1.7005100929792
0.719569732912724	1.69880113260648
0.719969716088328	1.69697225909523
0.720369699263933	1.69501329691578
0.720769682439537	1.69291587182463
0.721169665615142	1.69067418335144
0.721569648790747	1.68828550149954
0.721969631966351	1.68575056684199
0.722369615141956	1.68307375472677
0.72276959831756	1.6802626782365
0.723169581493165	1.67732726102835
0.72356956466877	1.67427876767444
0.723969547844374	1.67112876641475
0.724369531019979	1.66788834174337
0.724769514195584	1.66456783690691
0.725169497371188	1.66117701256671
0.725569480546793	1.65772535323132
0.725969463722398	1.65422248414143
0.726369446898002	1.65067846075495
0.726769430073607	1.64710380027194
0.727169413249211	1.64350961534889
0.727569396424816	1.63990799318759
0.727969379600421	1.6363123369293
0.728369362776025	1.63273764051674
0.72876934595163	1.62920058853339
0.729169329127235	1.6257191025449
0.729569312302839	1.62231137837348
0.729969295478444	1.61899471884393
0.730369278654048	1.61578444618037
0.730769261829653	1.61269315613917
0.731169245005258	1.60973069455908
0.731569228180862	1.60690453132847
0.731969211356467	1.60422044263013
0.732369194532072	1.60168325803279
0.732769177707676	1.59929746235128
0.733169160883281	1.59706740145544
0.733569144058885	1.59499729321623
0.73396912723449	1.59309097355377
0.734369110410095	1.591351467423
0.734769093585699	1.58978058431348
0.735169076761304	1.58837887480223
0.735569059936909	1.5871459162333
0.735969043112513	1.58608093012005
0.736369026288118	1.58518337958166
0.736769009463722	1.58445343920631
0.737168992639327	1.58389197514655
0.737568975814932	1.58349988218614
0.737968958990536	1.58327694345181
0.738368942166141	1.58322067071301
0.738768925341746	1.58332539287977
0.73916890851735	1.58358209443496
0.739568891692955	1.58397910082305
0.739968874868559	1.58450329729208
0.740368858044164	1.58514160696776
0.740768841219769	1.58588228874854
0.741168824395373	1.58671567375778
0.741568807570978	1.58763417485467
0.741968790746583	1.58863202846005
0.742368773922187	1.58970480499522
0.742768757097792	1.59084881783962
0.743168740273397	1.59206070948989
0.743568723449001	1.59333749337352
0.743968706624606	1.59467679310203
0.74436868980021	1.59607738087822
0.744768672975815	1.59753979516424
0.74516865615142	1.59906689080241
0.745568639327024	1.60066414556211
0.745968622502629	1.60233989281664
0.746368605678233	1.60410498845595
0.746768588853838	1.6059719618714
0.747168572029443	1.60795362999947
0.747568555205047	1.61006154667553
0.747968538380652	1.61230440271588
0.748368521556257	1.61468708485572
0.748768504731861	1.61721040341769
0.749168487907466	1.61987141130158
0.749568471083071	1.62266427436744
0.749968454258675	1.62558155154576
0.75036843743428	1.62861518277029
0.750768420609884	1.63175716453436
0.751168403785489	1.63499996877832
0.751568386961094	1.63833646970236
0.751968370136698	1.64175928940144
0.752368353312303	1.64525997904507
0.752768336487908	1.64882812125169
0.753168319663512	1.65245035806772
0.753568302839117	1.65610970729456
0.753968286014721	1.65978551683304
0.754368269190326	1.66345388810055
0.754768252365931	1.6670885636108
0.755168235541535	1.67066232657844
0.75556821871714	1.67414818392874
0.755968201892744	1.67751986175368
0.756368185068349	1.68075189265449
0.756768168243954	1.683819505247
0.757168151419558	1.686698298846
0.757568134595163	1.68936414937394
0.757968117770768	1.6917937130125
0.758368100946372	1.6939651501681
0.758768084121977	1.69585882620637
0.759168067297582	1.69745805121262
0.759568050473186	1.69874976735512
0.759968033648791	1.69972514309828
0.760368016824395	1.70038010981479
0.760768	1.70071598049098
0.761167983175605	1.70073987904671
0.761567966351209	1.70046471879239
0.761967949526814	1.69990860181116
0.762367932702419	1.69909372838657
0.762767915878023	1.69804477314596
0.763167899053628	1.69678713000082
0.763567882229232	1.69534587501266
0.763967865404837	1.69374535580781
0.764367848580442	1.69200912759005
0.764767831756046	1.69016044215613
0.765167814931651	1.68822299630841
0.765567798107256	1.68622126908299
0.76596778128286	1.6841805527199
0.766367764458465	1.68212680656805
0.76676774763407	1.6800859106513
0.767167730809674	1.67808253057649
0.767567713985279	1.67613901865752
0.767967697160883	1.67427416969194
0.768367680336488	1.67250209891301
0.768767663512093	1.67083184548871
0.769167646687697	1.66926768632897
0.769567629863302	1.66780969790162
0.769967613038906	1.66645474195587
0.770367596214511	1.66519765399747
0.770767579390116	1.66403207449594
0.77116756256572	1.66295083846255
0.771567545741325	1.66194623197797
0.77196752891693	1.66101002429687
0.772367512092534	1.66013345992801
0.772767495268139	1.65930748761745
0.773167478443743	1.65852313732931
0.773567461619348	1.6577717242823
0.773967444794953	1.65704513155715
0.774367427970557	1.65633614432094
0.774767411146162	1.65563874130179
0.775167394321767	1.65494853148819
0.775567377497371	1.65426362842329
0.775967360672976	1.65358543981611
0.776367343848581	1.65291920346271
0.776767327024185	1.65227398046026
0.77716731019979	1.65166196590693
0.777567293375394	1.65109707011028
0.777967276550999	1.65059338016392
0.778367259726604	1.65016382256178
0.778767242902208	1.64981930328455
0.779167226077813	1.64956844538762
0.779567209253417	1.64941801174751
0.779967192429022	1.64937358492831
0.780367175604627	1.6494402104778
0.780767158780231	1.64962279800387
0.781167141955836	1.64992618782537
0.781567125131441	1.65035488998478
0.781967108307045	1.65091276689526
0.78236709148265	1.65160277141652
0.782767074658255	1.65242673539413
0.783167057833859	1.65338521716738
0.783567041009464	1.65447733864301
0.783967024185068	1.65570054824701
0.784367007360673	1.6570505393463
0.784766990536278	1.65852161272246
0.785166973711882	1.66010719225889
0.785566956887487	1.66180046775456
0.785966940063092	1.66359501240467
0.786366923238696	1.66548514186134
0.786766906414301	1.66746576808686
0.787166889589905	1.66953198899248
0.78756687276551	1.67167836370161
0.787966855941115	1.67389813034763
0.788366839116719	1.67618263264075
0.788766822292324	1.67852127656617
0.789166805467929	1.68090173180584
0.789566788643533	1.68331054618795
0.789966771819138	1.68573398659731
0.790366754994742	1.68815890131336
0.790766738170347	1.69057346718409
0.791166721345952	1.69296810895115
0.791566704521556	1.69533619705083
0.791966687697161	1.69767438782484
0.792366670872766	1.69998237585348
0.79276665404837	1.70226226448141
0.793166637223975	1.704517535224
0.793566620399579	1.70675207657551
0.793966603575184	1.70896952774117
0.794366586750789	1.71117301794234
0.794766569926393	1.7133652475304
0.795166553101998	1.7155488759826
0.795566536277603	1.7177267865605
0.795966519453207	1.71990217300846
0.796366502628812	1.72207854347742
0.796766485804416	1.72425958743663
0.797166468980021	1.72644897109055
0.797566452155626	1.72865036475129
0.79796643533123	1.73086749680219
0.798366418506835	1.73310412367655
0.79876640168244	1.73536397601375
0.799166384858044	1.7376505702382
0.799566368033649	1.73996687724697
0.799966351209254	1.74231513540293
0.800366334384858	1.74469685020288
0.800766317560463	1.74711259696321
0.801166300736067	1.74956175334731
0.801566283911672	1.7520422766127
0.801966267087277	1.75455037435604
0.802366250262881	1.75708017385054
0.802766233438486	1.75962373303312
0.80316621661409	1.76217126291174
0.803566199789695	1.76471159998192
0.8039661829653	1.76723279994752
0.804366166140904	1.76972261033315
0.804766149316509	1.77216863461436
0.805166132492114	1.7745583196319
0.805566115667718	1.77687886180969
0.805966098843323	1.77911703592476
0.806366082018928	1.78125926437561
0.806766065194532	1.78329226273129
0.807166048370137	1.78520382822796
0.807566031545741	1.78698350438308
0.807966014721346	1.78862312714242
0.808365997896951	1.79011709258908
0.808765981072555	1.79146212644824
0.80916596424816	1.79265694306708
0.809565947423765	1.7937018735044
0.809965930599369	1.7945984669769
0.810365913774974	1.7953493808691
0.810765896950578	1.79595849159436
0.811165880126183	1.79643092949684
0.811565863301788	1.7967729397943
0.811965846477392	1.79699187407251
0.812365829652997	1.79709603161897
0.812765812828601	1.79709426166499
0.813165796004206	1.79699552044759
0.813565779179811	1.79680851469487
0.813965762355415	1.79654131299673
0.81436574553102	1.79620113811133
0.814765728706625	1.79579446295135
0.815165711882229	1.79532732499074
0.815565695057834	1.79480559577466
0.815965678233439	1.79423539196271
0.816365661409043	1.79362338263224
0.816765644584648	1.79297676503986
0.817165627760252	1.7923030823731
0.817565610935857	1.79161007528321
0.817965594111462	1.79090518244723
0.818365577287066	1.79019478860531
0.818765560462671	1.78948354770617
0.819165543638276	1.78877373676508
0.81956552681388	1.78806464734577
0.819965509989485	1.78735235004444
0.820365493165089	1.78662977957459
0.820765476340694	1.78588710056261
0.821165459516299	1.78511233584425
0.821565442691903	1.78429217020732
0.821965425867508	1.78341269235475
0.822365409043113	1.78246016012262
0.822765392218717	1.78142194496487
0.823165375394322	1.78028744171891
0.823565358569927	1.77904873256753
0.823965341745531	1.77770082979579
0.824365324921136	1.77624137023789
0.82476530809674	1.77466989872655
0.825165291272345	1.77298674946853
0.82556527444795	1.77119195678472
0.825965257623554	1.76928458913188
0.826365240799159	1.76726290866513
0.826765223974763	1.7651248661938
0.827165207150368	1.7628687352695
0.827565190325973	1.7604935624436
0.827965173501577	1.75799925976443
0.828365156677182	1.75538611182558
0.828765139852787	1.75265408580469
0.829165123028391	1.74980231135723
0.829565106203996	1.7468287699888
0.8299650893796	1.74373032622493
0.830365072555205	1.74050336729488
0.83076505573081	1.73714454641114
0.831165038906414	1.73365156457778
0.831565022082019	1.73002397769639
0.831965005257624	1.72626400783269
0.832364988433228	1.72237706746404
0.832764971608833	1.71837216901929
0.833164954784438	1.71426208602992
0.833564937960042	1.71006290556415
0.833964921135647	1.70579299669658
0.834364904311251	1.70147181281341
0.834764887486856	1.69711873794865
0.835164870662461	1.69275217960804
0.835564853838065	1.68838934195724
0.83596483701367	1.68404650890804
0.836364820189274	1.67973955704053
0.836764803364879	1.67548428079404
0.837164786540484	1.67129630692351
0.837564769716088	1.66719039030423
0.837964752891693	1.66317924620467
0.838364736067298	1.65927223998295
0.838764719242902	1.65547444905676
0.839164702418507	1.6517863006273
0.839564685594112	1.64820413483632
0.839964668769716	1.64472145591498
0.840364651945321	1.64133041657754
0.840764635120925	1.6380232105932
0.84116461829653	1.63479336924907
0.841564601472135	1.63163652119973
0.841964584647739	1.62855066759291
0.842364567823344	1.62553603876875
0.842764550998949	1.62259457812299
0.843164534174553	1.61972915542175
0.843564517350158	1.61694306095719
0.843964500525762	1.61423968666877
0.844364483701367	1.61162219645915
0.844764466876972	1.60909330403488
0.845164450052576	1.60665524483264
0.845564433228181	1.60430957092205
0.845964416403786	1.60205696261705
0.84636439957939	1.5998973760947
0.846764382754995	1.59783037680963
0.847164365930599	1.59585563793658
0.847564349106204	1.59397361129029
0.847964332281809	1.59218603572079
0.848364315457413	1.59049575826323
0.848764298633018	1.58890602105014
0.849164281808623	1.58741943884918
0.849564264984227	1.58603669911772
0.849964248159832	1.58475533610771
0.850364231335436	1.58356927869537
0.850764214511041	1.58246893468153
0.851164197686646	1.58144141268028
0.85156418086225	1.58047090007206
0.851964164037855	1.57953916762975
0.85236414721346	1.57862578565962
0.852764130389064	1.57770828786103
0.853164113564669	1.5767626048273
0.853564096740273	1.57576364039723
0.853964079915878	1.57468598976816
0.854364063091483	1.57350490144332
0.854764046267087	1.57219731458841
0.855164029442692	1.57074284652645
0.855564012618297	1.5691247419364
0.855963995793901	1.56733071018972
0.856363978969506	1.56535335360837
0.856763962145111	1.56319018599267
0.857163945320715	1.56084331197998
0.85756392849632	1.55831879379353
0.857963911671924	1.55562566345892
0.858363894847529	1.55277483752966
0.858763878023134	1.54977829504866
0.859163861198738	1.54664838006306
0.859563844374343	1.54339724456184
0.859963827549947	1.54003668631321
0.860363810725552	1.53657830475684
0.860763793901157	1.53303393091472
0.861163777076761	1.52941627240308
0.861563760252366	1.52573963809109
0.861963743427971	1.52202035373995
0.862363726603575	1.51827689751294
0.86276370977918	1.51452956210289
0.863163692954785	1.51079953318881
0.863563676130389	1.50710785829814
0.863963659305994	1.50347474533946
0.864363642481598	1.4999191307172
0.864763625657203	1.49645846465652
0.865163608832808	1.49310889633413
0.865563592008412	1.48988558793897
0.865963575184017	1.48680275698412
0.866363558359622	1.48387347171234
0.866763541535226	1.48110944864648
0.867163524710831	1.47852078686073
0.867563507886435	1.47611563192601
0.86796349106204	1.47389998556622
0.868363474237645	1.47187763846648
0.868763457413249	1.47005005588139
0.869163440588854	1.46841647215011
0.869563423764458	1.46697420931188
0.869963406940063	1.46571900119638
0.870363390115668	1.46464561264774
0.870763373291272	1.46374887186339
0.871163356466877	1.46302453827874
0.871563339642482	1.46246973619388
0.871963322818086	1.46208291159909
0.872363305993691	1.46186319835285
0.872763289169296	1.4618092097405
0.8731632723449	1.46191785444427
0.873563255520505	1.46218344246784
0.873963238696109	1.46259721784073
0.874363221871714	1.46314751959647
0.874763205047319	1.46382050685131
0.875163188222923	1.46460109562446
0.875563171398528	1.46547406609993
0.875963154574133	1.46642512311537
0.876363137749737	1.46744166809407
0.876763120925342	1.46851338012691
0.877163104100946	1.46963280974891
0.877563087276551	1.47079557843157
0.877963070452156	1.47200027354847
0.87836305362776	1.47324810622189
0.878763036803365	1.47454226030559
0.87916301997897	1.4758868154706
0.879563003154574	1.47728577216126
0.879962986330179	1.4787424221247
0.880362969505784	1.48025905954799
0.880762952681388	1.48183715182649
0.881162935856993	1.48347781960301
0.881562919032597	1.4851822382097
0.881962902208202	1.48695193351277
0.882362885383807	1.48878902167025
0.882762868559411	1.49069624160981
0.883162851735016	1.49267684743113
0.88356283491062	1.49473467886137
0.883962818086225	1.49687440469338
0.88436280126183	1.49910173004812
0.884762784437434	1.50142338487159
0.885162767613039	1.50384694218173
0.885562750788644	1.50638039732363
0.885962733964248	1.50903161247459
0.886362717139853	1.51180777815586
0.886762700315457	1.51471501425438
0.887162683491062	1.51775801701673
0.887562666666667	1.52093986670602
0.887962649842271	1.52426200069833
0.888362633017876	1.52772430256068
0.888762616193481	1.5313251325727
0.889162599369085	1.53506160160813
0.88956258254469	1.53892989593493
0.889962565720295	1.54292569953961
0.890362548895899	1.54704457140542
0.890762532071504	1.55128239383213
0.891162515247108	1.55563566736643
0.891562498422713	1.5601019436921
0.891962481598318	1.56468014027416
0.892362464773922	1.56937066869945
0.892762447949527	1.57417522735638
0.893162431125131	1.57909639540198
0.893562414300736	1.58413668162766
0.893962397476341	1.58929729766245
0.894362380651945	1.59457698008354
0.89476236382755	1.59997117485876
0.895162347003155	1.6054716450215
0.895562330178759	1.61106673469709
0.895962313354364	1.61674196507364
0.896362296529969	1.62248084093392
0.896762279705573	1.62826582837427
0.897162262881178	1.63407946470782
0.897562246056782	1.63990509741145
0.897962229232387	1.64572742626865
0.898362212407992	1.65153282480945
0.898762195583596	1.65730936051198
0.899162178759201	1.66304634751594
0.899562161934806	1.66873381361531
0.89996214511041	1.67436179093847
0.900362128286015	1.67991945813194
0.900762111461619	1.68539440719737
0.901162094637224	1.69077215904154
0.901562077812829	1.69603583933194
0.901962060988433	1.70116640886078
0.902362044164038	1.70614339976235
0.902762027339643	1.71094591438234
0.903162010515247	1.71555368889053
0.903561993690852	1.71994831095245
0.903961976866456	1.72264135792431
0.904361960042061	1.72483092144856
0.904761943217666	1.72655524167045
0.90516192639327	1.72785802808678
0.905561909568875	1.72878430628205
0.90596189274448	1.72937743109331
0.906361875920084	1.72967726187324
0.906761859095689	1.72971926127408
0.907161842271293	1.72953424642035
0.907561825446898	1.72914854927545
0.907961808622503	1.7285843917506
0.908361791798107	1.72786036339838
0.908761774973712	1.72699192907008
0.909161758149317	1.72599191797885
0.909561741324921	1.72487096723477
0.909961724500526	1.72363791993417
0.91036170767613	1.72230015739119
0.910761690851735	1.72086385965068
0.91116167402734	1.719334212352
0.911561657202944	1.71771556952714
0.911961640378549	1.71601156997307
0.912361623554154	1.71422522867741
0.912761606729758	1.71235901485004
0.913161589905363	1.71041491890928
0.913561573080968	1.70839451141816
0.913961556256572	1.70629899678238
0.914361539432177	1.70412925880795
0.914761522607781	1.7018859038489
0.915161505783386	1.69956929709599
0.915561488958991	1.69717958932864
0.915961472134595	1.69471674346904
0.9163614553102	1.69218056631268
0.916761438485804	1.68957074198782
0.917161421661409	1.68688686907295
0.917561404837014	1.68412849702212
0.917961388012618	1.68129516041693
0.918361371188223	1.67838640852392
0.918761354363828	1.67540182578792
0.919161337539432	1.67234103399498
0.919561320715037	1.66920367920453
0.919961303890641	1.66598941071109
0.920361287066246	1.66269785259151
0.920761270241851	1.65932857429492
0.921161253417455	1.6558810680395
0.92156123659306	1.65235473602724
0.921961219768665	1.6487488898359
0.922361202944269	1.6450627605936
0.922761186119874	1.64129551572973
0.923161169295479	1.6374462826732
0.923561152471083	1.63351417597131
0.923961135646688	1.62949832190107
0.924361118822292	1.62539788168694
0.924761101997897	1.62121207397402
0.925161085173502	1.61694018723504
0.925561068349106	1.61258158393866
0.925961051524711	1.60813569763162
0.926361034700315	1.6036020232373
0.92676101787592	1.59898010041594
0.927161001051525	1.59426949725877
0.927560984227129	1.58946979507231
0.927960967402734	1.58458057674638
0.928360950578339	1.57960141993178
0.928760933753943	1.57453189343545
0.929160916929548	1.56937155500395
0.929560900105153	1.56411995329754
0.929960883280757	1.558776631857
0.930360866456362	1.55334113507549
0.930760849631966	1.54781301532287
0.931160832807571	1.54219184192053
0.931560815983176	1.53647720996366
0.93196079915878	1.53066874887225
0.932360782334385	1.52476612681432
0.93276076550999	1.51876905335705
0.933160748685594	1.51267728166111
0.933560731861199	1.50649060910775
0.933960715036803	1.5002088755153
0.934360698212408	1.4938319601382
0.934760681388013	1.48735977650007
0.935160664563617	1.48079226672503
0.935560647739222	1.47412939711731
0.935960630914827	1.46737115609098
0.936360614090431	1.46051755256226
0.936760597266036	1.45356861769341
0.93716058044164	1.4465244082525
0.937560563617245	1.43938501142276
0.93796054679285	1.43215055008481
0.938360529968454	1.42482119046044
0.938760513144059	1.41739714899679
0.939160496319664	1.40987870008075
0.939560479495268	1.40226618407221
0.939960462670873	1.39456001391623
0.940360445846477	1.38676067719859
0.940760429022082	1.37886873689177
0.941160412197687	1.37088482617155
0.941560395373291	1.36280963681259
0.941960378548896	1.35464390486896
0.942360361724501	1.34638839561624
0.942760344900105	1.33804388460304
0.94316032807571	1.32961113952058
0.943560311251314	1.32109090541643
0.943960294426919	1.31248389289285
0.944360277602524	1.30379077335446
0.944760260778128	1.29501218632447
0.945160243953733	1.28614875082357
0.945560227129338	1.27720107769358
0.945960210304942	1.26816978232864
0.946360193480547	1.25905549059939
0.946760176656152	1.24985883470199
0.947160159831756	1.24058044688326
0.947560143007361	1.23122095085826
0.947960126182965	1.22178094739479
0.94836010935857	1.21226100105404
0.948760092534175	1.20266163300393
0.949160075709779	1.19298331316053
0.949560058885384	1.18322645519594
0.949960042060988	1.17339142091299
0.950360025236593	1.16347853295613
0.950760008412198	1.15348809224186
