0	1.71709041818206
0.000399983164274591	1.73011409665384
0.000799966328549181	1.74300354365731
0.00119994949282377	1.75575874774983
0.00159993265709836	1.76837969329472
0.00199991582137295	1.78086635638997
0.00239989898564754	1.79321870331085
0.00279988214992213	1.80543669032092
0.00319986531419673	1.81752026469687
0.00359984847847132	1.82946937469876
0.00399983164274591	1.84128397427235
0.0043998148070205	1.85296402301897
0.00479979797129509	1.86450948404672
0.00519978113556968	1.87592031822766
0.00559976429984427	1.88719648314027
0.00599974746411886	1.89833794281701
0.00639973062839345	1.90934468162908
0.00679971379266804	1.92021671354302
0.00719969695694263	1.93095408792644
0.00759968012121722	1.94155689114374
0.00799966328549181	1.95202523823944
0.0083996464497664	1.96235925700453
0.00879962961404099	1.9725590743688
0.00919961277831559	1.98262480935655
0.00959959594259018	1.99255657108478
0.00999957910686477	2.00235446313526
0.0103995622711394	2.01201859134993
0.0107995454354139	2.02154906909696
0.0111995285996885	2.03094601722003
0.0115995117639631	2.04020955997001
0.0119994949282377	2.0493398157827
0.0123994780925123	2.05833688794096
0.0127994612567869	2.06720086149457
0.0131994444210615	2.07593180075544
0.0135994275853361	2.08452974723404
0.0139994107496107	2.09299472322651
0.0143993939138853	2.10132673542771
0.0147993770781599	2.10952577224126
0.0151993602424344	2.11759179939031
0.015599343406709	2.125524757902
0.0159993265709836	2.13332456317641
0.0163993097352582	2.14099110753844
0.0167992928995328	2.14852427001226
0.0171992760638074	2.15592392969601
0.017599259228082	2.16318998013163
0.0179992423923566	2.17032234309337
0.0183992255566312	2.1773209785505
0.0187992087209058	2.18418589157531
0.0191991918851804	2.19091713866288
0.0195991750494549	2.19751483104117
0.0199991582137295	2.20397913334245
0.0203991413780041	2.21031026084878
0.0207991245422787	2.21650847614398
0.0211991077065533	2.22257408656564
0.0215990908708279	2.22850744323042
0.0219990740351025	2.23430893935925
0.0223990571993771	2.23997900539193
0.0227990403636517	2.24551810293799
0.0231990235279263	2.25092671664763
0.0235990066922009	2.25620534286888
0.0239989898564754	2.26135448201065
0.02439897302075	2.26637463949257
0.0247989561850246	2.27126632805485
0.0251989393492992	2.2760300728734
0.0255989225135738	2.28066642428913
0.0259989056778484	2.28517596713777
0.026398888842123	2.28955932060031
0.0267988720063976	2.29381713495628
0.0271988551706722	2.29795008596458
0.0275988383349468	2.30195886278226
0.0279988214992213	2.30584415778899
0.0283988046634959	2.30960666628688
0.0287987878277705	2.31324708785346
0.0291987709920451	2.31676612874298
0.0295987541563197	2.32016450943702
0.0299987373205943	2.32344297438378
0.0303987204848689	2.32660229849031
0.0307987036491435	2.32964329215639
0.0311986868134181	2.33256680347233
0.0315986699776927	2.33537371490441
0.0319986531419673	2.33806493236045
0.0323986363062418	2.34064136985821
0.0327986194705164	2.34310393148749
0.033198602634791	2.34545349063901
0.0335985857990656	2.34769086835566
0.0339985689633402	2.34981681594479
0.0343985521276148	2.35183199744305
0.0347985352918894	2.35373697262305
0.035198518456164	2.3555321857121
0.0355985016204386	2.35721795950565
0.0359984847847132	2.35879448204254
0.0363984679489878	2.36026178592821
0.0367984511132623	2.3616197279229
0.0371984342775369	2.36286796715771
0.0375984174418115	2.36400593675139
0.0379984006060861	2.36503281952644
0.0383983837703607	2.36594753348177
0.0387983669346353	2.36674872851216
0.0391983500989099	2.36743479306918
0.0395983332631845	2.36800385690541
0.0399983164274591	2.36845377721061
0.0403982995917337	2.36878210870745
0.0407982827560083	2.36898605649112
0.0411982659202828	2.36906240829919
0.0415982490845574	2.36900745784357
0.041998232248832	2.36881694374847
0.0423982154131066	2.36848601256243
0.0427981985773812	2.36800920935421
0.0431981817416558	2.3673804852555
0.0435981649059304	2.36659321923463
0.043998148070205	2.36564025811956
0.0443981312344796	2.3645139839226
0.0447981143987542	2.36320641604936
0.0451980975630287	2.36170938364407
0.0455980807273033	2.36001478432166
0.0459980638915779	2.35811490649169
0.0463980470558525	2.35600271807554
0.0467980302201271	2.35367191562646
0.0471980133844017	2.35111630930264
0.0475979965486763	2.34735954912807
0.0479979797129509	2.34338639414106
0.0483979628772255	2.33920513205649
0.0487979460415001	2.33482478087193
0.0491979292057747	2.33025456864568
0.0495979123700492	2.32550349211826
0.0499978955343238	2.32057993562624
0.0503978786985984	2.31549142521587
0.050797861862873	2.31024459583959
0.0511978450271476	2.30484545153097
0.0515978281914222	2.29929952453524
0.0519978113556968	2.29361194717797
0.0523977945199714	2.28778739158251
0.052797777684246	2.28182993008368
0.0531977608485206	2.27574303530953
0.0535977440127952	2.26952995421323
0.0539977271770697	2.2631943209279
0.0543977103413443	2.25674076466021
0.0547976935056189	2.25017536812923
0.0551976766698935	2.24350603835025
0.0555976598341681	2.23674270379126
0.0559976429984427	2.22989720683399
0.0563976261627173	2.22298319137361
0.0567976093269919	2.2160161982404
0.0571975924912665	2.20901373823826
0.0575975756555411	2.20199553073464
0.0579975588198157	2.19498394038374
0.0583975419840902	2.18800433674688
0.0587975251483648	2.18108476732038
0.0591975083126394	2.17425514720703
0.059597491476914	2.167545973597
0.0599974746411886	2.16098669040526
0.0603974578054632	2.15460421612374
0.0607974409697378	2.14842188272302
0.0611974241340124	2.14245889939549
0.061597407298287	2.1367307445887
0.0619973904625616	2.13125022000516
0.0623973736268362	2.12602848983661
0.0627973567911107	2.12107590500813
0.0631973399553853	2.11640268945579
0.0635973231196599	2.11201905054268
0.0639973062839345	2.10793488532351
0.0643972894482091	2.10415929421831
0.0647972726124837	2.10070015828249
0.0651972557767583	2.09756382394955
0.0655972389410329	2.09475493324345
0.0659972221053075	2.09227624809479
0.0663972052695821	2.09012870544793
0.0667971884338567	2.08831180714485
0.0671971715981312	2.08682394672255
0.0675971547624058	2.08566255861377
0.0679971379266804	2.08482433630933
0.068397121090955	2.08430521253115
0.0687971042552296	2.08410014327317
0.0691970874195042	2.08420291765746
0.0695970705837788	2.08460599206575
0.0699970537480534	2.08530028584568
0.070397036912328	2.08627523184292
0.0707970200766026	2.08751897917897
0.0711970032408771	2.08901847657257
0.0715969864051517	2.09075961474114
0.0719969695694263	2.09272733492129
0.0723969527337009	2.09490539583306
0.0727969358979755	2.09727592233768
0.0731969190622501	2.09981923907349
0.0735969022265247	2.10251374898618
0.0739968853907993	2.10533593663243
0.0743968685550739	2.1082608649022
0.0747968517193485	2.11126308552325
0.0751968348836231	2.11431737068559
0.0755968180478976	2.11739932324107
0.0759968012121722	2.1204860152164
0.0763967843764468	2.12355638142906
0.0767967675407214	2.12659129209016
0.077196750704996	2.12957357611489
0.0775967338692706	2.13248788966804
0.0779967170335452	2.13532051288734
0.0783967001978198	2.13805916520719
0.0787966833620944	2.14069283922449
0.079196666526369	2.14321165477384
0.0795966496906435	2.14560686019783
0.0799966328549181	2.14787098710263
0.0803966160191927	2.14999812501804
0.0807965991834673	2.1519842313916
0.0811965823477419	2.15382732024692
0.0815965655120165	2.15552767772934
0.0819965486762911	2.15708796568662
0.0823965318405657	2.1585129693641
0.0827965150048403	2.15980929748091
0.0831964981691149	2.16098522594566
0.0835964813333895	2.16205036397498
0.083996464497664	2.16301512606955
0.0843964476619386	2.16389048391271
0.0847964308262132	2.16468797163346
0.0851964139904878	2.16541973492795
0.0855963971547624	2.16609877465821
0.085996380319037	2.16673920620058
0.0863963634833116	2.16735645292364
0.0867963466475862	2.16796751821522
0.0871963298118608	2.16859112993749
0.0875963129761354	2.16924760830838
0.0879962961404099	2.16995863154462
0.0883962793046845	2.17074689780226
0.0887962624689591	2.17163547979186
0.0891962456332337	2.17264696164432
0.0895962287975083	2.17380250775213
0.0899962119617829	2.17512111488724
0.0903961951260575	2.17661921203557
0.0907961782903321	2.17831036721663
0.0911961614546067	2.18020509995112
0.0915961446188813	2.18231091388116
0.0919961277831559	2.18463219223093
0.0923961109474305	2.18716969095838
0.092796094111705	2.18992003305998
0.0931960772759796	2.19287543008627
0.0935960604402542	2.19602367286765
0.0939960436045288	2.19934867660803
0.0943960267688034	2.20283159454671
0.094796009933078	2.20645202994706
0.0951959930973526	2.21018938955738
0.0955959762616272	2.21402431677619
0.0959959594259018	2.21793965994438
0.0963959425901764	2.22192081223161
0.096795925754451	2.22595588774396
0.0971959089187255	2.23003542205365
0.0975958920830001	2.23415165991607
0.0979958752472747	2.23829795827007
0.0983958584115493	2.24246848005329
0.0987958415758239	2.24665790378257
0.0991958247400985	2.25086148264315
0.0995958079043731	2.25507523821194
0.0999957910686477	2.25929594086106
0.100395774232922	2.26352079898548
0.100795757397197	2.26774703906726
0.101195740561471	2.2719712323241
0.101595723725746	2.27618864202568
0.101995706890021	2.28039291385598
0.102395690054295	2.28457614527415
0.10279567321857	2.28872925402121
0.103195656382844	2.29284271770028
0.103595639547119	2.29690722644357
0.103995622711394	2.30091404754049
0.104395605875668	2.30485521436297
0.104795589039943	2.30872329170588
0.105195572204217	2.31251080055085
0.105595555368492	2.31620971027843
0.105995538532767	2.31981124761318
0.106395521697041	2.32330581896541
0.106795504861316	2.32668332088378
0.10719548802559	2.32993370452247
0.107595471189865	2.33304753913885
0.107995454354139	2.33601618748839
0.108395437518414	2.33883169303266
0.108795420682689	2.34148627726173
0.109195403846963	2.34397187344491
0.109595387011238	2.34628006296717
0.109995370175512	2.34840252282224
0.110395353339787	2.35033189083853
0.110795336504062	2.35206294934055
0.111195319668336	2.35359343556112
0.111595302832611	2.35492414969259
0.111995285996885	2.35605826430875
0.11239526916116	2.35700002977327
0.112795252325435	2.35775339819071
0.113195235489709	2.35832107798051
0.113595218653984	2.35870411497046
0.113995201818258	2.35890217918355
0.114395184982533	2.35891452078106
0.114795168146808	2.35874095722393
0.115195151311082	2.35838250475449
0.115595134475357	2.35784175200318
0.115995117639631	2.35712277052774
0.116395100803906	2.35623040859151
0.11679508396818	2.35516951706637
0.117195067132455	2.3539443543409
0.11759505029673	2.35255812588901
0.117995033461004	2.35101305652298
0.118395016625279	2.34931127447043
0.118794999789553	2.34745589434321
0.119194982953828	2.34545192151034
0.119594966118103	2.34330676919164
0.119994949282377	2.34103004877211
0.120394932446652	2.33863272014033
0.120794915610926	2.33612622652462
0.121194898775201	2.33352178074743
0.121594881939476	2.3308299782081
0.12199486510375	2.32806087894673
0.122394848268025	2.32522436093751
0.122794831432299	2.32233020748198
0.123194814596574	2.31938801844372
0.123594797760849	2.31640710654905
0.123994780925123	2.31339653184312
0.124394764089398	2.31036514908036
0.124794747253672	2.30732186815648
0.125194730417947	2.30427598231796
0.125594713582221	2.30123739350075
0.125994696746496	2.29821667387134
0.126394679910771	2.29522505311885
0.126794663075045	2.29227430870651
0.12719464623932	2.28937682765005
0.127594629403594	2.28654589964928
0.127994612567869	2.28379596825166
0.128394595732144	2.28114243419238
0.128794578896418	2.27860110534821
0.129194562060693	2.2761872191127
0.129594545224967	2.27391403346044
0.129994528389242	2.27179159999057
0.130394511553517	2.26982616396004
0.130794494717791	2.26802003553228
0.131194477882066	2.2663721382652
0.13159446104634	2.26487933901289
0.131994444210615	2.26353786669772
0.13239442737489	2.26234456733196
0.132794410539164	2.26129798863954
0.133194393703439	2.26039905253266
0.133594376867713	2.25965109312256
0.133994360031988	2.25905950949352
0.134394343196262	2.25863132661585
0.134794326360537	2.25837456363277
0.135194309524812	2.25829746831641
0.135594292689086	2.25840771656071
0.135994275853361	2.25871164687608
0.136394259017635	2.25921364619581
0.13679424218191	2.25991612639921
0.137194225346185	2.26081993127383
0.137594208510459	2.26192492660625
0.137994191674734	2.26323057346994
0.138394174839008	2.26473623257287
0.138794158003283	2.26644065602526
0.139194141167558	2.26834098168173
0.139594124331832	2.27043170695269
0.139994107496107	2.27270399676959
0.140394090660381	2.27514549694136
0.140794073824656	2.27774102280208
0.141194056988931	2.28047367403574
0.141594040153205	2.28332599547543
0.14199402331748	2.28628100507651
0.142394006481754	2.28932279627052
0.142793989646029	2.29243643957892
0.143193972810303	2.29560769376777
0.143593955974578	2.29882269955047
0.143993939138853	2.30206771588034
0.144393922303127	2.30532937159085
0.144793905467402	2.30859533573318
0.145193888631676	2.31185510601472
0.145593871795951	2.31510087864501
0.145993854960226	2.31832835335496
0.1463938381245	2.3215370626315
0.146793821288775	2.32473029249317
0.147193804453049	2.32791460065677
0.147593787617324	2.33109900198375
0.147993770781599	2.33429407052068
0.148393753945873	2.33751118418021
0.148793737110148	2.34076160110442
0.149193720274422	2.3440555437117
0.149593703438697	2.34740141331724
0.149993686602972	2.35080491711608
0.150393669767246	2.35426806983516
0.150793652931521	2.35778871358868
0.151193636095795	2.36136048557617
0.15159361926007	2.36497331470138
0.151993602424344	2.36861456358407
0.152393585588619	2.37227057807418
0.152793568752894	2.37592811882668
0.153193551917168	2.37957579278232
0.153593535081443	2.38320530936779
0.153993518245717	2.3868120832669
0.154393501409992	2.39039512286464
0.154793484574267	2.39395658265257
0.155193467738541	2.39750090090795
0.155593450902816	2.40103358706697
0.15599343406709	2.40455991113557
0.156393417231365	2.40808372373763
0.15679340039564	2.41160664723542
0.157193383559914	2.41512764261181
0.157593366724189	2.41864292385825
0.157993349888463	2.42214628621102
0.158393333052738	2.42562969702862
0.158793316217013	2.42908381642732
0.159193299381287	2.43249864110648
0.159593282545562	2.43586372945889
0.159993265709836	2.43916783935523
0.160393248874111	2.44239852589235
0.160793232038385	2.44554180863442
0.16119321520266	2.44858153933117
0.161593198366935	2.45149912277794
0.161993181531209	2.45427400608578
0.162393164695484	2.4568843158207
0.162793147859758	2.45930782797693
0.163193131024033	2.46152352130349
0.163593114188308	2.46351284221567
0.163993097352582	2.46526035646424
0.164393080516857	2.4667541862104
0.164793063681131	2.46798589061878
0.165193046845406	2.468949793974
0.165593030009681	2.46964246998159
0.165993013173955	2.47006259374754
0.16639299633823	2.47021093277509
0.166792979502504	2.47009067863623
0.167192962666779	2.4697077737936
0.167592945831053	2.46907088781514
0.167992928995328	2.46819073650668
0.168392912159603	2.46707900054634
0.168792895323877	2.46574685285514
0.169192878488152	2.46420355755868
0.169592861652426	2.4624556502766
0.169992844816701	2.46050711477937
0.170392827980976	2.45836013018431
0.17079281114525	2.45601615336676
0.171192794309525	2.45347716747794
0.171592777473799	2.45074672275282
0.171992760638074	2.44783040390435
0.172392743802349	2.44473598520396
0.172792726966623	2.44147333999066
0.173192710130898	2.43805417374138
0.173592693295172	2.4344915781096
0.173992676459447	2.43079950264119
0.174392659623722	2.42699202507176
0.174792642787996	2.42308267970957
0.175192625952271	2.41908392504424
0.175592609116545	2.41500672369117
0.17599259228082	2.41086026565468
0.176392575445094	2.40665189239805
0.176792558609369	2.40238712894432
0.177192541773644	2.39806965221343
0.177592524937918	2.39370104110282
0.177992508102193	2.38928048353067
0.178392491266467	2.38480459935476
0.178792474430742	2.3802674136397
0.179192457595017	2.37566035273924
0.179592440759291	2.37097252360562
0.179992423923566	2.3661912967864
0.18039240708784	2.36130307997028
0.180792390252115	2.35629411005676
0.18119237341639	2.3511510636502
0.181592356580664	2.34586149072408
0.181992339744939	2.34041428673414
0.182392322909213	2.33480016603429
0.182792306073488	2.32901216560447
0.183192289237763	2.32304621692735
0.183592272402037	2.31690178279046
0.183992255566312	2.31058237942016
0.184392238730586	2.30409584301946
0.184792221894861	2.2974540905063
0.185192205059136	2.29067258152763
0.18559218822341	2.28376958370468
0.185992171387685	2.27676525496023
0.186392154551959	2.26968068164099
0.186792137716234	2.26253716017325
0.187192120880508	2.25535554200611
0.187592104044783	2.24815566547502
0.187992087209058	2.24095602095279
0.188392070373332	2.2337736737992
0.188792053537607	2.2266243578592
0.189192036701881	2.21952301870829
0.189592019866156	2.21248438609707
0.189992003030431	2.20552309803313
0.190391986194705	2.19865343401599
0.19079196935898	2.19188905911617
0.191191952523254	2.18524265339784
0.191591935687529	2.17872579136418
0.191991918851804	2.17234931172532
0.192391902016078	2.16612402815136
0.192791885180353	2.16006158773131
0.193191868344627	2.15417541579853
0.193591851508902	2.14848140263197
0.193991834673176	2.1429981007663
0.194391817837451	2.13774669185633
0.194791801001726	2.13275078039817
0.195191784166	2.12803589507704
0.195591767330275	2.12362885214911
0.195991750494549	2.1195571388963
0.196391733658824	2.11584818941441
0.196791716823099	2.11252861761007
0.197191699987373	2.10962362659925
0.197591683151648	2.10715670297068
0.197991666315922	2.10514948939827
0.198391649480197	2.10362182139469
0.198791632644472	2.10259180666828
0.199191615808746	2.10207583372454
0.199591598973021	2.10208843016025
0.199991582137295	2.10264188902395
0.20039156530157	2.10374560248479
0.200791548465845	2.10540518899011
0.201191531630119	2.10762194217012
0.201591514794394	2.11039267339938
0.201991497958668	2.11370999855751
0.202391481122943	2.11756309161451
0.202791464287217	2.12193893467863
0.203191447451492	2.12682345278349
0.203591430615767	2.1322022169776
0.203991413780041	2.1380606674342
0.204391396944316	2.14438390524198
0.20479138010859	2.15115585966285
0.205191363272865	2.15835818732731
0.20559134643714	2.16596942059285
0.205991329601414	2.17396467897134
0.206391312765689	2.18231586149611
0.206791295929963	2.1909924301953
0.207191279094238	2.1999623912374
0.207591262258513	2.20919314980778
0.207991245422787	2.21865206729662
0.208391228587062	2.22830687945423
0.208791211751336	2.23812571572221
0.209191194915611	2.24807673382311
0.209591178079886	2.25812803887623
0.20999116124416	2.26824805084658
0.210391144408435	2.27840592215742
0.210791127572709	2.28857225933893
0.211191110736984	2.29871998563747
0.211591093901258	2.3088247229512
0.211991077065533	2.31886460459696
0.212391060229808	2.32881990472193
0.212791043394082	2.33867227610879
0.213191026558357	2.34840389549951
0.213591009722631	2.35799711041116
0.213990992886906	2.36743451843293
0.214390976051181	2.3766991885958
0.214790959215455	2.38577521495105
0.21519094237973	2.39464826917739
0.215590925544004	2.40330585745982
0.215990908708279	2.41173757675363
0.216390891872554	2.41993513227007
0.216790875036828	2.42789189937382
0.217190858201103	2.43560238170219
0.217590841365377	2.44306159924594
0.217990824529652	2.45026417839754
0.218390807693927	2.45720369107728
0.218790790858201	2.46387244894102
0.219190774022476	2.47026167329326
0.21959075718675	2.4763620204264
0.219990740351025	2.4821645227608
0.220390723515299	2.4876612197859
0.220790706679574	2.49284523192827
0.221190689843849	2.49771070046402
0.221590673008123	2.50225256858125
0.221990656172398	2.50646614527259
0.222390639336672	2.51034715762602
0.222790622500947	2.51389250396254
0.223190605665222	2.51710121147154
0.223590588829496	2.51997528448089
0.223990571993771	2.52252047131005
0.224390555158045	2.52474625806815
0.22479053832232	2.52666495363836
0.225190521486595	2.52829061222982
0.225590504650869	2.52963786616585
0.225990487815144	2.53072064097394
0.226390470979418	2.53155137389092
0.226790454143693	2.53214110190631
0.227190437307968	2.53249978455369
0.227590420472242	2.53263699956904
0.227990403636517	2.53256288066134
0.228390386800791	2.53228863266232
0.228790369965066	2.53182648551508
0.22919035312934	2.53118948813395
0.229590336293615	2.53039106181736
0.22999031945789	2.52944432370349
0.230390302622164	2.52836170566203
0.230790285786439	2.52715468734533
0.231190268950713	2.52583329182046
0.231590252114988	2.5244055901242
0.231990235279263	2.52287732214818
0.232390218443537	2.5212516309361
0.232790201607812	2.5195290293435
0.233190184772086	2.51770778488174
0.233590167936361	2.51578453673041
0.233990151100636	2.5137549394001
0.23439013426491	2.51161441577764
0.234790117429185	2.50935870850831
0.235190100593459	2.50698420966212
0.235590083757734	2.50448821586703
0.235990066922009	2.50186922163218
0.236390050086283	2.49912713976462
0.236790033250558	2.49626334091984
0.237190016414832	2.49328059224481
0.237589999579107	2.49018270524358
0.237989982743381	2.48697360791967
0.238389965907656	2.48365611548557
0.238789949071931	2.48023081029725
0.239189932236205	2.47669513006774
0.23958991540048	2.47304275585985
0.239989898564754	2.46926354047954
0.240389881729029	2.46534399754865
0.240789864893304	2.46126825913806
0.241189848057578	2.45701925531228
0.241589831221853	2.45257988681689
0.241989814386127	2.4479340802263
0.242389797550402	2.44306756636632
0.242789780714677	2.43796859156183
0.243189763878951	2.43262859416735
0.243589747043226	2.42704283167024
0.2439897302075	2.42121089901261
0.244389713371775	2.41513713897834
0.24478969653605	2.40883068187799
0.245189679700324	2.40230477510098
0.245589662864599	2.39557545879745
0.245989646028873	2.38865992319512
0.246389629193148	2.38157465986558
0.246789612357422	2.37433393823663
0.247189595521697	2.36694900291823
0.247589578685972	2.35942816505622
0.247989561850246	2.35177734452974
0.248389545014521	2.3440010027145
0.248789528178795	2.33610297681595
0.24918951134307	2.32808714963075
0.249589494507345	2.31995778353008
0.249989477671619	2.31171984712752
0.250389460835894	2.30337942931068
0.250789444000168	2.29494434115245
0.251189427164443	2.28642475259292
0.251589410328718	2.27783401569148
0.251989393492992	2.26918944824126
0.252389376657267	2.26051270418376
0.252789359821541	2.25182962018285
0.253189342985816	2.24316982566449
0.25358932615009	2.23456580906543
0.253989309314365	2.22605180891439
0.25438929247864	2.21766301197313
0.254789275642914	2.20943491793664
0.255189258807189	2.20140263088557
0.255589241971463	2.19360052301018
0.255989225135738	2.18606199422795
0.256389208300013	2.17881874819781
0.256789191464287	2.17190000979759
0.257189174628562	2.16533183820004
0.257589157792836	2.15913630069444
0.257989140957111	2.15333111303903
0.258389124121386	2.14792998491846
0.25878910728566	2.14294312645634
0.259189090449935	2.13837776696131
0.259589073614209	2.13423881645111
0.259989056778484	2.13052915625689
0.260389039942759	2.12724955687884
0.260789023107033	2.1243986728096
0.261189006271308	2.12197328032806
0.261588989435582	2.11996864418284
0.261988972599857	2.11837911396769
0.262388955764132	2.11719867314267
0.262788938928406	2.11642127632093
0.263188922092681	2.11604071078253
0.263588905256955	2.11605021500392
0.26398888842123	2.11644197970365
0.264388871585504	2.11720665020689
0.264788854749779	2.11833286660335
0.265188837914054	2.1198073092733
0.265588821078328	2.12161492273451
0.265988804242603	2.12373915728632
0.266388787406877	2.12616232561562
0.266788770571152	2.12886593116909
0.267188753735427	2.13183052371954
0.267588736899701	2.13503551059605
0.267988720063976	2.13845913720032
0.26838870322825	2.14207860475812
0.268788686392525	2.14587044540476
0.2691886695568	2.14981126596292
0.269588652721074	2.15387840638806
0.269988635885349	2.15805047533939
0.270388619049623	2.1623077805149
0.270788602213898	2.16663241914147
0.271188585378172	2.17100785334645
0.271588568542447	2.17541852946338
0.271988551706722	2.17984944349324
0.272388534870996	2.18428557864648
0.272788518035271	2.18871146477712
0.273188501199545	2.19311115395464
0.27358848436382	2.1974683711317
0.273988467528095	2.20176701897663
0.274388450692369	2.20599179973005
0.274788433856644	2.21012880048398
0.275188417020918	2.21416582101491
0.275588400185193	2.21809264093521
0.275988383349468	2.22190089904382
0.276388366513742	2.22558365079344
0.276788349678017	2.22913482823926
0.277188332842291	2.23254906139176
0.277588316006566	2.23582163563736
0.277988299170841	2.23894863307189
0.278388282335115	2.24192721727575
0.27878826549939	2.24475612368237
0.279188248663664	2.24743606074501
0.279588231827939	2.24997000407584
0.279988214992213	2.25236338963194
0.280388198156488	2.25462435907621
0.280788181320763	2.25676366242205
0.281188164485037	2.25879444084364
0.281588147649312	2.26073180902009
0.281988130813586	2.26259210622082
0.282388113977861	2.2643920260995
0.282788097142136	2.26614807053128
0.28318808030641	2.26787617168327
0.283588063470685	2.26959139036078
0.283988046634959	2.27130773047904
0.284388029799234	2.27303811933037
0.284788012963509	2.27479413958251
0.285187996127783	2.27658551947137
0.285587979292058	2.27841955463519
0.285987962456332	2.28030060284841
0.286387945620607	2.28222989445158
0.286787928784882	2.28420605806959
0.287187911949156	2.28622614911879
0.287587895113431	2.28828681938759
0.287987878277705	2.29038541195421
0.28838786144198	2.29252055119226
0.288787844606255	2.2946918608635
0.289187827770529	2.29689902517857
0.289587810934804	2.29914074295013
0.289987794099078	2.30141389090624
0.290387777263353	2.3037132208002
0.290787760427627	2.30603185514949
0.291187743591902	2.30836222059891
0.291587726756177	2.31069704586313
0.291987709920451	2.31303012194709
0.292387693084726	2.31535647803288
0.292787676249	2.31767198907953
0.293187659413275	2.31997295073238
0.29358764257755	2.32225574726775
0.293987625741824	2.32451659798763
0.294387608906099	2.32675158117046
0.294787592070373	2.32895684663636
0.295187575234648	2.33112865087871
0.295587558398923	2.33326293678354
0.295987541563197	2.33535479299184
0.296387524727472	2.33739806519717
0.296787507891746	2.33938520339694
0.297187491056021	2.34130749908637
0.297587474220295	2.34315578251717
0.29798745738457	2.34492130643355
0.298387440548845	2.3465966489819
0.298787423713119	2.34817658303451
0.299187406877394	2.3496589430269
0.299587390041668	2.35104519863891
0.299987373205943	2.35234072943575
0.300387356370218	2.35355458757119
0.300787339534492	2.35469869436791
0.301187322698767	2.3557864725592
0.301587305863041	2.35683139045549
0.301987289027316	2.35784592406023
0.302387272191591	2.35884098383244
0.302787255355865	2.35982600095005
0.30318723852014	2.36080953100668
0.303587221684414	2.36180008254685
0.303987204848689	2.36280671950238
0.304387188012963	2.36383907694433
0.304787171177238	2.3649068510803
0.305187154341513	2.36601903711338
0.305587137505787	2.3671832126354
0.305987120670062	2.36840498569282
0.306387103834336	2.36968783355559
0.306787086998611	2.37103305626998
0.307187070162886	2.3724394924725
0.30758705332716	2.37390316660866
0.307987036491435	2.37541700684437
0.308387019655709	2.37697058127448
0.308787002819984	2.37855028033024
0.309186985984259	2.38014025013391
0.309586969148533	2.38172387691917
0.309986952312808	2.38328557401192
0.310386935477082	2.38481287429568
0.310786918641357	2.38629805209657
0.311186901805632	2.38773905695009
0.311586884969906	2.38913966571399
0.311986868134181	2.39050879800602
0.312386851298455	2.39185919076838
0.31278683446273	2.39320588418958
0.313186817627005	2.39456444151656
0.313586800791279	2.39594942317625
0.313986783955554	2.39737336496089
0.314386767119828	2.39884617092825
0.314786750284103	2.40037495564881
0.315186733448377	2.40196448166855
0.315586716612652	2.40361762315105
0.315986699776927	2.40533565350909
0.316386682941201	2.40711862889376
0.316786666105476	2.40896576398386
0.31718664926975	2.41087548937202
0.317586632434025	2.41284556802356
0.3179866155983	2.4148733833555
0.318386598762574	2.4169561664269
0.318786581926849	2.41909097924752
0.319186565091123	2.42127467271717
0.319586548255398	2.42350361108073
0.319986531419673	2.42577317029492
0.320386514583947	2.42807730201428
0.320786497748222	2.43040822757303
0.321186480912496	2.43275625381768
0.321586464076771	2.43510970247389
0.321986447241046	2.43745501916936
0.32238643040532	2.43977679456157
0.322786413569595	2.44205788617129
0.323186396733869	2.44427988695622
0.323586379898144	2.44642376010926
0.323986363062418	2.44847046396527
0.324386346226693	2.45040152505769
0.324786329390968	2.45219946510151
0.325186312555242	2.45384782800438
0.325586295719517	2.45533087903126
0.325986278883791	2.45663297179279
0.326386262048066	2.45773790331251
0.326786245212341	2.45862856596528
0.327186228376615	2.45928701186193
0.32758621154089	2.45969489542368
0.327986194705164	2.45983423905364
0.328386177869439	2.45968815286789
0.328786161033714	2.4592413982364
0.329186144197988	2.45848049084798
0.329586127362263	2.45739352547435
0.329986110526537	2.45596993703485
0.330386093690812	2.45420049725464
0.330786076855086	2.45207747504386
0.331186060019361	2.44959501200502
0.331586043183636	2.44674962610597
0.33198602634791	2.4435405400452
0.332386009512185	2.43996973687203
0.332785992676459	2.43604178301145
0.333185975840734	2.43176323472769
0.333585959005009	2.42714185956943
0.333985942169283	2.42218606510883
0.334385925333558	2.41690449938561
0.334785908497832	2.41130568963879
0.335185891662107	2.40539784350429
0.335585874826382	2.39918884162225
0.335985857990656	2.39268630007073
0.336385841154931	2.38589768817025
0.336785824319205	2.37883048244032
0.33718580748348	2.37149235564853
0.337585790647755	2.36389133046825
0.337985773812029	2.35603581216744
0.338385756976304	2.34793465956933
0.338785740140578	2.33959733537638
0.339185723304853	2.3310342594439
0.339585706469128	2.32225723641337
0.339985689633402	2.31327992324779
0.340385672797677	2.30411796892211
0.340785655961951	2.2947889374173
0.341185639126226	2.28531213016108
0.3415856222905	2.27570827318809
0.341985605454775	2.26599906804054
0.34238558861905	2.25620687974366
0.342785571783324	2.24635437212968
0.343185554947599	2.2364639073292
0.343585538111873	2.22655684615524
0.343985521276148	2.21665283989886
0.344385504440423	2.20676910234352
0.344785487604697	2.19691999663679
0.345185470768972	2.1871172916234
0.345585453933246	2.17737090979559
0.345985437097521	2.16768997726243
0.346385420261796	2.15808388336585
0.34678540342607	2.14856318305089
0.347185386590345	2.13914012811373
0.347585369754619	2.12982894745583
0.347985352918894	2.12064589636615
0.348385336083169	2.11160909482457
0.348785319247443	2.10273815975807
0.349185302411718	2.09405375797174
0.349585285575992	2.08557701699424
0.349985268740267	2.07732900010778
0.350385251904541	2.06933053465471
0.350785235068816	2.06160225547162
0.351185218233091	2.05416470311266
0.351585201397365	2.04703846952998
0.35198518456164	2.04024425290064
0.352385167725914	2.03380236568565
0.352785150890189	2.02773189312596
0.353185134054464	2.0220499316983
0.353585117218738	2.01677083895007
0.353985100383013	2.01190556296734
0.354385083547287	2.00746128789385
0.354785066711562	2.00344114310328
0.355185049875837	1.99984404150233
0.355585033040111	1.99666487128466
0.355985016204386	1.99389501388005
0.35638499936866	1.99152322511795
0.356784982532935	1.98953692636724
0.357184965697209	1.98792358868592
0.357584948861484	1.98667156871697
0.357984932025759	1.98577042634709
0.358384915190033	1.9852108111635
0.358784898354308	1.98498413569784
0.359184881518582	1.98508235891832
0.359584864682857	1.98549810987423
0.359984847847132	1.98622500397895
0.360384831011406	1.98725820514239
0.360784814175681	1.98859478151756
0.361184797339955	1.9902334701348
0.36158478050423	1.99217396487797
0.361984763668505	1.99441612970433
0.362384746832779	1.99695914772396
0.362784729997054	1.99980097440455
0.363184713161328	2.00293812922554
0.363584696325603	2.00636567696454
0.363984679489878	2.01007730825296
0.364384662654152	2.0140655317293
0.364784645818427	2.01832191207817
0.365184628982701	2.02283725826803
0.365584612146976	2.02760192362963
0.36598459531125	2.03260623505265
0.366384578475525	2.03784081102324
0.3667845616398	2.04329683713213
0.367184544804074	2.04896621019041
0.367584527968349	2.05484144384646
0.367984511132623	2.06091538427512
0.368384494296898	2.06718109601884
0.368784477461173	2.0736318613456
0.369184460625447	2.08026126500951
0.369584443789722	2.08706343427094
0.369984426953996	2.0940333526856
0.370384410118271	2.10116695033397
0.370784393282546	2.10846092520927
0.37118437644682	2.1159125300711
0.371584359611095	2.12351935114152
0.371984342775369	2.13127897168226
0.372384325939644	2.13918868870541
0.372784309103919	2.14724522908614
0.373184292268193	2.15544428632416
0.373584275432468	2.16377998116789
0.373984258596742	2.17224439913634
0.374384241761017	2.180827128425
0.374784224925292	2.18951491525096
0.375184208089566	2.19829184784216
0.375584191253841	2.20714008323067
0.375984174418115	2.2160406721299
0.37638415758239	2.22497439203461
0.376784140746664	2.23392236682306
0.377184123910939	2.24286614021064
0.377584107075214	2.25178728117784
0.377984090239488	2.26066696870488
0.378384073403763	2.26948575755476
0.378784056568037	2.27822358500547
0.379184039732312	2.28685981388759
0.379584022896587	2.29537327617116
0.379984006060861	2.30374216734427
0.380383989225136	2.31194354560055
0.38078397238941	2.31995252544066
0.381183955553685	2.32774178680682
0.38158393871796	2.33528156028649
0.381983921882234	2.34254017896127
0.382383905046509	2.34948546202729
0.382783888210783	2.35608672265419
0.383183871375058	2.36231666625196
0.383583854539332	2.36815299107416
0.383983837703607	2.37357936422661
0.384383820867882	2.37858550968255
0.384783804032156	2.38316682392026
0.385183787196431	2.38732395594594
0.385583770360705	2.39106213880273
0.38598375352498	2.39439040072309
0.386383736689255	2.397320899582
0.386783719853529	2.39986830816829
0.387183703017804	2.40204906808928
0.387583686182078	2.40388060544792
0.387983669346353	2.40538066819223
0.388383652510628	2.40656702492697
0.388783635674902	2.40745757361268
0.389183618839177	2.40807058540014
0.389583602003451	2.40842499079138
0.389983585167726	2.40854068990073
0.390383568332	2.4084385097849
0.390783551496275	2.40813944923761
0.39118353466055	2.40766356842526
0.391583517824824	2.4070288695764
0.391983500989099	2.40625039435095
0.392383484153373	2.40533969233386
0.392783467317648	2.40430460277537
0.393183450481923	2.40314917387822
0.393583433646197	2.40187376039598
0.393983416810472	2.40047528009514
0.394383399974746	2.39894771023103
0.394783383139021	2.39728265994243
0.395183366303296	2.39547022009539
0.39558334946757	2.39349994375964
0.395983332631845	2.39136163077487
0.396383315796119	2.38904570731701
0.396783298960394	2.38654331284401
0.397183282124669	2.38384623946091
0.397583265288943	2.38094672647205
0.397983248453218	2.37783754353774
0.398383231617492	2.37451250694836
0.398783214781767	2.37096716632965
0.399183197946042	2.36719956155965
0.399583181110316	2.36321085409697
0.399983164274591	2.35900553589994
0.400383147438865	2.35459123035802
0.40078313060314	2.34997861968548
0.401183113767414	2.34518134617648
0.401583096931689	2.34021600029673
0.401983080095964	2.33510202217191
0.402383063260238	2.32986106415963
0.402783046424513	2.32451572860659
0.403183029588787	2.31908801978598
0.403583012753062	2.31359761923884
0.403982995917337	2.30806031260143
0.404382979081611	2.30248711427776
0.404782962245886	2.29688441712667
0.40518294541016	2.29125491007443
0.405582928574435	2.28559909994096
0.40598291173871	2.27991686424367
0.406382894902984	2.27420879583303
0.406782878067259	2.26847725153633
0.407182861231533	2.26272702940047
0.407582844395808	2.25696558274243
0.407982827560083	2.25120287854389
0.408382810724357	2.24545081713712
0.408782793888632	2.23972231237777
0.409182777052906	2.23403012300537
0.409582760217181	2.2283856552101
0.409982743381455	2.22279803402106
0.41038272654573	2.21727362772894
0.410782709710005	2.21181596585414
0.411182692874279	2.20642606406622
0.411582676038554	2.20110288641281
0.411982659202828	2.19584390708719
0.412382642367103	2.19064539672556
0.412782625531378	2.18550241507667
0.413182608695652	2.18040852866106
0.413582591859927	2.17535569291928
0.413982575024201	2.17033417975328
0.414382558188476	2.16533284763103
0.414782541352751	2.1603398428019
0.415182524517025	2.1553437119447
0.4155825076813	2.15033467759121
0.415982490845574	2.14530606458278
0.416382474009849	2.14025545510706
0.416782457174123	2.13518539256146
0.417182440338398	2.13010358018456
0.417582423502673	2.12502254808447
0.417982406666947	2.11995872741575
0.418382389831222	2.11493149506227
0.418782372995496	2.10996231732434
0.419182356159771	2.10507400089829
0.419582339324046	2.10029002895054
0.41998232248832	2.09563419470348
0.420382305652595	2.09113034485304
0.420782288816869	2.08680203553998
0.421182271981144	2.08267186964788
0.421582255145419	2.07876061181122
0.421982238309693	2.07508627271019
0.422382221473968	2.07166344592502
0.422782204638242	2.06850293041111
0.423182187802517	2.06561196437513
0.423582170966792	2.0629949299567
0.423982154131066	2.06065449083476
0.424382137295341	2.05859264546064
0.424782120459615	2.05681142491044
0.42518210362389	2.05531312565423
0.425582086788165	2.05410029133329
0.425982069952439	2.05317547533673
0.426382053116714	2.05254093224841
0.426782036280988	2.05219848499334
0.427182019445263	2.05214978792952
0.427582002609537	2.05239668064694
0.427981985773812	2.05294134361207
0.428381968938087	2.05378611553231
0.428781952102361	2.05493309745611
0.429181935266636	2.05638354291602
0.42958191843091	2.05813713796202
0.429981901595185	2.06019144919321
0.43038188475946	2.06254179365268
0.430781867923734	2.06518150858029
0.431181851088009	2.06810250876002
0.431581834252283	2.07129613719506
0.431981817416558	2.07475399833157
0.432381800580833	2.07846880583222
0.432781783745107	2.08243513537944
0.433181766909382	2.08664946314624
0.433581750073656	2.09110946730786
0.433981733237931	2.09581301419171
0.434381716402206	2.10075688149807
0.43478169956648	2.10593533082253
0.435181682730755	2.11133921519746
0.435581665895029	2.11695569559996
0.435981649059304	2.12276849524931
0.436381632223578	2.12875878785333
0.436781615387853	2.13490644069829
0.437181598552128	2.14119100162347
0.437581581716402	2.14759260696139
0.437981564880677	2.1540925396013
0.438381548044951	2.16067310998884
0.438781531209226	2.16731713871493
0.439181514373501	2.17400745636241
0.439581497537775	2.18072607229644
0.43998148070205	2.18745337666037
0.440381463866324	2.1941676380481
0.440781447030599	2.20084486215468
0.441181430194874	2.20745916435956
0.441581413359148	2.21398374053055
0.441981396523423	2.22039180320644
0.442381379687697	2.22665747167154
0.442781362851972	2.2327567703851
0.443181346016246	2.23866837955479
0.443581329180521	2.24437374991694
0.443981312344796	2.24985706101023
0.44438129550907	2.25510487383157
0.444781278673345	2.26010536446219
0.445181261837619	2.26484759037014
0.445581245001894	2.26932124988576
0.445981228166169	2.27351670624646
0.446381211330443	2.27742548155277
0.446781194494718	2.28104125493186
0.447181177658992	2.28436095072428
0.447581160823267	2.28738555483269
0.447981143987542	2.29012062279041
0.448381127151816	2.29257636621857
0.448781110316091	2.29476710325848
0.449181093480365	2.29671025370298
0.44958107664464	2.29842524333389
0.449981059808915	2.29993236384415
0.450381042973189	2.30125171675728
0.450781026137464	2.30240246747112
0.451181009301738	2.30340253486425
0.451580992466013	2.30426857309866
0.451980975630287	2.30501612953322
0.452380958794562	2.3056599923099
0.452780941958837	2.3062143503075
0.453180925123111	2.306692649432
0.453580908287386	2.30710741326818
0.45398089145166	2.30747017127984
0.454380874615935	2.30779146621772
0.45478085778021	2.30808110479569
0.455180840944484	2.30834861389086
0.455580824108759	2.30860370676846
0.455980807273033	2.30885652477287
0.456380790437308	2.30911750643305
0.456780773601583	2.30939689536943
0.457180756765857	2.30970424260283
0.457580739930132	2.31004809711658
0.457980723094406	2.3104360344087
0.458380706258681	2.31087505887728
0.458780689422956	2.31137205737027
0.45918067258723	2.31193384717222
0.459580655751505	2.31256676936502
0.459980638915779	2.31327599653959
0.460380622080054	2.31406455503217
0.460780605244329	2.3149324712868
0.461180588408603	2.31587631449074
0.461580571572878	2.31688897663877
0.461980554737152	2.31795973942619
0.462380537901427	2.31907462511269
0.462780521065701	2.32021660656607
0.463180504229976	2.32136568104195
0.463580487394251	2.32249919831995
0.463980470558525	2.32359237110767
0.4643804537228	2.32461870348652
0.464780436887074	2.32555059024883
0.465180420051349	2.32635985956525
0.465580403215624	2.32701808648411
0.465980386379898	2.32749669515664
0.466380369544173	2.32776696880455
0.466780352708447	2.32779989483185
0.467180335872722	2.32756622999537
0.467580319036997	2.32703690256571
0.467980302201271	2.32618350235051
0.468380285365546	2.32497881631332
0.46878026852982	2.32339763563849
0.469180251694095	2.32141744857194
0.469580234858369	2.31901873332507
0.469980218022644	2.31618500748893
0.470380201186919	2.31290286933312
0.470780184351193	2.30916191787102
0.471180167515468	2.30495502365721
0.471580150679742	2.30027895140621
0.471980133844017	2.29513505274469
0.472380117008292	2.28952983634197
0.472780100172566	2.28347537796714
0.473180083336841	2.27698898251944
0.473580066501115	2.27009212525977
0.47398004966539	2.26280920760098
0.474380032829665	2.25516624491178
0.474780015993939	2.24718962771359
0.475179999158214	2.23890558009627
0.475579982322488	2.2303400741127
0.475979965486763	2.22151880495016
0.476379948651037	2.21246738359315
0.476779931815312	2.20321165697484
0.477179914979587	2.19377770758786
0.477579898143861	2.18419163353817
0.477979881308136	2.17447924080753
0.47837986447241	2.16466545073014
0.478779847636685	2.15477372131725
0.47917983080096	2.144825624544
0.479579813965234	2.13484066337457
0.479979797129509	2.12483655104318
0.480379780293783	2.11483014523969
0.480779763458058	2.10483841974178
0.481179746622333	2.09487912195366
0.481579729786607	2.08497108779527
0.481979712950882	2.07513405626063
0.482379696115156	2.06538805470089
0.482779679279431	2.05575263396711
0.483179662443706	2.04624615238679
0.48357964560798	2.0368852935296
0.483979628772255	2.0276850526432
0.484379611936529	2.01865906147364
0.484779595100804	2.00982017379467
0.485179578265079	2.00118138451152
0.485579561429353	1.99275691084207
0.485979544593628	1.98456304741687
0.486379527757902	1.97661854599649
0.486779510922177	1.96894445713798
0.487179494086451	1.96156354635328
0.487579477250726	1.95449937981387
0.487979460415001	1.94777519660778
0.488379443579275	1.94141289659641
0.48877942674355	1.93543241996616
0.489179409907824	1.92985145706466
0.489579393072099	1.92468553445426
0.489979376236374	1.91994828959189
0.490379359400648	1.91565169398549
0.490779342564923	1.91180635866092
0.491179325729197	1.90842193156007
0.491579308893472	1.90550732558991
0.491979292057747	1.90307075908618
0.492379275222021	1.90111964892467
0.492779258386296	1.8996599169667
0.49317924155057	1.89869491057445
0.493579224714845	1.89822450336994
0.493979207879119	1.89824426127286
0.494379191043394	1.89874488579785
0.494779174207669	1.89971221961441
0.495179157371943	1.90112755131915
0.495579140536218	1.9029680449034
0.495979123700492	1.90520773183103
0.496379106864767	1.90781877829045
0.496779090029042	1.91077272058298
0.497179073193316	1.91404185045455
0.497579056357591	1.91760036901146
0.497979039521865	1.92142476933693
0.49837902268614	1.92549361804306
0.498779005850415	1.92978693691893
0.499178989014689	1.93428510414228
0.499578972178964	1.93896779429974
0.499978955343238	1.94381356633841
0.500378938507513	1.94880005849931
0.500778921671788	1.95390458854141
0.501178904836062	1.95910499258094
0.501578888000337	1.9643802881719
0.501978871164611	1.96971101521889
0.502378854328886	1.97507937857506
0.502778837493161	1.98046921336526
0.503178820657435	1.98586571721408
0.50357880382171	1.99125517423455
0.503978786985984	1.99662475125593
0.504378770150259	2.00196225338936
0.504778753314533	2.00725593490884
0.505178736478808	2.01249446321435
0.505578719643083	2.0176671139203
0.505978702807357	2.02276420103199
0.506378685971632	2.02777772271948
0.506778669135906	2.0327020027971
0.507178652300181	2.03753429523283
0.507578635464456	2.04227488613393
0.50797861862873	2.04692657526634
0.508378601793005	2.05149357552818
0.508778584957279	2.05598013166045
0.509178568121554	2.06038888500083
0.509578551285829	2.06471962092605
0.509978534450103	2.06896851257647
0.510378517614378	2.07312781244451
0.510778500778652	2.07718604316592
0.511178483942927	2.08112890387326
0.511578467107201	2.08494030029775
0.511978450271476	2.08860349872577
0.512378433435751	2.09210227892278
0.512778416600025	2.09542206447196
0.5131783997643	2.098550760432
0.513578382928574	2.10147952550531
0.513978366092849	2.10420311617707
0.514378349257124	2.10671977828039
0.514778332421398	2.109030841622
0.515178315585673	2.11114026513421
0.515578298749947	2.11305400163396
0.515978281914222	2.11477950923845
0.516378265078497	2.11632544842558
0.516778248242771	2.11770145234314
0.517178231407046	2.11891784901008
0.51757821457132	2.11998547788334
0.517978197735595	2.1209152809306
0.51837818089987	2.12171790237774
0.518778164064144	2.12240330685249
0.519178147228419	2.12298022223683
0.519578130392693	2.1234554998119
0.519978113556968	2.12383371348725
0.520378096721242	2.1241169456812
0.520778079885517	2.12430478585114
0.521178063049792	2.12439466351171
0.521578046214066	2.12438224728299
0.521978029378341	2.12426179559925
0.522378012542615	2.12402668618067
0.52277799570689	2.12366978566516
0.523177978871165	2.12318344697181
0.523577962035439	2.12255954743614
0.523977945199714	2.12178955003382
0.524377928363988	2.12086438510163
0.524777911528263	2.11977419051121
0.525177894692538	2.11850793235512
0.525577877856812	2.11705274555628
0.525977861021087	2.11539352354488
0.526377844185361	2.11351292412087
0.526777827349636	2.11139191940819
0.527177810513911	2.10901097203381
0.527577793678185	2.10635203668734
0.52797777684246	2.10340076742385
0.528377760006734	2.10014823597145
0.528777743171009	2.09659189589198
0.529177726335283	2.09273574608571
0.529577709499558	2.0885894686702
0.529977692663833	2.08416692349187
0.530377675828107	2.07948453143277
0.530777658992382	2.07455985232534
0.531177642156656	2.06941058961562
0.531577625320931	2.06405424752148
0.531977608485206	2.05850803833264
0.53237759164948	2.0527886765388
0.532777574813755	2.04691220422099
0.533177557978029	2.04089379002285
0.533577541142304	2.03474743514565
0.533977524306579	2.02848585512938
0.534377507470853	2.02212074339981
0.534777490635128	2.01566317835253
0.535177473799402	2.00912418680342
0.535577456963677	2.00251515374353
0.535977440127952	1.99584788241347
0.536377423292226	1.98913436868312
0.536777406456501	1.98238638300363
0.537177389620775	1.97561487937123
0.53757737278505	1.9688297236963
0.537977355949324	1.96203993177407
0.538377339113599	1.95525428718827
0.538777322277874	1.9484821637982
0.539177305442148	1.94173453339107
0.539577288606423	1.93502467326718
0.539977271770697	1.92836839437717
0.540377254934972	1.92178368276816
0.540777238099247	1.91528987727853
0.541177221263521	1.90890657232728
0.541577204427796	1.90265259836565
0.54197718759207	1.89654517328005
0.542377170756345	1.89059946777708
0.54277715392062	1.88482863253957
0.543177137084894	1.87924412439444
0.543577120249169	1.87385597341436
0.543977103413443	1.86867291405851
0.544377086577718	1.8637021420647
0.544777069741992	1.8589489633093
0.545177052906267	1.85441647833224
0.545577036070542	1.85010533835895
0.545977019234816	1.84601356855129
0.546377002399091	1.84213680941245
0.546776985563366	1.83846869421547
0.54717696872764	1.83500117872572
0.547576951891915	1.83172488927547
0.547976935056189	1.82862967674956
0.548376918220464	1.82570521483218
0.548776901384738	1.82294177512436
0.549176884549013	1.82033111361099
0.549576867713288	1.81786729027424
0.549976850877562	1.81554722061148
0.550376834041837	1.81337100235972
0.550776817206111	1.8113418256466
0.551176800370386	1.8094653945761
0.551576783534661	1.8077490654329
0.551976766698935	1.80620078374098
0.55237674986321	1.80482800012026
0.552776733027484	1.8036367237933
0.553176716191759	1.80263091640787
0.553576699356033	1.80181243377773
0.553976682520308	1.80118137213468
0.554376665684583	1.80073654778235
0.554776648848857	1.80047598220644
0.555176632013132	1.80039720708313
0.555576615177406	1.80049714430748
0.555976598341681	1.80077187811981
0.556376581505956	1.80121647980416
0.55677656467023	1.80182472247399
0.557176547834505	1.80258881972116
0.557576530998779	1.80349953618865
0.557976514163054	1.80454633364566
0.558376497327329	1.80571741186421
0.558776480491603	1.80699999632835
0.559176463655878	1.80838083789245
0.559576446820152	1.80984663754563
0.559976429984427	1.81138473789677
0.560376413148702	1.81298389659094
0.560776396312976	1.81463470264834
0.561176379477251	1.81632970931424
0.561576362641525	1.81806329181788
0.5619763458058	1.81983085121725
0.562376328970075	1.82162764060653
0.562776312134349	1.82344792869722
0.563176295298624	1.82528452044895
0.563576278462898	1.82712874300441
0.563976261627173	1.82897114561006
0.564376244791447	1.83080267338794
0.564776227955722	1.83261555052043
0.565176211119997	1.83440379995787
0.565576194284271	1.83616321022201
0.565976177448546	1.83789047366308
0.56637616061282	1.83958202806699
0.566776143777095	1.84123326445686
0.56717612694137	1.84283810883966
0.567576110105644	1.84438896569312
0.567976093269919	1.84587721675721
0.568376076434193	1.84729378904619
0.568776059598468	1.84862926617529
0.569176042762743	1.84987375954185
0.569576025927017	1.85101677547427
0.569976009091292	1.85204699504782
0.570375992255566	1.85295231835689
0.570775975419841	1.85372032284508
0.571175958584116	1.85433895187225
0.57157594174839	1.85479709050628
0.571975924912665	1.85508508238056
0.572375908076939	1.85519503048144
0.572775891241214	1.85512074252064
0.573175874405488	1.85485742579645
0.573575857569763	1.85440151247614
0.573975840734038	1.85375065703468
0.574375823898312	1.8529037462977
0.574775807062587	1.85186109019784
0.575175790226861	1.85062481828005
0.575575773391136	1.84919909210099
0.575975756555411	1.84758993535542
0.576375739719685	1.84580484794697
0.57677572288396	1.84385241618317
0.577175706048234	1.84174185906972
0.577575689212509	1.83948295345629
0.577975672376783	1.83708638173131
0.578375655541058	1.83456422523087
0.578775638705333	1.83193026962015
0.579175621869607	1.82920007218689
0.579575605033882	1.82639051617165
0.579975588198157	1.82351894883908
0.580375571362431	1.82060217948238
0.580775554526706	1.81765569895652
0.58117553769098	1.81469316899404
0.581575520855255	1.81172625906665
0.581975504019529	1.80876470663173
0.582375487183804	1.80581653718329
0.582775470348079	1.8028882634264
0.583175453512353	1.79998512962552
0.583575436676628	1.79711137535022
0.583975419840902	1.79427054545616
0.584375403005177	1.79146571869245
0.584775386169452	1.78869960886806
0.585175369333726	1.78597445777978
0.585575352498001	1.78329174199945
0.585975335662275	1.78065188011618
0.58637531882655	1.77805429880561
0.586775301990825	1.77549786655926
0.587175285155099	1.77298166481467
0.587575268319374	1.77050589699748
0.587975251483648	1.76807258381516
0.588375234647923	1.76568568364018
0.588775217812197	1.76335066879602
0.589175200976472	1.7610736909412
0.589575184140747	1.75886073611742
0.589975167305021	1.75671691574349
0.590375150469296	1.7546461472361
0.59077513363357	1.752651321054
0.591175116797845	1.75073489635697
0.59157509996212	1.74889944526048
0.591975083126394	1.74714809677545
0.592375066290669	1.74548482901244
0.592775049454943	1.7439145750971
0.593175032619218	1.74244308676565
0.593575015783493	1.74107673066606
0.593974998947767	1.73982214490012
0.594374982112042	1.73868583812544
0.594774965276316	1.7376738950372
0.595174948440591	1.73679166575229
0.595574931604866	1.73604340312454
0.59597491476914	1.73543218818738
0.596374897933415	1.73496012003357
0.596774881097689	1.73462843024131
0.597174864261964	1.73443754300434
0.597574847426239	1.73438716041125
0.597974830590513	1.73447625659039
0.598374813754788	1.7347029804963
0.598774796919062	1.73506466033927
0.599174780083337	1.73555783965005
0.599574763247611	1.73617840559453
0.599974746411886	1.73692192799924
0.600374729576161	1.73778403805269
0.600774712740435	1.73876055173074
0.60117469590471	1.73984751701066
0.601574679068984	1.74104131907667
0.601974662233259	1.7423387881173
0.602374645397534	1.74373731325656
0.602774628561808	1.74523518762634
0.603174611726083	1.74683203993544
0.603574594890357	1.74852921853194
0.603974578054632	1.75032997602286
0.604374561218907	1.75223939192681
0.604774544383181	1.75426399563946
0.605174527547456	1.75641124778924
0.60557451071173	1.7586889520515
0.605974493876005	1.76110452376294
0.606374477040279	1.7636642789364
0.606774460204554	1.76637295880768
0.607174443368829	1.76923341002834
0.607574426533103	1.77224599023306
0.607974409697378	1.77540796708979
0.608374392861653	1.77871314346909
0.608774376025927	1.78215172474452
0.609174359190202	1.78571024777337
0.609574342354476	1.78937188880968
0.609974325518751	1.79311691202294
0.610374308683025	1.79692308671446
0.6107742918473	1.8007659649615
0.611174275011575	1.80461919796884
0.611574258175849	1.80845464256252
0.611974241340124	1.81224265008393
0.612374224504398	1.81595271916929
0.612774207668673	1.81955453203459
0.613174190832948	1.82301908714769
0.613574173997222	1.82632017654299
0.613974157161497	1.82943582365873
0.614374140325771	1.83234917839881
0.614774123490046	1.83504864842639
0.61517410665432	1.83752750876897
0.615574089818595	1.83978296398375
0.61597407298287	1.84181496191347
0.616374056147144	1.84362509277647
0.616774039311419	1.845215623806
0.617174022475693	1.84658880084159
0.617574005639968	1.8477466819302
0.617973988804243	1.84869142044306
0.618373971968517	1.84942555848359
0.618773955132792	1.84995245803236
0.619173938297066	1.85027673546826
0.619573921461341	1.85040448005656
0.619973904625616	1.85034312504752
0.62037388778989	1.85010100860664
0.620773870954165	1.84968646238672
0.621173854118439	1.84910684817528
0.621573837282714	1.84836773692197
0.621973820446988	1.84747235648409
0.622373803611263	1.84642140157217
0.622773786775538	1.8452135817053
0.623173769939812	1.8438464719942
0.623573753104087	1.84231736214506
0.623973736268362	1.84062414448163
0.624373719432636	1.83876617666788
0.624773702596911	1.8367447462882
0.625173685761185	1.8345632475607
0.62557366892546	1.83222710441412
0.625973652089734	1.82974341028213
0.626373635254009	1.82712055309975
0.626773618418284	1.82436791223154
0.627173601582558	1.82149553518251
0.627573584746833	1.81851392568255
0.627973567911107	1.81543389224618
0.628373551075382	1.81226624591493
0.628773534239657	1.8090213144596
0.629173517403931	1.80570840612257
0.629573500568206	1.80233528853466
0.62997348373248	1.7989079769633
0.630373466896755	1.79543105649888
0.63077345006103	1.79190846128832
0.631173433225304	1.78834455514226
0.631573416389579	1.78474536900614
0.631973399553853	1.78111921071979
0.632373382718128	1.77747649607503
0.632773365882402	1.77382906701462
0.633173349046677	1.77018907180295
0.633573332210952	1.76656759409715
0.633973315375226	1.76297355340284
0.634373298539501	1.7594132009492
0.634773281703775	1.75589019042953
0.63517326486805	1.75240623159491
0.635573248032325	1.74896184879644
0.635973231196599	1.74555701175999
0.636373214360874	1.74219135283186
0.636773197525148	1.73886413299555
0.637173180689423	1.73557396035778
0.637573163853698	1.73231863724141
0.637973147017972	1.72909539327574
0.638373130182247	1.72590188490944
0.638773113346521	1.72273733192462
0.639173096510796	1.71960354685055
0.63957307967507	1.71650562409156
0.639973062839345	1.7134522252547
0.64037304600362	1.71045501115043
0.640773029167894	1.70752768268557
0.641173012332169	1.7046848546719
0.641572995496444	1.70194093239607
0.641972978660718	1.69930914174553
0.642372961824993	1.69680095126141
0.642772944989267	1.69442558926524
0.643172928153542	1.69218978198425
0.643572911317816	1.69009788730602
0.643972894482091	1.68815223074795
0.644372877646366	1.68635357737674
0.64477286081064	1.68470186255794
0.645172843974915	1.68319701026933
0.645572827139189	1.68183965133481
0.645972810303464	1.68063167729358
0.646372793467739	1.67957663811692
0.646772776632013	1.6786800889942
0.647172759796288	1.67794971240679
0.647572742960562	1.67739502461265
0.647972726124837	1.67702672754681
0.648372709289112	1.67685586378072
0.648772692453386	1.67689291350238
0.649172675617661	1.67714693449692
0.649572658781935	1.67762502583133
0.64997264194621	1.67833223806448
0.650372625110484	1.67927189577823
0.650772608274759	1.68044597610686
0.651172591439034	1.68185539550649
0.651572574603308	1.68350002680706
0.651972557767583	1.68537847739449
0.652372540931857	1.68748752174726
0.652772524096132	1.68982153502456
0.653172507260407	1.69237219830002
0.653572490424681	1.6951286397592
0.653972473588956	1.69807806074141
0.65437245675323	1.70120671827466
0.654772439917505	1.70450070544888
0.655172423081779	1.70794658984266
0.655572406246054	1.71153194831242
0.655972389410329	1.71524554843726
0.656372372574603	1.71907702299545
0.656772355738878	1.72301662900773
0.657172338903153	1.72705514456925
0.657572322067427	1.7311837049786
0.657972305231702	1.73539369569827
0.658372288395976	1.73967682946771
0.658772271560251	1.74402514688073
0.659172254724525	1.74843107641194
0.6595722378888	1.75288774983646
0.659972221053075	1.75738922382999
0.660372204217349	1.76193059453989
0.660772187381624	1.76650822782733
0.661172170545898	1.77111992913925
0.661572153710173	1.7757647451592
0.661972136874448	1.78044264915635
0.662372120038722	1.78515419234925
0.662772103202997	1.78989994705697
0.663172086367271	1.79467965774143
0.663572069531546	1.79949130928672
0.663972052695821	1.80433018455869
0.664372035860095	1.80918816846951
0.66477201902437	1.81405370341342
0.665172002188644	1.81891249234545
0.665571985352919	1.82374871313094
0.665971968517193	1.82854674469507
0.666371951681468	1.83329306611039
0.666771934845743	1.83797758371154
0.667171918010017	1.84259407371141
0.667571901174292	1.8471399127665
0.667971884338566	1.85161499964023
0.668371867502841	1.85602015534854
0.668771850667116	1.86035559802095
0.66917183383139	1.86461974069112
0.669571816995665	1.86880825281259
0.669971800159939	1.87291378388792
0.670371783324214	1.87692634194186
0.670771766488489	1.88083381660102
0.671171749652763	1.88462255627803
0.671571732817038	1.88827800340537
0.671971715981312	1.8917850553465
0.672371699145587	1.89512819288277
0.672771682309862	1.89829157648343
0.673171665474136	1.90125908420554
0.673571648638411	1.90401436917202
0.673971631802685	1.90654120069284
0.67437161496696	1.90882397705722
0.674771598131235	1.91084826128456
0.675171581295509	1.91260137787276
0.675571564459784	1.91407300481603
0.675971547624058	1.91525553439729
0.676371530788333	1.91614412770859
0.676771513952607	1.9167366131752
0.677171497116882	1.91703322149989
0.677571480281157	1.91703635738009
0.677971463445431	1.91675042152293
0.678371446609706	1.91618172124172
0.67877142977398	1.91533848120316
0.679171412938255	1.91423105513252
0.67957139610253	1.9128721097746
0.679971379266804	1.91127639451865
0.680371362431079	1.90946013968324
0.680771345595353	1.9074403658001
0.681171328759628	1.90523384577108
0.681571311923903	1.90285607975326
0.681971295088177	1.90032080629873
0.682371278252452	1.89764010297681
0.682771261416726	1.89482478108423
0.683171244581001	1.89188523638813
0.683571227745275	1.88883237156382
0.68397121090955	1.88567790393403
0.684371194073825	1.88243416496629
0.684771177238099	1.87911365954162
0.685171160402374	1.87572810870168
0.685571143566648	1.8722874987964
0.685971126730923	1.86879992824794
0.686371109895198	1.8652719742462
0.686771093059472	1.86170911103032
0.687171076223747	1.85811663375993
0.687571059388021	1.85450058815778
0.687971042552296	1.85086816390824
0.68837102571657	1.84722778609373
0.688771008880845	1.84358918851401
0.68917099204512	1.83996316623149
0.689570975209394	1.83636127849902
0.689970958373669	1.83279588341802
0.690370941537944	1.82928007543952
0.690770924702218	1.82582728445424
0.691170907866493	1.82245091255156
0.691570891030767	1.81916391592912
0.691970874195042	1.81597823691169
0.692370857359316	1.81290431269566
0.692770840523591	1.80995076764087
0.693170823687866	1.80712410410635
0.69357080685214	1.80442843110622
0.693970790016415	1.8018654594339
0.694370773180689	1.79943457814353
0.694770756344964	1.79713287746015
0.695170739509239	1.79495529702214
0.695570722673513	1.79289489789727
0.695970705837788	1.79094281884727
0.696370689002062	1.78908801258503
0.696770672166337	1.78731719093193
0.697170655330612	1.78561486047056
0.697570638494886	1.78396343640222
0.697970621659161	1.78234387376386
0.698370604823435	1.78073672655241
0.69877058798771	1.77912328773151
0.699170571151984	1.77748674098705
0.699570554316259	1.77581289303489
0.699970537480534	1.77409008253382
0.700370520644808	1.77230841165
0.700770503809083	1.77045888698693
0.701170486973357	1.76853242119763
0.701570470137632	1.76651922605618
0.701970453301907	1.7644090618531
0.702370436466181	1.76219241906913
0.702770419630456	1.75986186019704
0.70317040279473	1.75741338031119
0.703570385959005	1.75484737490418
0.70397036912328	1.75216911978247
0.704370352287554	1.74938849962298
0.704770335451829	1.74651950133154
0.705170318616103	1.74357946671106
0.705570301780378	1.74058827395924
0.705970284944653	1.73756754709378
0.706370268108927	1.73454015959245
0.706770251273202	1.73152952676479
0.707170234437476	1.72855880531315
0.707570217601751	1.72565012162318
0.707970200766026	1.72282375536228
0.7083701839303	1.72009726765153
0.708770167094575	1.71748513261076
0.709170150258849	1.71499880282809
0.709570133423124	1.71264711563801
0.709970116587399	1.71043698353509
0.710370099751673	1.70837428622025
0.710770082915948	1.70646461231725
0.711170066080222	1.70471364206833
0.711570049244497	1.70312705793532
0.711970032408771	1.70170992302371
0.712370015573046	1.70046594523615
0.712769998737321	1.69939681671624
0.713169981901595	1.69850196676115
0.71356996506587	1.6977788472715
0.713969948230144	1.69722376010834
0.714369931394419	1.69683273695354
0.714769914558694	1.69660233505325
0.715169897722968	1.69653018262094
0.715569880887243	1.69661524563948
0.715969864051517	1.69685774584287
0.716369847215792	1.69725876866723
0.716769830380066	1.69781942919966
0.717169813544341	1.6985399451634
0.717569796708616	1.69941884389528
0.71796977987289	1.70045239188364
0.718369763037165	1.70163424151547
0.71876974620144	1.70295543579191
0.719169729365714	1.70440486216646
0.719569712529989	1.70596997908731
0.719969695694263	1.70763756203102
0.720369678858538	1.70939433849195
0.720769662022812	1.71122730814765
0.721169645187087	1.71312355744663
0.721569628351362	1.71506994906338
0.721969611515636	1.71705270649367
0.722369594679911	1.71905701935597
0.722769577844185	1.72106703086691
0.72316956100846	1.7230662181489
0.723569544172735	1.72503772846778
0.723969527337009	1.72696453144566
0.724369510501284	1.72882940016285
0.724769493665558	1.73061455876705
0.725169476829833	1.73230119281663
0.725569459994107	1.73386922947049
0.725969443158382	1.73529767790766
0.726369426322657	1.73656551469171
0.726769409486931	1.73765336957272
0.727169392651206	1.7385453446305
0.72756937581548	1.73923028381497
0.727969358979755	1.73970212083503
0.72836934214403	1.73995945982047
0.728769325308304	1.74000455489768
0.729169308472579	1.73984209523958
0.729569291636853	1.73947824464287
0.729969274801128	1.73892033961116
0.730369257965403	1.73817706877318
0.730769241129677	1.73725868811421
0.731169224293952	1.7361770933297
0.731569207458226	1.73494533252659
0.731969190622501	1.73357674028935
0.732369173786776	1.73208402091258
0.73276915695105	1.73047853332848
0.733169140115325	1.72876990474051
0.733569123279599	1.72696655997632
0.733969106443874	1.72507676902516
0.734369089608149	1.72310965153709
0.734769072772423	1.72107606673488
0.735169055936698	1.71898936534707
0.735569039100972	1.71686549355397
0.735969022265247	1.71472271862046
0.736369005429521	1.71258125040504
0.736768988593796	1.71046252290264
0.737168971758071	1.70838823692338
0.737568954922345	1.70637952743261
0.73796893808662	1.70445615486611
0.738368921250894	1.70263558892966
0.738768904415169	1.70093243527352
0.739168887579444	1.6993581307774
0.739568870743718	1.69792087424488
0.739968853907993	1.69662583506362
0.740368837072267	1.69547586133005
0.740768820236542	1.69447221174343
0.741168803400817	1.69361531140904
0.741568786565091	1.69290547003466
0.741968769729366	1.69234346767526
0.74236875289364	1.69193084521171
0.742768736057915	1.69167002912363
0.74316871922219	1.691564291389
0.743568702386464	1.69161768361071
0.743968685550739	1.69183502019992
0.744368668715013	1.69222186428679
0.744768651879288	1.69278451638774
0.745168635043562	1.69353002410416
0.745568618207837	1.69446602032287
0.745968601372112	1.69560033164475
0.746368584536386	1.69694041234558
0.746768567700661	1.69849257932686
0.747168550864935	1.7002612718381
0.74756853402921	1.7022485905159
0.747968517193485	1.70445404464353
0.748368500357759	1.70687451375336
0.748768483522034	1.70950458216457
0.749168466686308	1.71233709249455
0.749568449850583	1.7153637628438
0.749968433014857	1.71857560034418
0.750368416179132	1.72196301540496
0.750768399343407	1.7255157067828
0.751168382507681	1.72922238094928
0.751568365671956	1.73307027500271
0.751968348836231	1.73704484384829
0.752368332000505	1.74112998843998
0.75276831516478	1.7453088271059
0.753168298329054	1.74956492498128
0.753568281493329	1.75388357259323
0.753968264657603	1.75825254980608
0.754368247821878	1.76266237611131
0.754768230986153	1.76710611428496
0.755168214150427	1.77157863979726
0.755568197314702	1.77607570721194
0.755968180478976	1.78059340529613
0.756368163643251	1.78512816135644
0.756768146807526	1.78967711080268
0.7571681299718	1.79423853171491
0.757568113136075	1.79881197954888
0.757968096300349	1.80339809782812
0.758368079464624	1.80799801673675
0.758768062628899	1.81261230043652
0.759168045793173	1.81723976799203
0.759568028957448	1.82187647415414
0.759968012121722	1.82651506388194
0.760367995285997	1.83114448296853
0.760767978450271	1.83574993544806
0.761167961614546	1.84031317674177
0.761567944778821	1.84481341892371
0.761967927943095	1.84922861150363
0.76236791110737	1.85353681317957
0.762767894271644	1.85771759705989
0.763167877435919	1.86175337568103
0.763567860600194	1.86563034568024
0.763967843764468	1.86933894345478
0.764367826928743	1.87287354993228
0.764767810093017	1.87623143873329
0.765167793257292	1.87941147412111
0.765567776421567	1.88241286662251
0.765967759585841	1.88523402145488
0.766367742750116	1.88787193216008
0.76676772591439	1.89032225592194
0.767167709078665	1.89257969026486
0.76756769224294	1.89463849459992
0.767967675407214	1.89649299491755
0.768367658571489	1.89813775503262
0.768767641735763	1.89956742257388
0.769167624900038	1.90077643932939
0.769567608064312	1.90175866768452
0.769967591228587	1.90250705455759
0.770367574392862	1.90301357523488
0.770767557557136	1.90326958213786
0.771167540721411	1.90326630577349
0.771567523885685	1.90299539546251
0.77196750704996	1.90244955201935
0.772367490214235	1.90162315692669
0.772767473378509	1.90051262809971
0.773167456542784	1.89911636215985
0.773567439707058	1.89743443476437
0.773967422871333	1.89546812049979
0.774367406035608	1.89321942388964
0.774767389199882	1.89069087285647
0.775167372364157	1.88788550645683
0.775567355528431	1.88480695661493
0.775967338692706	1.88145970064131
0.776367321856981	1.87784904188579
0.776767305021255	1.87398074768941
0.77716728818553	1.86986064517834
0.777567271349804	1.86549436167696
0.777967254514079	1.86088716404692
0.778367237678353	1.85604410077704
0.778767220842628	1.85097051066152
0.779167204006903	1.84567259589394
0.779567187171177	1.8401576531004
0.779967170335452	1.83443397059609
0.780367153499726	1.82851031246186
0.780767136664001	1.82239524555541
0.781167119828276	1.81609655850278
0.78156710299255	1.80962097445988
0.781967086156825	1.80297416923589
0.782367069321099	1.79616127759112
0.782767052485374	1.78918745181407
0.783167035649649	1.78205823376429
0.783567018813923	1.7747796287036
0.783967001978198	1.76735800746701
0.784366985142472	1.7597998199455
0.784766968306747	1.75211131144771
0.785166951471022	1.74429840020963
0.785566934635296	1.73636678024073
0.785966917799571	1.72832206618953
0.786366900963845	1.72016992427699
0.78676688412812	1.71191601628484
0.787166867292394	1.7035660022438
0.787566850456669	1.69512571707723
0.787966833620944	1.68660142060232
0.788366816785218	1.67800010321238
0.788766799949493	1.66932990898348
0.789166783113767	1.66060061189437
0.789566766278042	1.65182395340774
0.789966749442317	1.64301360468728
0.790366732606591	1.63418487088408
0.790766715770866	1.62535423545341
0.79116669893514	1.61653868040736
0.791566682099415	1.60775475737723
0.79196666526369	1.59901783273463
0.792366648427964	1.59034152787071
0.792766631592239	1.58173747506699
0.793166614756513	1.57321556260424
0.793566597920788	1.56478463120954
0.793966581085062	1.55645336132631
0.794366564249337	1.54823155458891
0.794766547413612	1.54013124555123
0.795166530577886	1.53216699844662
0.795566513742161	1.52435530712054
0.795966496906436	1.51671346906223
0.79636648007071	1.50925762971283
0.796766463234985	1.50200073438043
0.797166446399259	1.49495108164241
0.797566429563534	1.48811185215027
0.797966412727808	1.48148134072924
0.798366395892083	1.47505407972531
0.798766379056358	1.46882212466623
0.799166362220632	1.46277612261833
0.799566345384907	1.45690573364697
0.799966328549181	1.45119946512582
0.800366311713456	1.44564398100703
0.800766294877731	1.44022360580422
0.801166278042005	1.43492035250513
0.80156626120628	1.4297148103217
0.801966244370554	1.42458766978526
0.802366227534829	1.41952167103688
0.802766210699103	1.41450342099206
0.803166193863378	1.40952461047106
0.803566177027653	1.40458228505731
0.803966160191927	1.39967854300888
0.804366143356202	1.39481982819694
0.804766126520476	1.3900158469447
0.805166109684751	1.38527826063139
0.805566092849026	1.380619672116
0.8059660760133	1.37605289586716
0.806366059177575	1.37159024724392
0.806766042341849	1.36724292389391
0.807166025506124	1.36302054513184
0.807566008670399	1.35893086268986
0.807965991834673	1.35497960970778
0.808365974998948	1.35117058123858
0.808765958163222	1.34750572860362
0.809165941327497	1.34398528314148
0.809565924491772	1.34060786252094
0.809965907656046	1.33737069471107
0.810365890820321	1.33426985707659
0.810765873984595	1.33130090098778
0.81116585714887	1.32845992949041
0.811565840313144	1.3257446633085
0.811965823477419	1.32315504321939
0.812365806641694	1.32069351192021
0.812765789805968	1.31836490111138
0.813165772970243	1.31617585350673
0.813565756134517	1.31413405074702
0.813965739298792	1.31224752311227
0.814365722463067	1.31052402746057
0.814765705627341	1.30897080687971
0.815165688791616	1.30759476826318
0.81556567195589	1.30640280921639
0.815965655120165	1.30540208172248
0.81636563828444	1.3046001926061
0.816765621448714	1.3040051466614
0.817165604612989	1.3036249736063
0.817565587777263	1.3034671709588
0.817965570941538	1.30353807635682
0.818365554105813	1.30384228002982
0.818765537270087	1.30438227185733
0.819165520434362	1.30515826820743
0.819565503598636	1.30616821114802
0.819965486762911	1.30740775512535
0.820365469927186	1.30887022649526
0.82076545309146	1.31054647100116
0.821165436255735	1.31242500336563
0.821565419420009	1.31449245559137
0.821965402584284	1.31673455472489
0.822365385748558	1.31913740724101
0.822765368912833	1.32168872964001
0.823165352077108	1.324378395127
0.823565335241382	1.32719831627443
0.823965318405657	1.33014172065392
0.824365301569931	1.33320218360368
0.824765284734206	1.33637284826119
0.825165267898481	1.33964625455248
0.825565251062755	1.34301463011929
0.82596523422703	1.34647058937944
0.826365217391304	1.35000786154133
0.826765200555579	1.3536214920185
0.827165183719854	1.35730750682086
0.827565166884128	1.36106242627697
0.827965150048403	1.36488274041356
0.828365133212677	1.36876439264343
0.828765116376952	1.37270265492243
0.829165099541227	1.37669216209724
0.829565082705501	1.38072683408571
0.829965065869776	1.3847997432887
0.83036504903405	1.38890307279415
0.830765032198325	1.39302804913298
0.831165015362599	1.39716517446094
0.831564998526874	1.4013049417517
0.831964981691149	1.40543874019023
0.832364964855423	1.40955963736307
0.832764948019698	1.41366306506939
0.833164931183972	1.41774708442518
0.833564914348247	1.42181207959276
0.833964897512522	1.42586010546118
0.834364880676796	1.42989409059212
0.834764863841071	1.43391679618533
0.835164847005345	1.43792969578125
0.83556483016962	1.44193203577761
0.835964813333894	1.44592010050017
0.836364796498169	1.44988694695303
0.836764779662444	1.4538227916232
0.837164762826718	1.45771576109318
0.837564745990993	1.46155277867569
0.837964729155268	1.46532054124658
0.838364712319542	1.4690063394824
0.838764695483817	1.47259865094997
0.839164678648091	1.47608756729514
0.839564661812366	1.47946514866821
0.83996464497664	1.48272577197494
0.840364628140915	1.48586655829031
0.84076461130519	1.48888755747018
0.841164594469464	1.49179166033188
0.841564577633739	1.49458404642696
0.841964560798013	1.49727120225582
0.842364543962288	1.49985964050651
0.842764527126563	1.50235483047386
0.843164510290837	1.50476043060731
0.843564493455112	1.50707811279038
0.843964476619386	1.50930798546611
0.844364459783661	1.51144942756886
0.844764442947936	1.51350191325688
0.84516442611221	1.51546584244078
0.845564409276485	1.51734296839172
0.845964392440759	1.51913642213366
0.846364375605034	1.52085025316676
0.846764358769308	1.52248880791352
0.847164341933583	1.52405587948251
0.847564325097858	1.52555403704611
0.847964308262132	1.52698415015578
0.848364291426407	1.52834539847514
0.848764274590681	1.52963538349811
0.849164257754956	1.53085038445692
0.849564240919231	1.53198569249872
0.849964224083505	1.53303600428335
0.85036420724778	1.53399566157563
0.850764190412054	1.53485905018909
0.851164173576329	1.53562102415797
0.851564156740604	1.5362773591516
0.851964139904878	1.53682526263218
0.852364123069153	1.5372639500972
0.852764106233427	1.53759483049447
0.853164089397702	1.5378215494027
0.853564072561977	1.53794986788752
0.853964055726251	1.53798723246781
0.854364038890526	1.53794206346274
0.8547640220548	1.53782318372813
0.855164005219075	1.53763919426366
0.855563988383349	1.53739784237572
0.855963971547624	1.53710540898278
0.856363954711899	1.53676609004728
0.856763937876173	1.53638140743381
0.857163921040448	1.53595004971128
0.857563904204722	1.53546815851886
0.857963887368997	1.53492984915495
0.858363870533272	1.53432800214313
0.858763853697546	1.53365534518737
0.859163836861821	1.53290532925821
0.859563820026095	1.53207267227014
0.85996380319037	1.53115343765967
0.860363786354645	1.53014475386527
0.860763769518919	1.52904427602945
0.861163752683194	1.52784986421207
0.861563735847468	1.52655956830573
0.861963719011743	1.52517200218032
0.862363702176018	1.52368697697873
0.862763685340292	1.52210608974566
0.863163668504567	1.52043287950697
0.863563651668841	1.51867252905269
0.863963634833116	1.51683122794393
0.86436361799739	1.51491531453976
0.864763601161665	1.51293057601294
0.86516358432594	1.51088188302804
0.865563567490214	1.50877314987125
0.865963550654489	1.50660771825081
0.866363533818763	1.5043890206207
0.866763516983038	1.50212110879964
0.867163500147313	1.49980909110402
0.867563483311587	1.49745956330231
0.867963466475862	1.49508082958761
0.868363449640136	1.49268273933987
0.868763432804411	1.49027629280485
0.869163415968686	1.48787292101647
0.86956339913296	1.48548350908146
0.869963382297235	1.48311754207071
0.870363365461509	1.48078273012866
0.870763348625784	1.47848486198272
0.871163331790059	1.4762280739732
0.871563314954333	1.4740152868623
0.871963298118608	1.47184844357006
0.872363281282882	1.46972840575615
0.872763264447157	1.46765477794231
0.873163247611431	1.46562561523299
0.873563230775706	1.46363714293099
0.873963213939981	1.46168372298273
0.874363197104255	1.45975819111428
0.87476318026853	1.45785221765533
0.875163163432804	1.45595676889864
0.875563146597079	1.4540625148276
0.875963129761354	1.45216027441481
0.876363112925628	1.45024124563722
0.876763096089903	1.44829730945874
0.877163079254177	1.44632140477042
0.877563062418452	1.44430802834997
0.877963045582727	1.442253484275
0.878363028747001	1.44015615142961
0.878763011911276	1.43801670260567
0.87916299507555	1.43583818904926
0.879562978239825	1.4336259497682
0.8799629614041	1.43138765304547
0.880362944568374	1.42913318632573
0.880762927732649	1.42687448077758
0.881162910896923	1.4246254084804
0.881562894061198	1.42240170490433
0.881962877225473	1.42022055989712
0.882362860389747	1.41810013667108
0.882762843554022	1.41605904607144
0.883162826718296	1.41411555382425
0.883562809882571	1.41228674748031
0.883962793046845	1.41058798387272
0.88436277621112	1.40903253478907
0.884762759375395	1.40763137459055
0.885162742539669	1.40639310517462
0.885562725703944	1.40532400520297
0.885962708868218	1.40442805451893
0.886362692032493	1.4037068862195
0.886762675196768	1.40315956774953
0.887162658361042	1.40278240518655
0.887562641525317	1.40256880844006
0.887962624689591	1.40250941572275
0.888362607853866	1.40259243353682
0.88876259101814	1.4028043984419
0.889162574182415	1.40313106596803
0.88956255734669	1.40355850862187
0.889962540510964	1.4040742297614
0.890362523675239	1.40466800257128
0.890762506839514	1.40533214399839
0.891162490003788	1.4060614999942
0.891562473168063	1.40685292772759
0.891962456332337	1.40770458702704
0.892362439496612	1.40861542821045
0.892762422660886	1.40958534130035
0.893162405825161	1.41061562849381
0.893562388989436	1.41170977605133
0.89396237215371	1.41287410318771
0.894362355317985	1.41411811774509
0.894762338482259	1.4154541572075
0.895162321646534	1.41689634557672
0.895562304810809	1.4184590146898
0.895962287975083	1.42015507361668
0.896362271139358	1.42199461694471
0.896762254303632	1.42398416096868
0.897162237467907	1.42612653017829
0.897562220632181	1.42842132668264
0.897962203796456	1.43086569519412
0.898362186960731	1.43345534464015
0.898762170125005	1.43618538969836
0.89916215328928	1.43905105148108
0.899562136453554	1.44204834130803
0.899962119617829	1.44517459225314
0.900362102782104	1.4484285302151
0.900762085946378	1.45181014144353
0.901162069110653	1.45532034557089
0.901562052274927	1.45896023520706
0.901962035439202	1.46273014232393
0.902362018603477	1.46662891901855
0.902762001767751	1.47065338858607
0.903161984932026	1.47516886902045
0.9035619680963	1.47988773270223
0.903961951260575	1.48474455328674
0.90436193442485	1.48967130492717
0.904761917589124	1.49460513537413
0.905161900753399	1.49949215147373
0.905561883917673	1.50428858724475
0.905961867081948	1.50896043920089
0.906361850246223	1.51348234375755
0.906761833410497	1.51783616323967
0.907161816574772	1.52200957585296
0.907561799739046	1.5259947972316
0.907961782903321	1.52978749122475
0.908361766067595	1.53338587642551
0.90876174923187	1.53679003669782
0.909161732396145	1.54000139625269
0.909561715560419	1.54302233884718
0.909961698724694	1.54585593456586
0.910361681888968	1.54850574089854
0.910761665053243	1.55097564748135
0.911161648217518	1.55326975349196
0.911561631381792	1.55539226176739
0.911961614546067	1.55734739092182
0.912361597710341	1.55913931454597
0.912761580874616	1.56077212611426
0.913161564038891	1.56224981884555
0.913561547203165	1.56357628220365
0.91396153036744	1.56475530795684
0.914361513531714	1.56579059070518
0.914761496695989	1.56668572505222
0.915161479860264	1.56744419903334
0.915561463024538	1.56806938620234
0.915961446188813	1.56856453867632
0.916361429353087	1.56893277937423
0.916761412517362	1.56917708734321
0.917161395681636	1.56930028314613
0.917561378845911	1.56930502057327
0.917961362010186	1.56919378915978
0.91836134517446	1.56896891934448
0.918761328338735	1.56863259452995
0.919161311503009	1.56818686414281
0.919561294667284	1.5676336497343
0.919961277831559	1.56697474018941
0.920361260995833	1.56621178202912
0.920761244160108	1.56534626566677
0.921161227324382	1.5643795144112
0.921561210488657	1.56331267957423
0.921961193652931	1.56214674271337
0.922361176817206	1.56088252416657
0.922761159981481	1.55952069932915
0.923161143145755	1.55806181607537
0.92356112631003	1.55650631167261
0.923961109474305	1.55485452587038
0.924361092638579	1.55310671362583
0.924761075802854	1.55126305492382
0.925161058967128	1.54932366238763
0.925561042131403	1.54728858408332
0.925961025295677	1.54515780771195
0.926361008459952	1.54293126735359
0.926760991624227	1.54060885148228
0.927160974788501	1.53819041082252
0.927560957952776	1.53567576875817
0.92796094111705	1.53306472880215
0.928360924281325	1.53035707957926
0.9287609074456	1.52755259976487
0.929160890609874	1.52465106354832
0.929560873774149	1.52165224418706
0.929960856938423	1.51855591862438
0.930360840102698	1.51536187026549
0.930760823266973	1.51206988722674
0.931160806431247	1.50867975792521
0.931560789595522	1.50519126686978
0.931960772759796	1.50160418978131
0.932360755924071	1.49791828903349
0.932760739088345	1.49413331035878
0.93316072225262	1.49024898095693
0.933560705416895	1.48626500634693
0.933960688581169	1.48218106437204
0.934360671745444	1.47799679584091
0.934760654909718	1.47371179514347
0.935160638073993	1.46932560152711
0.935560621238268	1.46483769434777
0.935960604402542	1.46024749170383
0.936360587566817	1.45555435645866
0.936760570731091	1.45075760490651
0.937160553895366	1.44585651560045
0.937560537059641	1.44085033565333
0.937960520223915	1.43573828462969
0.93836050338819	1.430519551701
0.938760486552464	1.42519329085196
0.939160469716739	1.41975861448705
0.939560452881014	1.41421458722793
0.939960436045288	1.40856022115683
0.940360419209563	1.40279447976989
0.940760402373837	1.39691628634034
0.941160385538112	1.39092453484764
0.941560368702386	1.38481810205362
0.941960351866661	1.37859586142725
0.942360335030936	1.37225669188678
0.94276031819521	1.36579948306164
0.943160301359485	1.35922313886193
0.943560284523759	1.3525265783667
0.943960267688034	1.34570873406076
0.944360250852309	1.33876855166656
0.944760234016583	1.331704990464
0.945160217180858	1.32451702259661
0.945560200345132	1.31720363145432
0.945960183509407	1.30976381338044
0.946360166673682	1.30219658043931
0.946760149837956	1.29450096422431
0.947160133002231	1.2866760257638
0.947560116166505	1.27872086938255
0.94796009933078	1.27063465482175
0.948360082495055	1.26241660474703
0.948760065659329	1.25406600683147
0.949160048823604	1.2455822037936
0.949560031987878	1.23696457726833
0.949960015152153	1.22821253099578
