0	2.87295902995162
0.000399983164274591	2.86451697908486
0.000799966328549181	2.8562155430417
0.00119994949282377	2.84805483789177
0.00159993265709836	2.84003496430642
0.00199991582137295	2.83215601339046
0.00239989898564754	2.82441806783326
0.00279988214992213	2.81682119456788
0.00319986531419673	2.80936542139248
0.00359984847847132	2.80205072672313
0.00399983164274591	2.79487703723676
0.0043998148070205	2.78784423896146
0.00479979797129509	2.78095219952133
0.00519978113556968	2.77420079285931
0.00559976429984427	2.76758992513325
0.00599974746411886	2.76111956436403
0.00639973062839345	2.75478977112751
0.00679971379266804	2.74860072339802
0.00719969695694263	2.74255273089482
0.00759968012121722	2.73664623589594
0.00799966328549181	2.73088180234354
0.0083996464497664	2.72526009914878
0.00879962961404099	2.71978187197583
0.00919961277831559	2.71444791342477
0.00959959594259018	2.70925904236238
0.00999957910686477	2.70421609091381
0.0103995622711394	2.69931988993935
0.0107995454354139	2.69457125610373
0.0111995285996885	2.68997098123121
0.0115995117639631	2.68551982050439
0.0119994949282377	2.68121848577028
0.0123994780925123	2.67706764922707
0.0127994612567869	2.67306795559993
0.0131994444210615	2.66922004326356
0.0135994275853361	2.66552457138307
0.0139994107496107	2.66198224249551
0.0143993939138853	2.65859381029786
0.0147993770781599	2.65536007243059
0.0151993602424344	2.65228185338772
0.015599343406709	2.64935998160224
0.0159993265709836	2.64659526638414
0.0163993097352582	2.64398848397365
0.0167992928995328	2.64154037655079
0.0171992760638074	2.63925165445457
0.017599259228082	2.63712299962403
0.0179992423923566	2.6351550733042
0.0183992255566312	2.63334851878169
0.0187992087209058	2.6317039566855
0.0191991918851804	2.6302219808532
0.0195991750494549	2.62890315727433
0.0199991582137295	2.62774801977222
0.0203991413780041	2.62675707085724
0.0207991245422787	2.62593078506744
0.0211991077065533	2.6252696061088
0.0215990908708279	2.62477393824748
0.0219990740351025	2.62444413802895
0.0223990571993771	2.62428050199578
0.0227990403636517	2.62428325375768
0.0231990235279263	2.62445253545693
0.0235990066922009	2.62478840357586
0.0239989898564754	2.62529082557496
0.02439897302075	2.62595968378072
0.0247989561850246	2.62679478522765
0.0251989393492992	2.62779587192943
0.0255989225135738	2.62896262862357
0.0259989056778484	2.63029468830078
0.026398888842123	2.63179163327515
0.0267988720063976	2.63345299093339
0.0271988551706722	2.63527823193985
0.0275988383349468	2.63726677058654
0.0279988214992213	2.6394179686071
0.0283988046634959	2.64173113915352
0.0287987878277705	2.64420555044577
0.0291987709920451	2.64684042312536
0.0295987541563197	2.64963492344345
0.0299987373205943	2.65258814788074
0.0303987204848689	2.65569910161716
0.0307987036491435	2.65896667970601
0.0311986868134181	2.66238965638752
0.0315986699776927	2.66596667613363
0.0319986531419673	2.66969625374346
0.0323986363062418	2.67357678148286
0.0327986194705164	2.67760653452222
0.033198602634791	2.68178367129909
0.0335985857990656	2.68610622792845
0.0339985689633402	2.69057209771189
0.0343985521276148	2.69517899987768
0.0347985352918894	2.69992444858934
0.035198518456164	2.70480572003991
0.0355985016204386	2.70981982762951
0.0359984847847132	2.71496351194127
0.0363984679489878	2.72023324516745
0.0367984511132623	2.72562523451025
0.0371984342775369	2.73113542197526
0.0375984174418115	2.73675948093069
0.0379984006060861	2.74249280681138
0.0383983837703607	2.74833050021877
0.0387983669346353	2.75426735702257
0.0391983500989099	2.76029786915305
0.0395983332631845	2.76641623989778
0.0399983164274591	2.77261640863906
0.0403982995917337	2.77889208449764
0.0407982827560083	2.78523677033386
0.0411982659202828	2.79164377379184
0.0415982490845574	2.79810620952176
0.041998232248832	2.80461701015595
0.0423982154131066	2.81116896076663
0.0427981985773812	2.81775479278817
0.0431981817416558	2.82436738220533
0.0435981649059304	2.83100010197812
0.043998148070205	2.83764738244529
0.0443981312344796	2.84430552379057
0.0447981143987542	2.85097381023144
0.0451980975630287	2.85765599512295
0.0455980807273033	2.86436219172733
0.0459980638915779	2.87111119319858
0.0463980470558525	2.87793319272285
0.0467980302201271	2.8848727579767
0.0471980133844017	2.89199183368143
0.0475979965486763	2.90219791236309
0.0479979797129509	2.91258641751025
0.0483979628772255	2.92316770283118
0.0487979460415001	2.93395553666857
0.0491979292057747	2.94496658673654
0.0495979123700492	2.9562193911957
0.0499978955343238	2.96773306599483
0.0503978786985984	2.97952590465145
0.050797861862873	2.99161371808399
0.0511978450271476	3.00400837817741
0.0515978281914222	3.01671669560566
0.0519978113556968	3.02974007809929
0.0523977945199714	3.04307463407363
0.052797777684246	3.05671130724667
0.0531977608485206	3.07063649994556
0.0535977440127952	3.08483319055106
0.0539977271770697	3.09928228046938
0.0543977103413443	3.11396411344598
0.0547976935056189	3.1288599725916
0.0551976766698935	3.1439527521356
0.0555976598341681	3.15922697588609
0.0559976429984427	3.17466844994186
0.0563976261627173	3.19026309583579
0.0567976093269919	3.20599565800597
0.0571975924912665	3.22184945230747
0.0575975756555411	3.23780689326755
0.0579975588198157	3.25385013607086
0.0583975419840902	3.26996200486959
0.0587975251483648	3.28612665529851
0.0591975083126394	3.30232927998474
0.059597491476914	3.31855522663012
0.0599974746411886	3.3347889219514
0.0603974578054632	3.35101280539848
0.0607974409697378	3.36720688619161
0.0611974241340124	3.3833491852113
0.061597407298287	3.39941662812548
0.0619973904625616	3.41538582676439
0.0623973736268362	3.43123349288474
0.0627973567911107	3.44693656757729
0.0631973399553853	3.46247214032887
0.0635973231196599	3.47781731543983
0.0639973062839345	3.49294936519907
0.0643972894482091	3.5078464467574
0.0647972726124837	3.52248827209576
0.0651972557767583	3.53685645590362
0.0655972389410329	3.55093491485289
0.0659972221053075	3.56470999910009
0.0663972052695821	3.57817017953563
0.0667971884338567	3.5913059746259
0.0671971715981312	3.60411028159898
0.0675971547624058	3.61657854538727
0.0679971379266804	3.6287091610672
0.068397121090955	3.64050399696412
0.0687971042552296	3.65196832247428
0.0691970874195042	3.66310994998903
0.0695970705837788	3.67393793220621
0.0699970537480534	3.68446088066415
0.070397036912328	3.69468511960048
0.0707970200766026	3.70461332296493
0.0711970032408771	3.71424391799911
0.0715969864051517	3.72357095702429
0.0719969695694263	3.73258455368575
0.0723969527337009	3.74127170374276
0.0727969358979755	3.74961699587502
0.0731969190622501	3.75760308565685
0.0735969022265247	3.76521082069698
0.0739968853907993	3.77241912750133
0.0743968685550739	3.77920495028276
0.0747968517193485	3.78554376420203
0.0751968348836231	3.79141054977933
0.0755968180478976	3.79678121813045
0.0759968012121722	3.80163405128933
0.0763967843764468	3.80595100257505
0.0767967675407214	3.80971855732038
0.077196750704996	3.81292826626531
0.0775967338692706	3.81557683757157
0.0779967170335452	3.81766600139906
0.0783967001978198	3.81920236018869
0.0787966833620944	3.82019723789097
0.079196666526369	3.8206662868595
0.0795966496906435	3.82062884366998
0.0799966328549181	3.82010709778636
0.0803966160191927	3.81912519964251
0.0807965991834673	3.8177082445886
0.0811965823477419	3.81588129037127
0.0815965655120165	3.81366864218853
0.0819965486762911	3.81109353950396
0.0823965318405657	3.80817792258296
0.0827965150048403	3.80494227419828
0.0831964981691149	3.80140550900006
0.0835964813333895	3.79758492181785
0.083996464497664	3.79349624744985
0.0843964476619386	3.78915388473813
0.0847964308262132	3.78457116057081
0.0851964139904878	3.77976068407316
0.0855963971547624	3.77473486786413
0.085996380319037	3.76950655295731
0.0863963634833116	3.76408952050308
0.0867963466475862	3.7584988475807
0.0871963298118608	3.75275120539739
0.0875963129761354	3.74686514898777
0.0879962961404099	3.74086106519552
0.0883962793046845	3.73476091830733
0.0887962624689591	3.72858796914692
0.0891962456332337	3.72236629632131
0.0895962287975083	3.71612004914631
0.0899962119617829	3.70987269508068
0.0903961951260575	3.70364614962413
0.0907961782903321	3.69745982935845
0.0911961614546067	3.69133008579825
0.0915961446188813	3.68527012023115
0.0919961277831559	3.67929021374384
0.0923961109474305	3.67339839483445
0.092796094111705	3.66760169556805
0.0931960772759796	3.66190740360828
0.0935960604402542	3.65632407162349
0.0939960436045288	3.65086233903675
0.0943960267688034	3.64553519777876
0.094796009933078	3.64035764523291
0.0951959930973526	3.63534605702913
0.0955959762616272	3.63051766151731
0.0959959594259018	3.62588975283755
0.0963959425901764	3.62147897553955
0.096795925754451	3.61730098550023
0.0971959089187255	3.61337043710714
0.0975958920830001	3.6097010664757
0.0979958752472747	3.60630588441782
0.0983958584115493	3.60319724382924
0.0987958415758239	3.60038657415647
0.0991958247400985	3.5978841098891
0.0995958079043731	3.59569866236631
0.0999957910686477	3.59383728362863
0.100395774232922	3.59230536192215
0.100795757397197	3.59110720574605
0.101195740561471	3.59024657370639
0.101595723725746	3.58972707998379
0.101995706890021	3.58955255466042
0.102395690054295	3.5897272251549
0.10279567321857	3.59025560303791
0.103195656382844	3.59114248090239
0.103595639547119	3.5923926456007
0.103995622711394	3.59401070185892
0.104395605875668	3.59600105816036
0.104795589039943	3.59836805045563
0.105195572204217	3.60111592699065
0.105595555368492	3.60424922828409
0.105995538532767	3.60777338182519
0.106395521697041	3.61169503364974
0.106795504861316	3.61602223492779
0.10719548802559	3.62076436828624
0.107595471189865	3.62593148638132
0.107995454354139	3.63153322979469
0.108395437518414	3.637577738575
0.108795420682689	3.6440705740671
0.109195403846963	3.6510140124683
0.109595387011238	3.65840664986973
0.109995370175512	3.66624346754113
0.110395353339787	3.67451625342477
0.110795336504062	3.683214285748
0.111195319668336	3.69232491284489
0.111595302832611	3.7018344197032
0.111995285996885	3.7117287328539
0.11239526916116	3.72199404682005
0.112795252325435	3.73261727113667
0.113195235489709	3.7435864926258
0.113595218653984	3.75489113208751
0.113995201818258	3.76652219447443
0.114395184982533	3.77847262804949
0.114795168146808	3.79073749634534
0.115195151311082	3.80331366314374
0.115595134475357	3.81619940634975
0.115995117639631	3.8293938735776
0.116395100803906	3.84289621240492
0.11679508396818	3.8567045440952
0.117195067132455	3.87081507941148
0.11759505029673	3.88522121621903
0.117995033461004	3.89991276151695
0.118395016625279	3.91487569848981
0.118794999789553	3.93009241936958
0.119194982953828	3.94554213518208
0.119594966118103	3.96120193473377
0.119994949282377	3.97704833394324
0.120394932446652	3.99305851661239
0.120794915610926	4.00921133959339
0.121194898775201	4.02548835457569
0.121594881939476	4.04187447972036
0.12199486510375	4.05835831026286
0.122394848268025	4.07493213914205
0.122794831432299	4.09159156546144
0.123194814596574	4.10833452735797
0.123594797760849	4.12515997769497
0.123994780925123	4.14206629454099
0.124394764089398	4.15904963433782
0.124794747253672	4.17610290389606
0.125194730417947	4.19321551668025
0.125594713582221	4.21037362839431
0.125994696746496	4.22756067163571
0.126394679910771	4.24475811590515
0.126794663075045	4.26194621682948
0.12719464623932	4.27910440749105
0.127594629403594	4.29621130201514
0.127994612567869	4.31324439083244
0.128394595732144	4.33017971998253
0.128794578896418	4.34699152645618
0.129194562060693	4.36365198229544
0.129594545224967	4.38013107647021
0.129994528389242	4.3963968187562
0.130394511553517	4.41241580296577
0.130794494717791	4.42815392128242
0.131194477882066	4.44357712668075
0.13159446104634	4.45865219258632
0.131994444210615	4.47334732836342
0.13239442737489	4.48763276953805
0.132794410539164	4.50148106792803
0.133194393703439	4.5148673554174
0.133594376867713	4.52776963219446
0.133994360031988	4.54016895125441
0.134394343196262	4.55204936138839
0.134794326360537	4.56339799008678
0.135194309524812	4.57420522315753
0.135594292689086	4.58446488285659
0.135994275853361	4.59417453301356
0.136394259017635	4.60333602482387
0.13679424218191	4.61195590814261
0.137194225346185	4.62004564534698
0.137594208510459	4.62762156167381
0.137994191674734	4.63470435285015
0.138394174839008	4.64131839127642
0.138794158003283	4.64749122641946
0.139194141167558	4.65325309410213
0.139594124331832	4.65863616690711
0.139994107496107	4.66367378623851
0.140394090660381	4.66839952743121
0.140794073824656	4.67284578743243
0.141194056988931	4.67704198960881
0.141594040153205	4.68101301811243
0.14199402331748	4.684778052983
0.142394006481754	4.68835008430923
0.142793989646029	4.69173646334275
0.143193972810303	4.69494053767783
0.143593955974578	4.69796397989691
0.143993939138853	4.70080913642208
0.144393922303127	4.70348065989248
0.144793905467402	4.70598605899096
0.145193888631676	4.70833528318542
0.145593871795951	4.71053975352868
0.145993854960226	4.71261116939713
0.1463938381245	4.71456024774247
0.146793821288775	4.71639597964493
0.147193804453049	4.71812582243476
0.147593787617324	4.7197563274497
0.147993770781599	4.72129365200731
0.148393753945873	4.72274413486452
0.148793737110148	4.72411483912906
0.149193720274422	4.72541396065112
0.149593703438697	4.72665133094636
0.149993686602972	4.7278392432431
0.150393669767246	4.7289929138053
0.150793652931521	4.73013064287181
0.151193636095795	4.73127359281115
0.15159361926007	4.73244466427671
0.151993602424344	4.73366679851088
0.152393585588619	4.73496169175247
0.152793568752894	4.73634891391988
0.153193551917168	4.73784551062156
0.153593535081443	4.73946675339063
0.153993518245717	4.74122758682701
0.154393501409992	4.74314395267955
0.154793484574267	4.74523395864763
0.155193467738541	4.7475184593603
0.155593450902816	4.75002066982375
0.15599343406709	4.75276498809098
0.156393417231365	4.75577556825808
0.15679340039564	4.75907471997585
0.157193383559914	4.76268140603893
0.157593366724189	4.76661009671438
0.157993349888463	4.77087010080011
0.158393333052738	4.77546528444492
0.158793316217013	4.78039402855708
0.159193299381287	4.78564929453714
0.159593282545562	4.79121882983159
0.159993265709836	4.79708556614943
0.160393248874111	4.80322806093802
0.160793232038385	4.80962106167397
0.16119321520266	4.81623610426565
0.161593198366935	4.8230419919906
0.161993181531209	4.83000527111179
0.162393164695484	4.8370908328965
0.162793147859758	4.84426254492401
0.163193131024033	4.85148422241258
0.163593114188308	4.85872091306242
0.163993097352582	4.86594053303542
0.164393080516857	4.8731154080072
0.164793063681131	4.88022326671118
0.165193046845406	4.88724744131184
0.165593030009681	4.89417652256151
0.165993013173955	4.90100376191596
0.16639299633823	4.90772674035978
0.166792979502504	4.91434744005408
0.167192962666779	4.92087275898177
0.167592945831053	4.92731481446482
0.167992928995328	4.93369084899783
0.168392912159603	4.94002244866901
0.168792895323877	4.94633390446224
0.169192878488152	4.9526499579191
0.169592861652426	4.9589936994062
0.169992844816701	4.96538495410067
0.170392827980976	4.97183924008954
0.17079281114525	4.97836735335667
0.171192794309525	4.98497531146842
0.171592777473799	4.99166443683286
0.171992760638074	4.99843145368915
0.172392743802349	5.00526860970577
0.172792726966623	5.01216408790581
0.173192710130898	5.01910285603663
0.173592693295172	5.02606771951298
0.173992676459447	5.03304047031855
0.174392659623722	5.04000319463479
0.174792642787996	5.04693917081376
0.175192625952271	5.05383321405633
0.175592609116545	5.06067184875056
0.17599259228082	5.06744300254416
0.176392575445094	5.07413520808938
0.176792558609369	5.08073697267324
0.177192541773644	5.08723646099988
0.177592524937918	5.09362119860922
0.177992508102193	5.09987811489248
0.178392491266467	5.10599382668515
0.178792474430742	5.11195476355461
0.179192457595017	5.11774698377783
0.179592440759291	5.12335586040809
0.179992423923566	5.12876567802472
0.18039240708784	5.13395931006127
0.180792390252115	5.13891825802959
0.18119237341639	5.14362329998532
0.181592356580664	5.14805542121589
0.181992339744939	5.15219658387319
0.182392322909213	5.15603022272198
0.182792306073488	5.15954156658966
0.183192289237763	5.16271723102028
0.183592272402037	5.16554468658205
0.183992255566312	5.16801197655081
0.184392238730586	5.17010774064993
0.184792221894861	5.17182134160526
0.185192205059136	5.17314368388623
0.18559218822341	5.17406783918455
0.185992171387685	5.17458923601001
0.186392154551959	5.17470554457989
0.186792137716234	5.17441625500197
0.187192120880508	5.17372162138459
0.187592104044783	5.1726217436942
0.187992087209058	5.17111608272126
0.188392070373332	5.16920335357654
0.188792053537607	5.16688167192036
0.189192036701881	5.1641491557173
0.189592019866156	5.16100445413215
0.189992003030431	5.15744720560863
0.190391986194705	5.15347846380531
0.19079196935898	5.14910113264304
0.191191952523254	5.14432017904576
0.191591935687529	5.13914277660996
0.191991918851804	5.13357851476616
0.192391902016078	5.12763957473619
0.192791885180353	5.12134084843735
0.193191868344627	5.11469999086824
0.193591851508902	5.10773739526503
0.193991834673176	5.10047584694875
0.194391817837451	5.09294000385383
0.194791801001726	5.08515574898718
0.195191784166	5.0771493803951
0.195591767330275	5.068946993175
0.195991750494549	5.06057410442461
0.196391733658824	5.05205529549539
0.196791716823099	5.04341403282494
0.197191699987373	5.03467279178566
0.197591683151648	5.02585296637983
0.197991666315922	5.01697461281289
0.198391649480197	5.00805640291754
0.198791632644472	4.99911564616841
0.199191615808746	4.99016844885061
0.199591598973021	4.98123029398167
0.199991582137295	4.97231673570655
0.20039156530157	4.96344406682422
0.200791548465845	4.95462998973664
0.201191531630119	4.94589436455341
0.201591514794394	4.93725972235389
0.201991497958668	4.92875154612477
0.202391481122943	4.92039796250731
0.202791464287217	4.91222893090671
0.203191447451492	4.90427491392053
0.203591430615767	4.89656532153163
0.203991413780041	4.88912717123838
0.204391396944316	4.8819843536267
0.20479138010859	4.87515710541505
0.205191363272865	4.86866192019234
0.20559134643714	4.86251192650159
0.205991329601414	4.85671714806713
0.206391312765689	4.8512843768711
0.206791295929963	4.84621728984983
0.207191279094238	4.84151636500721
0.207591262258513	4.83717849854821
0.207991245422787	4.83319684746518
0.208391228587062	4.8295609738765
0.208791211751336	4.82625704130489
0.209191194915611	4.82326853554511
0.209591178079886	4.82057773965305
0.20999116124416	4.81816747959783
0.210391144408435	4.81602291051212
0.210791127572709	4.81413345628761
0.211191110736984	4.81249430025698
0.211591093901258	4.81110690069382
0.211991077065533	4.80997868924208
0.212391060229808	4.80912184663626
0.212791043394082	4.80855121543431
0.213191026558357	4.80828185847159
0.213591009722631	4.80832674734396
0.213990992886906	4.80869463813862
0.214390976051181	4.8093885601346
0.214790959215455	4.81040530978397
0.21519094237973	4.8117357972776
0.215590925544004	4.81336597594606
0.215990908708279	4.81527832344514
0.216390891872554	4.81745337269938
0.216790875036828	4.81987107536046
0.217190858201103	4.8225117719276
0.217590841365377	4.82535691635413
0.217990824529652	4.82838948952192
0.218390807693927	4.8315942067614
0.218790790858201	4.8349574342653
0.219190774022476	4.83846699649613
0.21959075718675	4.84211181060879
0.219990740351025	4.84588150742604
0.220390723515299	4.84976613542121
0.220790706679574	4.85375603928869
0.221190689843849	4.857841635808
0.221590673008123	4.86201349800666
0.221990656172398	4.86626284164407
0.222390639336672	4.87058227029938
0.222790622500947	4.87496644434976
0.223190605665222	4.8794127282014
0.223590588829496	4.88392163190638
0.223990571993771	4.88849674238166
0.224390555158045	4.89314425706648
0.22479053832232	4.89787230560523
0.225190521486595	4.902690276587
0.225590504650869	4.90760835150071
0.225990487815144	4.91263738740204
0.226390470979418	4.91778914966594
0.226790454143693	4.92307662591246
0.227190437307968	4.92851423568118
0.227590420472242	4.93411760131735
0.227990403636517	4.93990259961373
0.228390386800791	4.94588412053956
0.228790369965066	4.95207478750479
0.22919035312934	4.95848367847167
0.229590336293615	4.9651155900962
0.22999031945789	4.97197124226089
0.230390302622164	4.97904806056471
0.230790285786439	4.98634116894725
0.231190268950713	4.9938444445852
0.231590252114988	5.00155098938977
0.231990235279263	5.00945296871315
0.232390218443537	5.01754098184771
0.232790201607812	5.02580314061494
0.233190184772086	5.03422406649307
0.233590167936361	5.0427847043965
0.233990151100636	5.05146285116445
0.23439013426491	5.06023423571979
0.234790117429185	5.06907386537147
0.235190100593459	5.07795765566105
0.235590083757734	5.08686361335594
0.235990066922009	5.09577241201043
0.236390050086283	5.1046671479232
0.236790033250558	5.11353274699032
0.237190016414832	5.12235482600914
0.237589999579107	5.13111836785553
0.237989982743381	5.13980673629621
0.238389965907656	5.14840145051258
0.238789949071931	5.15688266973854
0.239189932236205	5.16523050995058
0.23958991540048	5.17342664039071
0.239989898564754	5.18145566769675
0.240389881729029	5.18930630669386
0.240789864893304	5.19697216276424
0.241189848057578	5.20445176647778
0.241589831221853	5.21174808154071
0.241989814386127	5.2188678688276
0.242389797550402	5.2258207117201
0.242789780714677	5.23261791749362
0.243189763878951	5.23927138377968
0.243589747043226	5.24579233515705
0.2439897302075	5.25219000602181
0.244389713371775	5.25847095124413
0.24478969653605	5.2646388391498
0.245189679700324	5.27069495368045
0.245589662864599	5.27663932889013
0.245989646028873	5.28247240707245
0.246389629193148	5.28819664524871
0.246789612357422	5.29381762594122
0.247189595521697	5.29934452967396
0.247589578685972	5.30478984355222
0.247989561850246	5.31016819885968
0.248389545014521	5.31549467158026
0.248789528178795	5.32078295353493
0.24918951134307	5.32604373687183
0.249589494507345	5.33128363191872
0.249989477671619	5.33650503720242
0.250389460835894	5.34170686045145
0.250789444000168	5.34688582910449
0.251189427164443	5.35203819705104
0.251589410328718	5.35716153606283
0.251989393492992	5.36225602128458
0.252389376657267	5.36732508953573
0.252789359821541	5.37237568570632
0.253189342985816	5.37741798884395
0.25358932615009	5.38246475067263
0.253989309314365	5.38753018836607
0.25438929247864	5.3926287301848
0.254789275642914	5.39777392072982
0.255189258807189	5.40297782890978
0.255589241971463	5.40825104496883
0.255989225135738	5.41360323679576
0.256389208300013	5.4190438583581
0.256789191464287	5.42458277872784
0.257189174628562	5.43023038089836
0.257589157792836	5.43599682388099
0.257989140957111	5.44189062059313
0.258389124121386	5.44791718428019
0.25878910728566	5.45407736987368
0.259189090449935	5.46036670630826
0.259589073614209	5.46677566342717
0.259989056778484	5.47329062008155
0.260389039942759	5.47989493383716
0.260789023107033	5.48657025912345
0.261189006271308	5.49329768728011
0.261588989435582	5.500058572608
0.261988972599857	5.50683536380087
0.262388955764132	5.51361248773741
0.262788938928406	5.52037678706911
0.263188922092681	5.52711793543249
0.263588905256955	5.53382854936436
0.26398888842123	5.54050398885985
0.264388871585504	5.54714197581174
0.264788854749779	5.55374222818176
0.265188837914054	5.5603058602051
0.265588821078328	5.56683500891903
0.265988804242603	5.57333258225656
0.266388787406877	5.57980200725049
0.266788770571152	5.58624706056394
0.267188753735427	5.59267193826057
0.267588736899701	5.59908109983782
0.267988720063976	5.60547913391545
0.26838870322825	5.61187059780083
0.268788686392525	5.61825972150269
0.2691886695568	5.62464981120249
0.269588652721074	5.63104289819359
0.269988635885349	5.6374394079395
0.270388619049623	5.64383775557452
0.270788602213898	5.65023413914102
0.271188585378172	5.6566226449875
0.271588568542447	5.66299549270218
0.271988551706722	5.6693435074393
0.272388534870996	5.67565683441547
0.272788518035271	5.68192563520992
0.273188501199545	5.68814058457107
0.27358848436382	5.69429341573412
0.273988467528095	5.70037740915672
0.274388450692369	5.70638774806007
0.274788433856644	5.71232170193009
0.275188417020918	5.71817863297903
0.275588400185193	5.72395975152658
0.275988383349468	5.72966758614215
0.276388366513742	5.73530542008667
0.276788349678017	5.74087673600905
0.277188332842291	5.74638472162774
0.277588316006566	5.75183188095026
0.277988299170841	5.75721996372875
0.278388282335115	5.76255008330032
0.27878826549939	5.76782307389029
0.279188248663664	5.77303982642096
0.279588231827939	5.77820146115944
0.279988214992213	5.78330928023988
0.280388198156488	5.78836485173997
0.280788181320763	5.79336991884065
0.281188164485037	5.79832628079733
0.281588147649312	5.80323582334413
0.281988130813586	5.80810079599522
0.282388113977861	5.8129239875553
0.282788097142136	5.81770882454861
0.28318808030641	5.82245932373371
0.283588063470685	5.8271798935309
0.283988046634959	5.83187490209311
0.284388029799234	5.83654811979775
0.284788012963509	5.84120221262799
0.285187996127783	5.84583864319043
0.285587979292058	5.85045831518045
0.285987962456332	5.8550626937755
0.286387945620607	5.85965503568213
0.286787928784882	5.86424133286665
0.287187911949156	5.86883084813852
0.287587895113431	5.87343575886645
0.287987878277705	5.87807008990845
0.28838786144198	5.88274809999598
0.288787844606255	5.88748262393653
0.289187827770529	5.89228359717156
0.289587810934804	5.89715724071815
0.289987794099078	5.90210596766117
0.290387777263353	5.90712900809788
0.290787760427627	5.91222352059362
0.291187743591902	5.91738582536209
0.291587726756177	5.92261217147155
0.291987709920451	5.92789900936408
0.292387693084726	5.93324281911955
0.292787676249	5.93863970136892
0.293187659413275	5.94408486793225
0.29358764257755	5.94957221893289
0.293987625741824	5.95509409393639
0.294387608906099	5.96064104172005
0.294787592070373	5.96620155637226
0.295187575234648	5.97176167950408
0.295587558398923	5.97730465883401
0.295987541563197	5.98281074170026
0.296387524727472	5.98825761358234
0.296787507891746	5.99362159727635
0.297187491056021	5.99887931967791
0.297587474220295	6.00400938323352
0.29798745738457	6.00899374915693
0.298387440548845	6.01381836422491
0.298787423713119	6.018473157251
0.299187406877394	6.02295175763044
0.299587390041668	6.0272511114428
0.299987373205943	6.03137108142409
0.300387356370218	6.03531422826329
0.300787339534492	6.03908563184576
0.301187322698767	6.04269274545452
0.301587305863041	6.04614512704426
0.301987289027316	6.04945400527882
0.302387272191591	6.05263170989883
0.302787255355865	6.05569097303577
0.30318723852014	6.058644205721
0.303587221684414	6.06150275814142
0.303987204848689	6.06427641628281
0.304387188012963	6.06697323787719
0.304787171177238	6.06959978593137
0.305187154341513	6.07216147735053
0.305587137505787	6.07466302876795
0.305987120670062	6.0771090221401
0.306387103834336	6.07950440881062
0.306787086998611	6.08185457372629
0.307187070162886	6.08416536083946
0.30758705332716	6.08644306612802
0.307987036491435	6.08869441148251
0.308387019655709	6.09092651100205
0.308787002819984	6.09314678305775
0.309186985984259	6.09536235831519
0.309586969148533	6.09757950934692
0.309986952312808	6.099803015827
0.310386935477082	6.10203558075691
0.310786918641357	6.10427793884362
0.311186901805632	6.10652988623238
0.311586884969906	6.1087916967867
0.311986868134181	6.11106581436648
0.312386851298455	6.11335824211211
0.31278683446273	6.11567902698454
0.313186817627005	6.11804179680791
0.313586800791279	6.12046247608007
0.313986783955554	6.12295722947316
0.314386767119828	6.12554058503245
0.314786750284103	6.12822445171752
0.315186733448377	6.13101778560434
0.315586716612652	6.13392683602573
0.315986699776927	6.13695595039494
0.316386682941201	6.14010818778536
0.316786666105476	6.14338537419429
0.31718664926975	6.14678816023164
0.317586632434025	6.15031614371578
0.3179866155983	6.15396779088963
0.318386598762574	6.15774047113301
0.318786581926849	6.16163065556241
0.319186565091123	6.1656339847941
0.319586548255398	6.16974508622541
0.319986531419673	6.17395749766397
0.320386514583947	6.17826340940372
0.320786497748222	6.1826533919099
0.321186480912496	6.18711640691423
0.321586464076771	6.19164017582391
0.321986447241046	6.19621150689232
0.32238643040532	6.20081652244866
0.322786413569595	6.20544053508248
0.323186396733869	6.21006753006185
0.323586379898144	6.21467961926464
0.323986363062418	6.21925682295872
0.324386346226693	6.22377726610017
0.324786329390968	6.2282181203176
0.325186312555242	6.23255702062292
0.325586295719517	6.2367736352119
0.325986278883791	6.24085126864624
0.326386262048066	6.24477814096589
0.326786245212341	6.24854756008721
0.327186228376615	6.25215725677678
0.32758621154089	6.25560822381106
0.327986194705164	6.25890306930255
0.328386177869439	6.26204435453607
0.328786161033714	6.26503368169552
0.329186144197988	6.26787143938529
0.329586127362263	6.27055707661537
0.329986110526537	6.27309006240931
0.330386093690812	6.27547143009968
0.330786076855086	6.27770506627368
0.331186060019361	6.27979862029329
0.331586043183636	6.28176384171641
0.33198602634791	6.28361624324887
0.332386009512185	6.2853739516951
0.332785992676459	6.28705640421512
0.333185975840734	6.2886830400991
0.333585959005009	6.29027193988731
0.333985942169283	6.29183854029126
0.334385925333558	6.29339468707652
0.334785908497832	6.29494793667251
0.335185891662107	6.29650121337732
0.335585874826382	6.29805307718775
0.335985857990656	6.29959847471104
0.336385841154931	6.30112997639795
0.336785824319205	6.30263927041475
0.33718580748348	6.30411863038589
0.337585790647755	6.30556159177683
0.337985773812029	6.3069628528381
0.338385756976304	6.30831734245361
0.338785740140578	6.30961879157256
0.339185723304853	6.31085815746131
0.339585706469128	6.31202262734404
0.339985689633402	6.31309523790304
0.340385672797677	6.31405532117603
0.340785655961951	6.31487967228178
0.341185639126226	6.31554422109269
0.3415856222905	6.31602589637742
0.341985605454775	6.31630442515464
0.34238558861905	6.31636384777963
0.342785571783324	6.3161935332924
0.343185554947599	6.3157885642674
0.343585538111873	6.31514962400832
0.343985521276148	6.31428214629867
0.344385504440423	6.3131948155498
0.344785487604697	6.31189799407089
0.345185470768972	6.31040226899085
0.345585453933246	6.30871723890929
0.345985437097521	6.30685088627508
0.346385420261796	6.30480976655371
0.34678540342607	6.3025996846879
0.347185386590345	6.30022633262316
0.347585369754619	6.29769586362116
0.347985352918894	6.29501525755568
0.348385336083169	6.29219234263954
0.348785319247443	6.2892355660188
0.349185302411718	6.2861533643272
0.349585285575992	6.2829532556258
0.349985268740267	6.27964132150652
0.350385251904541	6.27622211697272
0.350785235068816	6.27269883479578
0.351185218233091	6.26907376856026
0.351585201397365	6.26534902108552
0.35198518456164	6.2615271692185
0.352385167725914	6.25761175359991
0.352785150890189	6.25360750717956
0.353185134054464	6.24952022803202
0.353585117218738	6.24535661837937
0.353985100383013	6.24112402515183
0.354385083547287	6.23683002844098
0.354785066711562	6.23248204926452
0.355185049875837	6.22808733460523
0.355585033040111	6.22365311220107
0.355985016204386	6.21918687913655
0.35638499936866	6.21469681064731
0.356784982532935	6.21019236217013
0.357184965697209	6.20568495752923
0.357584948861484	6.20118832040036
0.357984932025759	6.19671824739382
0.358384915190033	6.19229205484997
0.358784898354308	6.18792766899587
0.359184881518582	6.18364275164756
0.359584864682857	6.17945414415886
0.359984847847132	6.17537754963767
0.360384831011406	6.17142724746894
0.360784814175681	6.16761599006826
0.361184797339955	6.16395479669295
0.36158478050423	6.16045239149279
0.361984763668505	6.15711481075722
0.362384746832779	6.15394544371385
0.362784729997054	6.1509450622164
0.363184713161328	6.14811200533036
0.363584696325603	6.14544260313919
0.363984679489878	6.14293167952178
0.364384662654152	6.14057277897639
0.364784645818427	6.13835824469524
0.365184628982701	6.13627897963482
0.365584612146976	6.13432398274938
0.36598459531125	6.1324799055175
0.366384578475525	6.13073069423043
0.3667845616398	6.12905744968892
0.367184544804074	6.12743874937971
0.367584527968349	6.1258513528291
0.367984511132623	6.12427079422855
0.368384494296898	6.12267192911258
0.368784477461173	6.12102947114426
0.369184460625447	6.11931854156902
0.369584443789722	6.11751559914643
0.369984426953996	6.11559985702068
0.370384410118271	6.11355472067876
0.370784393282546	6.11136927794215
0.37118437644682	6.10903919172576
0.371584359611095	6.10656640329468
0.371984342775369	6.10395749294766
0.372384325939644	6.10122151129174
0.372784309103919	6.09836754302843
0.373184292268193	6.09540289413908
0.373584275432468	6.0923325375089
0.373984258596742	6.0891598287626
0.374384241761017	6.08588796985569
0.374784224925292	6.08252169681787
0.375184208089566	6.07906848446172
0.375584191253841	6.07553903531205
0.375984174418115	6.07194681572058
0.37638415758239	6.06830683907863
0.376784140746664	6.06463417666196
0.377184123910939	6.06094267367395
0.377584107075214	6.05724405018811
0.377984090239488	6.05354758373118
0.378384073403763	6.04986031472145
0.378784056568037	6.04618738626864
0.379184039732312	6.0425326999115
0.379584022896587	6.03889946157805
0.379984006060861	6.03529040292568
0.380383989225136	6.03170770455051
0.38078397238941	6.02815299573674
0.381183955553685	6.02462717728122
0.38158393871796	6.02113036784388
0.381983921882234	6.01766204028318
0.382383905046509	6.01422134821647
0.382783888210783	6.01080730182404
0.383183871375058	6.00741908726012
0.383583854539332	6.00405594241866
0.383983837703607	6.00071676062817
0.384383820867882	5.99739948800597
0.384783804032156	5.99410075856231
0.385183787196431	5.9908157746087
0.385583770360705	5.98753886534425
0.38598375352498	5.98426457428303
0.386383736689255	5.98098907180878
0.386783719853529	5.97771130196818
0.387183703017804	5.97443365739579
0.387583686182078	5.97116177107749
0.387983669346353	5.96790394223254
0.388383652510628	5.96467044522519
0.388783635674902	5.96147291739802
0.389183618839177	5.95832364129654
0.389583602003451	5.95523503446027
0.389983585167726	5.9522191339039
0.390383568332	5.94928698701965
0.390783551496275	5.94644808152302
0.39118353466055	5.94370982125772
0.391583517824824	5.94107716461229
0.391983500989099	5.9385527220113
0.392383484153373	5.93613728422421
0.392783467317648	5.93383052781506
0.393183450481923	5.93163154928924
0.393583433646197	5.92953916901886
0.393983416810472	5.92755173174312
0.394383399974746	5.92566666159589
0.394783383139021	5.92387992894139
0.395183366303296	5.92218568251639
0.39558334946757	5.92057617091194
0.395983332631845	5.91904192571945
0.396383315796119	5.91757208921782
0.396783298960394	5.91615468511147
0.397183282124669	5.91477675424074
0.397583265288943	5.91342419782383
0.397983248453218	5.91208126590385
0.398383231617492	5.91073008105173
0.398783214781767	5.90935036905945
0.399183197946042	5.90791970819381
0.399583181110316	5.90641430274977
0.399983164274591	5.90481017507275
0.400383147438865	5.90308430341457
0.40078313060314	5.90121568159753
0.401183113767414	5.89918614550036
0.401583096931689	5.89698078600724
0.401983080095964	5.89458799927247
0.402383063260238	5.89199938241207
0.402783046424513	5.88920963156507
0.403183029588787	5.88621633713778
0.403583012753062	5.88301957941298
0.403982995917337	5.87962131760752
0.404382979081611	5.87602458842453
0.404782962245886	5.87223260270587
0.40518294541016	5.86824769612556
0.405582928574435	5.86407049009932
0.40598291173871	5.85969977033814
0.406382894902984	5.85513298418142
0.406782878067259	5.8503673045341
0.407182861231533	5.84540129282736
0.407582844395808	5.84023675325876
0.407982827560083	5.83487994491762
0.408382810724357	5.82934206219585
0.408782793888632	5.82363867546883
0.409182777052906	5.81778812365462
0.409582760217181	5.81180968399702
0.409982743381455	5.80572245412133
0.41038272654573	5.79954495837408
0.410782709710005	5.79329565411711
0.411182692874279	5.78699417601518
0.411582676038554	5.78066264987169
0.411982659202828	5.7743261920914
0.412382642367103	5.7680126524253
0.412782625531378	5.76175145345639
0.413182608695652	5.75557177921073
0.413582591859927	5.74950090926968
0.413982575024201	5.74356295121669
0.414382558188476	5.73777806034236
0.414782541352751	5.73216256633429
0.415182524517025	5.72672989036729
0.4155825076813	5.72149172895471
0.415982490845574	5.71645956100166
0.416382474009849	5.71164617301181
0.416782457174123	5.70706659350492
0.417182440338398	5.70273833661452
0.417582423502673	5.69868068442754
0.417982406666947	5.69491279768268
0.418382389831222	5.6914515093377
0.418782372995496	5.68830964258435
0.419182356159771	5.68549511080779
0.419582339324046	5.68301106044942
0.41998232248832	5.68085734338524
0.420382305652595	5.67903224315847
0.420782288816869	5.67753388596363
0.421182271981144	5.67636117342563
0.421582255145419	5.67551389946316
0.421982238309693	5.67499192682316
0.422382221473968	5.67479418759903
0.422782204638242	5.67491776492631
0.423182187802517	5.67535739835695
0.423582170966792	5.67610539611006
0.423982154131066	5.67715180740377
0.424382137295341	5.6784843589806
0.424782120459615	5.68008822765077
0.42518210362389	5.681945750498
0.425582086788165	5.68403643955387
0.425982069952439	5.68633732198296
0.426382053116714	5.68882380206997
0.426782036280988	5.69147090854951
0.427182019445263	5.69425470107667
0.427582002609537	5.69715323742428
0.427981985773812	5.70014739532863
0.428381968938087	5.70322148253015
0.428781952102361	5.70636336050085
0.429181935266636	5.70956405048687
0.42958191843091	5.71281719445021
0.429981901595185	5.71611818139152
0.43038188475946	5.71946316010733
0.430781867923734	5.72284802020685
0.431181851088009	5.72626748584009
0.431581834252283	5.72971451564147
0.431981817416558	5.73318016951048
0.432381800580833	5.73665374538863
0.432781783745107	5.74012314384641
0.433181766909382	5.74357533450107
0.433581750073656	5.74699681797051
0.433981733237931	5.75037404623402
0.434381716402206	5.75369416807213
0.43478169956648	5.75694590321366
0.435181682730755	5.76012023240849
0.435581665895029	5.76321066425461
0.435981649059304	5.76621320388924
0.436381632223578	5.76912550240234
0.436781615387853	5.77194567685613
0.437181598552128	5.77467122948709
0.437581581716402	5.77729840527922
0.437981564880677	5.77982200797966
0.438381548044951	5.78223612655328
0.438781531209226	5.78453523886567
0.439181514373501	5.7867149701404
0.439581497537775	5.78877260272578
0.43998148070205	5.79070758730355
0.440381463866324	5.79252145762253
0.440781447030599	5.79421745942542
0.441181430194874	5.79580073048343
0.441581413359148	5.79727887722093
0.441981396523423	5.7986625231018
0.442381379687697	5.79996582623202
0.442781362851972	5.80120682154162
0.443181346016246	5.80240715859673
0.443581329180521	5.80359169126984
0.443981312344796	5.80478813021784
0.44438129550907	5.80602659882329
0.444781278673345	5.80733916977078
0.445181261837619	5.80875989334195
0.445581245001894	5.81032463101291
0.445981228166169	5.81207032578014
0.446381211330443	5.81403381834873
0.446781194494718	5.8162506833837
0.447181177658992	5.81875385332313
0.447581160823267	5.82157232681257
0.447981143987542	5.8247302600057
0.448381127151816	5.82824626898857
0.448781110316091	5.83213309628252
0.449181093480365	5.83639764458324
0.44958107664464	5.84104095794074
0.449981059808915	5.84605798528056
0.450381042973189	5.85143761591347
0.450781026137464	5.85716269315326
0.451181009301738	5.86320989679987
0.451580992466013	5.86954986597809
0.451980975630287	5.87614798164736
0.452380958794562	5.88296554381931
0.452780941958837	5.88996120481423
0.453180925123111	5.89709251914932
0.453580908287386	5.90431734740796
0.45398089145166	5.91159480942234
0.454380874615935	5.918885937437
0.45478085778021	5.92615386639194
0.455180840944484	5.93336378831481
0.455580824108759	5.94048325237425
0.455980807273033	5.94748268916709
0.456380790437308	5.95433579546516
0.456780773601583	5.96101984994419
0.457180756765857	5.96751621506129
0.457580739930132	5.97381044546444
0.457980723094406	5.9798918737966
0.458380706258681	5.98575309591853
0.458780689422956	5.99138940180204
0.45918067258723	5.9967980789196
0.459580655751505	6.00197795170731
0.459980638915779	6.00692897772888
0.460380622080054	6.01165158602563
0.460780605244329	6.01614608804823
0.461180588408603	6.02041211208239
0.461580571572878	6.02444783773405
0.461980554737152	6.02824956090572
0.462380537901427	6.03181195889583
0.462780521065701	6.03512840071422
0.463180504229976	6.03819117465421
0.463580487394251	6.04099193594291
0.463980470558525	6.04352215597682
0.4643804537228	6.04577331591301
0.464780436887074	6.0477373202951
0.465180420051349	6.04940701020506
0.465580403215624	6.05077657631414
0.465980386379898	6.05184235535962
0.466380369544173	6.05260380996331
0.466780352708447	6.05306413492002
0.467180335872722	6.05323041442728
0.467580319036997	6.05311349815734
0.467980302201271	6.05272720580266
0.468380285365546	6.05208736665878
0.46878026852982	6.05121115714236
0.469180251694095	6.05011679330403
0.469580234858369	6.04882344709822
0.469980218022644	6.04735159089845
0.470380201186919	6.04572350086579
0.470780184351193	6.04396378850179
0.471180167515468	6.04209940513206
0.471580150679742	6.04015904706712
0.471980133844017	6.03817192814424
0.472380117008292	6.03616621850956
0.472780100172566	6.03416743773128
0.473180083336841	6.03219738332341
0.473580066501115	6.03027373477016
0.47398004966539	6.02841014134448
0.474380032829665	6.02661707184814
0.474780015993939	6.02490303231726
0.475179999158214	6.02327582940714
0.475579982322488	6.02174368129964
0.475979965486763	6.02031619840381
0.476379948651037	6.01900470063055
0.476779931815312	6.0178221677157
0.477179914979587	6.01678303036906
0.477579898143861	6.01590288351227
0.477979881308136	6.01519799981597
0.47837986447241	6.0146847854226
0.478779847636685	6.01437892483126
0.47917983080096	6.01429436128121
0.479579813965234	6.01444213164232
0.479979797129509	6.01482954315229
0.480379780293783	6.01545990255665
0.480779763458058	6.01633301138294
0.481179746622333	6.01744643880599
0.481579729786607	6.01879746070709
0.481979712950882	6.02038501701086
0.482379696115156	6.02221117334603
0.482779679279431	6.02428194725181
0.483179662443706	6.02660730294786
0.48357964560798	6.02920051521847
0.483979628772255	6.03207726010497
0.484379611936529	6.03525432499183
0.484779595100804	6.03874792870767
0.485179578265079	6.04257216833386
0.485579561429353	6.0467377769367
0.485979544593628	6.0512512202987
0.486379527757902	6.05611430684426
0.486779510922177	6.06132439160666
0.487179494086451	6.06687499507679
0.487579477250726	6.07275663204445
0.487979460415001	6.07895753079823
0.488379443579275	6.08546401477251
0.48877942674355	6.09226072420337
0.489179409907824	6.09933050015966
0.489579393072099	6.10665422096302
0.489979376236374	6.11421083610725
0.490379359400648	6.12197760117943
0.490779342564923	6.12993047264527
0.491179325729197	6.13804475185388
0.491579308893472	6.14629535023745
0.491979292057747	6.15465657175714
0.492379275222021	6.1631019868251
0.492779258386296	6.17160434310874
0.49317924155057	6.18013510680242
0.493579224714845	6.18866442499497
0.493979207879119	6.19716175546912
0.494379191043394	6.20559694472883
0.494779174207669	6.21394143435354
0.495179157371943	6.22216955834349
0.495579140536218	6.23025913331276
0.495979123700492	6.23819134300754
0.496379106864767	6.24595025796198
0.496779090029042	6.25352206785358
0.497179073193316	6.26089430974128
0.497579056357591	6.26805556083273
0.497979039521865	6.27499590259091
0.49837902268614	6.28170793579234
0.498779005850415	6.28818777034702
0.499178989014689	6.29443580434507
0.499578972178964	6.30045707460143
0.499978955343238	6.30626075969173
0.500378938507513	6.31185874735493
0.500778921671788	6.31726401517366
0.501178904836062	6.32248930111721
0.501578888000337	6.32754628456931
0.501978871164611	6.33244540496159
0.502378854328886	6.33719631643576
0.502778837493161	6.34180848582259
0.503178820657435	6.3462916134903
0.50357880382171	6.35065553922889
0.503978786985984	6.3549092687678
0.504378770150259	6.35905927110056
0.504778753314533	6.36310811427465
0.505178736478808	6.3670539563781
0.505578719643083	6.37089118370442
0.505978702807357	6.37461199478142
0.506378685971632	6.37820846623211
0.506778669135906	6.38167450668812
0.507178652300181	6.38500712936254
0.507578635464456	6.38820641998772
0.50797861862873	6.39127455307084
0.508378601793005	6.39421443352186
0.508778584957279	6.39702843434044
0.509178568121554	6.39971748453195
0.509578551285829	6.40228079542756
0.509978534450103	6.40471619254383
0.510378517614378	6.40702066561059
0.510778500778652	6.40919082440229
0.511178483942927	6.41122324901434
0.511578467107201	6.41311480501785
0.511978450271476	6.41486301784044
0.512378433435751	6.41646648641604
0.512778416600025	6.41792479515675
0.5131783997643	6.41923786222219
0.513578382928574	6.42040492846162
0.513978366092849	6.42142344851892
0.514378349257124	6.42228833086636
0.514778332421398	6.42299191914107
0.515178315585673	6.4235247199448
0.515578298749947	6.42387659769724
0.515978281914222	6.42403815915898
0.516378265078497	6.42400175558496
0.516778248242771	6.423761781578
0.517178231407046	6.42331438148285
0.51757821457132	6.42265698274626
0.517978197735595	6.4217878527762
0.51837818089987	6.42070620468018
0.518778164064144	6.41941273480254
0.519178147228419	6.41790999377699
0.519578130392693	6.41620205192549
0.519978113556968	6.41429347987606
0.520378096721242	6.41218772623165
0.520778079885517	6.40988549283208
0.521178063049792	6.40738355869047
0.521578046214066	6.40467454012496
0.521978029378341	6.40174758176925
0.522378012542615	6.39858984351011
0.52277799570689	6.39518844943674
0.523177978871165	6.39153270403225
0.523577962035439	6.38761627246413
0.523977945199714	6.38343892460284
0.524377928363988	6.37900745610795
0.524777911528263	6.37433567637548
0.525177894692538	6.36944335064958
0.525577877856812	6.36435428156918
0.525977861021087	6.3590939976192
0.526377844185361	6.35368778456764
0.526777827349636	6.3481592281723
0.527177810513911	6.34252960545541
0.527577793678185	6.33681814278157
0.52797777684246	6.3310426936928
0.528377760006734	6.325220215276
0.528777743171009	6.31936694641607
0.529177726335283	6.31349819063129
0.529577709499558	6.30762807865386
0.529977692663833	6.30176960723358
0.530377675828107	6.29593513789596
0.530777658992382	6.2901370846128
0.531177642156656	6.28438905689119
0.531577625320931	6.27870673897067
0.531977608485206	6.27310841752186
0.53237759164948	6.26761487601847
0.532777574813755	6.26224902914702
0.533177557978029	6.25703496142361
0.533577541142304	6.25199713360865
0.533977524306579	6.24715952091352
0.534377507470853	6.24254464603003
0.534777490635128	6.23817261402093
0.535177473799402	6.23406061999833
0.535577456963677	6.23022225188418
0.535977440127952	6.2266669237758
0.536377423292226	6.22339967558868
0.536777406456501	6.22042139131966
0.537177389620775	6.21772879932676
0.53757737278505	6.21531475951794
0.537977355949324	6.21316851274949
0.538377339113599	6.21127572547308
0.538777322277874	6.20961857627605
0.539177305442148	6.20817655909829
0.539577288606423	6.20692756071936
0.539977271770697	6.20584939683057
0.540377254934972	6.20492186001114
0.540777238099247	6.2041285411245
0.541177221263521	6.20345773329486
0.541577204427796	6.20290257207241
0.54197718759207	6.20246037394255
0.542377170756345	6.20213134678268
0.54277715392062	6.20191740076946
0.543177137084894	6.20182144742852
0.543577120249169	6.20184687506535
0.543977103413443	6.20199752059569
0.544377086577718	6.20227809191193
0.544777069741992	6.20269447186203
0.545177052906267	6.20325355739528
0.545577036070542	6.20396308687966
0.545977019234816	6.20483115909602
0.546377002399091	6.20586565134811
0.546776985563366	6.20707395437816
0.54717696872764	6.2084632095101
0.547576951891915	6.21004051295079
0.547976935056189	6.21181316465857
0.548376918220464	6.21378876666211
0.548776901384738	6.21597489767028
0.549176884549013	6.21837849936036
0.549576867713288	6.22100517203348
0.549976850877562	6.22385805463725
0.550376834041837	6.22693651311874
0.550776817206111	6.23023539953288
0.551176800370386	6.2337448118618
0.551576783534661	6.2374500214897
0.551976766698935	6.24133208242751
0.55237674986321	6.24536927608945
0.552776733027484	6.24953853675513
0.553176716191759	6.25381669785501
0.553576699356033	6.2581816119837
0.553976682520308	6.26261269627646
0.554376665684583	6.26709086522956
0.554776648848857	6.27159844664649
0.555176632013132	6.27611910961006
0.555576615177406	6.28063781343835
0.555976598341681	6.28514092053926
0.556376581505956	6.28961606077343
0.55677656467023	6.29405137488865
0.557176547834505	6.29843459569708
0.557576530998779	6.3027523534359
0.557976514163054	6.30698947990041
0.558376497327329	6.31112855275533
0.558776480491603	6.3151497864109
0.559176463655878	6.31903130678972
0.559576446820152	6.32274947600294
0.559976429984427	6.32627939089659
0.560376413148702	6.32959539533615
0.560776396312976	6.33267170330025
0.561176379477251	6.33548300410884
0.561576362641525	6.33800501399539
0.5619763458058	6.34021481784312
0.562376328970075	6.34209102106256
0.562776312134349	6.34361342861357
0.563176295298624	6.34476228927149
0.563576278462898	6.34551744732588
0.563976261627173	6.34585803354283
0.564376244791447	6.34576277781537
0.564776227955722	6.34521100378947
0.565176211119997	6.34418398709301
0.565576194284271	6.34266675268108
0.565976177448546	6.34064982272439
0.56637616061282	6.33813051097752
0.566776143777095	6.3351134102567
0.56717612694137	6.33161013991811
0.567576110105644	6.32763831226729
0.567976093269919	6.32322035888377
0.568376076434193	6.3183825323246
0.568776059598468	6.3131540957879
0.569176042762743	6.30756646356774
0.569576025927017	6.30165279108707
0.569976009091292	6.29544744087335
0.570375992255566	6.28898535705746
0.570775975419841	6.28230155705738
0.571175958584116	6.27543120662305
0.57157594174839	6.26840977427514
0.571975924912665	6.261273525718
0.572375908076939	6.25406002247331
0.572775891241214	6.24680827641556
0.573175874405488	6.23955832542307
0.573575857569763	6.23235024360007
0.573975840734038	6.22522242904617
0.574375823898312	6.21820956864521
0.574775807062587	6.21134084075822
0.575175790226861	6.20463883146805
0.575575773391136	6.19811913644017
0.575975756555411	6.19179034802759
0.576375739719685	6.1856544140045
0.57677572288396	6.17970734250409
0.577175706048234	6.17393981173925
0.577575689212509	6.16833738516188
0.577975672376783	6.16288099620141
0.578375655541058	6.15754751460792
0.578775638705333	6.15231063917888
0.579175621869607	6.14714223528964
0.579575605033882	6.14201388985935
0.579975588198157	6.13689796304733
0.580375571362431	6.13176851722591
0.580775554526706	6.12660185299234
0.58117553769098	6.12137647153479
0.581575520855255	6.11607283409039
0.581975504019529	6.11067349591712
0.582375487183804	6.10516331596117
0.582775470348079	6.09952977331584
0.583175453512353	6.09376321215851
0.583575436676628	6.08785696202577
0.583975419840902	6.08180706486881
0.584375403005177	6.07561152454801
0.584775386169452	6.0692690890135
0.585175369333726	6.06277822300487
0.585575352498001	6.05613636515756
0.585975335662275	6.04933974203274
0.58637531882655	6.04238385828551
0.586775301990825	6.03526449912506
0.587175285155099	6.02797868103961
0.587575268319374	6.02052564100344
0.587975251483648	6.01290752071884
0.588375234647923	6.00512956936777
0.588775217812197	5.99720004720316
0.589175200976472	5.98913006484913
0.589575184140747	5.98093312363799
0.589975167305021	5.97262457393192
0.590375150469296	5.96422102626429
0.59077513363357	5.95573951823398
0.591175116797845	5.94719630005004
0.59157509996212	5.9386058871033
0.591975083126394	5.92998039241947
0.592375066290669	5.92132900923249
0.592775049454943	5.9126576030559
0.593175032619218	5.90396870879538
0.593575015783493	5.89526189178353
0.593974998947767	5.88653435034044
0.594374982112042	5.87778200224717
0.594774965276316	5.86900097014317
0.595174948440591	5.86018909635443
0.595574931604866	5.85134717810064
0.59597491476914	5.84247963501106
0.596374897933415	5.83359447046499
0.596774881097689	5.8247029993227
0.597174864261964	5.81581956297413
0.597574847426239	5.80696114487488
0.597974830590513	5.79814708193283
0.598374813754788	5.78939904713795
0.598774796919062	5.78074083846329
0.599174780083337	5.7721976756468
0.599574763247611	5.76379498529456
0.599974746411886	5.75555726594886
0.600374729576161	5.74750723607625
0.600774712740435	5.73966561485322
0.60117469590471	5.7320512895331
0.601574679068984	5.72468162262367
0.601974662233259	5.7175725854536
0.602374645397534	5.71073843371861
0.602774628561808	5.70419054843786
0.603174611726083	5.69793603455361
0.603574594890357	5.69197669078473
0.603974578054632	5.68630858959526
0.604374561218907	5.68092232328251
0.604774544383181	5.67580398731254
0.605174527547456	5.67093676177534
0.60557451071173	5.6663029038402
0.605974493876005	5.6618854135214
0.606374477040279	5.65766917387029
0.606774460204554	5.65364158629166
0.607174443368829	5.64979300143757
0.607574426533103	5.64611692977052
0.607974409697378	5.64260984606285
0.608374392861653	5.6392707358029
0.608774376025927	5.63610019626463
0.609174359190202	5.63309910052845
0.609574342354476	5.63026712768127
0.609974325518751	5.62760158245313
0.610374308683025	5.62509661237522
0.6107742918473	5.62274310403571
0.611174275011575	5.62052903669233
0.611574258175849	5.61844000612357
0.611974241340124	5.61645990263302
0.612374224504398	5.61457166570716
0.612774207668673	5.61275781460307
0.613174190832948	5.61100089267743
0.613574173997222	5.60928407560239
0.613974157161497	5.60759190648203
0.614374140325771	5.60591079370454
0.614774123490046	5.60422906606844
0.61517410665432	5.6025364521643
0.615574089818595	5.60082306812127
0.61597407298287	5.5990783317766
0.616374056147144	5.5972899509488
0.616774039311419	5.59544322346779
0.617174022475693	5.59352075363417
0.617574005639968	5.59150240169394
0.617973988804243	5.58936534018661
0.618373971968517	5.58708454723835
0.618773955132792	5.58463414301243
0.619173938297066	5.58198945385015
0.619573921461341	5.57912914137307
0.619973904625616	5.57603704101729
0.62037388778989	5.57270302838257
0.620773870954165	5.56912247293602
0.621173854118439	5.56529448117169
0.621573837282714	5.56121976576006
0.621973820446988	5.55689849711097
0.622373803611263	5.55232902908278
0.622773786775538	5.54750834932867
0.623173769939812	5.54243359841455
0.623573753104087	5.53710386417716
0.623973736268362	5.5315218463639
0.624373719432636	5.52569479829663
0.624773702596911	5.51963426395186
0.625173685761185	5.51335494118905
0.62557366892546	5.50687331478446
0.625973652089734	5.50020618184714
0.626373635254009	5.49336960004584
0.626773618418284	5.48637850215157
0.627173601582558	5.47924709764274
0.627573584746833	5.47198987525024
0.627973567911107	5.46462320702621
0.628373551075382	5.45716690090579
0.628773534239657	5.4496451808086
0.629173517403931	5.44208668683711
0.629573500568206	5.4345237175258
0.62997348373248	5.42699070790014
0.630373466896755	5.41952216594904
0.63077345006103	5.41215047356551
0.631173433225304	5.40490451878618
0.631573416389579	5.39780892772292
0.631973399553853	5.39088395033543
0.632373382718128	5.38414575903771
0.632773365882402	5.3776073464372
0.633173349046677	5.3712792571463
0.633573332210952	5.36517009763557
0.633973315375226	5.35928671276769
0.634373298539501	5.35363441912032
0.634773281703775	5.34821706841168
0.63517326486805	5.34303748441484
0.635573248032325	5.33809798170323
0.635973231196599	5.33340104907714
0.636373214360874	5.32895013840388
0.636773197525148	5.32475067967531
0.637173180689423	5.32081041760081
0.637573163853698	5.31713909135968
0.637973147017972	5.3137477661012
0.638373130182247	5.31064799130304
0.638773113346521	5.30785046735952
0.639173096510796	5.30536397858222
0.63957307967507	5.30319485515198
0.639973062839345	5.30134683972117
0.64037304600362	5.29982102279644
0.640773029167894	5.29861603410248
0.641173012332169	5.2977280770889
0.641572995496444	5.29715073165188
0.641972978660718	5.29687476527379
0.642372961824993	5.29688823577869
0.642772944989267	5.29717667087661
0.643172928153542	5.29772340290082
0.643572911317816	5.2985099184964
0.643972894482091	5.29951586609361
0.644372877646366	5.3007189233137
0.64477286081064	5.30209467828108
0.645172843974915	5.303616582486
0.645572827139189	5.30525630672684
0.645972810303464	5.30698483469884
0.646372793467739	5.30877395657286
0.646772776632013	5.31059765745135
0.647172759796288	5.3124329544246
0.647572742960562	5.31426002614763
0.647972726124837	5.31606155847998
0.648372709289112	5.31782172306905
0.648772692453386	5.31952504908795
0.649172675617661	5.32115568534142
0.649572658781935	5.32269744352613
0.64997264194621	5.32413451058689
0.650372625110484	5.32545243255224
0.650772608274759	5.32663908242966
0.651172591439034	5.32768503905771
0.651572574603308	5.32858320115008
0.651972557767583	5.32932781656156
0.652372540931857	5.32991325207912
0.652772524096132	5.33033313435812
0.653172507260407	5.33058017010203
0.653572490424681	5.3306464433521
0.653972473588956	5.33052392626231
0.65437245675323	5.33020511802329
0.654772439917505	5.32968328905626
0.655172423081779	5.32895236873837
0.655572406246054	5.3280068556917
0.655972389410329	5.32684205007454
0.656372372574603	5.3254545332622
0.656772355738878	5.32384307528948
0.657172338903153	5.32200957347648
0.657572322067427	5.31995965554661
0.657972305231702	5.31770254083425
0.658372288395976	5.31525021237787
0.658772271560251	5.31261594248274
0.659172254724525	5.30981302979706
0.6595722378888	5.30685420382619
0.659972221053075	5.30375168981197
0.660372204217349	5.30051752582856
0.660772187381624	5.29716404936155
0.661172170545898	5.29370429888102
0.661572153710173	5.29015202725064
0.661972136874448	5.28652124923758
0.662372120038722	5.28282545541812
0.662772103202997	5.2790766348384
0.663172086367271	5.27528461908684
0.663572069531546	5.27145677230533
0.663972052695821	5.26759779863405
0.664372035860095	5.26370932100184
0.66477201902437	5.25978947195054
0.665172002188644	5.25583226694641
0.665571985352919	5.25182664483471
0.665971968517193	5.24775568463912
0.666371951681468	5.24359669714146
0.666771934845743	5.23932226750999
0.667171918010017	5.23490216797709
0.667571901174292	5.23030606708254
0.667971884338566	5.22550639553927
0.668371867502841	5.2204806214338
0.668771850667116	5.21521260582757
0.66917183383139	5.20969277001958
0.669571816995665	5.20391706609355
0.669971800159939	5.19788549784625
0.670371783324214	5.19160114534345
0.670771766488489	5.18506974466613
0.671171749652763	5.17829944236263
0.671571732817038	5.17130078878957
0.671971715981312	5.1640866023068
0.672371699145587	5.15667113505628
0.672771682309862	5.14906852734678
0.673171665474136	5.1412914527078
0.673571648638411	5.13335009594447
0.673971631802685	5.1252518013327
0.67437161496696	5.11700164877255
0.674771598131235	5.10860376673485
0.675171581295509	5.10006236194864
0.675571564459784	5.09138231453069
0.675971547624058	5.08256927963219
0.676371530788333	5.07362918546773
0.676771513952607	5.06456753358764
0.677171497116882	5.05538921749784
0.677571480281157	5.04609871608606
0.677971463445431	5.03670045526034
0.678371446609706	5.02719932535339
0.67877142977398	5.01760135046799
0.679171412938255	5.00791407589372
0.67957139610253	4.99814652351632
0.679971379266804	4.98830872346325
0.680371362431079	4.97841126092036
0.680771345595353	4.96846456401025
0.681171328759628	4.95847818095639
0.681571311923903	4.94846025309791
0.681971295088177	4.9384173057107
0.682371278252452	4.92835418765881
0.682771261416726	4.91827457292561
0.683171244581001	4.90818170673322
0.683571227745275	4.89807930997483
0.68397121090955	4.88797267752461
0.684371194073825	4.87786970060205
0.684771177238099	4.86778109023288
0.685171160402374	4.85772030554711
0.685571143566648	4.84770332639356
0.685971126730923	4.83774831046463
0.686371109895198	4.82787496249922
0.686771093059472	4.8181042612046
0.687171076223747	4.80845832270599
0.687571059388021	4.79896027440284
0.687971042552296	4.78963402676463
0.68837102571657	4.78050384318168
0.688771008880845	4.77159356060045
0.68917099204512	4.76292562399342
0.689570975209394	4.75452028099162
0.689970958373669	4.7463950564958
0.690370941537944	4.73856444976032
0.690770924702218	4.73104007435777
0.691170907866493	4.72383090445232
0.691570891030767	4.71694317210038
0.691970874195042	4.71038004234642
0.692370857359316	4.70414161248355
0.692770840523591	4.69822498056458
0.693170823687866	4.69262462258206
0.69357080685214	4.68733326515131
0.693970790016415	4.68234288855509
0.694370773180689	4.67764536559005
0.694770756344964	4.67323273249059
0.695170739509239	4.66909724537367
0.695570722673513	4.66523100563534
0.695970705837788	4.6616254994891
0.696370689002062	4.65827159741057
0.696770672166337	4.65515983855072
0.697170655330612	4.65228077137559
0.697570638494886	4.64962545816777
0.697970621659161	4.64718591453636
0.698370604823435	4.64495508631917
0.69877058798771	4.64292666171854
0.699170571151984	4.64109474852402
0.699570554316259	4.63945318528981
0.699970537480534	4.63799450301175
0.700370520644808	4.63670891045809
0.700770503809083	4.6355833452444
0.701170486973357	4.63460073216955
0.701570470137632	4.63374009004004
0.701970453301907	4.63297759781663
0.702370436466181	4.63228822856262
0.702770419630456	4.63164792372475
0.70317040279473	4.63103589391616
0.703570385959005	4.63043645460587
0.70397036912328	4.62983964791128
0.704370352287554	4.62924080424663
0.704770335451829	4.6286390661768
0.705170318616103	4.62803522688462
0.705570301780378	4.62742947554414
0.705970284944653	4.62681979658892
0.706370268108927	4.6262011781052
0.706770251273202	4.62556564666278
0.707170234437476	4.6249032059692
0.707570217601751	4.62420312469388
0.707970200766026	4.62345498280757
0.7083701839303	4.62264924114979
0.708770167094575	4.62177731366289
0.709170150258849	4.62083107539474
0.709570133423124	4.61980229721801
0.709970116587399	4.6186821520906
0.710370099751673	4.617461141624
0.710770082915948	4.61612947593404
0.711170066080222	4.61467786288683
0.711570049244497	4.61309840027307
0.711970032408771	4.61138541592077
0.712370015573046	4.60953564550663
0.712769998737321	4.60754776421952
0.713169981901595	4.60542112277914
0.71356996506587	4.60315397302806
0.713969948230144	4.60074201642752
0.714369931394419	4.59817806359042
0.714769914558694	4.59545244135338
0.715169897722968	4.59255410821454
0.715569880887243	4.5894721895745
0.715969864051517	4.58619704063796
0.716369847215792	4.58272046798741
0.716769830380066	4.57903556306549
0.717169813544341	4.5751360874145
0.717569796708616	4.57101567170115
0.71796977987289	4.5666678651988
0.718369763037165	4.56208659451361
0.71876974620144	4.55726656831256
0.719169729365714	4.55220377851638
0.719569712529989	4.54689597371669
0.719969695694263	4.54134271812495
0.720369678858538	4.53554562300777
0.720769662022812	4.52950878084641
0.721169645187087	4.52323902219218
0.721569628351362	4.5167457583348
0.721969611515636	4.51004047648679
0.722369594679911	4.50313559965354
0.722769577844185	4.4960432737536
0.72316956100846	4.48877447572547
0.723569544172735	4.4813388773824
0.723969527337009	4.47374542319687
0.724369510501284	4.46600347571714
0.724769493665558	4.45812379844334
0.725169476829833	4.45011929214677
0.725569459994107	4.44200505648309
0.725969443158382	4.43379741016803
0.726369426322657	4.42551246852693
0.726769409486931	4.41716492317492
0.727169392651206	4.40876706708351
0.72756937581548	4.40032829793736
0.727969358979755	4.39185560270533
0.72836934214403	4.38335461163455
0.728769325308304	4.37483079293108
0.729169308472579	4.36629086648321
0.729569291636853	4.35774410983034
0.729969274801128	4.34920294073715
0.730369257965403	4.34068304472258
0.730769241129677	4.33220309026411
0.731169224293952	4.32378381274519
0.731569207458226	4.31544671522227
0.731969190622501	4.30721297988708
0.732369173786776	4.29910247635026
0.73276915695105	4.2911329134074
0.733169140115325	4.28331946544341
0.733569123279599	4.27567494720161
0.733969106443874	4.26821009937449
0.734369089608149	4.26093393743943
0.734769072772423	4.2538542056492
0.735169055936698	4.24697773718525
0.735569039100972	4.2403106523421
0.735969022265247	4.23385868736658
0.736369005429521	4.22762760915044
0.736768988593796	4.22162346573162
0.737168971758071	4.21585276098178
0.737568954922345	4.21032261412094
0.73796893808662	4.20504080013651
0.738368921250894	4.20001548176077
0.738768904415169	4.19525454775311
0.739168887579444	4.19076446998827
0.739568870743718	4.18654880826825
0.739968853907993	4.18260658552803
0.740368837072267	4.17893108728358
0.740768820236542	4.17550963943834
0.741168803400817	4.17232451774488
0.741568786565091	4.16935481725232
0.741968769729366	4.16657911438243
0.74236875289364	4.16397803533427
0.742768736057915	4.16153587505975
0.74316871922219	4.15924107262506
0.743568702386464	4.15708570667698
0.743968685550739	4.15506417269976
0.744368668715013	4.15317197400036
0.744768651879288	4.15140532881461
0.745168635043562	4.14976140836251
0.745568618207837	4.14823901192804
0.745968601372112	4.14683940251109
0.746368584536386	4.14556648355442
0.746768567700661	4.1444260641701
0.747168550864935	4.1434248753147
0.74756853402921	4.14256951912684
0.747968517193485	4.14186557222828
0.748368500357759	4.14131714129172
0.748768483522034	4.14092687702312
0.749168466686308	4.14069613695759
0.749568449850583	4.14062530327577
0.749968433014857	4.14071386154077
0.750368416179132	4.14096023231211
0.750768399343407	4.14136175230463
0.751168382507681	4.14191492348216
0.751568365671956	4.14261568341324
0.751968348836231	4.14345975498088
0.752368332000505	4.14444278615401
0.75276831516478	4.14555996396176
0.753168298329054	4.1468048289533
0.753568281493329	4.14816775264329
0.753968264657603	4.14963427986681
0.754368247821878	4.15118397323174
0.754768230986153	4.15279026169151
0.755168214150427	4.1544213425358
0.755568197314702	4.15604183179054
0.755968180478976	4.15761485581271
0.756368163643251	4.15910434064493
0.756768146807526	4.16047688206786
0.7571681299718	4.16170297912758
0.757568113136075	4.1627576009188
0.757968096300349	4.16362037669102
0.758368079464624	4.16427563395097
0.758768062628899	4.16471222327583
0.759168045793173	4.16492339378795
0.759568028957448	4.16490662020289
0.759968012121722	4.16466301772152
0.760367995285997	4.16419633532704
0.760767978450271	4.16351156892919
0.761167961614546	4.16261331052732
0.761567944778821	4.16150405828465
0.761967927943095	4.16018314863277
0.76236791110737	4.15864632358827
0.762767894271644	4.1568861119352
0.763167877435919	4.15489333248314
0.763567860600194	4.15265907938541
0.763967843764468	4.15017667220264
0.764367826928743	4.14744330167088
0.764767810093017	4.14446109673261
0.765167793257292	4.14123727045965
0.765567776421567	4.13778400117247
0.765967759585841	4.13411816542165
0.766367742750116	4.13026096047406
0.76676772591439	4.12623772808677
0.767167709078665	4.12207776083872
0.76756769224294	4.11781354804936
0.767967675407214	4.11347979877861
0.768367658571489	4.10911251811062
0.768767641735763	4.10474787343181
0.769167624900038	4.10042101614602
0.769567608064312	4.09616545279039
0.769967591228587	4.09201293562818
0.770367574392862	4.08799322956288
0.770767557557136	4.08413376438573
0.771167540721411	4.0804591946959
0.771567523885685	4.07699081830777
0.77196750704996	4.07374616634432
0.772367490214235	4.0707390373468
0.772767473378509	4.06797970416504
0.773167456542784	4.06547533882885
0.773567439707058	4.063230444502
0.773967422871333	4.06124692352833
0.774367406035608	4.05952359344978
0.774767389199882	4.05805547707889
0.775167372364157	4.05683306591677
0.775567355528431	4.05584188841583
0.775967338692706	4.05506245901423
0.776367321856981	4.05447075387179
0.776767305021255	4.05403935917486
0.77716728818553	4.05373890233946
0.777567271349804	4.05353937555765
0.777967254514079	4.05341133790345
0.778367237678353	4.05332699269931
0.778767220842628	4.05326099027189
0.779167204006903	4.05319104551276
0.779567187171177	4.05309838873373
0.779967170335452	4.05296768163401
0.780367153499726	4.05278659902701
0.780767136664001	4.0525453393835
0.781167119828276	4.05223606507339
0.78156710299255	4.05185226820224
0.781967086156825	4.05138822929948
0.782367069321099	4.05083855277905
0.782767052485374	4.05019786891621
0.783167035649649	4.04946063800615
0.783567018813923	4.04862092894736
0.783967001978198	4.04767225940242
0.784366985142472	4.04660751137691
0.784766968306747	4.04541887513422
0.785166951471022	4.04409806721992
0.785566934635296	4.04263650515771
0.785966917799571	4.04102540492377
0.786366900963845	4.03925595210598
0.78676688412812	4.0373194362129
0.787166867292394	4.03520714456381
0.787566850456669	4.03291070683497
0.787966833620944	4.03042302015492
0.788366816785218	4.02773934908105
0.788766799949493	4.02485853950012
0.789166783113767	4.02178432914953
0.789566766278042	4.01852598947111
0.789966749442317	4.01509807930463
0.790366732606591	4.01151961904869
0.790766715770866	4.00781246655371
0.79116669893514	4.00399897944235
0.791566682099415	4.00010003035137
0.79196666526369	3.99613359801449
0.792366648427964	3.9921137861621
0.792766631592239	3.98805072397439
0.793166614756513	3.98395138636352
0.793566597920788	3.9798208072628
0.793966581085062	3.97566360046547
0.794366564249337	3.97148544811196
0.794766547413612	3.96729378890637
0.795166530577886	3.96309764562809
0.795566513742161	3.95890693878691
0.795966496906436	3.95473097971082
0.79636648007071	3.95057658283125
0.796766463234985	3.94644655555733
0.797166446399259	3.94233908155145
0.797566429563534	3.93824771648381
0.797966412727808	3.9341621144119
0.798366395892083	3.93006937784917
0.798766379056358	3.92595582191659
0.799166362220632	3.92180851677058
0.799566345384907	3.91761667605041
0.799966328549181	3.91337246403198
0.800366311713456	3.90907112303369
0.800766294877731	3.90471035364879
0.801166278042005	3.90028937681485
0.80156626120628	3.89580783752013
0.801966244370554	3.89126496519374
0.802366227534829	3.88665911123814
0.802766210699103	3.88198780078624
0.803166193863378	3.87724796313008
0.803566177027653	3.87243624140139
0.803966160191927	3.86754902928021
0.804366143356202	3.86258236788633
0.804766126520476	3.85753181549015
0.805166109684751	3.85239233395267
0.805566092849026	3.84715856880721
0.8059660760133	3.84182565217818
0.806366059177575	3.83638986393577
0.806766042341849	3.83084941660614
0.807166025506124	3.82520510363267
0.807566008670399	3.81945990069985
0.807965991834673	3.81361791321387
0.808365974998948	3.80768355304938
0.808765958163222	3.80166039550893
0.809165941327497	3.79555004681071
0.809565924491772	3.78935183207698
0.809965907656046	3.78306317994995
0.810365890820321	3.776680099669
0.810765873984595	3.77019810385267
0.81116585714887	3.76361282770572
0.811565840313144	3.75691986341412
0.811965823477419	3.75011431769619
0.812365806641694	3.74319024382309
0.812765789805968	3.73613952162615
0.813165772970243	3.72895116335343
0.813565756134517	3.72161128014303
0.813965739298792	3.71410338192633
0.814365722463067	3.70640888663566
0.814765705627341	3.69850803888027
0.815165688791616	3.69038093573903
0.81556567195589	3.68200882115604
0.815965655120165	3.67337554047085
0.81636563828444	3.66446897470607
0.816765621448714	3.65528210822083
0.817165604612989	3.64581384893304
0.817565587777263	3.63606927162145
0.817965570941538	3.62605919472904
0.818365554105813	3.61579928494023
0.818765537270087	3.60530897130454
0.819165520434362	3.59461023261445
0.819565503598636	3.58372646256591
0.819965486762911	3.57268123322482
0.820365469927186	3.56149702360731
0.82076545309146	3.5501941932866
0.821165436255735	3.53879009001176
0.821565419420009	3.52729837107154
0.821965402584284	3.51572886835477
0.822365385748558	3.50408813829334
0.822765368912833	3.49238026793429
0.823165352077108	3.4806078354887
0.823565335241382	3.46877286384811
0.823965318405657	3.45687741063534
0.824365301569931	3.44492381178161
0.824765284734206	3.43291504889277
0.825165267898481	3.42085505885423
0.825565251062755	3.40874887168418
0.82596523422703	3.39660291905121
0.826365217391304	3.38442552894194
0.826765200555579	3.37222705518964
0.827165183719854	3.36001951637305
0.827565166884128	3.34781597481859
0.827965150048403	3.33562974811628
0.828365133212677	3.32347353936006
0.828765116376952	3.31135899533252
0.829165099541227	3.29929691669973
0.829565082705501	3.2872978108529
0.829965065869776	3.27537260030319
0.83036504903405	3.26353334359304
0.830765032198325	3.25179350678727
0.831165015362599	3.24016778771839
0.831564998526874	3.22867174006816
0.831964981691149	3.21732128077954
0.832364964855423	3.20613215419569
0.832764948019698	3.19511970201896
0.833164931183972	3.18429906842907
0.833564914348247	3.1736854219636
0.833964897512522	3.16329388221502
0.834364880676796	3.1531391088958
0.834764863841071	3.14323434562272
0.835164847005345	3.13358998306319
0.83556483016962	3.12421217915349
0.835964813333894	3.11510197284681
0.836364796498169	3.10625500854131
0.836764779662444	3.09766187758649
0.837164762826718	3.08930914330556
0.837564745990993	3.08118067787888
0.837964729155268	3.0732588980351
0.838364712319542	3.0655255909043
0.838764695483817	3.05796213367132
0.839164678648091	3.05054925604337
0.839564661812366	3.04326680386631
0.83996464497664	3.0360937679305
0.840364628140915	3.02900841656583
0.84076461130519	3.0219885175697
0.841164594469464	3.01501152559765
0.841564577633739	3.00805449365781
0.841964560798013	3.0010936759598
0.842364543962288	2.99410438173552
0.842764527126563	2.98706124783745
0.843164510290837	2.97993891913609
0.843564493455112	2.9727130438066
0.843964476619386	2.96536136822625
0.844364459783661	2.957864412393
0.844764442947936	2.95020580288643
0.84516442611221	2.94237201677733
0.845564409276485	2.93435165796409
0.845964392440759	2.92613485894292
0.846364375605034	2.91771320152115
0.846764358769308	2.90908013544124
0.847164341933583	2.90023192944375
0.847564325097858	2.89116884755908
0.847964308262132	2.88189606646148
0.848364291426407	2.87242394648452
0.848764274590681	2.86276759517067
0.849164257754956	2.8529457332587
0.849564240919231	2.84297915815028
0.849964224083505	2.83288910145454
0.85036420724778	2.82269580461894
0.850764190412054	2.81241775058559
0.851164173576329	2.80207166154218
0.851564156740604	2.79167326460617
0.851964139904878	2.78123845533246
0.852364123069153	2.77078447888937
0.852764106233427	2.76033071685747
0.853164089397702	2.74989900777559
0.853564072561977	2.73951333295769
0.853964055726251	2.72919891906664
0.854364038890526	2.71898112870639
0.8547640220548	2.70888438203967
0.855164005219075	2.69893125840396
0.855563988383349	2.68914203220464
0.855963971547624	2.6795344553347
0.856363954711899	2.670123770408
0.856763937876173	2.66092279494351
0.857163921040448	2.65194195074664
0.857563904204722	2.64318916903304
0.857963887368997	2.63466968151261
0.858363870533272	2.62638591615525
0.858763853697546	2.6183374817834
0.859163836861821	2.61052159303071
0.859563820026095	2.60293374731561
0.85996380319037	2.59556853579894
0.860363786354645	2.58842033714602
0.860763769518919	2.58148392804162
0.861163752683194	2.57475441194396
0.861563735847468	2.56822662232921
0.861963719011743	2.56189428316991
0.862363702176018	2.55574929835003
0.862763685340292	2.54978129895894
0.863163668504567	2.5439780279341
0.863563651668841	2.53832632835555
0.863963634833116	2.53281337581633
0.86436361799739	2.52742779715634
0.864763601161665	2.52216042984163
0.86516358432594	2.51700431507479
0.865563567490214	2.51195405529914
0.865963550654489	2.50700504614456
0.866363533818763	2.50215289009265
0.866763516983038	2.4973931264305
0.867163500147313	2.49272147603335
0.867563483311587	2.48813446307208
0.867963466475862	2.48363000577346
0.868363449640136	2.47920804747149
0.868763432804411	2.47487119890488
0.869163415968686	2.47062519439454
0.86956339913296	2.46647902833031
0.869963382297235	2.46244499227469
0.870363365461509	2.45853833352719
0.870763348625784	2.45477618362281
0.871163331790059	2.45117597206576
0.871563314954333	2.44775358494741
0.871963298118608	2.44452166847657
0.872363281282882	2.44148845890349
0.872763264447157	2.43865742872323
0.873163247611431	2.43602757177824
0.873563230775706	2.43359431042373
0.873963213939981	2.43135072969877
0.874363197104255	2.429288750351
0.87476318026853	2.42740007345479
0.875163163432804	2.4256769879255
0.875563146597079	2.42411302924808
0.875963129761354	2.42270352138854
0.876363112925628	2.4214457655568
0.876763096089903	2.42033891450018
0.877163079254177	2.41938347358608
0.877563062418452	2.41858060420953
0.877963045582727	2.41793160312794
0.878363028747001	2.41743782366235
0.878763011911276	2.41710097119919
0.87916299507555	2.41692386935122
0.879562978239825	2.41691139865925
0.8799629614041	2.41707100461526
0.880362944568374	2.41741245328264
0.880762927732649	2.41794686247708
0.881162910896923	2.41868492198593
0.881562894061198	2.41963475330233
0.881962877225473	2.42080018056559
0.882362860389747	2.42217972881024
0.882762843554022	2.42376645525984
0.883162826718296	2.42554886589471
0.883562809882571	2.42751253631982
0.883962793046845	2.42964179262655
0.88436277621112	2.43192136753496
0.884762759375395	2.43433791734345
0.885162742539669	2.43688106173166
0.885562725703944	2.43954404495667
0.885962708868218	2.44232405944387
0.886362692032493	2.44522194910814
0.886762675196768	2.4482415148321
0.887162658361042	2.45138849853853
0.887562641525317	2.45466926930414
0.887962624689591	2.45808941643826
0.888362607853866	2.46165284109553
0.88876259101814	2.46536129806667
0.889162574182415	2.46921458334742
0.88956255734669	2.47321134425769
0.889962540510964	2.47734989714235
0.890362523675239	2.48162859580753
0.890762506839514	2.4860460934098
0.891162490003788	2.49060122119388
0.891562473168063	2.49529242034339
0.891962456332337	2.50011718186473
0.892362439496612	2.50507188373082
0.892762422660886	2.51015170830335
0.893162405825161	2.51535056614825
0.893562388989436	2.52066093593554
0.89396237215371	2.52607356446246
0.894362355317985	2.53157695402642
0.894762338482259	2.53715727748236
0.895162321646534	2.5427987132167
0.895562304810809	2.54848413620853
0.895962287975083	2.55419611903808
0.896362271139358	2.55991800793243
0.896762254303632	2.56563464303341
0.897162237467907	2.57133257646193
0.897562220632181	2.57699964726697
0.897962203796456	2.58262426050382
0.898362186960731	2.58819467109241
0.898762170125005	2.59369838571626
0.89916215328928	2.59912163558803
0.899562136453554	2.60444938054089
0.899962119617829	2.6096656371278
0.900362102782104	2.61475388594043
0.900762085946378	2.61969775148125
0.901162069110653	2.62448204192808
0.901562052274927	2.62909342140626
0.901962035439202	2.63352099188605
0.902362018603477	2.63775685568922
0.902762001767751	2.64179595370649
0.903161984932026	2.64343555408012
0.9035619680963	2.64473897456373
0.903961951260575	2.64574601112871
0.90436193442485	2.6464944548105
0.904761917589124	2.64701880808646
0.905161900753399	2.64734948119197
0.905561883917673	2.6475124903112
0.905961867081948	2.64752952624558
0.906361850246223	2.64741826929569
0.906761833410497	2.64719285963839
0.907161816574772	2.64686441866825
0.907561799739046	2.64644156357008
0.907961782903321	2.64593089143225
0.908361766067595	2.64533740992094
0.90876174923187	2.64466487494135
0.909161732396145	2.64391604010479
0.909561715560419	2.6430928267573
0.909961698724694	2.64219644742994
0.910361681888968	2.641227510173
0.910761665053243	2.64018612451201
0.911161648217518	2.63907200162635
0.911561631381792	2.63788455751075
0.911961614546067	2.63662300939818
0.912361597710341	2.63528644253891
0.912761580874616	2.6338738379469
0.913161564038891	2.6323840813461
0.913561547203165	2.63081596323012
0.91396153036744	2.62916818908981
0.914361513531714	2.62743940288511
0.914761496695989	2.62562821971701
0.915161479860264	2.62373325881114
0.915561463024538	2.6217531723998
0.915961446188813	2.61968666013205
0.916361429353087	2.61753247397627
0.916761412517362	2.61528942415632
0.917161395681636	2.61295638787815
0.917561378845911	2.61053232048086
0.917961362010186	2.60801626497752
0.91836134517446	2.60540734754179
0.918761328338735	2.60270476053538
0.919161311503009	2.5999077377406
0.919561294667284	2.59701552723114
0.919961277831559	2.59402737088424
0.920361260995833	2.59094250178569
0.920761244160108	2.58776015602277
0.921161227324382	2.5844795966462
0.921561210488657	2.5811001393674
0.921961193652931	2.57762116868922
0.922361176817206	2.57404214053269
0.922761159981481	2.5703625762401
0.923161143145755	2.56658204917718
0.92356112631003	2.56270016974225
0.923961109474305	2.55871656943623
0.924361092638579	2.55463088544361
0.924761075802854	2.55044274637732
0.925161058967128	2.54615176260013
0.925561042131403	2.54175752214282
0.925961025295677	2.53725959618273
0.926361008459952	2.53265755372076
0.926760991624227	2.52795098504535
0.927160974788501	2.52313952682569
0.927560957952776	2.5182228827942
0.92796094111705	2.51320082991212
0.928360924281325	2.50807321056429
0.9287609074456	2.50283991178932
0.929160890609874	2.49750083787247
0.929560873774149	2.49205588644802
0.929960856938423	2.48650493491584
0.930360840102698	2.48084783536226
0.930760823266973	2.47508441895293
0.931160806431247	2.46921450791875
0.931560789595522	2.46323792821458
0.931960772759796	2.45715451922205
0.932360755924071	2.45096414330206
0.932760739088345	2.44466669468116
0.93316072225262	2.43826210783515
0.933560705416895	2.43175036623053
0.933960688581169	2.42513151158523
0.934360671745444	2.41840565265466
0.934760654909718	2.41157296968878
0.935160638073993	2.40463371436236
0.935560621238268	2.39758820476924
0.935960604402542	2.39043681931612
0.936360587566817	2.38317998652278
0.936760570731091	2.37581817466333
0.937160553895366	2.36835188330571
0.937560537059641	2.36078163504987
0.937960520223915	2.35310796643091
0.93836050338819	2.34533142271303
0.938760486552464	2.33745255431256
0.939160469716739	2.32947191341821
0.939560452881014	2.3213900563419
0.939960436045288	2.31320755094139
0.940360419209563	2.30492498326156
0.940760402373837	2.29654296315395
0.941160385538112	2.28806212413118
0.941560368702386	2.27948311233706
0.941960351866661	2.27080656469578
0.942360335030936	2.26203308716882
0.94276031819521	2.25316323957517
0.943160301359485	2.24419753193252
0.943560284523759	2.23513643551561
0.943960267688034	2.22598040410727
0.944360250852309	2.21672990018148
0.944760234016583	2.20738541413177
0.945160217180858	2.19794746847749
0.945560200345132	2.18841660737015
0.945960183509407	2.17879337878376
0.946360166673682	2.16907831189421
0.946760149837956	2.15927189644276
0.947160133002231	2.14937457440384
0.947560116166505	2.13938674007527
0.94796009933078	2.12930874305021
0.948360082495055	2.11914089632562
0.948760065659329	2.1088834866368
0.949160048823604	2.09853678003631
0.949560031987878	2.08810102795063
0.949960015152153	2.07757648285808
