0	1.66757739430719
0.000399983164274591	1.66732813650609
0.000799966328549181	1.66706402318708
0.00119994949282377	1.66678526255168
0.00159993265709836	1.6664920932651
0.00199991582137295	1.66618479512225
0.00239989898564754	1.66586369259472
0.00279988214992213	1.66552915128428
0.00319986531419673	1.66518156768728
0.00359984847847132	1.66482136092721
0.00399983164274591	1.66444895586149
0.0043998148070205	1.66406475473747
0.00479979797129509	1.66366911068859
0.00519978113556968	1.66326230828519
0.00559976429984427	1.66284454929902
0.00599974746411886	1.66241595896018
0.00639973062839345	1.66197661542198
0.00679971379266804	1.66152658661821
0.00719969695694263	1.66106596867899
0.00759968012121722	1.66059492217783
0.00799966328549181	1.66011369172365
0.0083996464497664	1.65962260501384
0.00879962961404099	1.65912206023186
0.00919961277831559	1.65861250646243
0.00959959594259018	1.6580944197093
0.00999957910686477	1.6575682862767
0.0103995622711394	1.65703459337882
0.0107995454354139	1.6564938254008
0.0111995285996885	1.65594646382643
0.0115995117639631	1.65539298853154
0.0119994949282377	1.65483387652895
0.0123994780925123	1.65426960145084
0.0127994612567869	1.65370063154474
0.0131994444210615	1.65312742696286
0.0135994275853361	1.65255043790637
0.0139994107496107	1.65197010481705
0.0143993939138853	1.65138685735616
0.0147993770781599	1.65080111388052
0.0151993602424344	1.65021327940482
0.015599343406709	1.64962374301588
0.0159993265709836	1.64903287683223
0.0163993097352582	1.64844104024274
0.0167992928995328	1.64784858509989
0.0171992760638074	1.64725586254428
0.017599259228082	1.64666323249037
0.0179992423923566	1.64607107285267
0.0183992255566312	1.64547978308561
0.0187992087209058	1.64488978612303
0.0191991918851804	1.6443015282564
0.0195991750494549	1.64371547516944
0.0199991582137295	1.64313210510722
0.0203991413780041	1.64255190226587
0.0207991245422787	1.64197534829454
0.0211991077065533	1.64140291309197
0.0215990908708279	1.64083504841535
0.0219990740351025	1.6402721861697
0.0223990571993771	1.63971473740614
0.0227990403636517	1.63916309629139
0.0231990235279263	1.63861764262893
0.0235990066922009	1.63807873930619
0.0239989898564754	1.63754672255809
0.02439897302075	1.63702188729526
0.0247989561850246	1.63650446517582
0.0251989393492992	1.63599460707325
0.0255989225135738	1.63549237549935
0.0259989056778484	1.63499775070063
0.026398888842123	1.63451064739073
0.0267988720063976	1.63403093671748
0.0271988551706722	1.63355845981022
0.0275988383349468	1.63309302911425
0.0279988214992213	1.6326344132073
0.0283988046634959	1.6321823117484
0.0287987878277705	1.63173633006501
0.0291987709920451	1.63129596797478
0.0295987541563197	1.6308606230235
0.0299987373205943	1.63042960557221
0.0303987204848689	1.63000216187375
0.0307987036491435	1.62957749861798
0.0311986868134181	1.62915480122713
0.0315986699776927	1.62873324392069
0.0319986531419673	1.62831199286536
0.0323986363062418	1.62789020912012
0.0327986194705164	1.62746704915401
0.033198602634791	1.62704166367467
0.0335985857990656	1.62661319414933
0.0339985689633402	1.62618076870856
0.0343985521276148	1.62574349567353
0.0347985352918894	1.62530045276468
0.035198518456164	1.62485067351824
0.0355985016204386	1.62439312867506
0.0359984847847132	1.62392670029832
0.0363984679489878	1.62345014268027
0.0367984511132623	1.62296203844949
0.0371984342775369	1.62246076169322
0.0375984174418115	1.62194444906732
0.0379984006060861	1.62141098274765
0.0383983837703607	1.62085798398832
0.0387983669346353	1.62028281024249
0.0391983500989099	1.61968254923551
0.0395983332631845	1.61905400983707
0.0399983164274591	1.61839371333171
0.0403982995917337	1.6176978847929
0.0407982827560083	1.61696246690346
0.0411982659202828	1.61618316495442
0.0415982490845574	1.61535551869184
0.041998232248832	1.61447499578397
0.0423982154131066	1.61353711789426
0.0427981985773812	1.6125376209348
0.0431981817416558	1.61147264990301
0.0435981649059304	1.61033901847984
0.043998148070205	1.60913456125687
0.0443981312344796	1.60785859330514
0.0447981143987542	1.60651248734485
0.0451980975630287	1.60510033932184
0.0455980807273033	1.60362963250601
0.0459980638915779	1.60211173795005
0.0463980470558525	1.60056198471244
0.0467980302201271	1.59899885626206
0.0471980133844017	1.59744170309794
0.0475979965486763	1.59721180589413
0.0479979797129509	1.59708960718712
0.0483979628772255	1.59707898600754
0.0487979460415001	1.597182699898
0.0491979292057747	1.59740301734251
0.0495979123700492	1.5977422960422
0.0499978955343238	1.5982033552865
0.0503978786985984	1.59878952114333
0.050797861862873	1.59950424869081
0.0511978450271476	1.60035073021201
0.0515978281914222	1.60133143524241
0.0519978113556968	1.6024474539699
0.0523977945199714	1.60369800592289
0.052797777684246	1.60508014137733
0.0531977608485206	1.60658835293618
0.0535977440127952	1.60821453217922
0.0539977271770697	1.60994845501627
0.0543977103413443	1.61177837951425
0.0547976935056189	1.61369185096181
0.0551976766698935	1.61567684535169
0.0555976598341681	1.61772273425469
0.0559976429984427	1.61982087929556
0.0563976261627173	1.62196512600465
0.0567976093269919	1.62415199525923
0.0571975924912665	1.62638046285973
0.0575975756555411	1.6286517330774
0.0579975588198157	1.63096899341374
0.0583975419840902	1.63333711442486
0.0587975251483648	1.63576223531117
0.0591975083126394	1.63825122435091
0.059597491476914	1.64081087853431
0.0599974746411886	1.64344713304165
0.0603974578054632	1.64616428083412
0.0607974409697378	1.64896433539384
0.0611974241340124	1.65184659395458
0.061597407298287	1.65480745159336
0.0619973904625616	1.65784040998964
0.0623973736268362	1.66093598575062
0.0627973567911107	1.66408142370802
0.0631973399553853	1.66726045747625
0.0635973231196599	1.67045337768853
0.0639973062839345	1.67363737236095
0.0643972894482091	1.67678726491166
0.0647972726124837	1.67987672605309
0.0651972557767583	1.68287979671967
0.0655972389410329	1.6857723815428
0.0659972221053075	1.68853338966022
0.0663972052695821	1.69114543675698
0.0667971884338567	1.69359516584564
0.0671971715981312	1.69587309654807
0.0675971547624058	1.69797313571056
0.0679971379266804	1.69989174243113
0.068397121090955	1.70162701009283
0.0687971042552296	1.70317783677297
0.0691970874195042	1.70454333534288
0.0695970705837788	1.70572252372758
0.0699970537480534	1.70671431712904
0.070397036912328	1.70751794496172
0.0707970200766026	1.70813314214023
0.0711970032408771	1.70856000586518
0.0715969864051517	1.70879862403607
0.0719969695694263	1.70884854256617
0.0723969527337009	1.70870802869926
0.0727969358979755	1.70837384752022
0.0731969190622501	1.70784167733033
0.0735969022265247	1.70710703093335
0.0739968853907993	1.70616661298298
0.0743968685550739	1.70501967722362
0.0747968517193485	1.70366849870258
0.0751968348836231	1.70211796282288
0.0755968180478976	1.70037430942599
0.0759968012121722	1.69844324578714
0.0763967843764468	1.69632802969441
0.0767967675407214	1.69402832935798
0.077196750704996	1.69153996873316
0.0775967338692706	1.68885551548732
0.0779967170335452	1.68596568170142
0.0783967001978198	1.68286108925424
0.0787966833620944	1.67953399890587
0.079196666526369	1.67597975147075
0.0795966496906435	1.67219767825089
0.0799966328549181	1.66819133955994
0.0803966160191927	1.66396820629942
0.0807965991834673	1.65953888362463
0.0811965823477419	1.654916128399
0.0815965655120165	1.65011398760517
0.0819965486762911	1.64514725663269
0.0823965318405657	1.64003122550794
0.0827965150048403	1.63478195317944
0.0831964981691149	1.62941666808915
0.0835964813333895	1.62395393326902
0.083996464497664	1.61841343597265
0.0843964476619386	1.61281549956921
0.0847964308262132	1.60718037255287
0.0851964139904878	1.60152758265757
0.0855963971547624	1.5958755274612
0.085996380319037	1.59024135805104
0.0863963634833116	1.58464092071117
0.0867963466475862	1.57908857916882
0.0871963298118608	1.5735967972211
0.0875963129761354	1.56817582599959
0.0879962961404099	1.56283341101984
0.0883962793046845	1.55757475656675
0.0887962624689591	1.55240282036186
0.0891962456332337	1.54731878442615
0.0895962287975083	1.54232242541226
0.0899962119617829	1.53741242570303
0.0903961951260575	1.53258648574694
0.0907961782903321	1.52784128055189
0.0911961614546067	1.52317268222768
0.0915961446188813	1.51857643647131
0.0919961277831559	1.51404906937477
0.0923961109474305	1.50958910859064
0.092796094111705	1.50519824905856
0.0931960772759796	1.500881968594
0.0935960604402542	1.49664934235335
0.0939960436045288	1.49251218392826
0.0943960267688034	1.48848365160791
0.094796009933078	1.48457687044554
0.0951959930973526	1.48080371886119
0.0955959762616272	1.47717397224221
0.0959959594259018	1.47369511715285
0.0963959425901764	1.47037266646782
0.096795925754451	1.46721062187427
0.0971959089187255	1.46421207364805
0.0975958920830001	1.4613798761261
0.0979958752472747	1.45871727910249
0.0983958584115493	1.45622845618662
0.0987958415758239	1.453918880304
0.0991958247400985	1.45179543716118
0.0995958079043731	1.44986652528611
0.0999957910686477	1.44814203804791
0.100395774232922	1.44663292917636
0.100795757397197	1.44535030724452
0.101195740561471	1.44430429181265
0.101595723725746	1.44350274372685
0.101995706890021	1.44294987894231
0.102395690054295	1.44264519605155
0.10279567321857	1.44258313566709
0.103195656382844	1.44275347915889
0.103595639547119	1.44314238545737
0.103995622711394	1.44373400859671
0.104395605875668	1.44451238959923
0.104795589039943	1.44546309618034
0.105195572204217	1.44657458426931
0.105595555368492	1.4478391247561
0.105995538532767	1.44925304989392
0.106395521697041	1.45081663803699
0.106795504861316	1.45253394938385
0.10719548802559	1.45441215117087
0.107595471189865	1.45646047759958
0.107995454354139	1.45868935874994
0.108395437518414	1.46110960163657
0.108795420682689	1.46373144167825
0.109195403846963	1.46656390145508
0.109595387011238	1.46961443047385
0.109995370175512	1.47288847676237
0.110395353339787	1.47638919724842
0.110795336504062	1.48011750258529
0.111195319668336	1.48407229571612
0.111595302832611	1.48825074945977
0.111995285996885	1.49264868339853
0.11239526916116	1.49726085963247
0.112795252325435	1.50208102633483
0.113195235489709	1.50710187977881
0.113595218653984	1.51231501752999
0.113995201818258	1.51771091115353
0.114395184982533	1.52327891081905
0.114795168146808	1.52900729836455
0.115195151311082	1.53488335595908
0.115595134475357	1.54089330303911
0.115995117639631	1.54702210187198
0.116395100803906	1.55325329595101
0.11679508396818	1.55956896448099
0.117195067132455	1.56594989768773
0.11759505029673	1.572376027823
0.117995033461004	1.5788270335741
0.118395016625279	1.58528272501455
0.118794999789553	1.59172335915596
0.119194982953828	1.59812983695009
0.119594966118103	1.60448368392326
0.119994949282377	1.61076700679067
0.120394932446652	1.61696283915923
0.120794915610926	1.62305569530797
0.121194898775201	1.62903218464664
0.121594881939476	1.63488157505797
0.12199486510375	1.64059602741044
0.122394848268025	1.64617021257736
0.122794831432299	1.65160072265499
0.123194814596574	1.65688522779455
0.123594797760849	1.66202142193321
0.123994780925123	1.66700634565055
0.124394764089398	1.67183626422717
0.124794747253672	1.67650671500947
0.125194730417947	1.68101281815127
0.125594713582221	1.68534983792232
0.125994696746496	1.68951363633442
0.126394679910771	1.69350101461187
0.126794663075045	1.69731035712036
0.12719464623932	1.70094224020022
0.127594629403594	1.70439975234982
0.127994612567869	1.70768873393045
0.128394595732144	1.71081760415205
0.128794578896418	1.71379622537055
0.129194562060693	1.71663427268713
0.129594545224967	1.71933973839119
0.129994528389242	1.72191755586746
0.130394511553517	1.72436883807712
0.130794494717791	1.72669107338032
0.131194477882066	1.72887884642117
0.13159446104634	1.73092470763147
0.131994444210615	1.73282034313158
0.13239442737489	1.73455761152352
0.132794410539164	1.73612904446863
0.133194393703439	1.73752816305019
0.133594376867713	1.73874989299884
0.133994360031988	1.73979053202911
0.134394343196262	1.74064754451973
0.134794326360537	1.74131932656864
0.135194309524812	1.74180490365435
0.135594292689086	1.74210359537502
0.135994275853361	1.74221506867978
0.136394259017635	1.74213955739002
0.13679424218191	1.74187816230307
0.137194225346185	1.74143319813732
0.137594208510459	1.7408084904589
0.137994191674734	1.74000913107353
0.138394174839008	1.73904087197959
0.138794158003283	1.73790945804661
0.139194141167558	1.73662011610712
0.139594124331832	1.73517710987646
0.139994107496107	1.73358368448874
0.140394090660381	1.73184248772114
0.140794073824656	1.72995634438343
0.141194056988931	1.72792905070292
0.141594040153205	1.7257661507934
0.14199402331748	1.723475490212
0.142394006481754	1.72106738910068
0.142793989646029	1.71855454724162
0.143193972810303	1.71595183219488
0.143593955974578	1.71327594664847
0.143993939138853	1.71054531363298
0.144393922303127	1.70778027179119
0.144793905467402	1.70500322204309
0.145193888631676	1.70223866278757
0.145593871795951	1.69951297464701
0.145993854960226	1.69685381166232
0.1463938381245	1.69428910139424
0.146793821288775	1.69184592725677
0.147193804453049	1.68954948700751
0.147593787617324	1.68742248832245
0.147993770781599	1.6854849012375
0.148393753945873	1.68375387721449
0.148793737110148	1.6822438559869
0.149193720274422	1.68096664853707
0.149593703438697	1.67993108196927
0.149993686602972	1.67914246318911
0.150393669767246	1.67860209794465
0.150793652931521	1.67830678065371
0.151193636095795	1.67824850055592
0.15159361926007	1.67841482287017
0.151993602424344	1.67878951388475
0.152393585588619	1.67935337449229
0.152793568752894	1.68008523288596
0.153193551917168	1.68096282801823
0.153593535081443	1.68196342080059
0.153993518245717	1.68306419081498
0.154393501409992	1.68424242118257
0.154793484574267	1.68547558852723
0.155193467738541	1.68674156483166
0.155593450902816	1.68801905568891
0.15599343406709	1.68928832418238
0.156393417231365	1.69053212775293
0.15679340039564	1.6917365119444
0.157193383559914	1.69289166018901
0.157593366724189	1.69399220749357
0.157993349888463	1.69503669637596
0.158393333052738	1.69602648850239
0.158793316217013	1.69696441311763
0.159193299381287	1.69785286658416
0.159593282545562	1.69869217703982
0.159993265709836	1.69947985517366
0.160393248874111	1.70021045007383
0.160793232038385	1.70087606502606
0.16119321520266	1.70146773524269
0.161593198366935	1.70197698784402
0.161993181531209	1.70239728301692
0.162393164695484	1.702725364422
0.162793147859758	1.70296213604371
0.163193131024033	1.70311264150539
0.163593114188308	1.70318555111233
0.163993097352582	1.70319242182401
0.164393080516857	1.70314667890232
0.164793063681131	1.70306267908151
0.165193046845406	1.70295513621171
0.165593030009681	1.70283892902699
0.165993013173955	1.70272894264605
0.16639299633823	1.70263983295716
0.166792979502504	1.70258560263606
0.167192962666779	1.70257901732499
0.167592945831053	1.70263093949007
0.167992928995328	1.70274992966702
0.168392912159603	1.70294232157167
0.168792895323877	1.70321278844269
0.169192878488152	1.70356528757659
0.169592861652426	1.70400411959635
0.169992844816701	1.70453461264683
0.170392827980976	1.7051632606594
0.17079281114525	1.70589739425216
0.171192794309525	1.70674443111608
0.171592777473799	1.70771084270833
0.171992760638074	1.70880110094296
0.172392743802349	1.71001671002176
0.172792726966623	1.71135542073605
0.173192710130898	1.71281090381759
0.173592693295172	1.71437286687062
0.173992676459447	1.71602769536949
0.174392659623722	1.71775976996941
0.174792642787996	1.71955324597004
0.175192625952271	1.72139361136886
0.175592609116545	1.72326885783256
0.17599259228082	1.72516995707263
0.176392575445094	1.72709054602274
0.176792558609369	1.72902609242678
0.177192541773644	1.7309728819149
0.177592524937918	1.73292692282181
0.177992508102193	1.73488337333814
0.178392491266467	1.73683653327361
0.178792474430742	1.73877995828031
0.179192457595017	1.74070661280125
0.179592440759291	1.74260917079716
0.179992423923566	1.74448010116408
0.18039240708784	1.74631172839299
0.180792390252115	1.7480963753864
0.18119237341639	1.74982672175997
0.181592356580664	1.75149630241726
0.181992339744939	1.75310012831746
0.182392322909213	1.75463500862655
0.182792306073488	1.75609976773463
0.183192289237763	1.75749546379928
0.183592272402037	1.75882560634659
0.183992255566312	1.76009617722289
0.184392238730586	1.76131539529384
0.184792221894861	1.7624932345772
0.185192205059136	1.76364064027371
0.18559218822341	1.76476835918269
0.185992171387685	1.76588568776058
0.186392154551959	1.76699955669675
0.186792137716234	1.76811414889325
0.187192120880508	1.76923094690667
0.187592104044783	1.77034929294964
0.187992087209058	1.77146714426453
0.188392070373332	1.77258166015818
0.188792053537607	1.77368951391132
0.189192036701881	1.7747868725748
0.189592019866156	1.77586911598769
0.189992003030431	1.77693066024794
0.190391986194705	1.77796497510089
0.19079196935898	1.77896464285396
0.191191952523254	1.77992154841969
0.191591935687529	1.780827079243
0.191991918851804	1.78167220365462
0.192391902016078	1.78244740390833
0.192791885180353	1.78314263572893
0.193191868344627	1.78374742054233
0.193591851508902	1.78425125525265
0.193991834673176	1.78464429788676
0.194391817837451	1.78491820502638
0.194791801001726	1.78506715419391
0.195191784166	1.78508877066438
0.195591767330275	1.7849845419761
0.195991750494549	1.78475963818801
0.196391733658824	1.78442233986894
0.196791716823099	1.78398314136227
0.197191699987373	1.78345360743259
0.197591683151648	1.78284543437427
0.197991666315922	1.78216989846883
0.198391649480197	1.78143745883098
0.198791632644472	1.7806574366451
0.199191615808746	1.77983778284838
0.199591598973021	1.77898473795203
0.199991582137295	1.77810237881842
0.20039156530157	1.77719247247884
0.200791548465845	1.77625447411338
0.201191531630119	1.77528562928699
0.201591514794394	1.77428149366076
0.201991497958668	1.77323684501168
0.202391481122943	1.77214634934453
0.202791464287217	1.77100484956979
0.203191447451492	1.7698074686705
0.203591430615767	1.76854942054089
0.203991413780041	1.76722553409252
0.204391396944316	1.76582983928106
0.20479138010859	1.76435532321529
0.205191363272865	1.7627939120043
0.20559134643714	1.76113679055401
0.205991329601414	1.7593750972361
0.206391312765689	1.75750071970128
0.206791295929963	1.7555070532307
0.207191279094238	1.75338975279481
0.207591262258513	1.75114736816983
0.207991245422787	1.74878138085751
0.208391228587062	1.74629597807961
0.208791211751336	1.74369776550324
0.209191194915611	1.74099545649132
0.209591178079886	1.73819937107424
0.20999116124416	1.73532100228187
0.210391144408435	1.73237261253939
0.210791127572709	1.72936704185469
0.211191110736984	1.72631740029579
0.211591093901258	1.72323654475618
0.211991077065533	1.72013629387571
0.212391060229808	1.71702677638406
0.212791043394082	1.71391583232762
0.213191026558357	1.71080867043075
0.213591009722631	1.70770767050707
0.213990992886906	1.70461259774257
0.214390976051181	1.70152105527518
0.214790959215455	1.69842906705551
0.21519094237973	1.6953315145116
0.215590925544004	1.69222263358133
0.215990908708279	1.68909661117797
0.216390891872554	1.68594823050332
0.216790875036828	1.68277343086976
0.217190858201103	1.67956975498478
0.217590841365377	1.67633643994222
0.217990824529652	1.6730741613233
0.218390807693927	1.66978427723431
0.218790790858201	1.66646776376476
0.219190774022476	1.66312427116944
0.21959075718675	1.65975136170888
0.219990740351025	1.65634410781653
0.220390723515299	1.65289522788331
0.220790706679574	1.6493955393448
0.221190689843849	1.64583446404308
0.221590673008123	1.64220056859276
0.221990656172398	1.63848206973373
0.222390639336672	1.63466718711306
0.222790622500947	1.63074443991021
0.223190605665222	1.62670313253917
0.223590588829496	1.62253392510901
0.223990571993771	1.61822921989424
0.224390555158045	1.61378323860465
0.22479053832232	1.60919192661793
0.225190521486595	1.60445262945144
0.225590504650869	1.59956379095149
0.225990487815144	1.59452485096232
0.226390470979418	1.58933630200913
0.226790454143693	1.58399988715103
0.227190437307968	1.57851900138905
0.227590420472242	1.57289921060478
0.227990403636517	1.56714862071337
0.228390386800791	1.56127821389189
0.228790369965066	1.55530214515258
0.22919035312934	1.54923779065597
0.229590336293615	1.54310562048253
0.22999031945789	1.53692895130203
0.230390302622164	1.53073351337023
0.230790285786439	1.52454687087858
0.231190268950713	1.51839776262028
0.231590252114988	1.51231556089979
0.231990235279263	1.50632998953184
0.232390218443537	1.50047113495405
0.232790201607812	1.49476941585023
0.233190184772086	1.48925545889483
0.233590167936361	1.48395975240469
0.233990151100636	1.47891220726359
0.23439013426491	1.47414167293709
0.234790117429185	1.46967540758947
0.235190100593459	1.46553855685326
0.235590083757734	1.46175368746999
0.235990066922009	1.45834028753863
0.236390050086283	1.45531422794303
0.236790033250558	1.45268735829569
0.237190016414832	1.45046737077132
0.237589999579107	1.44865780550251
0.237989982743381	1.44725817456152
0.238389965907656	1.44626413099125
0.238789949071931	1.44566765243034
0.239189932236205	1.4454571858511
0.23958991540048	1.44561778496927
0.239989898564754	1.4461312416362
0.240389881729029	1.44697642096417
0.240789864893304	1.44812975976881
0.241189848057578	1.4495658154554
0.241589831221853	1.45125768375131
0.241989814386127	1.45317722192616
0.242389797550402	1.45529517769027
0.242789780714677	1.45758151745147
0.243189763878951	1.46000592900932
0.243589747043226	1.46253855822391
0.2439897302075	1.46515116293081
0.244389713371775	1.46781842924439
0.24478969653605	1.47051900741879
0.245189679700324	1.47323620207267
0.245589662864599	1.47595817864028
0.245989646028873	1.47867751442478
0.246389629193148	1.48139015911067
0.246789612357422	1.48409431069613
0.247189595521697	1.48678921743399
0.247589578685972	1.48947426943424
0.247989561850246	1.49214860793145
0.248389545014521	1.49481109776459
0.248789528178795	1.49746043848047
0.24918951134307	1.50009532918341
0.249589494507345	1.50271448715617
0.249989477671619	1.50531648255394
0.250389460835894	1.50789948763933
0.250789444000168	1.51046103817779
0.251189427164443	1.51299796545748
0.251589410328718	1.51550676930544
0.251989393492992	1.51798420610761
0.252389376657267	1.52042810902207
0.252789359821541	1.52283833168953
0.253189342985816	1.52521755464579
0.25358932615009	1.52757183108689
0.253989309314365	1.5299104238461
0.25438929247864	1.53224468609608
0.254789275642914	1.53458614895252
0.255189258807189	1.53694452584623
0.255589241971463	1.53932577107151
0.255989225135738	1.54173070400913
0.256389208300013	1.54415482660541
0.256789191464287	1.54658936699361
0.257189174628562	1.54902300758708
0.257589157792836	1.55144400230442
0.257989140957111	1.55384192703197
0.258389124121386	1.55620869433089
0.25878910728566	1.55853887411449
0.259189090449935	1.56082953238792
0.259589073614209	1.56307951052638
0.259989056778484	1.56528889563942
0.260389039942759	1.56745886374838
0.260789023107033	1.56959166197643
0.261189006271308	1.5716906117034
0.261588989435582	1.57376024986045
0.261988972599857	1.57580632940074
0.262388955764132	1.577835658966
0.262788938928406	1.57985591851197
0.263188922092681	1.58187540192323
0.263588905256955	1.58390275432237
0.26398888842123	1.58594708134823
0.264388871585504	1.58801811113729
0.264788854749779	1.59012614756575
0.265188837914054	1.59228191752395
0.265588821078328	1.59449642155124
0.265988804242603	1.59678046626314
0.266388787406877	1.59914414784037
0.266788770571152	1.60159651889912
0.267188753735427	1.60414544256194
0.267588736899701	1.60679737803411
0.267988720063976	1.60955729132817
0.26838870322825	1.61242857588152
0.268788686392525	1.61541284784109
0.2691886695568	1.6185096456518
0.269588652721074	1.62171629620077
0.269988635885349	1.62502794639216
0.270388619049623	1.62843777990544
0.270788602213898	1.63193746512998
0.271188585378172	1.6355176792782
0.271588568542447	1.63916850096207
0.271988551706722	1.6428798437082
0.272388534870996	1.64664195742336
0.272788518035271	1.65044584108782
0.273188501199545	1.65428366763448
0.27358848436382	1.65814932031201
0.273988467528095	1.66203876290815
0.274388450692369	1.66594992474761
0.274788433856644	1.66988234199541
0.275188417020918	1.67383659386144
0.275588400185193	1.6778135582112
0.275988383349468	1.68181363425938
0.276388366513742	1.68583626169184
0.276788349678017	1.68987968953454
0.277188332842291	1.69394095685866
0.277588316006566	1.69801584713671
0.277988299170841	1.70209863398697
0.278388282335115	1.70618162426341
0.27878826549939	1.71025486809597
0.279188248663664	1.71430607983278
0.279588231827939	1.71832087253553
0.279988214992213	1.72228346426165
0.280388198156488	1.72617789576045
0.280788181320763	1.72998939635674
0.281188164485037	1.73370554514819
0.281588147649312	1.73731711363223
0.281988130813586	1.74081830739213
0.282388113977861	1.74420616212871
0.282788097142136	1.74747939419466
0.28318808030641	1.75063714017548
0.283588063470685	1.75367770391302
0.283988046634959	1.75659768173562
0.284388029799234	1.75939184221861
0.284788012963509	1.76205352557704
0.285187996127783	1.76457536801329
0.285587979292058	1.766950389848
0.285987962456332	1.76917305269102
0.286387945620607	1.77123998672533
0.286787928784882	1.77315045433336
0.287187911949156	1.77490650023829
0.287587895113431	1.77651250319738
0.287987878277705	1.7779745037328
0.28838786144198	1.77929954776108
0.288787844606255	1.78049493870006
0.289187827770529	1.7815676615074
0.289587810934804	1.78252433890743
0.289987794099078	1.78337163853267
0.290387777263353	1.78411666952111
0.290787760427627	1.78476721107225
0.291187743591902	1.78533166155035
0.291587726756177	1.78581880618975
0.291987709920451	1.78623746352592
0.292387693084726	1.786596228531
0.292787676249	1.78690355907014
0.293187659413275	1.78716827632975
0.29358764257755	1.78740007015084
0.293987625741824	1.78760974225398
0.294387608906099	1.78780906811036
0.294787592070373	1.78801023874429
0.295187575234648	1.78822495545867
0.295587558398923	1.78846380859601
0.295987541563197	1.78873610201185
0.296387524727472	1.78905006362564
0.296787507891746	1.78941354373318
0.297187491056021	1.78983508189711
0.297587474220295	1.79032466141711
0.29798745738457	1.79089398360874
0.298387440548845	1.79155639643963
0.298787423713119	1.79232623311149
0.299187406877394	1.79321751340438
0.299587390041668	1.79424252473974
0.299987373205943	1.79541045766818
0.300387356370218	1.79672608926196
0.300787339534492	1.7981888899962
0.301187322698767	1.79979298169805
0.301587305863041	1.80152762145166
0.301987289027316	1.80337808408452
0.302387272191591	1.80532695487006
0.302787255355865	1.80735567657823
0.30318723852014	1.80944561178581
0.303587221684414	1.81157873712868
0.303987204848689	1.81373807304722
0.304387188012963	1.81590800711748
0.304787171177238	1.81807446391458
0.305187154341513	1.82022521321847
0.305587137505787	1.82235026166205
0.305987120670062	1.82444248654082
0.306387103834336	1.82649828477279
0.306787086998611	1.82851802032468
0.307187070162886	1.83050591670369
0.30758705332716	1.83246956106644
0.307987036491435	1.8344187803159
0.308387019655709	1.83636420207448
0.308787002819984	1.83831571285482
0.309186985984259	1.84028121203377
0.309586969148533	1.84226580104281
0.309986952312808	1.84427162932935
0.310386935477082	1.84629817278371
0.310786918641357	1.84834279946557
0.311186901805632	1.85040160815775
0.311586884969906	1.85247026331439
0.311986868134181	1.85454448788213
0.312386851298455	1.85662029396684
0.31278683446273	1.85869393489565
0.313186817627005	1.86076165113859
0.313586800791279	1.86281930486392
0.313986783955554	1.86486216860473
0.314386767119828	1.86688480686291
0.314786750284103	1.86888111723645
0.315186733448377	1.87084469872656
0.315586716612652	1.87276945672308
0.315986699776927	1.87465024769221
0.316386682941201	1.87648357877295
0.316786666105476	1.87826813385135
0.31718664926975	1.88000486111151
0.317586632434025	1.88169679506371
0.3179866155983	1.88334872874686
0.318386598762574	1.8849666767207
0.318786581926849	1.88655751031278
0.319186565091123	1.88812884160745
0.319586548255398	1.88968873467656
0.319986531419673	1.89124529989174
0.320386514583947	1.89280651812634
0.320786497748222	1.89437993518943
0.321186480912496	1.89597207609774
0.321586464076771	1.89758800590367
0.321986447241046	1.89923126469316
0.32238643040532	1.90090382600159
0.322786413569595	1.90260628445079
0.323186396733869	1.90433829571686
0.323586379898144	1.90609899471122
0.323986363062418	1.90788732336523
0.324386346226693	1.90970244335813
0.324786329390968	1.91154397334405
0.325186312555242	1.91341180632364
0.325586295719517	1.91530565376039
0.325986278883791	1.91722444568854
0.326386262048066	1.91916538918952
0.326786245212341	1.92112309083215
0.327186228376615	1.92308917156051
0.32758621154089	1.92505255206175
0.327986194705164	1.92700015485299
0.328386177869439	1.9289179091732
0.328786161033714	1.9307916103544
0.329186144197988	1.93260744087394
0.329586127362263	1.93435210546955
0.329986110526537	1.93601265553052
0.330386093690812	1.9375763111474
0.330786076855086	1.93903057609125
0.331186060019361	1.94036378322652
0.331586043183636	1.94156590132603
0.33198602634791	1.94262929354011
0.332386009512185	1.94354925679583
0.332785992676459	1.94432422400425
0.333185975840734	1.94495549921085
0.333585959005009	1.94544675992162
0.333985942169283	1.94580361061842
0.334385925333558	1.94603325275642
0.334785908497832	1.9461443081206
0.335185891662107	1.94614686527067
0.335585874826382	1.94605250351568
0.335985857990656	1.9458740498223
0.336385841154931	1.9456251389988
0.336785824319205	1.94531964045126
0.33718580748348	1.94497082544371
0.337585790647755	1.94459052420417
0.337985773812029	1.94418852798898
0.338385756976304	1.94377216594049
0.338785740140578	1.94334615401854
0.339185723304853	1.94291299945303
0.339585706469128	1.94247376479606
0.339985689633402	1.94202910676214
0.340385672797677	1.94158065039002
0.340785655961951	1.94113250376554
0.341185639126226	1.94069248007292
0.3415856222905	1.94027259179439
0.341985605454775	1.93988869087871
0.34238558861905	1.93955924851199
0.342785571783324	1.93930360951591
0.343185554947599	1.93914028343304
0.343585538111873	1.93908562878181
0.343985521276148	1.93915327419637
0.344385504440423	1.93935445484585
0.344785487604697	1.93969883342973
0.345185470768972	1.94019536829706
0.345585453933246	1.94085307167038
0.345985437097521	1.94168128922218
0.346385420261796	1.94268943380731
0.34678540342607	1.94388665787562
0.347185386590345	1.94528174725057
0.347585369754619	1.94688319681234
0.347985352918894	1.94869957744445
0.348385336083169	1.95074017134426
0.348785319247443	1.95301554289644
0.349185302411718	1.95553771093558
0.349585285575992	1.95831996393064
0.349985268740267	1.96137619819373
0.350385251904541	1.96471989970008
0.350785235068816	1.96836309691052
0.351185218233091	1.9723154127953
0.351585201397365	1.97658345956167
0.35198518456164	1.98117075557346
0.352385167725914	1.98607809275191
0.352785150890189	1.99130395540159
0.353185134054464	1.99684473085927
0.353585117218738	2.00269475534116
0.353985100383013	2.0088461876717
0.354385083547287	2.015288821503
0.354785066711562	2.02200993546796
0.355185049875837	2.02899429097823
0.355585033040111	2.03622439590524
0.355985016204386	2.04368089680954
0.35638499936866	2.05134292412449
0.356784982532935	2.05918836095932
0.357184965697209	2.0671942981215
0.357584948861484	2.07533750592573
0.357984932025759	2.08359490731164
0.358384915190033	2.09194397821433
0.358784898354308	2.10036292733236
0.359184881518582	2.10883068482836
0.359584864682857	2.11732679779585
0.359984847847132	2.1258313659527
0.360384831011406	2.13432513547819
0.360784814175681	2.14279020114908
0.361184797339955	2.151210913943
0.36158478050423	2.15957464229014
0.361984763668505	2.16787229726608
0.362384746832779	2.17609826017818
0.362784729997054	2.18424947359244
0.363184713161328	2.19232428025076
0.363584696325603	2.20032121061195
0.363984679489878	2.20823786034711
0.364384662654152	2.21607019121179
0.364784645818427	2.22381245385018
0.365184628982701	2.23145736828779
0.365584612146976	2.23899661623517
0.36598459531125	2.24642141118513
0.366384578475525	2.25372290415977
0.3667845616398	2.26089230990987
0.367184544804074	2.26792077821872
0.367584527968349	2.27479891918047
0.367984511132623	2.28151628883146
0.368384494296898	2.28806117029024
0.368784477461173	2.29442058477178
0.369184460625447	2.30058054297576
0.369584443789722	2.30652650355582
0.369984426953996	2.31224397327094
0.370384410118271	2.31771928775827
0.370784393282546	2.32294036745396
0.37118437644682	2.32789741083949
0.371584359611095	2.33258364240353
0.371984342775369	2.33699611693011
0.372384325939644	2.34113609066095
0.372784309103919	2.34500871130037
0.373184292268193	2.348622000771
0.373584275432468	2.35198524668106
0.373984258596742	2.35510707666801
0.374384241761017	2.35799366385057
0.374784224925292	2.36064746836663
0.375184208089566	2.36306672531941
0.375584191253841	2.36524581937012
0.375984174418115	2.36717635590519
0.37638415758239	2.36884838052738
0.376784140746664	2.37025154776422
0.377184123910939	2.37137604850058
0.377584107075214	2.37221301188405
0.377984090239488	2.37275426759721
0.378384073403763	2.37299206245553
0.378784056568037	2.37291891862047
0.379184039732312	2.37252764348447
0.379584022896587	2.37181178598373
0.379984006060861	2.37076633927042
0.380383989225136	2.36938839405796
0.38078397238941	2.36767778698275
0.381183955553685	2.36563751048761
0.38158393871796	2.36327364765322
0.381983921882234	2.36059503206244
0.382383905046509	2.35761275443779
0.382783888210783	2.35433932405803
0.383183871375058	2.35078787809237
0.383583854539332	2.34697141043426
0.383983837703607	2.34290206286183
0.384383820867882	2.33859087774845
0.384783804032156	2.33404823095404
0.385183787196431	2.32928456730872
0.385583770360705	2.32431124446295
0.38598375352498	2.31914111292128
0.386383736689255	2.31378844303345
0.386783719853529	2.30826836847074
0.387183703017804	2.30259605100069
0.387583686182078	2.29678568586642
0.387983669346353	2.29085009311272
0.388383652510628	2.28480116535966
0.388783635674902	2.27865055821052
0.389183618839177	2.27241026548013
0.389583602003451	2.26609303819858
0.389983585167726	2.2597122663821
0.390383568332	2.25328128390687
0.390783551496275	2.24681265766629
0.39118353466055	2.24031787355955
0.391583517824824	2.23380739360783
0.391983500989099	2.22729143693417
0.392383484153373	2.22078118816437
0.392783467317648	2.21428976083456
0.393183450481923	2.20783289775864
0.393583433646197	2.20142960891153
0.393983416810472	2.19510237106306
0.394383399974746	2.18887678653986
0.394783383139021	2.18278110338956
0.395183366303296	2.17684572533332
0.39558334946757	2.1711024439476
0.395983332631845	2.16558339312492
0.396383315796119	2.16031983634286
0.396783298960394	2.15534097119234
0.397183282124669	2.15067279316659
0.397583265288943	2.14633732639047
0.397983248453218	2.14235232308434
0.398383231617492	2.13873127456894
0.398783214781767	2.13548360275295
0.399183197946042	2.13261503032008
0.399583181110316	2.13012802326797
0.399983164274591	2.12802197675279
0.400383147438865	2.12629325734827
0.40078313060314	2.12493535472986
0.401183113767414	2.12393916412519
0.401583096931689	2.12329330810468
0.401983080095964	2.12298466230977
0.402383063260238	2.12299914734541
0.402783046424513	2.12332270378565
0.403183029588787	2.12394193038314
0.403583012753062	2.12484439518298
0.403982995917337	2.12601860305684
0.404382979081611	2.12745368741351
0.404782962245886	2.12913885792642
0.40518294541016	2.1310630279553
0.405582928574435	2.13321456730447
0.40598291173871	2.13558140982157
0.406382894902984	2.13815167483867
0.406782878067259	2.14091452993635
0.407182861231533	2.14386057491418
0.407582844395808	2.14698199093562
0.407982827560083	2.15027233187647
0.408382810724357	2.15372605492567
0.408782793888632	2.15733791618465
0.409182777052906	2.1611025916127
0.409582760217181	2.16501436465372
0.409982743381455	2.16906711608763
0.41038272654573	2.17325450571342
0.410782709710005	2.17757003747833
0.411182692874279	2.18200702854256
0.411582676038554	2.18655876884198
0.411982659202828	2.1912185450052
0.412382642367103	2.19597951781282
0.412782625531378	2.20083478751073
0.413182608695652	2.20577762383121
0.413582591859927	2.21080160244329
0.413982575024201	2.21590082616706
0.414382558188476	2.22107003933181
0.414782541352751	2.22630434077001
0.415182524517025	2.23159876100744
0.4155825076813	2.23694783362741
0.415982490845574	2.24234488730226
0.416382474009849	2.24778118774761
0.416782457174123	2.25324549150144
0.417182440338398	2.25872404218073
0.417582423502673	2.26420080122352
0.417982406666947	2.26965798140025
0.418382389831222	2.27507684400227
0.418782372995496	2.28043842994117
0.419182356159771	2.28572431181724
0.419582339324046	2.29091734356783
0.41998232248832	2.29600222935375
0.420382305652595	2.30096578754616
0.420782288816869	2.30579697517525
0.421182271981144	2.31048660513249
0.421582255145419	2.31502680559906
0.421982238309693	2.31941049505288
0.422382221473968	2.32363105258563
0.422782204638242	2.32768235703555
0.423182187802517	2.33155930132707
0.423582170966792	2.33525836690459
0.423982154131066	2.33877785201343
0.424382137295341	2.34211757523082
0.424782120459615	2.34527803473186
0.42518210362389	2.3482591779709
0.425582086788165	2.3510592438539
0.425982069952439	2.35367407442354
0.426382053116714	2.35609710680994
0.426782036280988	2.35831989280974
0.427182019445263	2.36033278231415
0.427582002609537	2.36212547812562
0.427981985773812	2.3636873984881
0.428381968938087	2.36500770211152
0.428781952102361	2.36607512655654
0.429181935266636	2.3668780281432
0.42958191843091	2.36740475405178
0.429981901595185	2.36764414837306
0.43038188475946	2.36758620260134
0.430781867923734	2.36722243830994
0.431181851088009	2.36654575739587
0.431581834252283	2.36555005554539
0.431981817416558	2.36423000203344
0.432381800580833	2.36258095162826
0.432781783745107	2.36059922448035
0.433181766909382	2.35828279971814
0.433581750073656	2.35563199865917
0.433981733237931	2.35264992619895
0.434381716402206	2.34934279184189
0.43478169956648	2.34571971767933
0.435181682730755	2.3417919348895
0.435581665895029	2.33757185955762
0.435981649059304	2.33307253426346
0.436381632223578	2.32830734642573
0.436781615387853	2.32329005284828
0.437181598552128	2.31803487670226
0.437581581716402	2.31255650548765
0.437981564880677	2.3068699320633
0.438381548044951	2.30099021087317
0.438781531209226	2.29493214429683
0.439181514373501	2.28871016252982
0.439581497537775	2.28233871853837
0.43998148070205	2.27583284584753
0.440381463866324	2.26920849402434
0.440781447030599	2.26248258087172
0.441181430194874	2.25567251705599
0.441581413359148	2.24879515804198
0.441981396523423	2.24186561867147
0.442381379687697	2.2348963022819
0.442781362851972	2.227896503577
0.443181346016246	2.22087295949911
0.443581329180521	2.21383105744262
0.443981312344796	2.20677585458644
0.44438129550907	2.19971269468657
0.444781278673345	2.19264744628805
0.445181261837619	2.18558639868363
0.445581245001894	2.17853585511085
0.445981228166169	2.17150188918011
0.446381211330443	2.16449041762094
0.446781194494718	2.15750768855002
0.447181177658992	2.15056096479218
0.447581160823267	2.14365910062846
0.447981143987542	2.13681262189208
0.448381127151816	2.13003343390921
0.448781110316091	2.12333448373715
0.449181093480365	2.11672938256208
0.44958107664464	2.11023211894763
0.449981059808915	2.10385725809593
0.450381042973189	2.09762032492707
0.450781026137464	2.0915379049201
0.451181009301738	2.08562732297615
0.451580992466013	2.07990607683593
0.451980975630287	2.07439103917315
0.452380958794562	2.06909791486807
0.452780941958837	2.06404107817871
0.453180925123111	2.05923367373806
0.453580908287386	2.05468782359905
0.45398089145166	2.05041468034368
0.454380874615935	2.04642390737855
0.45478085778021	2.04272254860062
0.455180840944484	2.03931381132305
0.455580824108759	2.03619615123453
0.455980807273033	2.03336315150088
0.456380790437308	2.03080433649076
0.456780773601583	2.02850663277795
0.457180756765857	2.02645612241273
0.457580739930132	2.02463935938241
0.457980723094406	2.02304387976236
0.458380706258681	2.02165808107682
0.458780689422956	2.02047051579899
0.45918067258723	2.01946885670139
0.459580655751505	2.01863901237774
0.459980638915779	2.01796474489392
0.460380622080054	2.01742756527887
0.460780605244329	2.01700710353381
0.461180588408603	2.01668178402295
0.461580571572878	2.01642958577434
0.461980554737152	2.01622863319985
0.462380537901427	2.0160576718546
0.462780521065701	2.01589615222121
0.463180504229976	2.0157240043337
0.463580487394251	2.01552143672487
0.463980470558525	2.01526882283118
0.4643804537228	2.01494651285232
0.464780436887074	2.01453487063993
0.465180420051349	2.01401446845392
0.465580403215624	2.01336643760909
0.465980386379898	2.01257285795156
0.466380369544173	2.0116174569693
0.466780352708447	2.01048628172132
0.467180335872722	2.00916841326289
0.467580319036997	2.00765641969812
0.467980302201271	2.00594628542748
0.468380285365546	2.00403663102741
0.46878026852982	2.00192783745511
0.469180251694095	1.99962118228335
0.469580234858369	1.99711826370713
0.469980218022644	1.99442097007718
0.470380201186919	1.99153206968384
0.470780184351193	1.98845592126409
0.471180167515468	1.98519905097521
0.471580150679742	1.98177034472471
0.471980133844017	1.97818081462031
0.472380117008292	1.97444295540794
0.472780100172566	1.97057023761096
0.473180083336841	1.96657680477273
0.473580066501115	1.9624774455411
0.47398004966539	1.95828776257292
0.474380032829665	1.95402446035747
0.474780015993939	1.94970547539013
0.475179999158214	1.94534971459542
0.475579982322488	1.94097666296239
0.475979965486763	1.93660604358809
0.476379948651037	1.93225735914681
0.476779931815312	1.92794956705883
0.477179914979587	1.92370114052097
0.477579898143861	1.91953014469305
0.477979881308136	1.91545422037514
0.47837986447241	1.91149079815934
0.478779847636685	1.90765713537761
0.47917983080096	1.90396990445088
0.479579813965234	1.90044484335907
0.479979797129509	1.89709665416142
0.480379780293783	1.89393894342417
0.480779763458058	1.89098449361142
0.481179746622333	1.88824565681384
0.481579729786607	1.88573455020604
0.481979712950882	1.88346312345252
0.482379696115156	1.88144301616016
0.482779679279431	1.87968483957991
0.483179662443706	1.87819751032291
0.48357964560798	1.87698798697925
0.483979628772255	1.87606120175286
0.484379611936529	1.87542020575986
0.484779595100804	1.87506659396638
0.485179578265079	1.87500065023543
0.485579561429353	1.87522126324777
0.485979544593628	1.87572568424372
0.486379527757902	1.87650907160515
0.486779510922177	1.87756395798002
0.487179494086451	1.87888049131405
0.487579477250726	1.88044695831294
0.487979460415001	1.88225022932621
0.488379443579275	1.88427620847038
0.48877942674355	1.88651034376799
0.489179409907824	1.88893785450337
0.489579393072099	1.89154395385193
0.489979376236374	1.89431411295538
0.490379359400648	1.89723434194861
0.490779342564923	1.90029144804945
0.491179325729197	1.9034732943125
0.491579308893472	1.90676862024202
0.491979292057747	1.91016654662038
0.492379275222021	1.91365605342135
0.492779258386296	1.91722558487224
0.49317924155057	1.92086261547822
0.493579224714845	1.92455348040836
0.493979207879119	1.92828338905778
0.494379191043394	1.93203656863836
0.494779174207669	1.93579651170832
0.495179157371943	1.93954614800135
0.495579140536218	1.94326762466125
0.495979123700492	1.94694212217136
0.496379106864767	1.95054990972398
0.496779090029042	1.95407045043055
0.497179073193316	1.95748249844398
0.497579056357591	1.96076465829457
0.497979039521865	1.96389643982209
0.49837902268614	1.9668595290599
0.498779005850415	1.96963905173358
0.499178989014689	1.97222466226386
0.499578972178964	1.97461124466181
0.499978955343238	1.9767992112301
0.500378938507513	1.97879424432487
0.500778921671788	1.98060655326894
0.501178904836062	1.98224993780693
0.501578888000337	1.9837410331154
0.501978871164611	1.98509883048817
0.502378854328886	1.98634416308449
0.502778837493161	1.98749911508681
0.503178820657435	1.9885865838817
0.50357880382171	1.98963012494876
0.503978786985984	1.99065362481449
0.504378770150259	1.9916808023347
0.504778753314533	1.99273468331822
0.505178736478808	1.9938372502247
0.505578719643083	1.99500903950079
0.505978702807357	1.99626881153194
0.506378685971632	1.99763335390458
0.506778669135906	1.99911757150416
0.507178652300181	2.00073488623535
0.507578635464456	2.00249791907506
0.50797861862873	2.00441911151384
0.508378601793005	2.00651132747709
0.508778584957279	2.00878828215882
0.509178568121554	2.01126469538387
0.509578551285829	2.01395572789154
0.509978534450103	2.01687605850747
0.510378517614378	2.02003893724001
0.510778500778652	2.02345533756144
0.511178483942927	2.0271330508324
0.511578467107201	2.03107612902784
0.511978450271476	2.03528483352957
0.512378433435751	2.03975604438122
0.512778416600025	2.04448389994661
0.5131783997643	2.04946055935115
0.513578382928574	2.05467687234918
0.513978366092849	2.06012299278465
0.514378349257124	2.06578886908068
0.514778332421398	2.07166445748451
0.515178315585673	2.07773956758931
0.515578298749947	2.08400361487639
0.515978281914222	2.09044521728618
0.516378265078497	2.09705161328386
0.516778248242771	2.10380811734299
0.517178231407046	2.11069774051063
0.51757821457132	2.11770108393895
0.517978197735595	2.12479664276733
0.51837818089987	2.13196152028038
0.518778164064144	2.13917232633893
0.519178147228419	2.14640630022109
0.519578130392693	2.15364234373835
0.519978113556968	2.16086159728558
0.520378096721242	2.16804773013157
0.520778079885517	2.17518719522701
0.521178063049792	2.18226919668071
0.521578046214066	2.18928536402787
0.521978029378341	2.19622927987
0.522378012542615	2.20309589702314
0.52277799570689	2.20988097113802
0.523177978871165	2.21658097553473
0.523577962035439	2.22319335560202
0.523977945199714	2.22971686755272
0.524377928363988	2.23615197017376
0.524777911528263	2.24250111852762
0.525177894692538	2.24876849678659
0.525577877856812	2.25495935105452
0.525977861021087	2.26107905467735
0.526377844185361	2.26713197818044
0.526777827349636	2.27312064167708
0.527177810513911	2.27904535604368
0.527577793678185	2.28490405709626
0.52797777684246	2.29069247625258
0.528377760006734	2.29640453284283
0.528777743171009	2.30203264131864
0.529177726335283	2.30756814635788
0.529577709499558	2.31300226368708
0.529977692663833	2.31832703686493
0.530377675828107	2.32353603911876
0.530777658992382	2.32862485203026
0.531177642156656	2.33359110657405
0.531577625320931	2.33843400091004
0.531977608485206	2.34315395335682
0.53237759164948	2.34775244719163
0.532777574813755	2.35223182642326
0.533177557978029	2.35659532407699
0.533577541142304	2.36084739600502
0.533977524306579	2.36499381537828
0.534377507470853	2.36904154851879
0.534777490635128	2.37299880373578
0.535177473799402	2.37687518117977
0.535577456963677	2.38068176489455
0.535977440127952	2.38443130569151
0.536377423292226	2.38813838121182
0.536777406456501	2.3918191077181
0.537177389620775	2.39549054099877
0.53757737278505	2.39916978300558
0.537977355949324	2.40287291853635
0.538377339113599	2.40661429337022
0.538777322277874	2.41040654670667
0.539177305442148	2.41426089770452
0.539577288606423	2.4181875844078
0.539977271770697	2.42219652701512
0.540377254934972	2.42629807852001
0.540777238099247	2.43050335816131
0.541177221263521	2.43482413058442
0.541577204427796	2.43927220042153
0.54197718759207	2.44385853789201
0.542377170756345	2.44859226601511
0.54277715392062	2.45347967129528
0.543177137084894	2.45852325813714
0.543577120249169	2.4637212169637
0.543977103413443	2.46906744141605
0.544377086577718	2.47455184729142
0.544777069741992	2.48016086629322
0.545177052906267	2.48587820172964
0.545577036070542	2.4916857165015
0.545977019234816	2.49756423517215
0.546377002399091	2.50349416956812
0.546776985563366	2.5094559906402
0.54717696872764	2.51543068163157
0.547576951891915	2.52140020523855
0.547976935056189	2.52734799240879
0.548376918220464	2.53325915364376
0.548776901384738	2.53912057384895
0.549176884549013	2.54492086701608
0.549576867713288	2.55065009747277
0.549976850877562	2.55629899668788
0.550376834041837	2.56185803635155
0.550776817206111	2.56731651239124
0.551176800370386	2.57266188224192
0.551576783534661	2.577879530681
0.551976766698935	2.58295298729675
0.55237674986321	2.5878644114962
0.552776733027484	2.59259527017766
0.553176716191759	2.59712697267955
0.553576699356033	2.60144116008423
0.553976682520308	2.6055194872143
0.554376665684583	2.60934327627827
0.554776648848857	2.61289311110307
0.555176632013132	2.61614856651754
0.555576615177406	2.61908817466477
0.555976598341681	2.62168972784369
0.556376581505956	2.62393091706916
0.55677656467023	2.62579010638523
0.557176547834505	2.62724686171743
0.557576530998779	2.6282823053562
0.557976514163054	2.62887932956088
0.558376497327329	2.62902254442923
0.558776480491603	2.62869819848972
0.559176463655878	2.62789415430813
0.559576446820152	2.62659973487901
0.559976429984427	2.62480569754389
0.560376413148702	2.62250436121122
0.560776396312976	2.6196897186321
0.561176379477251	2.61635762011011
0.561576362641525	2.61250652219621
0.5619763458058	2.60813841156022
0.562376328970075	2.60325979516719
0.562776312134349	2.59788263556612
0.563176295298624	2.59202496061995
0.563576278462898	2.5857106763077
0.563976261627173	2.57896876131788
0.564376244791447	2.57183185962444
0.564776227955722	2.56433447317546
0.565176211119997	2.55651121721474
0.565576194284271	2.5483954287775
0.565976177448546	2.54001818610465
0.56637616061282	2.53140770689098
0.566776143777095	2.52258909160794
0.56717612694137	2.51358434967856
0.567576110105644	2.50441254108435
0.567976093269919	2.49509001181482
0.568376076434193	2.48563092429792
0.568776059598468	2.47604805959138
0.569176042762743	2.46635375649197
0.569576025927017	2.45656095406759
0.569976009091292	2.44668425530822
0.570375992255566	2.43674041566674
0.570775975419841	2.42674835801741
0.571175958584116	2.41672880712308
0.57157594174839	2.40670356077893
0.571975924912665	2.39669443308379
0.572375908076939	2.38672226305299
0.572775891241214	2.37680596126644
0.573175874405488	2.36696167806453
0.573575857569763	2.3572023164477
0.573975840734038	2.34753759404272
0.574375823898312	2.33797434312364
0.574775807062587	2.32851705592545
0.575175790226861	2.31916868593115
0.575575773391136	2.30993143363772
0.575975756555411	2.30080735272851
0.576375739719685	2.29179878498505
0.57677572288396	2.28290875968168
0.577175706048234	2.27414126879283
0.577575689212509	2.26550144131482
0.577975672376783	2.25699573295192
0.578375655541058	2.24863223577842
0.578775638705333	2.24042065347061
0.579175621869607	2.23237202527429
0.579575605033882	2.2244983549072
0.579975588198157	2.2168120741544
0.580375571362431	2.20932515017431
0.580775554526706	2.20204825841017
0.58117553769098	2.19499006864605
0.581575520855255	2.18815641822513
0.581975504019529	2.18154941453547
0.582375487183804	2.17516701431347
0.582775470348079	2.16900275246304
0.583175453512353	2.16304574233231
0.583575436676628	2.15728115324167
0.583975419840902	2.15169101235553
0.584375403005177	2.1462551504459
0.584775386169452	2.14095264574834
0.585175369333726	2.13576339138253
0.585575352498001	2.13066933723055
0.585975335662275	2.12565537950368
0.58637531882655	2.12070986215491
0.586775301990825	2.11582461977356
0.587175285155099	2.11099479070294
0.587575268319374	2.10621884408503
0.587975251483648	2.10149894841282
0.588375234647923	2.09684165710732
0.588775217812197	2.09225861874752
0.589175200976472	2.08776680430636
0.589575184140747	2.08338821484829
0.589975167305021	2.07914913702939
0.590375150469296	2.07507892548467
0.59077513363357	2.07120852711035
0.591175116797845	2.06756929175886
0.59157509996212	2.06419205709842
0.591975083126394	2.06110645027121
0.592375066290669	2.05834035913773
0.592775049454943	2.05591937963241
0.593175032619218	2.0538662473486
0.593575015783493	2.05220054209148
0.593974998947767	2.05093866989175
0.594374982112042	2.05009415770288
0.594774965276316	2.04967834746617
0.595174948440591	2.0497014494412
0.595574931604866	2.05017339743405
0.59597491476914	2.05110435899758
0.596374897933415	2.05250490006182
0.596774881097689	2.05438581683474
0.597174864261964	2.05675777218227
0.597574847426239	2.05963090490099
0.597974830590513	2.06301433030049
0.598374813754788	2.0669157646284
0.598774796919062	2.07134150912847
0.599174780083337	2.07629639453682
0.599574763247611	2.08178353967734
0.599974746411886	2.08780402734576
0.600374729576161	2.09435644356812
0.600774712740435	2.10143638820948
0.60117469590471	2.10903628416594
0.601574679068984	2.11714518734746
0.601974662233259	2.12574854495339
0.602374645397534	2.13482817371233
0.602774628561808	2.14436238664128
0.603174611726083	2.15432583711495
0.603574594890357	2.16468960685234
0.603974578054632	2.1754217009602
0.604374561218907	2.18648771100807
0.604774544383181	2.19785153268931
0.605174527547456	2.20947621491037
0.60557451071173	2.22132454163809
0.605974493876005	2.23335937429015
0.606374477040279	2.24554390248735
0.606774460204554	2.25784177013179
0.607174443368829	2.27021712415574
0.607574426533103	2.28263503068818
0.607974409697378	2.29506216728946
0.608374392861653	2.30746737432439
0.608774376025927	2.31982184551145
0.609174359190202	2.33209915019786
0.609574342354476	2.34427506664363
0.609974325518751	2.35632708033781
0.610374308683025	2.36823393537376
0.6107742918473	2.37997555998543
0.611174275011575	2.39153326068789
0.611574258175849	2.40288992770463
0.611974241340124	2.41403042207505
0.612374224504398	2.42494164765383
0.612774207668673	2.43561212563385
0.613174190832948	2.44603135597574
0.613574173997222	2.45618915755269
0.613974157161497	2.46607495494267
0.614374140325771	2.47567779409935
0.614774123490046	2.4849870420833
0.61517410665432	2.49399309914009
0.615574089818595	2.50268775827855
0.61597407298287	2.51106449996142
0.616374056147144	2.519118168012
0.616774039311419	2.52684402770922
0.617174022475693	2.53423674863249
0.617574005639968	2.54128979948568
0.617973988804243	2.54799522602561
0.618373971968517	2.55434426855814
0.618773955132792	2.56032858517744
0.619173938297066	2.56594160827682
0.619573921461341	2.57117956796209
0.619973904625616	2.57604208092331
0.62037388778989	2.580531907455
0.620773870954165	2.58465406048357
0.621173854118439	2.58841447631677
0.621573837282714	2.59181863798822
0.621973820446988	2.59487047288339
0.622373803611263	2.59757180465795
0.622773786775538	2.59992223716228
0.623173769939812	2.60191960122666
0.623573753104087	2.60356069994843
0.623973736268362	2.60484207131563
0.624373719432636	2.60576066058412
0.624773702596911	2.6063145159454
0.625173685761185	2.60650324769518
0.62557366892546	2.60632829972003
0.625973652089734	2.60579300232355
0.626373635254009	2.60490215481778
0.626773618418284	2.60366118810188
0.627173601582558	2.6020754571302
0.627573584746833	2.60014985396153
0.627973567911107	2.59788869286129
0.628373551075382	2.59529614507627
0.628773534239657	2.59237721799736
0.629173517403931	2.5891386120599
0.629573500568206	2.58558908269529
0.62997348373248	2.58173915984389
0.630373466896755	2.57760021763476
0.63077345006103	2.57318308475632
0.631173433225304	2.56849676059996
0.631573416389579	2.56354770298995
0.631973399553853	2.55833973127524
0.632373382718128	2.55287437307171
0.632773365882402	2.54715148894894
0.633173349046677	2.54116980919399
0.633573332210952	2.53492714048879
0.633973315375226	2.52842041393311
0.634373298539501	2.5216456795348
0.634773281703775	2.51459816035063
0.63517326486805	2.5072725598731
0.635573248032325	2.49966383200017
0.635973231196599	2.49176807662194
0.636373214360874	2.48358330884301
0.636773197525148	2.47510988179603
0.637173180689423	2.46635055147964
0.637573163853698	2.45731009521304
0.637973147017972	2.44799470973336
0.638373130182247	2.43841134744355
0.638773113346521	2.42856729574469
0.639173096510796	2.41846994521916
0.63957307967507	2.40812678920514
0.639973062839345	2.39754552472176
0.64037304600362	2.38673408823875
0.640773029167894	2.37570043724177
0.641173012332169	2.36445237218849
0.641572995496444	2.35299738427132
0.641972978660718	2.34134249464061
0.642372961824993	2.329494464952
0.642772944989267	2.31746048303786
0.643172928153542	2.30524913475632
0.643572911317816	2.29287121200797
0.643972894482091	2.2803404157735
0.644372877646366	2.26767378384453
0.64477286081064	2.25489180863269
0.645172843974915	2.24201812356538
0.645572827139189	2.22907890026912
0.645972810303464	2.21610218601131
0.646372793467739	2.20311721097778
0.646772776632013	2.19015376836263
0.647172759796288	2.17724181462355
0.647572742960562	2.16441124513734
0.647972726124837	2.15169205212328
0.648372709289112	2.13911493433345
0.648772692453386	2.12671176628294
0.649172675617661	2.11451564468628
0.649572658781935	2.10256083217358
0.64997264194621	2.0908822011079
0.650372625110484	2.07951406816384
0.650772608274759	2.06848902476521
0.651172591439034	2.05783686963715
0.651572574603308	2.04758374208353
0.651972557767583	2.03775180827329
0.652372540931857	2.02835945905514
0.652772524096132	2.01942161007412
0.653172507260407	2.0109503029426
0.653572490424681	2.00295561896243
0.653972473588956	1.99544642599378
0.65437245675323	1.98843088169278
0.654772439917505	1.98191675130355
0.655172423081779	1.97591129544752
0.655572406246054	1.97042068377576
0.655972389410329	1.96544911416802
0.656372372574603	1.96099777560736
0.656772355738878	1.95706399961877
0.657172338903153	1.95364089582452
0.657572322067427	1.95071758423849
0.657972305231702	1.94828007095688
0.658372288395976	1.94631262080634
0.658772271560251	1.94479939625838
0.659172254724525	1.94372573840621
0.6595722378888	1.943078759063
0.659972221053075	1.9428471403205
0.660372204217349	1.94302042283683
0.660772187381624	1.94358793683494
0.661172170545898	1.94453780174986
0.661572153710173	1.94585633841925
0.661972136874448	1.94752811527471
0.662372120038722	1.94953631709675
0.662772103202997	1.95186325178062
0.663172086367271	1.95449064646996
0.663572069531546	1.95739966820724
0.663972052695821	1.96057068394111
0.664372035860095	1.96398304457105
0.66477201902437	1.96761510530875
0.665172002188644	1.97144479985869
0.665571985352919	1.97545056890744
0.665971968517193	1.97961241267453
0.666371951681468	1.98391286951584
0.666771934845743	1.98833774552184
0.667171918010017	1.99287638987156
0.667571901174292	1.99752138788322
0.667971884338566	2.00226783052803
0.668371867502841	2.00711224876847
0.668771850667116	2.01205113389227
0.66917183383139	2.01707938820806
0.669571816995665	2.02218904998408
0.669971800159939	2.02736833940284
0.670371783324214	2.0326012912063
0.670771766488489	2.0378681796575
0.671171749652763	2.04314647481722
0.671571732817038	2.04841197951544
0.671971715981312	2.05364024719955
0.672371699145587	2.05880781799986
0.672771682309862	2.06389298594653
0.673171665474136	2.06887638792379
0.673571648638411	2.0737417119163
0.673971631802685	2.07847605447558
0.67437161496696	2.08307016682845
0.674771598131235	2.08751878218363
0.675171581295509	2.09182066608286
0.675571564459784	2.09597825405678
0.675971547624058	2.09999710817181
0.676371530788333	2.10388520433601
0.676771513952607	2.10765223179409
0.677171497116882	2.1113090239016
0.677571480281157	2.11486715189488
0.677971463445431	2.11833846555046
0.678371446609706	2.12173471288609
0.67877142977398	2.12506712384472
0.679171412938255	2.12834593251305
0.67957139610253	2.13157995373903
0.679971379266804	2.13477645870852
0.680371362431079	2.1379411503909
0.680771345595353	2.14107827622834
0.681171328759628	2.14419073689189
0.681571311923903	2.14727994181579
0.681971295088177	2.1503453587297
0.682371278252452	2.15338410753812
0.682771261416726	2.15639063272261
0.683171244581001	2.15935681955482
0.683571227745275	2.16227278192231
0.68397121090955	2.16512814395036
0.684371194073825	2.16791308586399
0.684771177238099	2.17061914782684
0.685171160402374	2.17323951809235
0.685571143566648	2.17576857958154
0.685971126730923	2.17820104469936
0.686371109895198	2.18053132918633
0.686771093059472	2.18275308996124
0.687171076223747	2.18485918615485
0.687571059388021	2.18684217375097
0.687971042552296	2.18869478338059
0.68837102571657	2.19041001485381
0.688771008880845	2.19198092867886
0.68917099204512	2.19340018041393
0.689570975209394	2.19465931866244
0.689970958373669	2.19574829191567
0.690370941537944	2.19665532665451
0.690770924702218	2.19736700631953
0.691170907866493	2.197868354032
0.691570891030767	2.19814312165177
0.691970874195042	2.19817409961323
0.692370857359316	2.19794336463314
0.692770840523591	2.19743249433826
0.693170823687866	2.1966228498141
0.69357080685214	2.19549583019632
0.693970790016415	2.19403314614969
0.694370773180689	2.19221709697718
0.694770756344964	2.19003102946611
0.695170739509239	2.18745991538976
0.695570722673513	2.18449097494044
0.695970705837788	2.18111458312428
0.696370689002062	2.17732540502981
0.696770672166337	2.1731232531624
0.697170655330612	2.16851365998698
0.697570638494886	2.16350816514914
0.697970621659161	2.15812405587885
0.698370604823435	2.15238352594391
0.69877058798771	2.14631277130531
0.699170571151984	2.13994106728248
0.699570554316259	2.13329962722987
0.699970537480534	2.12642070010308
0.700370520644808	2.11933695482596
0.700770503809083	2.11208095907618
0.701170486973357	2.10468473128489
0.701570470137632	2.09717945910344
0.701970453301907	2.08959524145192
0.702370436466181	2.08196087873662
0.702770419630456	2.07430372610204
0.70317040279473	2.06664995746037
0.703570385959005	2.05902502778839
0.70397036912328	2.05145394811467
0.704370352287554	2.04396145486998
0.704770335451829	2.0365722859269
0.705170318616103	2.02931099509902
0.705570301780378	2.02220171419791
0.705970284944653	2.01526809959343
0.706370268108927	2.00853342300227
0.706770251273202	2.00202038820964
0.707170234437476	1.99575136993435
0.707570217601751	1.98974852387298
0.707970200766026	1.98403348358942
0.7083701839303	1.97862698146873
0.708770167094575	1.973548656692
0.709170150258849	1.96881663845489
0.709570133423124	1.9644475327754
0.709970116587399	1.9604569014913
0.710370099751673	1.95685988830284
0.710770082915948	1.95367141099344
0.711170066080222	1.95090622792608
0.711570049244497	1.94857854099092
0.711970032408771	1.94670119539409
0.712370015573046	1.94528473120221
0.712769998737321	1.94433695673703
0.713169981901595	1.9438629400431
0.71356996506587	1.94386562795441
0.713969948230144	1.94434715581174
0.714369931394419	1.94531037319823
0.714769914558694	1.94676003667265
0.715169897722968	1.94870351329169
0.715569880887243	1.95115081721171
0.715969864051517	1.95411384193017
0.716369847215792	1.95760501331774
0.716769830380066	1.96163585256835
0.717169813544341	1.96621553060724
0.717569796708616	1.97134942341443
0.71796977987289	1.97703804102872
0.718369763037165	1.98327632200407
0.71876974620144	1.99005329164808
0.719169729365714	1.99735215932212
0.719569712529989	2.00515093665854
0.719969695694263	2.01342329358125
0.720369678858538	2.0221397581977
0.720769662022812	2.0312691477813
0.721169645187087	2.04077984994435
0.721569628351362	2.05064061077168
0.721969611515636	2.06082103308262
0.722369594679911	2.07129173721133
0.722769577844185	2.08202410446538
0.72316956100846	2.09298988794626
0.723569544172735	2.10416109830127
0.723969527337009	2.11551020329341
0.724369510501284	2.12701071412936
0.724769493665558	2.13863812844289
0.725169476829833	2.1503707334014
0.725569459994107	2.16219003457689
0.725969443158382	2.17408070389281
0.726369426322657	2.18602991627845
0.726769409486931	2.19802621437635
0.727169392651206	2.21005841744912
0.72756937581548	2.22211493260094
0.727969358979755	2.23418354235854
0.72836934214403	2.24625174662184
0.728769325308304	2.25830754487473
0.729169308472579	2.27034021805706
0.729569291636853	2.28234094501842
0.729969274801128	2.29430303475839
0.730369257965403	2.30622155302866
0.730769241129677	2.31809265458529
0.731169224293952	2.32991292736904
0.731569207458226	2.34167896416161
0.731969190622501	2.35338707694683
0.732369173786776	2.36503334998745
0.73276915695105	2.37661391122387
0.733169140115325	2.3881252394265
0.733569123279599	2.39956418637799
0.733969106443874	2.41092779530111
0.734369089608149	2.42221291660457
0.734769072772423	2.43341587278961
0.735169055936698	2.44453241748354
0.735569039100972	2.45555788921052
0.735969022265247	2.46648750238749
0.736369005429521	2.47731693955017
0.736768988593796	2.48804279334546
0.737168971758071	2.49866254805898
0.737568954922345	2.50917418264081
0.73796893808662	2.51957561267172
0.738368921250894	2.52986402678578
0.738768904415169	2.54003536077915
0.739168887579444	2.550084078273
0.739568870743718	2.56000336695353
0.739968853907993	2.56978576795601
0.740368837072267	2.57942389111861
0.740768820236542	2.58891072978888
0.741168803400817	2.5982398109701
0.741568786565091	2.6074049405834
0.741968769729366	2.6163995635248
0.74236875289364	2.62521596000308
0.742768736057915	2.63384474667519
0.74316871922219	2.64227486021262
0.743568702386464	2.65049435280684
0.743968685550739	2.65849130497678
0.744368668715013	2.66625449164601
0.744768651879288	2.67377387367617
0.745168635043562	2.68104051353132
0.745568618207837	2.68804579061781
0.745968601372112	2.69478068764219
0.746368584536386	2.70123535554682
0.746768567700661	2.70739900338834
0.747168550864935	2.71326026996066
0.74756853402921	2.71880790476552
0.747968517193485	2.72403116619683
0.748368500357759	2.72892006501013
0.748768483522034	2.73346561476971
0.749168466686308	2.73765968852055
0.749568449850583	2.74149476594451
0.749968433014857	2.74496404867609
0.750368416179132	2.74806179454314
0.750768399343407	2.75078343961104
0.751168382507681	2.75312552985893
0.751568365671956	2.75508557562569
0.751968348836231	2.75666185662018
0.752368332000505	2.75785328840841
0.75276831516478	2.75865945606945
0.753168298329054	2.75908105022031
0.753568281493329	2.75912054934606
0.753968264657603	2.75878309732554
0.754368247821878	2.75807712183013
0.754768230986153	2.75701436746909
0.755168214150427	2.7556093211073
0.755568197314702	2.75387818052706
0.755968180478976	2.75183752733939
0.756368163643251	2.74950299811848
0.756768146807526	2.74688836237705
0.7571681299718	2.74400528905881
0.757568113136075	2.74086363280249
0.757968096300349	2.73747187887303
0.758368079464624	2.73383757743865
0.758768062628899	2.72996781181756
0.759168045793173	2.72586936931951
0.759568028957448	2.72154862953136
0.759968012121722	2.71701141282909
0.760367995285997	2.71226291146511
0.760767978450271	2.70730774692936
0.761167961614546	2.70215041673133
0.761567944778821	2.69679612987205
0.761967927943095	2.69125167442564
0.76236791110737	2.68552634201339
0.762767894271644	2.67963269071587
0.763167877435919	2.67358679297956
0.763567860600194	2.66740789973301
0.763967843764468	2.66111748006016
0.764367826928743	2.65473770807501
0.764767810093017	2.64828972155348
0.765167793257292	2.64179203819086
0.765567776421567	2.63525934441498
0.765967759585841	2.62870194762649
0.766367742750116	2.62212599363033
0.76676772591439	2.61553421276261
0.767167709078665	2.6089270543916
0.76756769224294	2.60230388955284
0.767967675407214	2.59566404315608
0.768367658571489	2.58900739416711
0.768767641735763	2.58233445741417
0.769167624900038	2.57564592305755
0.769567608064312	2.5689420176263
0.769967591228587	2.56222198510015
0.770367574392862	2.55548394545535
0.770767557557136	2.5487251399582
0.771167540721411	2.54194251966333
0.771567523885685	2.53513334047784
0.77196750704996	2.52829577369424
0.772367490214235	2.52142924748678
0.772767473378509	2.51453448302109
0.773167456542784	2.50761333505453
0.773567439707058	2.50066864724667
0.773967422871333	2.49370385437823
0.774367406035608	2.48672264636512
0.774767389199882	2.47972892252243
0.775167372364157	2.47272683082454
0.775567355528431	2.46572060509189
0.775967338692706	2.45871461494507
0.776367321856981	2.45171338225921
0.776767305021255	2.44472137126033
0.77716728818553	2.4377426571572
0.777567271349804	2.43078057869247
0.777967254514079	2.423836942817
0.778367237678353	2.41691134381332
0.778767220842628	2.41000081410507
0.779167204006903	2.40309961176993
0.779567187171177	2.3961990570133
0.779967170335452	2.38928796093945
0.780367153499726	2.38235319477842
0.780767136664001	2.37538019613915
0.781167119828276	2.36835355701433
0.78156710299255	2.36125789136193
0.781967086156825	2.3540785625752
0.782367069321099	2.34680226563002
0.782767052485374	2.33941745672445
0.783167035649649	2.33191457648652
0.783567018813923	2.32428597888336
0.783967001978198	2.31652588818493
0.784366985142472	2.30863024466725
0.784766968306747	2.30059638388205
0.785166951471022	2.29242270321921
0.785566934635296	2.28410855140061
0.785966917799571	2.27565385074774
0.786366900963845	2.26705858330125
0.78676688412812	2.25832267085305
0.787166867292394	2.249446307304
0.787566850456669	2.24043061223785
0.787966833620944	2.23127877994246
0.788366816785218	2.22199743817508
0.788766799949493	2.21259775816443
0.789166783113767	2.20309597003325
0.789566766278042	2.19351300303534
0.789966749442317	2.18387329482284
0.790366732606591	2.17420325173116
0.790766715770866	2.1645296440033
0.79116669893514	2.15487816590229
0.791566682099415	2.14527244703978
0.79196666526369	2.13573366777768
0.792366648427964	2.1262807154844
0.792766631592239	2.11693064040283
0.793166614756513	2.10769910041846
0.793566597920788	2.09860067963869
0.793966581085062	2.08964920745477
0.794366564249337	2.08085799363442
0.794766547413612	2.07223984558237
0.795166530577886	2.06380724155192
0.795566513742161	2.05557272369778
0.795966496906436	2.04754944917388
0.79636648007071	2.03975176649501
0.796766463234985	2.03219558496043
0.797166446399259	2.02489841259766
0.797566429563534	2.01787902145778
0.797966412727808	2.01115646352559
0.798366395892083	2.0047487658398
0.798766379056358	1.99867163525937
0.799166362220632	1.9929374291046
0.799566345384907	1.98755441280731
0.799966328549181	1.98252657363673
0.800366311713456	1.97785375062338
0.800766294877731	1.97353211579526
0.801166278042005	1.9695547769929
0.80156626120628	1.9659124728797
0.801966244370554	1.96259406029118
0.802366227534829	1.95958715045432
0.802766210699103	1.95687869162505
0.803166193863378	1.95445541907265
0.803566177027653	1.95230417395904
0.803966160191927	1.95041216607625
0.804366143356202	1.94876704601532
0.804766126520476	1.94735687432444
0.805166109684751	1.94617002144853
0.805566092849026	1.94519521874591
0.8059660760133	1.94442170555415
0.806366059177575	1.94383934040294
0.806766042341849	1.94343849643688
0.807166025506124	1.94320984937858
0.807566008670399	1.94314387749743
0.807965991834673	1.94323028175163
0.808365974998948	1.94345763873355
0.808765958163222	1.94381346708906
0.809165941327497	1.94428479530293
0.809565924491772	1.94485917165229
0.809965907656046	1.94552582071209
0.810365890820321	1.94627643186806
0.810765873984595	1.94710555326613
0.81116585714887	1.94801048189499
0.811565840313144	1.94899086203807
0.811965823477419	1.95004828873361
0.812365806641694	1.95118627497794
0.812765789805968	1.95241045680079
0.813165772970243	1.95372883853347
0.813565756134517	1.95515168064831
0.813965739298792	1.95669097263616
0.814365722463067	1.95835947222791
0.814765705627341	1.9601694990942
0.815165688791616	1.96213176411977
0.81556567195589	1.96425471197924
0.815965655120165	1.96654445179712
0.81636563828444	1.96900523702155
0.816765621448714	1.97164019994895
0.817165604612989	1.97445215886331
0.817565587777263	1.9774443597114
0.817965570941538	1.98062087662167
0.818365554105813	1.98398654416612
0.818765537270087	1.98754664646595
0.819165520434362	1.99130654313936
0.819565503598636	1.99527134391207
0.819965486762911	1.99944585237196
0.820365469927186	2.00383451379307
0.82076545309146	2.00844137511241
0.821165436255735	2.01327017913208
0.821565419420009	2.01832424441066
0.821965402584284	2.02360582203091
0.822365385748558	2.02911529948324
0.822765368912833	2.0348505130724
0.823165352077108	2.04080612879473
0.823565335241382	2.04697335436825
0.823965318405657	2.05334021059075
0.824365301569931	2.05989207861745
0.824765284734206	2.06661238147541
0.825165267898481	2.07348318352216
0.825565251062755	2.08048528662817
0.82596523422703	2.08759805185989
0.826365217391304	2.09479917175049
0.826765200555579	2.10206440824411
0.827165183719854	2.10936736774871
0.827565166884128	2.11667975293141
0.827965150048403	2.12397207503153
0.828365133212677	2.13121477439504
0.828765116376952	2.13837935837819
0.829165099541227	2.14543917776416
0.829565082705501	2.15236965890018
0.829965065869776	2.15914796622976
0.83036504903405	2.16575227715696
0.830765032198325	2.1721610156045
0.831165015362599	2.17835255440992
0.831564998526874	2.18430564636609
0.831964981691149	2.19000025718674
0.832364964855423	2.19541852341432
0.832764948019698	2.20054536515648
0.833164931183972	2.20536852687502
0.833564914348247	2.20987791201501
0.833964897512522	2.21406447770962
0.834364880676796	2.21791916661399
0.834764863841071	2.22143253073567
0.835164847005345	2.22459521096435
0.83556483016962	2.2273991433633
0.835964813333894	2.22983907364889
0.836364796498169	2.23191381805019
0.836764779662444	2.23362679427648
0.837164762826718	2.2349857675069
0.837564745990993	2.23600172460598
0.837964729155268	2.23668743132602
0.838364712319542	2.23705621394944
0.838764695483817	2.23712137698671
0.839164678648091	2.23689602746063
0.839564661812366	2.23639331735959
0.83996464497664	2.23562689591765
0.840364628140915	2.23461097192199
0.84076461130519	2.23335988671825
0.841164594469464	2.23188748406693
0.841564577633739	2.23020651367193
0.841964560798013	2.22832842140012
0.842364543962288	2.22626361434025
0.842764527126563	2.22402194567896
0.843164510290837	2.2216133056526
0.843564493455112	2.21904821387041
0.843964476619386	2.21633808095415
0.844364459783661	2.21349507737387
0.844764442947936	2.21053193924809
0.84516442611221	2.20746182689608
0.845564409276485	2.20429826187726
0.845964392440759	2.20105491687777
0.846364375605034	2.19774505819009
0.846764358769308	2.19438062667874
0.847164341933583	2.19097137381991
0.847564325097858	2.18752415497402
0.847964308262132	2.18404259369124
0.848364291426407	2.18052760766993
0.848764274590681	2.1769788239896
0.849164257754956	2.17339631399895
0.849564240919231	2.1697822741028
0.849964224083505	2.16614229064949
0.85036420724778	2.16248587421653
0.850764190412054	2.15882605671629
0.851164173576329	2.15517829434951
0.851564156740604	2.15155895342469
0.851964139904878	2.14798378490174
0.852364123069153	2.14446676498484
0.852764106233427	2.14101935703131
0.853164089397702	2.13765010755595
0.853564072561977	2.13436475936831
0.853964055726251	2.13116697445111
0.854364038890526	2.12805914228099
0.8547640220548	2.12504326381394
0.855164005219075	2.12212178501478
0.855563988383349	2.1192980529695
0.855963971547624	2.11657606043627
0.856363954711899	2.11395988844198
0.856763937876173	2.11145288733935
0.857163921040448	2.10905696122695
0.857563904204722	2.10677217588964
0.857963887368997	2.10459700888389
0.858363870533272	2.10252899589844
0.858763853697546	2.10056582419695
0.859163836861821	2.09870621024911
0.859563820026095	2.09695014811492
0.85996380319037	2.09529836606196
0.860363786354645	2.09375126450701
0.860763769518919	2.09230740744974
0.861163752683194	2.0909620353427
0.861563735847468	2.08970612369713
0.861963719011743	2.0885263973259
0.862363702176018	2.08740630956061
0.862763685340292	2.08632793269148
0.863163668504567	2.08527423109762
0.863563651668841	2.0842310564651
0.863963634833116	2.08318835587951
0.86436361799739	2.08214035781868
0.864763601161665	2.08108462264909
0.86516358432594	2.08002037096633
0.865563567490214	2.07894677153821
0.865963550654489	2.07786152931766
0.866363533818763	2.07676020738772
0.866763516983038	2.07563629205439
0.867163500147313	2.07448176225704
0.867563483311587	2.07328786178952
0.867963466475862	2.07204579486876
0.868363449640136	2.07074730517983
0.868763432804411	2.06938515000593
0.869163415968686	2.06795346262391
0.86956339913296	2.0664480835044
0.869963382297235	2.06486701946528
0.870363365461509	2.06321068959191
0.870763348625784	2.06148169338149
0.871163331790059	2.05968439813144
0.871563314954333	2.05782458719895
0.871963298118608	2.05590903631006
0.872363281282882	2.05394528984766
0.872763264447157	2.05194188405219
0.873163247611431	2.04990860593438
0.873563230775706	2.0478565615012
0.873963213939981	2.04579792669754
0.874363197104255	2.04374498589
0.87476318026853	2.04170855970083
0.875163163432804	2.03969656718497
0.875563146597079	2.03771310455185
0.875963129761354	2.03575820725015
0.876363112925628	2.03382844487388
0.876763096089903	2.03191845668181
0.877163079254177	2.03002287848477
0.877563062418452	2.0281379945511
0.877963045582727	2.02626285624
0.878363028747001	2.02439995048244
0.878763011911276	2.02255537159847
0.87916299507555	2.02073879468517
0.879562978239825	2.01896323518173
0.8799629614041	2.01724454913704
0.880362944568374	2.01560047095554
0.880762927732649	2.01404946021076
0.881162910896923	2.01260904659743
0.881562894061198	2.01129400601187
0.881962877225473	2.01011485667559
0.882362860389747	2.00907717628917
0.882762843554022	2.00818153592469
0.883162826718296	2.00742423110151
0.883562809882571	2.0067985703535
0.883962793046845	2.00629654249972
0.88436277621112	2.00591023189207
0.884762759375395	2.00563275578035
0.885162742539669	2.00545837031861
0.885562725703944	2.00538198388351
0.885962708868218	2.00539818670468
0.886362692032493	2.00550012878163
0.886762675196768	2.00567847424417
0.887162658361042	2.00592107269393
0.887562641525317	2.00621341175504
0.887962624689591	2.00653964658871
0.888362607853866	2.00688357637754
0.88876259101814	2.0072294106048
0.889162574182415	2.00756204565911
0.88956255734669	2.00786674594255
0.889962540510964	2.00812843052831
0.890362523675239	2.00833119130979
0.890762506839514	2.00845812238464
0.891162490003788	2.00849161212065
0.891562473168063	2.00841408680988
0.891962456332337	2.00820880927776
0.892362439496612	2.00786049797866
0.892762422660886	2.00735594345136
0.893162405825161	2.00668438888714
0.893562388989436	2.00583746168909
0.89396237215371	2.00480888137598
0.894362355317985	2.00359431441467
0.894762338482259	2.00219095801855
0.895162321646534	2.00059704827329
0.895562304810809	1.99881165274138
0.895962287975083	1.99683452443765
0.896362271139358	1.99466597066142
0.896762254303632	1.99230698243649
0.897162237467907	1.98975942199642
0.897562220632181	1.98702600644588
0.897962203796456	1.98411033675166
0.898362186960731	1.98101686900718
0.898762170125005	1.97775073256629
0.89916215328928	1.9743173902922
0.899562136453554	1.97072228568761
0.899962119617829	1.96697044542378
0.900362102782104	1.96306620571759
0.900762085946378	1.95901313716731
0.901162069110653	1.95481444925096
0.901562052274927	1.95047365594279
0.901962035439202	1.94599541520134
0.902362018603477	1.94138648347693
0.902762001767751	1.93665664986611
0.903161984932026	1.9322930002923
0.9035619680963	1.92769826682749
0.903961951260575	1.92293228751374
0.90436193442485	1.9180641202522
0.904761917589124	1.91316154463401
0.905161900753399	1.90828532190572
0.905561883917673	1.90348673752531
0.905961867081948	1.89880718937547
0.906361850246223	1.89427892828122
0.906761833410497	1.889926308998
0.907161816574772	1.88576715836582
0.907561799739046	1.88181405598668
0.907961782903321	1.87807543572026
0.908361766067595	1.87455647276092
0.90876174923187	1.87125978289608
0.909161732396145	1.86818597923292
0.909561715560419	1.86533412950825
0.909961698724694	1.86270214970295
0.910361681888968	1.86028715932648
0.910761665053243	1.85808578875041
0.911161648217518	1.85609442749221
0.911561631381792	1.85430941175184
0.911961614546067	1.85272714760401
0.912361597710341	1.85134416586171
0.912761580874616	1.85015713551396
0.913161564038891	1.84916285910815
0.913561547203165	1.84835825910341
0.91396153036744	1.84774036940315
0.914361513531714	1.84730633538728
0.914761496695989	1.84705341146874
0.915161479860264	1.84697895709643
0.915561463024538	1.84708043230328
0.915961446188813	1.84735539619327
0.916361429353087	1.84780150993482
0.916761412517362	1.84841655200251
0.917161395681636	1.84919844304365
0.917561378845911	1.85014527007695
0.917961362010186	1.851255299041
0.91836134517446	1.85252696963298
0.918761328338735	1.85395887745189
0.919161311503009	1.85554975514596
0.919561294667284	1.85729845515691
0.919961277831559	1.85920393501921
0.920361260995833	1.86126525382751
0.920761244160108	1.86348157596873
0.921161227324382	1.8658521707149
0.921561210488657	1.86837639806324
0.921961193652931	1.87105368405026
0.922361176817206	1.87388348888607
0.922761159981481	1.87686527669846
0.923161143145755	1.87999849673719
0.92356112631003	1.88328258033627
0.923961109474305	1.88671694645682
0.924361092638579	1.89030101417292
0.924761075802854	1.89403421747906
0.925161058967128	1.89791601533215
0.925561042131403	1.90194589789898
0.925961025295677	1.90612339521582
0.926361008459952	1.91044808807048
0.926760991624227	1.91491961761953
0.927160974788501	1.9195376940604
0.927560957952776	1.92430210219958
0.92796094111705	1.92921269695652
0.928360924281325	1.93426939124886
0.9287609074456	1.93947213986429
0.929160890609874	1.9448209244549
0.929560873774149	1.95031574282554
0.929960856938423	1.95595660941096
0.930360840102698	1.96174356298791
0.930760823266973	1.96767667677755
0.931160806431247	1.97375606759574
0.931560789595522	1.97998190566402
0.931960772759796	1.98635441764784
0.932360755924071	1.99287388482222
0.932760739088345	1.99954063759033
0.93316072225262	2.00635504574978
0.933560705416895	2.0133175047677
0.933960688581169	2.0204284263488
0.934360671745444	2.0276882323567
0.934760654909718	2.03509735426449
0.935160638073993	2.04265623959297
0.935560621238268	2.05036536425345
0.935960604402542	2.05822524116243
0.936360587566817	2.06623642624262
0.936760570731091	2.07439952148875
0.937160553895366	2.08271517308722
0.937560537059641	2.09118406660413
0.937960520223915	2.0998069259927
0.93836050338819	2.10858451412501
0.938760486552464	2.11751763409019
0.939160469716739	2.12660713220599
0.939560452881014	2.13585389789259
0.939960436045288	2.14525885750742
0.940360419209563	2.15482296886739
0.940760402373837	2.16454721866208
0.941160385538112	2.17443261995087
0.941560368702386	2.18448021199498
0.941960351866661	2.19469106462084
0.942360335030936	2.20506627823725
0.94276031819521	2.2156069790906
0.943160301359485	2.2263143158273
0.943560284523759	2.23718945300018
0.943960267688034	2.2482335659372
0.944360250852309	2.25944784525899
0.944760234016583	2.27083350688492
0.945160217180858	2.28239179849242
0.945560200345132	2.2941240057507
0.945960183509407	2.30603145071498
0.946360166673682	2.31811547860714
0.946760149837956	2.33037743404307
0.947160133002231	2.34281862934036
0.947560116166505	2.35544030856291
0.94796009933078	2.36824361865783
0.948360082495055	2.38122958802573
0.948760065659329	2.39439911728427
0.949160048823604	2.40775298598161
0.949560031987878	2.42129187647167
0.949960015152153	2.43501641259944
