0	0.659840927634999
0.000399983164274591	0.660942348710125
0.000799966328549181	0.66200741692319
0.00119994949282377	0.663036120432597
0.00159993265709836	0.664028445883499
0.00199991582137295	0.664984374487673
0.00239989898564754	0.665903880265767
0.00279988214992213	0.666786928102246
0.00319986531419673	0.667633467625055
0.00359984847847132	0.668443437385789
0.00399983164274591	0.669216777750578
0.0043998148070205	0.669953443792027
0.00479979797129509	0.670653414597075
0.00519978113556968	0.671316696657513
0.00559976429984427	0.6719433204019
0.00599974746411886	0.672533329712402
0.00639973062839345	0.673086771156799
0.00679971379266804	0.673603686291301
0.00719969695694263	0.674084105833698
0.00759968012121722	0.674528046501493
0.00799966328549181	0.674935511206045
0.0083996464497664	0.675306490628272
0.00879962961404099	0.675640965198127
0.00919961277831559	0.675938909412516
0.00959959594259018	0.676200296103251
0.00999957910686477	0.676425100218197
0.0103995622711394	0.676613304419134
0.0107995454354139	0.676764905106118
0.0111995285996885	0.676879915012413
0.0115995117639631	0.676958363371072
0.0119994949282377	0.677000294434449
0.0123994780925123	0.677005763615949
0.0127994612567869	0.676974832225098
0.0131994444210615	0.67690756328036
0.0135994275853361	0.676804018808534
0.0139994107496107	0.676664260468732
0.0143993939138853	0.676488353442736
0.0147993770781599	0.676276369769941
0.0151993602424344	0.676028390777136
0.015599343406709	0.675744508408453
0.0159993265709836	0.675424825108152
0.0163993097352582	0.675069451770843
0.0167992928995328	0.674678505872078
0.0171992760638074	0.674252110530165
0.017599259228082	0.673790392975468
0.0179992423923566	0.673293481816199
0.0183992255566312	0.672761503835317
0.0187992087209058	0.67219457934032
0.0191991918851804	0.671592817725717
0.0195991750494549	0.670956315367802
0.0199991582137295	0.670285157612906
0.0203991413780041	0.66957942367038
0.0207991245422787	0.668839194032835
0.0211991077065533	0.668064557174419
0.0215990908708279	0.667255612134961
0.0219990740351025	0.666412466680564
0.0223990571993771	0.665535233290473
0.0227990403636517	0.66462402562336
0.0231990235279263	0.663678957337278
0.0235990066922009	0.662700145080475
0.0239989898564754	0.661687712449899
0.02439897302075	0.660641792791155
0.0247989561850246	0.659562530823838
0.0251989393492992	0.658450081221257
0.0255989225135738	0.657304603360861
0.0259989056778484	0.656126255551212
0.026398888842123	0.654915191528965
0.0267988720063976	0.653671560661306
0.0271988551706722	0.652395511891577
0.0275988383349468	0.651087203118891
0.0279988214992213	0.649746809415625
0.0283988046634959	0.648374529234632
0.0287987878277705	0.646970586273377
0.0291987709920451	0.645535227481326
0.0295987541563197	0.644068715288807
0.0299987373205943	0.642571321084553
0.0303987204848689	0.641043320172021
0.0307987036491435	0.639484990052334
0.0311986868134181	0.637896613536426
0.0315986699776927	0.636278488760029
0.0319986531419673	0.634630942478404
0.0323986363062418	0.632954342263459
0.0327986194705164	0.631249102758765
0.033198602634791	0.629515685594309
0.0335985857990656	0.627754588564271
0.0339985689633402	0.62596632286667
0.0343985521276148	0.624151383166844
0.0347985352918894	0.622310214870509
0.035198518456164	0.620443181566625
0.0355985016204386	0.618550540947834
0.0359984847847132	0.616632439037671
0.0363984679489878	0.614688913850202
0.0367984511132623	0.612719905542222
0.0371984342775369	0.610725271877578
0.0375984174418115	0.608704797233933
0.0379984006060861	0.606658181487863
0.0383983837703607	0.60458501951512
0.0387983669346353	0.602484775143012
0.0391983500989099	0.6003567444804
0.0395983332631845	0.598200022307572
0.0399983164274591	0.596013485186923
0.0403982995917337	0.593795777713487
0.0407982827560083	0.591545297364315
0.0411982659202828	0.589260186530015
0.0415982490845574	0.586938321702549
0.041998232248832	0.584577297407704
0.0423982154131066	0.582174422260658
0.0427981985773812	0.579726740550528
0.0431981817416558	0.577231081576607
0.0435981649059304	0.574684149670007
0.043998148070205	0.572082667914831
0.0443981312344796	0.56942357571174
0.0447981143987542	0.566704285848165
0.0451980975630287	0.563923009396432
0.0455980807273033	0.561079130437476
0.0459980638915779	0.558173554448903
0.0463980470558525	0.555208881177245
0.0467980302201271	0.552189135928595
0.0471980133844017	0.549118610712843
0.0475979965486763	0.545858753144354
0.0479979797129509	0.542638877392593
0.0483979628772255	0.539462130906414
0.0487979460415001	0.536330495285067
0.0491979292057747	0.533244785809424
0.0495979123700492	0.530204932665962
0.0499978955343238	0.527210424284086
0.0503978786985984	0.524260752506026
0.050797861862873	0.521355552731501
0.0511978450271476	0.518494760421905
0.0515978281914222	0.515678753390067
0.0519978113556968	0.512908427907953
0.0523977945199714	0.510185164667845
0.052797777684246	0.507510688889011
0.0531977608485206	0.504886807421713
0.0535977440127952	0.50231508583815
0.0539977271770697	0.499796620552753
0.0543977103413443	0.497331986811598
0.0547976935056189	0.4949213219208
0.0551976766698935	0.492564458301908
0.0555976598341681	0.490261027009446
0.0559976429984427	0.488010482977453
0.0563976261627173	0.485812043446254
0.0567976093269919	0.483664593990309
0.0571975924912665	0.481566624314924
0.0575975756555411	0.479516299939307
0.0579975588198157	0.477511690056783
0.0583975419840902	0.475551112251111
0.0587975251483648	0.473633466648756
0.0591975083126394	0.471758418281343
0.059597491476914	0.469926389188447
0.0599974746411886	0.46813835351414
0.0603974578054632	0.466395503476817
0.0607974409697378	0.464698897883289
0.0611974241340124	0.4630492726506
0.061597407298287	0.46144716602424
0.0619973904625616	0.459893301005951
0.0623973736268362	0.458388991906807
0.0627973567911107	0.456936421489446
0.0631973399553853	0.455538664681361
0.0635973231196599	0.454199457670577
0.0639973062839345	0.452922768079938
0.0643972894482091	0.451712370216958
0.0647972726124837	0.45057167918958
0.0651972557767583	0.449503852398255
0.0655972389410329	0.448512068357412
0.0659972221053075	0.447599874791568
0.0663972052695821	0.446771342288852
0.0667971884338567	0.446030963189421
0.0671971715981312	0.445383339161015
0.0675971547624058	0.44483281789675
0.0679971379266804	0.444383229990759
0.068397121090955	0.444037815845692
0.0687971042552296	0.44379929886477
0.0691970874195042	0.443669999548176
0.0695970705837788	0.443651906685412
0.0699970537480534	0.443746619132838
0.070397036912328	0.443955298092161
0.0707970200766026	0.444278692651973
0.0711970032408771	0.444717244582606
0.0715969864051517	0.445271076919882
0.0719969695694263	0.445939871008757
0.0723969527337009	0.446722588066778
0.0727969358979755	0.447617053476187
0.0731969190622501	0.448619505480407
0.0735969022265247	0.449724269493404
0.0739968853907993	0.450923683732106
0.0743968685550739	0.452208388045649
0.0747968517193485	0.453567860706491
0.0751968348836231	0.454991152475436
0.0755968180478976	0.456467510279349
0.0759968012121722	0.457986845272123
0.0763967843764468	0.45953995797268
0.0767967675407214	0.461118592152525
0.077196750704996	0.462715267274415
0.0775967338692706	0.464323126475169
0.0779967170335452	0.465935815905662
0.0783967001978198	0.467547406033158
0.0787966833620944	0.469152385403709
0.079196666526369	0.470745807567094
0.0795966496906435	0.472323567331542
0.0799966328549181	0.47388268798306
0.0803966160191927	0.475421548145804
0.0807965991834673	0.476940038417401
0.0811965823477419	0.478439475634908
0.0815965655120165	0.479922158224648
0.0819965486762911	0.481390690387317
0.0823965318405657	0.482847215062031
0.0827965150048403	0.48429257875779
0.0831964981691149	0.485725703981243
0.0835964813333895	0.48714345497299
0.083996464497664	0.488540830816544
0.0843964476619386	0.489911371940189
0.0847964308262132	0.491247808420157
0.0851964139904878	0.492542660437651
0.0855963971547624	0.493788532641251
0.085996380319037	0.494978284957521
0.0863963634833116	0.4961050781428
0.0867963466475862	0.49716211371498
0.0871963298118608	0.498142350043753
0.0875963129761354	0.499038394246411
0.0879962961404099	0.499842405911601
0.0883962793046845	0.500545975882072
0.0887962624689591	0.501140245512978
0.0891962456332337	0.501616155774909
0.0895962287975083	0.501964824094147
0.0899962119617829	0.502177964014827
0.0903961951260575	0.502248384707716
0.0907961782903321	0.502170425706275
0.0911961614546067	0.501940269875913
0.0915961446188813	0.501556102798548
0.0919961277831559	0.501018119137187
0.0923961109474305	0.500328392536179
0.092796094111705	0.499490766079105
0.0931960772759796	0.498510900243066
0.0935960604402542	0.497396272616764
0.0939960436045288	0.496155971945378
0.0943960267688034	0.494800385360929
0.094796009933078	0.493340751239641
0.0951959930973526	0.491788498167003
0.0955959762616272	0.490154636523728
0.0959959594259018	0.488449413463979
0.0963959425901764	0.486682314511891
0.096795925754451	0.484862226157356
0.0971959089187255	0.482997714417823
0.0975958920830001	0.481097185315816
0.0979958752472747	0.47916881897367
0.0983958584115493	0.477220228387736
0.0987958415758239	0.475258023549253
0.0991958247400985	0.473287472805631
0.0995958079043731	0.471312320995712
0.0999957910686477	0.469334967691587
0.100395774232922	0.4673569121765
0.100795757397197	0.465379135469402
0.101195740561471	0.463402347636336
0.101595723725746	0.461427182505543
0.101995706890021	0.459454232064049
0.102395690054295	0.457484018010716
0.10279567321857	0.45551710208015
0.103195656382844	0.453554224561454
0.103595639547119	0.451596402704706
0.103995622711394	0.449645211455008
0.104395605875668	0.447703063455837
0.104795589039943	0.445773248577229
0.105195572204217	0.443859802614419
0.105595555368492	0.441967286115393
0.105995538532767	0.440100469277698
0.106395521697041	0.438263937936329
0.106795504861316	0.436461789688317
0.10719548802559	0.434697411769976
0.107595471189865	0.43297344730424
0.107995454354139	0.431291960798108
0.108395437518414	0.429654698381288
0.108795420682689	0.428063305587238
0.109195403846963	0.426519616916356
0.109595387011238	0.425025855911565
0.109995370175512	0.423584652252349
0.110395353339787	0.422198910667206
0.110795336504062	0.420871731635089
0.111195319668336	0.419606207424251
0.111595302832611	0.41840514937784
0.111995285996885	0.417270843580647
0.11239526916116	0.416204995707405
0.112795252325435	0.415208787555885
0.113195235489709	0.414283088969493
0.113595218653984	0.413428698291002
0.113995201818258	0.412646510417567
0.114395184982533	0.411937499418679
0.114795168146808	0.411302603691656
0.115195151311082	0.410742491695446
0.115595134475357	0.410257414945651
0.115995117639631	0.409847206791826
0.116395100803906	0.409511400571762
0.11679508396818	0.409249292733836
0.117195067132455	0.409060017948246
0.11759505029673	0.408942498129736
0.117995033461004	0.408895205376598
0.118395016625279	0.408915887511773
0.118794999789553	0.409001427543545
0.119194982953828	0.409147834069817
0.119594966118103	0.409350448494776
0.119994949282377	0.40960432327986
0.120394932446652	0.409904597038631
0.120794915610926	0.410246842832632
0.121194898775201	0.410627338564631
0.121594881939476	0.411043195440991
0.12199486510375	0.41149237531754
0.122394848268025	0.41197374512539
0.122794831432299	0.412487039257591
0.123194814596574	0.413032645616873
0.123594797760849	0.413611291935817
0.123994780925123	0.41422369461924
0.124394764089398	0.414870159649237
0.124794747253672	0.415550283151004
0.125194730417947	0.416262873262416
0.125594713582221	0.417006093680575
0.125994696746496	0.41777762599054
0.126394679910771	0.418574886940311
0.126794663075045	0.419395192409545
0.12719464623932	0.420235776916529
0.127594629403594	0.42109365219126
0.127994612567869	0.421965409220335
0.128394595732144	0.422847030774667
0.128794578896418	0.423733901329699
0.129194562060693	0.424621073000244
0.129594545224967	0.425503592186572
0.129994528389242	0.426376818016824
0.130394511553517	0.427236700341297
0.130794494717791	0.428079939564125
0.131194477882066	0.428904007406518
0.13159446104634	0.429707140815111
0.131994444210615	0.430488416010997
0.13239442737489	0.43124790632334
0.132794410539164	0.431986888634003
0.133194393703439	0.432708040092829
0.133594376867713	0.433415476725795
0.133994360031988	0.434114635356047
0.134394343196262	0.434812008366531
0.134794326360537	0.435514775814328
0.135194309524812	0.43623028012902
0.135594292689086	0.436965602120636
0.135994275853361	0.437727310024334
0.136394259017635	0.438521281389206
0.13679424218191	0.439352609185416
0.137194225346185	0.440225786448428
0.137594208510459	0.441144962895075
0.137994191674734	0.442114026587328
0.138394174839008	0.443136586511083
0.138794158003283	0.444215853112442
0.139194141167558	0.445354378634212
0.139594124331832	0.446553854020042
0.139994107496107	0.447815048154974
0.140394090660381	0.449137900298558
0.140794073824656	0.450521750571808
0.141194056988931	0.451965730102892
0.141594040153205	0.453469091907714
0.14199402331748	0.455031295468138
0.142394006481754	0.456651897370017
0.142793989646029	0.458330307603192
0.143193972810303	0.460065450098618
0.143593955974578	0.461855418096619
0.143993939138853	0.463697390288116
0.144393922303127	0.465587785265186
0.144793905467402	0.467522562218454
0.145193888631676	0.469497634067951
0.145593871795951	0.471509398536409
0.145993854960226	0.473555259115978
0.1463938381245	0.475633989394695
0.146793821288775	0.477745824896221
0.147193804453049	0.479892287630774
0.147593787617324	0.482075719737605
0.147993770781599	0.484298675473795
0.148393753945873	0.486563207739258
0.148793737110148	0.488870282245471
0.149193720274422	0.491219404751181
0.149593703438697	0.493608574237479
0.149993686602972	0.496034578015546
0.150393669767246	0.498493539294648
0.150793652931521	0.500981387345907
0.151193636095795	0.503494176266052
0.15159361926007	0.506028213390341
0.151993602424344	0.508579930892951
0.152393585588619	0.511145599516476
0.152793568752894	0.513721166817692
0.153193551917168	0.516302184731381
0.153593535081443	0.51888388949405
0.153993518245717	0.521461447268255
0.154393501409992	0.524030174491538
0.154793484574267	0.526585575494974
0.155193467738541	0.529123271991082
0.155593450902816	0.531638802265334
0.15599343406709	0.534127327158776
0.156393417231365	0.536583450637748
0.15679340039564	0.539001329204741
0.157193383559914	0.541374957664391
0.157593366724189	0.543698615683956
0.157993349888463	0.545967239553949
0.158393333052738	0.54817640782218
0.158793316217013	0.550321992251398
0.159193299381287	0.55239957468199
0.159593282545562	0.554403703186636
0.159993265709836	0.556327352417191
0.160393248874111	0.558161973146718
0.160793232038385	0.559898109446092
0.16119321520266	0.561526304521417
0.161593198366935	0.563038036339881
0.161993181531209	0.564426422310667
0.162393164695484	0.565686421017887
0.162793147859758	0.566814581272108
0.163193131024033	0.567808651342677
0.163593114188308	0.568667242014733
0.163993097352582	0.569389716165329
0.164393080516857	0.569976474534244
0.164793063681131	0.570429419156543
0.165193046845406	0.570752310791019
0.165593030009681	0.570950892861027
0.165993013173955	0.571032814686061
0.16639299633823	0.571007358325841
0.166792979502504	0.570885029297467
0.167192962666779	0.57067720378465
0.167592945831053	0.570395776954505
0.167992928995328	0.570052738659358
0.168392912159603	0.569659703860268
0.168792895323877	0.569227393828237
0.169192878488152	0.568765149446384
0.169592861652426	0.568280592285878
0.169992844816701	0.567779406465641
0.170392827980976	0.567265288887061
0.17079281114525	0.566740100916211
0.171192794309525	0.566204155789078
0.171592777473799	0.565656538788604
0.171992760638074	0.565095453328951
0.172392743802349	0.564518552153829
0.172792726966623	0.56392323651729
0.173192710130898	0.563306913421592
0.173592693295172	0.562667197037453
0.173992676459447	0.562001983682061
0.174392659623722	0.561309418576659
0.174792642787996	0.560587766180407
0.175192625952271	0.559835227483043
0.175592609116545	0.559049809396344
0.17599259228082	0.558229320340988
0.176392575445094	0.557371514423845
0.176792558609369	0.556474394804125
0.177192541773644	0.555536401972289
0.177592524937918	0.554556496519976
0.177992508102193	0.553534181308816
0.178392491266467	0.552469336761037
0.178792474430742	0.551361805803946
0.179192457595017	0.550211080793134
0.179592440759291	0.54901614741036
0.179992423923566	0.547775518169736
0.18039240708784	0.546487574184777
0.180792390252115	0.545151298940902
0.18119237341639	0.543767016193202
0.181592356580664	0.542336963223536
0.181992339744939	0.540865577645894
0.182392322909213	0.539359327352858
0.182792306073488	0.537825919312096
0.183192289237763	0.536273267561587
0.183592272402037	0.534708412977578
0.183992255566312	0.533136587087556
0.184392238730586	0.531560623992252
0.184792221894861	0.529981049145981
0.185192205059136	0.528396486126846
0.18559218822341	0.526804249256618
0.185992171387685	0.52520108218812
0.186392154551959	0.523583897578916
0.186792137716234	0.521950209063999
0.187192120880508	0.520298492610368
0.187592104044783	0.518628497976851
0.187992087209058	0.516941406875195
0.188392070373332	0.515239872673446
0.188792053537607	0.513528080000961
0.189192036701881	0.511811622882045
0.189592019866156	0.51009721311284
0.189992003030431	0.508392226242495
0.190391986194705	0.506704181690136
0.19079196935898	0.505040112311888
0.191191952523254	0.503406106375412
0.191591935687529	0.501807248010985
0.191991918851804	0.500247910512897
0.192391902016078	0.498732250117656
0.192791885180353	0.4972649464072
0.193191868344627	0.495851879327271
0.193591851508902	0.49450038722595
0.193991834673176	0.493219139280128
0.194391817837451	0.492017852958562
0.194791801001726	0.490906662679385
0.195191784166	0.489895492999008
0.195591767330275	0.488993723170366
0.195991750494549	0.488210013891308
0.196391733658824	0.487552182386336
0.196791716823099	0.487027355326936
0.197191699987373	0.486642069646018
0.197591683151648	0.486402272218754
0.197991666315922	0.486313456645855
0.198391649480197	0.486380814484381
0.198791632644472	0.486609197068339
0.199191615808746	0.487003118012029
0.199591598973021	0.487566810584789
0.199991582137295	0.488304163504125
0.20039156530157	0.489218650626066
0.200791548465845	0.490313252858506
0.201191531630119	0.49159036487896
0.201591514794394	0.493051711864125
0.201991497958668	0.49469827800858
0.202391481122943	0.496530135129935
0.202791464287217	0.498546370683432
0.203191447451492	0.500745104342052
0.203591430615767	0.503123508987503
0.203991413780041	0.505677763309131
0.204391396944316	0.508403100819604
0.20479138010859	0.511293855193515
0.205191363272865	0.514343620692945
0.20559134643714	0.517545504931366
0.205991329601414	0.520892509134059
0.206391312765689	0.524377958243558
0.206791295929963	0.527995954392901
0.207191279094238	0.531741723198366
0.207591262258513	0.535611748924477
0.207991245422787	0.539603645380576
0.208391228587062	0.543715820305795
0.208791211751336	0.547946996199093
0.209191194915611	0.552295608409093
0.209591178079886	0.556759243206672
0.20999116124416	0.561334340303941
0.210391144408435	0.566016167623946
0.210791127572709	0.570798955817976
0.211191110736984	0.575676195657715
0.211591093901258	0.580640928488833
0.211991077065533	0.585685929021749
0.212391060229808	0.590803735639277
0.212791043394082	0.59598648380973
0.213191026558357	0.601225530664322
0.213591009722631	0.606511215035562
0.213990992886906	0.61183286734711
0.214390976051181	0.617178843552339
0.214790959215455	0.622536524812874
0.21519094237973	0.627892307209167
0.215590925544004	0.633231387667984
0.215990908708279	0.638537445301696
0.216390891872554	0.643792470151103
0.216790875036828	0.64897686841878
0.217190858201103	0.654069898122704
0.217590841365377	0.659050561078168
0.217990824529652	0.66389874623455
0.218390807693927	0.668596207762355
0.218790790858201	0.673127389391114
0.219190774022476	0.677479918424317
0.21959075718675	0.681644528263145
0.219990740351025	0.685614493357879
0.220390723515299	0.689385061939714
0.220790706679574	0.69295294453529
0.221190689843849	0.696315842333517
0.221590673008123	0.699472154293012
0.221990656172398	0.70242090402301
0.222390639336672	0.705161656636057
0.222790622500947	0.707694545068521
0.223190605665222	0.710020368083466
0.223590588829496	0.712140721153819
0.223990571993771	0.714058167447357
0.224390555158045	0.715776521751646
0.22479053832232	0.71730098530295
0.225190521486595	0.71863806285403
0.225590504650869	0.719795170526109
0.225990487815144	0.720779938412185
0.226390470979418	0.721599339680014
0.226790454143693	0.72225894404658
0.227190437307968	0.722762517607253
0.227590420472242	0.723112224184908
0.227990403636517	0.723309258418909
0.228390386800791	0.723354717257923
0.228790369965066	0.723250342406497
0.22919035312934	0.722998974336832
0.229590336293615	0.722604594231808
0.22999031945789	0.722072055638749
0.230390302622164	0.721406559387512
0.230790285786439	0.720613155530746
0.231190268950713	0.719696431132915
0.231590252114988	0.718660387170623
0.231990235279263	0.717508399202831
0.232390218443537	0.716243392870216
0.232790201607812	0.71486811719445
0.233190184772086	0.713385383645364
0.233590167936361	0.711798312088947
0.233990151100636	0.710110644128539
0.23439013426491	0.708327047549102
0.234790117429185	0.706453313057848
0.235190100593459	0.704496416481549
0.235590083757734	0.702464406914982
0.235990066922009	0.700366060622766
0.236390050086283	0.69821033758148
0.236790033250558	0.696005759347512
0.237190016414832	0.69375961816418
0.237589999579107	0.691477186318056
0.237989982743381	0.689161199614887
0.238389965907656	0.686811703011031
0.238789949071931	0.68442610961056
0.239189932236205	0.681999779452916
0.23958991540048	0.679526885988544
0.239989898564754	0.677001238355625
0.240389881729029	0.674416921148875
0.240789864893304	0.6717688326039
0.241189848057578	0.66905303092185
0.241589831221853	0.666266883006983
0.241989814386127	0.663409074120298
0.242389797550402	0.660479549088369
0.242789780714677	0.6574793718552
0.243189763878951	0.654410596875823
0.243589747043226	0.651276038378416
0.2439897302075	0.64807901448629
0.244389713371775	0.644823058964089
0.24478969653605	0.641511721982601
0.245189679700324	0.638148478354089
0.245589662864599	0.634736837838287
0.245989646028873	0.631280556712464
0.246389629193148	0.627783881047347
0.246789612357422	0.624251781760704
0.247189595521697	0.620690094318909
0.247589578685972	0.617105573055142
0.247989561850246	0.61350585868613
0.248389545014521	0.609899352651718
0.248789528178795	0.606295109307894
0.24918951134307	0.602702745282026
0.249589494507345	0.599132393696562
0.249989477671619	0.595594667457208
0.250389460835894	0.592100611699821
0.250789444000168	0.588661611110228
0.251189427164443	0.585289216424369
0.251589410328718	0.581994915821199
0.251989393492992	0.578789976358491
0.252389376657267	0.575685450235236
0.252789359821541	0.572692354826604
0.253189342985816	0.569821982315003
0.25358932615009	0.56708609067804
0.253989309314365	0.564496838349266
0.25438929247864	0.562066434243857
0.254789275642914	0.559806530722247
0.255189258807189	0.557727482732612
0.255589241971463	0.555837822313954
0.255989225135738	0.554144239295304
0.256389208300013	0.552651839349442
0.256789191464287	0.551364498391854
0.257189174628562	0.550285269866771
0.257589157792836	0.549416511302672
0.257989140957111	0.548759556834477
0.258389124121386	0.548314290728133
0.25878910728566	0.548078824718088
0.259189090449935	0.548049355232752
0.259589073614209	0.548220379695014
0.259989056778484	0.548585259407521
0.260389039942759	0.549136830349642
0.260789023107033	0.549867749253772
0.261189006271308	0.55077057892598
0.261588989435582	0.551837725185563
0.261988972599857	0.553061282271249
0.262388955764132	0.55443298572521
0.262788938928406	0.555944455398608
0.263188922092681	0.557587573720108
0.263588905256955	0.55935471627874
0.26398888842123	0.561238752078698
0.264388871585504	0.56323288030921
0.264788854749779	0.565330261173913
0.265188837914054	0.56752346601625
0.265588821078328	0.569803975466619
0.265988804242603	0.572161911242565
0.266388787406877	0.574585974073472
0.266788770571152	0.577063602924381
0.267188753735427	0.579581321069715
0.267588736899701	0.582125201941106
0.267988720063976	0.584681402343078
0.26838870322825	0.58723682850388
0.268788686392525	0.589779788285509
0.2691886695568	0.592300268128934
0.269588652721074	0.594789908034654
0.269988635885349	0.597241720795539
0.270388619049623	0.599649423724296
0.270788602213898	0.602006595971003
0.271188585378172	0.60430616195949
0.271588568542447	0.606540325023281
0.271988551706722	0.608700999684444
0.272388534870996	0.610780499781002
0.272788518035271	0.612772176046067
0.273188501199545	0.614670850084151
0.27358848436382	0.61647288704492
0.273988467528095	0.618175722104389
0.274388450692369	0.619777160894365
0.274788433856644	0.621274825084465
0.275188417020918	0.622665930079032
0.275588400185193	0.623947399583727
0.275988383349468	0.625116447904762
0.276388366513742	0.626171318150732
0.276788349678017	0.627112018185551
0.277188332842291	0.627940904916175
0.277588316006566	0.628662888295427
0.277988299170841	0.629285128345015
0.278388282335115	0.629816504780718
0.27878826549939	0.630266863629335
0.279188248663664	0.6306461832847
0.279588231827939	0.630963858200737
0.279988214992213	0.631228268114767
0.280388198156488	0.631446524210359
0.280788181320763	0.631624508184639
0.281188164485037	0.631767182580238
0.281588147649312	0.631879097220922
0.281988130813586	0.631964812903431
0.282388113977861	0.632029321775991
0.282788097142136	0.632078331302325
0.28318808030641	0.632118331814665
0.283588063470685	0.632156390248443
0.283988046634959	0.632199838729488
0.284388029799234	0.632255913767465
0.284788012963509	0.632331533528122
0.285187996127783	0.632433106643301
0.285587979292058	0.632566471345928
0.285987962456332	0.63273684630316
0.286387945620607	0.632948724328603
0.286787928784882	0.633205697399644
0.287187911949156	0.633510308243231
0.287587895113431	0.633863918098828
0.287987878277705	0.634266813417947
0.28838786144198	0.634718627297093
0.288787844606255	0.635218915929276
0.289187827770529	0.635767635467936
0.289587810934804	0.636365598898354
0.289987794099078	0.63701463492204
0.290387777263353	0.637717316383232
0.290787760427627	0.638476437970842
0.291187743591902	0.63929453207434
0.291587726756177	0.640173404819932
0.291987709920451	0.641113898985459
0.292387693084726	0.642115939265603
0.292787676249	0.643178721094549
0.293187659413275	0.644300871245836
0.29358764257755	0.645480587847067
0.293987625741824	0.646715653370721
0.294387608906099	0.648003325345959
0.294787592070373	0.64934018050791
0.295187575234648	0.650722159621022
0.295587558398923	0.652144800319654
0.295987541563197	0.653603593341565
0.296387524727472	0.655094355641616
0.296787507891746	0.656613621654302
0.297187491056021	0.658158772623861
0.297587474220295	0.659727918844343
0.29798745738457	0.661319669130486
0.298387440548845	0.66293282911181
0.298787423713119	0.664566031315367
0.299187406877394	0.666217421329891
0.299587390041668	0.667884302894111
0.299987373205943	0.669562735572874
0.300387356370218	0.671247236073764
0.300787339534492	0.672930615140664
0.301187322698767	0.674603944987272
0.301587305863041	0.676256859364334
0.301987289027316	0.677878257897231
0.302387272191591	0.679457243737795
0.302787255355865	0.680984004997668
0.30318723852014	0.682450371591718
0.303587221684414	0.683849952946909
0.303987204848689	0.685177872199704
0.304387188012963	0.686430108338881
0.304787171177238	0.687602669643466
0.305187154341513	0.688691047796417
0.305587137505787	0.689690089421068
0.305987120670062	0.690594165812385
0.306387103834336	0.691397567799579
0.306787086998611	0.692095042335258
0.307187070162886	0.69268223645616
0.30758705332716	0.69315604244351
0.307987036491435	0.693514776224056
0.308387019655709	0.69375818813585
0.308787002819984	0.693887456185041
0.309186985984259	0.69390539539994
0.309586969148533	0.693816620755052
0.309986952312808	0.693627545359637
0.310386935477082	0.693346231239805
0.310786918641357	0.69298210166801
0.311186901805632	0.692545439003602
0.311586884969906	0.692046870855002
0.311986868134181	0.69149689415538
0.312386851298455	0.690905545408223
0.31278683446273	0.690282296770662
0.313186817627005	0.689636124013853
0.313586800791279	0.688975515728957
0.313986783955554	0.688308623724778
0.314386767119828	0.687643528973663
0.314786750284103	0.686988422287286
0.315186733448377	0.686351681914861
0.315586716612652	0.685742037139325
0.315986699776927	0.685168632845898
0.316386682941201	0.684640969664443
0.316786666105476	0.684168592710727
0.31718664926975	0.683760478573339
0.317586632434025	0.683424254229248
0.3179866155983	0.683165522188742
0.318386598762574	0.682987344730313
0.318786581926849	0.682890043381709
0.319186565091123	0.682871440483578
0.319586548255398	0.682927438404235
0.319986531419673	0.68305278673918
0.320386514583947	0.683241825115206
0.320786497748222	0.683488914567694
0.321186480912496	0.683788586795944
0.321586464076771	0.684135472606642
0.321986447241046	0.684524034387151
0.32238643040532	0.684948316920452
0.322786413569595	0.685402081475633
0.323186396733869	0.685879216741297
0.323586379898144	0.686374234839567
0.323986363062418	0.686882795319365
0.324386346226693	0.687402007081342
0.324786329390968	0.687930344054497
0.325186312555242	0.688467207055945
0.325586295719517	0.689012258276474
0.325986278883791	0.689564625491367
0.326386262048066	0.690122215896702
0.326786245212341	0.690681329335644
0.327186228376615	0.691236603427656
0.32758621154089	0.691781282472034
0.327986194705164	0.692307748031281
0.328386177869439	0.692808139787147
0.328786161033714	0.693274918925567
0.329186144197988	0.693701333629091
0.329586127362263	0.694081833871529
0.329986110526537	0.694412285270999
0.330386093690812	0.6946900307036
0.330786076855086	0.694913898883229
0.331186060019361	0.695084213575362
0.331586043183636	0.695202696365339
0.33198602634791	0.695272373654507
0.332386009512185	0.695297351646259
0.332785992676459	0.695282432074379
0.333185975840734	0.695232613680367
0.333585959005009	0.69515252978987
0.333985942169283	0.695045753828
0.334385925333558	0.694914362805499
0.334785908497832	0.694758721974337
0.335185891662107	0.694577414555895
0.335585874826382	0.694367319246398
0.335985857990656	0.694123910046751
0.336385841154931	0.693841676889142
0.336785824319205	0.693514660286453
0.33718580748348	0.693136909895676
0.337585790647755	0.69270280024119
0.337985773812029	0.692207268306517
0.338385756976304	0.691646031581327
0.338785740140578	0.691015683105541
0.339185723304853	0.690313833757353
0.339585706469128	0.689539351050644
0.339985689633402	0.68869256179951
0.340385672797677	0.687775393449986
0.340785655961951	0.686791427074342
0.341185639126226	0.68574584842074
0.3415856222905	0.684645082646478
0.341985605454775	0.683496247460354
0.34238558861905	0.682306483161844
0.342785571783324	0.681082448611279
0.343185554947599	0.679829902890792
0.343585538111873	0.678553550689505
0.343985521276148	0.677257124201954
0.344385504440423	0.675943533951868
0.344785487604697	0.674614985688237
0.345185470768972	0.673273212517853
0.345585453933246	0.671919531097384
0.345985437097521	0.670554854007911
0.346385420261796	0.669179748418233
0.34678540342607	0.667794581332164
0.347185386590345	0.666399522709725
0.347585369754619	0.664994764641986
0.347985352918894	0.663580866519667
0.348385336083169	0.662159102743373
0.348785319247443	0.660731708832022
0.349185302411718	0.659302089431621
0.349585285575992	0.657874814867936
0.349985268740267	0.656455384972427
0.350385251904541	0.655049837531985
0.350785235068816	0.653664257091417
0.351185218233091	0.652304371273705
0.351585201397365	0.650975309052844
0.35198518456164	0.649681519162675
0.352385167725914	0.64842693813379
0.352785150890189	0.647215254063909
0.353185134054464	0.646049963562314
0.353585117218738	0.644934315126177
0.353985100383013	0.643871185884486
0.354385083547287	0.642862884607802
0.354785066711562	0.641910886845459
0.355185049875837	0.641015765179834
0.355585033040111	0.640177238012903
0.355985016204386	0.639394240007124
0.35638499936866	0.638665003228922
0.356784982532935	0.637987244522508
0.357184965697209	0.637358337319717
0.357584948861484	0.636775603945437
0.357984932025759	0.636236710622438
0.358384915190033	0.635739997091342
0.358784898354308	0.635284582455643
0.359184881518582	0.634870303312173
0.359584864682857	0.634497500723597
0.359984847847132	0.634166630023738
0.360384831011406	0.633877830588114
0.360784814175681	0.633630597325861
0.361184797339955	0.633423600731115
0.36158478050423	0.633254510033176
0.361984763668505	0.633119860888688
0.362384746832779	0.633014974867306
0.362784729997054	0.632934033440043
0.363184713161328	0.6328702915736
0.363584696325603	0.632816655773128
0.363984679489878	0.63276653681874
0.364384662654152	0.632714586853668
0.364784645818427	0.632657153326672
0.365184628982701	0.632592428762576
0.365584612146976	0.632520025325164
0.36598459531125	0.632440109481442
0.366384578475525	0.632352594746429
0.3667845616398	0.632256640192816
0.367184544804074	0.632150440696008
0.367584527968349	0.632031366574391
0.367984511132623	0.631896316278132
0.368384494296898	0.631741916220829
0.368784477461173	0.631564483012518
0.369184460625447	0.631359825923759
0.369584443789722	0.631122949507525
0.369984426953996	0.630847841616122
0.370384410118271	0.630527653809304
0.370784393282546	0.630155133716916
0.37118437644682	0.629723137610893
0.371584359611095	0.629225146865959
0.371984342775369	0.628655821797668
0.372384325939644	0.628011403142183
0.372784309103919	0.627289852205065
0.373184292268193	0.626490905910237
0.373584275432468	0.625615966474182
0.373984258596742	0.624667664294781
0.374384241761017	0.623649232362908
0.374784224925292	0.622563879916354
0.375184208089566	0.621414201986297
0.375584191253841	0.620201868304003
0.375984174418115	0.618927780442409
0.37638415758239	0.617592659831793
0.376784140746664	0.616197880146465
0.377184123910939	0.614746350653801
0.377584107075214	0.613243167126083
0.377984090239488	0.611695815108774
0.378384073403763	0.610113966803251
0.378784056568037	0.608508988619297
0.379184039732312	0.606893224224629
0.379584022896587	0.605279316172601
0.379984006060861	0.603679815811311
0.380383989225136	0.602106993141786
0.38078397238941	0.600572749131914
0.381183955553685	0.599088671287788
0.38158393871796	0.597666050711377
0.381983921882234	0.596315673682309
0.382383905046509	0.595047460424401
0.382783888210783	0.593870129329096
0.383183871375058	0.592790896975614
0.383583854539332	0.591815280444543
0.383983837703607	0.59094714611769
0.384383820867882	0.590188871000237
0.384783804032156	0.589541540524994
0.385183787196431	0.589005194535565
0.385583770360705	0.588578996336485
0.38598375352498	0.588261224090804
0.386383736689255	0.588049275677906
0.386783719853529	0.587939818560847
0.387183703017804	0.587928879691729
0.387583686182078	0.588011870074482
0.387983669346353	0.588183661676537
0.388383652510628	0.588438544847126
0.388783635674902	0.588770046415595
0.389183618839177	0.589170755700783
0.389583602003451	0.58963224309104
0.389983585167726	0.590145035311207
0.390383568332	0.590698823948041
0.390783551496275	0.59128278427082
0.39118353466055	0.591885906623012
0.391583517824824	0.592497261245658
0.391983500989099	0.59310621647375
0.392383484153373	0.593702430215187
0.392783467317648	0.594275764253522
0.393183450481923	0.594816163071172
0.393583433646197	0.595313648212938
0.393983416810472	0.595758382776749
0.394383399974746	0.596140833674865
0.394783383139021	0.596451719870226
0.395183366303296	0.596681904021117
0.39558334946757	0.596822187229718
0.395983332631845	0.596863063239509
0.396383315796119	0.596794509778726
0.396783298960394	0.596606185699928
0.397183282124669	0.596287861352515
0.397583265288943	0.595830025651376
0.397983248453218	0.595224480296336
0.398383231617492	0.59446476847146
0.398783214781767	0.593546204183991
0.399183197946042	0.592465718261987
0.399583181110316	0.591221579694422
0.399983164274591	0.589813094429097
0.400383147438865	0.588240436253783
0.40078313060314	0.586504776371856
0.401183113767414	0.584608428186712
0.401583096931689	0.582554905765684
0.401983080095964	0.580348912322454
0.402383063260238	0.577996098368643
0.402783046424513	0.575502631086931
0.403183029588787	0.572874850834969
0.403583012753062	0.570119157537773
0.403982995917337	0.567242035883102
0.404382979081611	0.564250280421634
0.404782962245886	0.561151323080341
0.40518294541016	0.557953499547469
0.405582928574435	0.554666175996464
0.40598291173871	0.55129978236819
0.406382894902984	0.54786563876782
0.406782878067259	0.544375643065421
0.407182861231533	0.540841781300754
0.407582844395808	0.537275471774155
0.407982827560083	0.533686875704824
0.408382810724357	0.530084341501375
0.408782793888632	0.526474025012317
0.409182777052906	0.52285993725895
0.409582760217181	0.519244521292687
0.409982743381455	0.515629563190768
0.41038272654573	0.512017315010866
0.410782709710005	0.508411599960368
0.411182692874279	0.504818648456069
0.411582676038554	0.501247545529201
0.411982659202828	0.497710268033599
0.412382642367103	0.494221278312245
0.412782625531378	0.490796958970036
0.413182608695652	0.487455020806352
0.413582591859927	0.484213909175403
0.413982575024201	0.48109223926286
0.414382558188476	0.478108430159211
0.414782541352751	0.475280400158675
0.415182524517025	0.472625440745383
0.4155825076813	0.470160105820746
0.415982490845574	0.467900011368935
0.416382474009849	0.465859618545109
0.416782457174123	0.464052092747439
0.417182440338398	0.462489068013443
0.417582423502673	0.461180477384475
0.417982406666947	0.460134613124551
0.418382389831222	0.459358347613258
0.418782372995496	0.458857355704004
0.419182356159771	0.458636421241315
0.419582339324046	0.458699675605336
0.41998232248832	0.45905067222992
0.420382305652595	0.459692264650117
0.420782288816869	0.460626371818342
0.421182271981144	0.461853527066381
0.421582255145419	0.463372394862723
0.421982238309693	0.465179385372705
0.422382221473968	0.467268474646975
0.422782204638242	0.469631113475519
0.423182187802517	0.472256366087869
0.423582170966792	0.475131216801652
0.423982154131066	0.478240957460818
0.424382137295341	0.481569505849898
0.424782120459615	0.485099727501276
0.42518210362389	0.488813616589963
0.425582086788165	0.492692429806292
0.425982069952439	0.496716791893822
0.426382053116714	0.500866781119277
0.426782036280988	0.505121939156589
0.427182019445263	0.509461434815069
0.427582002609537	0.513864380770298
0.427981985773812	0.518310310939332
0.428381968938087	0.522779799063862
0.428781952102361	0.52725514536381
0.429181935266636	0.531720813965869
0.42958191843091	0.536163604099233
0.429981901595185	0.540572453969489
0.43038188475946	0.544937915817749
0.430781867923734	0.549251470363982
0.431181851088009	0.553504871978139
0.431581834252283	0.557689648509224
0.431981817416558	0.561796963315218
0.432381800580833	0.565817776764164
0.432781783745107	0.56974315291624
0.433181766909382	0.573564595647804
0.433581750073656	0.577274328973252
0.433981733237931	0.580865359903041
0.434381716402206	0.584331412284148
0.43478169956648	0.587666822164229
0.435181682730755	0.590866405591366
0.435581665895029	0.593925394260423
0.435981649059304	0.596839510427762
0.436381632223578	0.599605268808931
0.436781615387853	0.60222032246879
0.437181598552128	0.604683756328646
0.437581581716402	0.606996264482411
0.437981564880677	0.609160278117389
0.438381548044951	0.611179777521611
0.438781531209226	0.613059976000884
0.439181514373501	0.614806988298578
0.439581497537775	0.616427434219946
0.43998148070205	0.617927960755184
0.440381463866324	0.619315000177819
0.440781447030599	0.620594580919747
0.441181430194874	0.621772129582154
0.441581413359148	0.622852400339792
0.441981396523423	0.623839532169132
0.442381379687697	0.624736901154271
0.442781362851972	0.625547053762083
0.443181346016246	0.626271830047954
0.443581329180521	0.626912579345532
0.443981312344796	0.627470461571808
0.44438129550907	0.627946909855902
0.444781278673345	0.628344089140016
0.445181261837619	0.628665202154239
0.445581245001894	0.628914663348031
0.445981228166169	0.629097967111256
0.446381211330443	0.629221354970852
0.446781194494718	0.62929138626062
0.447181177658992	0.629314615778634
0.447581160823267	0.629297416699638
0.447981143987542	0.62924609922943
0.448381127151816	0.629167008171215
0.448781110316091	0.629066477204169
0.449181093480365	0.628950535604162
0.44958107664464	0.628824374391467
0.449981059808915	0.62869149091853
0.450381042973189	0.628552926522657
0.450781026137464	0.628406790419607
0.451181009301738	0.628248330090272
0.451580992466013	0.628070465796549
0.451980975630287	0.627864862994492
0.452380958794562	0.627623192504113
0.452780941958837	0.627338394952947
0.453180925123111	0.627005625782352
0.453580908287386	0.626622764430312
0.45398089145166	0.626190279917172
0.454380874615935	0.625710734450478
0.45478085778021	0.625188213053162
0.455180840944484	0.624627721264831
0.455580824108759	0.624034600996649
0.455980807273033	0.623414125947294
0.456380790437308	0.622771284851298
0.456780773601583	0.622110599749367
0.457180756765857	0.621436048494813
0.457580739930132	0.620750965531579
0.457980723094406	0.620057986595274
0.458380706258681	0.619359079675127
0.458780689422956	0.618655703995998
0.45918067258723	0.617949029530476
0.459580655751505	0.617240369339717
0.459980638915779	0.616531629325367
0.460380622080054	0.615825552970951
0.460780605244329	0.615125698686935
0.461180588408603	0.614436209562815
0.461580571572878	0.613761332365953
0.461980554737152	0.613105073297764
0.462380537901427	0.612471048259372
0.462780521065701	0.611862415607195
0.463180504229976	0.611282040187266
0.463580487394251	0.610732826510116
0.463980470558525	0.61021783661179
0.4643804537228	0.609740179682406
0.464780436887074	0.609302865281113
0.465180420051349	0.608908558815934
0.465580403215624	0.608559426888491
0.465980386379898	0.608257243164591
0.466380369544173	0.608003759269313
0.466780352708447	0.60780110902205
0.467180335872722	0.607652307597795
0.467580319036997	0.607561646543199
0.467980302201271	0.607534886427545
0.468380285365546	0.607579340023563
0.46878026852982	0.607703834907616
0.469180251694095	0.607918457135731
0.469580234858369	0.60823418916402
0.469980218022644	0.608662452934136
0.470380201186919	0.609214612944041
0.470780184351193	0.609901508747486
0.471180167515468	0.610733089135782
0.471580150679742	0.611718234778756
0.471980133844017	0.612864802493649
0.472380117008292	0.614179792303258
0.472780100172566	0.615669546414234
0.473180083336841	0.617339861395279
0.473580066501115	0.619195866880574
0.47398004966539	0.621241712822586
0.474380032829665	0.62348015930439
0.474780015993939	0.62591220709142
0.475179999158214	0.628536812470001
0.475579982322488	0.631350886521444
0.475979965486763	0.634349509113654
0.476379948651037	0.637526274374948
0.476779931815312	0.6408736970436
0.477179914979587	0.644383605279603
0.477579898143861	0.648047317130706
0.477979881308136	0.651855831320089
0.47837986447241	0.655800082280761
0.478779847636685	0.659871130523675
0.47917983080096	0.664060277303704
0.479579813965234	0.668359280462451
0.479979797129509	0.67276034088468
0.480379780293783	0.677255907192057
0.480779763458058	0.681838559552983
0.481179746622333	0.686500985210221
0.481579729786607	0.691235898449645
0.481979712950882	0.69603621583722
0.482379696115156	0.700895298393873
0.482779679279431	0.705806999096863
0.483179662443706	0.710765582770893
0.48357964560798	0.715765545998679
0.483979628772255	0.720801190230971
0.484379611936529	0.725866262484649
0.484779595100804	0.730953879570227
0.485179578265079	0.736056618227423
0.485579561429353	0.741166740018264
0.485979544593628	0.746276619774883
0.486379527757902	0.751379133298746
0.486779510922177	0.756467769845066
0.487179494086451	0.761536480424363
0.487579477250726	0.766579379877686
0.487979460415001	0.771590357466212
0.488379443579275	0.776562684228831
0.48877942674355	0.781488908798437
0.489179409907824	0.786361005270123
0.489579393072099	0.79117063643102
0.489979376236374	0.795909376827105
0.490379359400648	0.800568928466707
0.490779342564923	0.805141098998521
0.491179325729197	0.809617623857364
0.491579308893472	0.8139900378661
0.491979292057747	0.818249665337034
0.492379275222021	0.822387477134782
0.492779258386296	0.826393997728107
0.49317924155057	0.830259219806866
0.493579224714845	0.833972498916136
0.493979207879119	0.837522419390422
0.494379191043394	0.840896834500748
0.494779174207669	0.844082993207833
0.495179157371943	0.847067882581367
0.495579140536218	0.849838754146319
0.495979123700492	0.852383675459529
0.496379106864767	0.854691835416935
0.496779090029042	0.856753707011208
0.497179073193316	0.85856107645182
0.497579056357591	0.860106834413198
0.497979039521865	0.861384615258666
0.49837902268614	0.862388494962222
0.498779005850415	0.863112871894583
0.499178989014689	0.863552503322139
0.499578972178964	0.863702747300898
0.499978955343238	0.863559921096648
0.500378938507513	0.863121789222343
0.500778921671788	0.862388170270266
0.501178904836062	0.861361605401301
0.501578888000337	0.860047782889711
0.501978871164611	0.858455739116025
0.502378854328886	0.856597808255515
0.502778837493161	0.854489100815762
0.503178820657435	0.852146518814331
0.50357880382171	0.849587660577068
0.503978786985984	0.846829790225392
0.504378770150259	0.843889088142409
0.504778753314533	0.840780379977759
0.505178736478808	0.837517296307444
0.505578719643083	0.834112686912122
0.505978702807357	0.830579181792367
0.506378685971632	0.826929727858055
0.506778669135906	0.823177793629383
0.507178652300181	0.819337367650685
0.507578635464456	0.815422711990465
0.50797861862873	0.811447915756159
0.508378601793005	0.807426252123352
0.508778584957279	0.803369539645905
0.509178568121554	0.799287462273664
0.509578551285829	0.795187135027308
0.509978534450103	0.791072951893873
0.510378517614378	0.786946759836956
0.510778500778652	0.782808220665531
0.511178483942927	0.778655404860085
0.511578467107201	0.774485346422837
0.511978450271476	0.770294498406666
0.512378433435751	0.766079081606657
0.512778416600025	0.761835419054015
0.5131783997643	0.757560117547499
0.513578382928574	0.753250261390458
0.513978366092849	0.74890364587902
0.514378349257124	0.744519033844747
0.514778332421398	0.74009630002897
0.515178315585673	0.735636589820351
0.515578298749947	0.731142482970072
0.515978281914222	0.726618086060379
0.516378265078497	0.722068902671138
0.516778248242771	0.717501651925014
0.517178231407046	0.712923954458216
0.51757821457132	0.708343984550894
0.517978197735595	0.703770178264751
0.51837818089987	0.699211104554461
0.518778164064144	0.694675361279702
0.519178147228419	0.690171678394069
0.519578130392693	0.685709135723526
0.519978113556968	0.681297339001152
0.520378096721242	0.676946473995792
0.520778079885517	0.672667528145411
0.521178063049792	0.668472485194685
0.521578046214066	0.664374337223575
0.521978029378341	0.660386831564211
0.522378012542615	0.656524087854112
0.52277799570689	0.652800051602014
0.523177978871165	0.649227935382595
0.523577962035439	0.645819719945136
0.523977945199714	0.642585891722549
0.524377928363988	0.639535301923353
0.524777911528263	0.636675183844431
0.525177894692538	0.634011206815106
0.525577877856812	0.631547461719014
0.525977861021087	0.62928635283325
0.526377844185361	0.627228607117405
0.526777827349636	0.625373276805705
0.527177810513911	0.623717751604664
0.527577793678185	0.622257808228626
0.52797777684246	0.620987809112073
0.528377760006734	0.619900926124563
0.528777743171009	0.618989516922433
0.529177726335283	0.61824568942115
0.529577709499558	0.617661915807264
0.529977692663833	0.617231466496121
0.530377675828107	0.616948594217359
0.530777658992382	0.616808255642625
0.531177642156656	0.616805395652592
0.531577625320931	0.616934100589835
0.531977608485206	0.617186957778516
0.53237759164948	0.617554810112166
0.532777574813755	0.618027069464929
0.533177557978029	0.618592545700262
0.533577541142304	0.619240372431339
0.533977524306579	0.619960789400424
0.534377507470853	0.620745608032013
0.534777490635128	0.62158830098195
0.535177473799402	0.622483789098095
0.535577456963677	0.6234282230232
0.535977440127952	0.62441889930095
0.536377423292226	0.625454327474885
0.536777406456501	0.626534328782737
0.537177389620775	0.627659976189329
0.53757737278505	0.628833317980442
0.537977355949324	0.630056890404032
0.538377339113599	0.631333055962482
0.538777322277874	0.632663375355212
0.539177305442148	0.634048268013114
0.539577288606423	0.635486768977341
0.539977271770697	0.636976389596763
0.540377254934972	0.638513132341967
0.540777238099247	0.640091640452772
0.541177221263521	0.641705300788507
0.541577204427796	0.643346592366715
0.54197718759207	0.645007576805868
0.542377170756345	0.646680468646431
0.54277715392062	0.648358254408407
0.543177137084894	0.650035465507325
0.543577120249169	0.651708737912535
0.543977103413443	0.653377142656977
0.544377086577718	0.655042309829984
0.544777069741992	0.65670830622589
0.545177052906267	0.658381024905722
0.545577036070542	0.660067404696309
0.545977019234816	0.661774488027796
0.546377002399091	0.66350845196837
0.546776985563366	0.665273675267311
0.54717696872764	0.66707223489888
0.547576951891915	0.668903857727332
0.547976935056189	0.670766305568572
0.548376918220464	0.672655961129491
0.548776901384738	0.674568558128656
0.549176884549013	0.676499678043061
0.549576867713288	0.678445001855263
0.549976850877562	0.680400425522654
0.550376834041837	0.68236207940394
0.550776817206111	0.684326126359133
0.551176800370386	0.686288500686997
0.551576783534661	0.688244690374119
0.551976766698935	0.69018960277634
0.55237674986321	0.692117570364429
0.552776733027484	0.694022526951279
0.553176716191759	0.695898298746746
0.553576699356033	0.697738973562085
0.553976682520308	0.699539304128154
0.554376665684583	0.701295079341962
0.554776648848857	0.703003479520759
0.555176632013132	0.704663343036025
0.555576615177406	0.706275168121247
0.555976598341681	0.707840740391097
0.556376581505956	0.709362490618293
0.55677656467023	0.710842626913301
0.557176547834505	0.712282343406226
0.557576530998779	0.713681336253298
0.557976514163054	0.715037691259328
0.558376497327329	0.716348289029459
0.558776480491603	0.717609599179035
0.559176463655878	0.718818495080331
0.559576446820152	0.719972702347524
0.559976429984427	0.721070891633442
0.560376413148702	0.722112356636897
0.560776396312976	0.723096555027569
0.561176379477251	0.724022552890739
0.561576362641525	0.724888676526405
0.5619763458058	0.725692317176219
0.562376328970075	0.726429938043791
0.562776312134349	0.727097076990573
0.563176295298624	0.727688413618813
0.563576278462898	0.72819783751877
0.563976261627173	0.728618683462297
0.564376244791447	0.72894398511157
0.564776227955722	0.729166844336339
0.565176211119997	0.729280791088233
0.565576194284271	0.729280254407251
0.565976177448546	0.729160917648113
0.56637616061282	0.728920029208484
0.566776143777095	0.728556528333971
0.56717612694137	0.728071003069797
0.567576110105644	0.727465437358491
0.567976093269919	0.726742938197073
0.568376076434193	0.725907395061329
0.568776059598468	0.724963106014815
0.569176042762743	0.723914555753753
0.569576025927017	0.722766398229141
0.569976009091292	0.721523540432075
0.570375992255566	0.720191262158793
0.570775975419841	0.718775339792417
0.571175958584116	0.717282160674297
0.57157594174839	0.715718712803071
0.571975924912665	0.71409236344628
0.572375908076939	0.712410525413005
0.572775891241214	0.710680240474317
0.573175874405488	0.708907758338184
0.573575857569763	0.707098244861107
0.573975840734038	0.705255675456618
0.574375823898312	0.703382854889062
0.574775807062587	0.70148176522333
0.575175790226861	0.699554016075917
0.575575773391136	0.697601124470448
0.575975756555411	0.695624627258115
0.576375739719685	0.693626163320047
0.57677572288396	0.691607398971454
0.577175706048234	0.689569884660329
0.577575689212509	0.687514951500385
0.577975672376783	0.685443677813157
0.578375655541058	0.683356889872289
0.578775638705333	0.68125520808282
0.579175621869607	0.679139014110922
0.579575605033882	0.677008512585501
0.579975588198157	0.674863839020345
0.580375571362431	0.672705097377571
0.580775554526706	0.670532289443556
0.58117553769098	0.66834532964403
0.581575520855255	0.666144062996561
0.581975504019529	0.663928356793111
0.582375487183804	0.661698244039072
0.582775470348079	0.659454146906316
0.583175453512353	0.657197110491262
0.583575436676628	0.654929077777542
0.583975419840902	0.652653137346217
0.584375403005177	0.650373684242409
0.584775386169452	0.648096408571151
0.585175369333726	0.645828242249328
0.585575352498001	0.643577227868308
0.585975335662275	0.641352318971023
0.58637531882655	0.639163131575399
0.586775301990825	0.637019788543878
0.587175285155099	0.63493272244725
0.587575268319374	0.632912290764289
0.587975251483648	0.630968216800961
0.588375234647923	0.62910892726979
0.588775217812197	0.627340796581579
0.589175200976472	0.625667568667963
0.589575184140747	0.624090168695445
0.589975167305021	0.622606851356363
0.590375150469296	0.621213734420222
0.59077513363357	0.619905770940551
0.591175116797845	0.618677701409391
0.59157509996212	0.617524637182092
0.591975083126394	0.616442336574999
0.592375066290669	0.615427291862375
0.592775049454943	0.614476525145181
0.593175032619218	0.613587247548231
0.593575015783493	0.612756585858085
0.593974998947767	0.61198142164561
0.594374982112042	0.611258290139618
0.594774965276316	0.610583352406103
0.595174948440591	0.609952300903419
0.595574931604866	0.609360315076509
0.59597491476914	0.608802160066508
0.596374897933415	0.608272328116095
0.596774881097689	0.607765100594136
0.597174864261964	0.607274595770253
0.597574847426239	0.606794850348474
0.597974830590513	0.60631982221818
0.598374813754788	0.605843231790682
0.598774796919062	0.605358369813162
0.599174780083337	0.604858014801873
0.599574763247611	0.604334406138916
0.599974746411886	0.603779301628234
0.600374729576161	0.603184091719365
0.600774712740435	0.602539969113943
0.60117469590471	0.601838250675152
0.601574679068984	0.601070933200444
0.601974662233259	0.600231241500816
0.602374645397534	0.599314258410029
0.602774628561808	0.598317555167245
0.603174611726083	0.597241551563091
0.603574594890357	0.596089409685394
0.603974578054632	0.594866664694573
0.604374561218907	0.593580524648465
0.604774544383181	0.592239017727369
0.605174527547456	0.59085023687175
0.60557451071173	0.589421738082843
0.605974493876005	0.587960077611528
0.606374477040279	0.586470757436105
0.606774460204554	0.584958305517742
0.607174443368829	0.583426329702624
0.607574426533103	0.581877626679483
0.607974409697378	0.580314401839784
0.608374392861653	0.578738296298069
0.608774376025927	0.577150425514188
0.609174359190202	0.575551508973561
0.609574342354476	0.573942052417513
0.609974325518751	0.572322568038912
0.610374308683025	0.570694020913087
0.6107742918473	0.569058301351876
0.611174275011575	0.567418629886023
0.611574258175849	0.565779735855969
0.611974241340124	0.564147807216934
0.612374224504398	0.562530050927112
0.612774207668673	0.560934088188517
0.613174190832948	0.559367327524434
0.613574173997222	0.557836504204423
0.613974157161497	0.556347202232824
0.614374140325771	0.554903562268578
0.614774123490046	0.553508106850749
0.61517410665432	0.552161543195316
0.615574089818595	0.550862475553305
0.61597407298287	0.549607393032938
0.616374056147144	0.548390801063243
0.616774039311419	0.547205525754789
0.617174022475693	0.546043191541605
0.617574005639968	0.544894798168091
0.617973988804243	0.543751180792631
0.618373971968517	0.542603459679059
0.618773955132792	0.541443396289128
0.619173938297066	0.54026362578498
0.619573921461341	0.539057801079813
0.619973904625616	0.537820750509544
0.62037388778989	0.536548533335878
0.620773870954165	0.535238314790474
0.621173854118439	0.533888136489984
0.621573837282714	0.532496747819579
0.621973820446988	0.531063563692702
0.622373803611263	0.52958875848987
0.622773786775538	0.528073392566805
0.623173769939812	0.526519461592928
0.623573753104087	0.52492980383265
0.623973736268362	0.523307867385296
0.624373719432636	0.521657549208248
0.624773702596911	0.519983068350157
0.625173685761185	0.518288945210552
0.62557366892546	0.516580109865413
0.625973652089734	0.514861990079192
0.626373635254009	0.513140346391813
0.626773618418284	0.511420968995759
0.627173601582558	0.509709273054038
0.627573584746833	0.508009893703124
0.627973567911107	0.506326391317719
0.628373551075382	0.504661173138418
0.628773534239657	0.503015487236394
0.629173517403931	0.501389457777003
0.629573500568206	0.499782129315357
0.62997348373248	0.498191578447783
0.630373466896755	0.496615062102745
0.63077345006103	0.495049428531477
0.631173433225304	0.493491794759966
0.631573416389579	0.491940409349375
0.631973399553853	0.490395452800778
0.632373382718128	0.488859581911664
0.632773365882402	0.487338211599769
0.633173349046677	0.485839599442484
0.633573332210952	0.484374704385705
0.633973315375226	0.482956928573503
0.634373298539501	0.481601795430743
0.634773281703775	0.480326450051692
0.63517326486805	0.479148999971615
0.635573248032325	0.478087745953245
0.635973231196599	0.477160337719896
0.636373214360874	0.476383037750701
0.636773197525148	0.475770282619761
0.637173180689423	0.475334528991089
0.637573163853698	0.475086294082203
0.637973147017972	0.475034319116766
0.638373130182247	0.475185666246531
0.638773113346521	0.475545636226558
0.639173096510796	0.476117585255279
0.63957307967507	0.476902769586461
0.639973062839345	0.477900367678873
0.64037304600362	0.479107807555673
0.640773029167894	0.480521379236929
0.641173012332169	0.482136911397681
0.641572995496444	0.483950253372385
0.641972978660718	0.485957374063845
0.642372961824993	0.488154040191782
0.642772944989267	0.490535284703596
0.643172928153542	0.493094851207003
0.643572911317816	0.495824684215019
0.643972894482091	0.498714493790985
0.644372877646366	0.501751549976664
0.64477286081064	0.50492068651061
0.645172843974915	0.508204527699305
0.645572827139189	0.511583980191931
0.645972810303464	0.5150389624322
0.646372793467739	0.518549208160409
0.646772776632013	0.522095040748075
0.647172759796288	0.525658011630906
0.647572742960562	0.529221262207268
0.647972726124837	0.532769581438403
0.648372709289112	0.536289368663878
0.648772692453386	0.539768636216321
0.649172675617661	0.543197117303116
0.649572658781935	0.54656653212844
0.64997264194621	0.549870943613935
0.650372625110484	0.553107013369218
0.650772608274759	0.556273993390876
0.651172591439034	0.559373351188567
0.651572574603308	0.562408072920721
0.651972557767583	0.565381787362731
0.652372540931857	0.568297890266837
0.652772524096132	0.571158872685157
0.653172507260407	0.573965884691538
0.653572490424681	0.576718695534078
0.653972473588956	0.579415976491252
0.65437245675323	0.582055693930711
0.654772439917505	0.584635397196074
0.655172423081779	0.587152442261773
0.655572406246054	0.5896041211163
0.655972389410329	0.591987834435194
0.656372372574603	0.594301301035648
0.656772355738878	0.596542839856847
0.657172338903153	0.598711584369176
0.657572322067427	0.600807607539379
0.657972305231702	0.602831859231769
0.658372288395976	0.604785836856548
0.658772271560251	0.606671110745595
0.659172254724525	0.608489049540868
0.6595722378888	0.610240650790148
0.659972221053075	0.611926533360652
0.660372204217349	0.613547141565073
0.660772187381624	0.615103012995648
0.661172170545898	0.616594937187088
0.661572153710173	0.618024179470467
0.661972136874448	0.619392701731358
0.662372120038722	0.620703144577638
0.662772103202997	0.621958537221329
0.663172086367271	0.623161815764393
0.663572069531546	0.624315063213639
0.663972052695821	0.625418621539847
0.664372035860095	0.626470479414998
0.66477201902437	0.627466052703591
0.665172002188644	0.628398456685152
0.665571985352919	0.629259340010392
0.665971968517193	0.630040062642879
0.666371951681468	0.630732922480131
0.666771934845743	0.631332182303914
0.667171918010017	0.631834675569945
0.667571901174292	0.632239962914472
0.667971884338566	0.632550000849829
0.668371867502841	0.632768462955854
0.668771850667116	0.632899917194877
0.66917183383139	0.632949028699175
0.669571816995665	0.632919850459203
0.669971800159939	0.632815435004268
0.670371783324214	0.632637870269839
0.670771766488489	0.632388597165773
0.671171749652763	0.632068805875731
0.671571732817038	0.631679854938944
0.671971715981312	0.63122357965957
0.672371699145587	0.630702316073534
0.672771682309862	0.630118726309717
0.673171665474136	0.629475560126494
0.673571648638411	0.628775328618527
0.673971631802685	0.628020067032918
0.67437161496696	0.627211342121125
0.674771598131235	0.626350578722854
0.675171581295509	0.625439475379251
0.675571564459784	0.624480422119568
0.675971547624058	0.623476787379769
0.676371530788333	0.62243291318624
0.676771513952607	0.621353713077636
0.677171497116882	0.620244073803269
0.677571480281157	0.619108221408357
0.677971463445431	0.617949172503939
0.678371446609706	0.61676841987276
0.67877142977398	0.615566039015658
0.679171412938255	0.614341095632796
0.67957139610253	0.613092267200757
0.679971379266804	0.611818540747464
0.680371362431079	0.610519955849319
0.680771345595353	0.609198110029595
0.681171328759628	0.607856449049644
0.681571311923903	0.606500363531335
0.681971295088177	0.605137060181913
0.682371278252452	0.603775234194868
0.682771261416726	0.602424707638692
0.683171244581001	0.60109594176098
0.683571227745275	0.599799461156757
0.68397121090955	0.598545290197507
0.684371194073825	0.597342442003118
0.684771177238099	0.596198523163616
0.685171160402374	0.595119536461654
0.685571143566648	0.594109840080996
0.685971126730923	0.593172323412466
0.686371109895198	0.592308785980613
0.686771093059472	0.59152041659145
0.687171076223747	0.590808102501537
0.687571059388021	0.590172657722722
0.687971042552296	0.589614982777919
0.68837102571657	0.589136035171418
0.688771008880845	0.588736712706958
0.68917099204512	0.588417901395339
0.689570975209394	0.588180573799054
0.689970958373669	0.588025817679294
0.690370941537944	0.587954832668212
0.690770924702218	0.587968904591077
0.691170907866493	0.588069273294657
0.691570891030767	0.588256958095212
0.691970874195042	0.588532589931908
0.692370857359316	0.588896247812542
0.692770840523591	0.589347385278529
0.693170823687866	0.589885062608303
0.69357080685214	0.590508294835554
0.693970790016415	0.591216407307058
0.694370773180689	0.592009402992129
0.694770756344964	0.592888197335972
0.695170739509239	0.593854679992081
0.695570722673513	0.594911553251213
0.695970705837788	0.59606195998527
0.696370689002062	0.597309066842742
0.696770672166337	0.598655749690449
0.697170655330612	0.600104317206343
0.697570638494886	0.60165640884934
0.697970621659161	0.60331306663281
0.698370604823435	0.605074766259008
0.69877058798771	0.606941321843129
0.699170571151984	0.608911840767678
0.699570554316259	0.610984499497011
0.699970537480534	0.613156288798681
0.700370520644808	0.615422884210039
0.700770503809083	0.617778533161892
0.701170486973357	0.620215898221116
0.701570470137632	0.622726176174693
0.701970453301907	0.625299285416499
0.702370436466181	0.627924083592537
0.702770419630456	0.630588718172583
0.70317040279473	0.633281014588241
0.703570385959005	0.635988542510227
0.70397036912328	0.638698610864409
0.704370352287554	0.641398153121174
0.704770335451829	0.644073463983865
0.705170318616103	0.646710046074309
0.705570301780378	0.649292861196344
0.705970284944653	0.651806758754907
0.706370268108927	0.654237100495565
0.706770251273202	0.656570522926005
0.707170234437476	0.658795481697298
0.707570217601751	0.660902489603012
0.707970200766026	0.662884251558252
0.7083701839303	0.664735591095779
0.708770167094575	0.666453236073282
0.709170150258849	0.668035576061088
0.709570133423124	0.669482425787188
0.709970116587399	0.670794707187462
0.710370099751673	0.671974139811254
0.710770082915948	0.673022890605645
0.711170066080222	0.673943226855942
0.711570049244497	0.674737245893497
0.711970032408771	0.675406755896186
0.712370015573046	0.675953276705446
0.712769998737321	0.676377997042913
0.713169981901595	0.676681629215141
0.71356996506587	0.676864291752947
0.713969948230144	0.676925412464695
0.714369931394419	0.676863645045318
0.714769914558694	0.676676989904088
0.715169897722968	0.676363223059533
0.715569880887243	0.675920441403179
0.715969864051517	0.67534763095642
0.716369847215792	0.674645167843062
0.716769830380066	0.673815053905497
0.717169813544341	0.672860948566547
0.717569796708616	0.671788124920598
0.71796977987289	0.670603210494279
0.718369763037165	0.669313720792056
0.71876974620144	0.667927714240351
0.719169729365714	0.666453554280595
0.719569712529989	0.664899671483683
0.719969695694263	0.663274336096647
0.720369678858538	0.661585477674378
0.720769662022812	0.659840556985627
0.721169645187087	0.658046532228282
0.721569628351362	0.656209940169234
0.721969611515636	0.654337137420588
0.722369594679911	0.652434601126704
0.722769577844185	0.650509248300683
0.72316956100846	0.64856869493757
0.723569544172735	0.646621364109573
0.723969527337009	0.64467643857682
0.724369510501284	0.642743569970576
0.724769493665558	0.640832336365564
0.725169476829833	0.638951577492723
0.725569459994107	0.63710871033611
0.725969443158382	0.635309151995175
0.726369426322657	0.633556041139773
0.726769409486931	0.631850271137834
0.727169392651206	0.630190606498365
0.72756937581548	0.62857390087553
0.727969358979755	0.626995467264564
0.72836934214403	0.625449519168131
0.728769325308304	0.623929603102566
0.729169308472579	0.622429113429574
0.729569291636853	0.620941618044877
0.729969274801128	0.619460934155965
0.730369257965403	0.617981061206867
0.730769241129677	0.616495899930723
0.731169224293952	0.614998675355245
0.731569207458226	0.613481489825771
0.731969190622501	0.611935102267971
0.732369173786776	0.610349058890419
0.73276915695105	0.608712297659794
0.733169140115325	0.607014268541428
0.733569123279599	0.605246053910472
0.733969106443874	0.60340129293189
0.734369089608149	0.60147666368217
0.734769072772423	0.599471756118453
0.735169055936698	0.597388454508716
0.735569039100972	0.595230290716635
0.735969022265247	0.593001916630876
0.736369005429521	0.590708975097901
0.736768988593796	0.58835852198632
0.737168971758071	0.585959801296139
0.737568954922345	0.583525011981448
0.73796893808662	0.581069895870377
0.738368921250894	0.578613902207022
0.738768904415169	0.576179794386533
0.739168887579444	0.57379268349312
0.739568870743718	0.571478826688179
0.739968853907993	0.56926435683065
0.740368837072267	0.567174103574707
0.740768820236542	0.565230721357303
0.741168803400817	0.563454218013774
0.741568786565091	0.561861697556484
0.741968769729366	0.560467316372529
0.74236875289364	0.559282447535229
0.742768736057915	0.558315922690892
0.74316871922219	0.557574204054169
0.743568702386464	0.557061703516343
0.743968685550739	0.556781264052199
0.744368668715013	0.556734736411646
0.744768651879288	0.556923605746542
0.745168635043562	0.557349670235582
0.745568618207837	0.558015544280481
0.745968601372112	0.558924984872361
0.746368584536386	0.560082945691868
0.746768567700661	0.561495366361677
0.747168550864935	0.563168797720308
0.74756853402921	0.565109988722818
0.747968517193485	0.567325441056202
0.748368500357759	0.569821025638799
0.748768483522034	0.57260166711918
0.749168466686308	0.575671095021715
0.749568449850583	0.579031528873996
0.749968433014857	0.582683300321948
0.750368416179132	0.586624382096202
0.750768399343407	0.590849985092407
0.751168382507681	0.595352271128663
0.751568365671956	0.600120346828323
0.751968348836231	0.60514056004477
0.752368332000505	0.610397139649135
0.75276831516478	0.615873044794475
0.753168298329054	0.621550722514793
0.753568281493329	0.627412551613577
0.753968264657603	0.633441011249609
0.754368247821878	0.639618639741556
0.754768230986153	0.645927749491679
0.755168214150427	0.652350141871613
0.755568197314702	0.658867091326263
0.755968180478976	0.665459498124736
0.756368163643251	0.672108218544377
0.756768146807526	0.678794623467583
0.7571681299718	0.685501277671806
0.757568113136075	0.692212592211521
0.757968096300349	0.698915315105682
0.758368079464624	0.705598689786906
0.758768062628899	0.712254122746147
0.759168045793173	0.71887442249243
0.759568028957448	0.725452737131974
0.759968012121722	0.731981359239691
0.760367995285997	0.738450713591171
0.760767978450271	0.744848822697292
0.761167961614546	0.751161478205665
0.761567944778821	0.757372972662852
0.761967927943095	0.763467153118502
0.76236791110737	0.769428602540101
0.762767894271644	0.775243810303032
0.763167877435919	0.780901874894387
0.763567860600194	0.786394733704166
0.763967843764468	0.791716997989426
0.764367826928743	0.796865445102814
0.764767810093017	0.801838255674046
0.765167793257292	0.806634322167353
0.765567776421567	0.811252604236473
0.765967759585841	0.815691682821557
0.766367742750116	0.819949588690056
0.76676772591439	0.824023843076421
0.767167709078665	0.827911570824585
0.76756769224294	0.831609753959742
0.767967675407214	0.835115385114542
0.768367658571489	0.838425455861997
0.768767641735763	0.841536805132386
0.769167624900038	0.844445922590649
0.769567608064312	0.847148719738383
0.769967591228587	0.84964052899556
0.770367574392862	0.851916243748689
0.770767557557136	0.853970523454869
0.771167540721411	0.855798182840096
0.771567523885685	0.85739465546661
0.77196750704996	0.858756252378007
0.772367490214235	0.859880225375805
0.772767473378509	0.860764753463952
0.773167456542784	0.861408800708898
0.773567439707058	0.861811860917805
0.773967422871333	0.861973802308485
0.774367406035608	0.86189487275771
0.774767389199882	0.861575808774651
0.775167372364157	0.861017971953754
0.775567355528431	0.860223595168448
0.775967338692706	0.859196050715526
0.776367321856981	0.857939997137819
0.776767305021255	0.856461440845107
0.77716728818553	0.8547677339083
0.777567271349804	0.852867445256345
0.777967254514079	0.850770169877433
0.778367237678353	0.848486342089
0.778767220842628	0.846027013425839
0.779167204006903	0.843403574988932
0.779567187171177	0.840627508615292
0.779967170335452	0.837710223459844
0.780367153499726	0.834662923204701
0.780767136664001	0.831496481327381
0.781167119828276	0.828221431994135
0.78156710299255	0.824848062245663
0.781967086156825	0.821386496345115
0.782367069321099	0.817846644647906
0.782767052485374	0.81423803974981
0.783167035649649	0.810569450832406
0.783567018813923	0.806848329664359
0.783967001978198	0.803080218496237
0.784366985142472	0.799268409715376
0.784766968306747	0.795413900845577
0.785166951471022	0.791515720933339
0.785566934635296	0.787571503530383
0.785966917799571	0.783578066757349
0.786366900963845	0.779531750123707
0.78676688412812	0.77542852010831
0.787166867292394	0.771263805670018
0.787566850456669	0.767032237560377
0.787966833620944	0.762727462558354
0.788366816785218	0.758342297143016
0.788766799949493	0.753869128153315
0.789166783113767	0.74930050140483
0.789566766278042	0.744629727329081
0.789966749442317	0.739851371780615
0.790366732606591	0.734961604851568
0.790766715770866	0.729958330026162
0.79116669893514	0.724841042706022
0.791566682099415	0.719610573222606
0.79196666526369	0.714268880337551
0.792366648427964	0.708818855161337
0.792766631592239	0.703264309016361
0.793166614756513	0.697610139401291
0.793566597920788	0.691862577275688
0.793966581085062	0.686029446885598
0.794366564249337	0.680120508087222
0.794766547413612	0.674147565472379
0.795166530577886	0.668124381826863
0.795566513742161	0.662066467201562
0.795966496906436	0.655990633158434
0.79636648007071	0.649914306818268
0.796766463234985	0.643854836128246
0.797166446399259	0.637828726351188
0.797566429563534	0.631850977693857
0.797966412727808	0.625934741160693
0.798366395892083	0.620091336548572
0.798766379056358	0.614330345099934
0.799166362220632	0.608659944324076
0.799566345384907	0.603087305409295
0.799966328549181	0.597618867263212
0.800366311713456	0.592260464352891
0.800766294877731	0.587017479950175
0.801166278042005	0.581894924500795
0.80156626120628	0.576897558697353
0.801966244370554	0.572030153854833
0.802366227534829	0.56729773180106
0.802766210699103	0.562705790835121
0.803166193863378	0.558260681733067
0.803566177027653	0.553969891686719
0.803966160191927	0.549842027971327
0.804366143356202	0.545886570645947
0.804766126520476	0.542113382860241
0.805166109684751	0.538531910550496
0.805566092849026	0.535150423487659
0.8059660760133	0.531975628231071
0.806366059177575	0.529012431220557
0.806766042341849	0.526264010949171
0.807166025506124	0.523732245443465
0.807566008670399	0.521418239954274
0.807965991834673	0.51932265163127
0.808365974998948	0.517445942449981
0.808765958163222	0.515788476804802
0.809165941327497	0.514350464863879
0.809565924491772	0.513131863912362
0.809965907656046	0.512132363453769
0.810365890820321	0.511351289418977
0.810765873984595	0.510787593138772
0.81116585714887	0.510440066821694
0.811565840313144	0.510307669107043
0.811965823477419	0.510389875511318
0.812365806641694	0.510687177551145
0.812765789805968	0.511201552000917
0.813165772970243	0.511936534339639
0.813565756134517	0.512896800602853
0.813965739298792	0.514087426591678
0.814365722463067	0.515513046353334
0.814765705627341	0.517177011311629
0.815165688791616	0.519080779265531
0.81556567195589	0.52122359544547
0.815965655120165	0.523602496416084
0.81636563828444	0.526212613258242
0.816765621448714	0.5290477399526
0.817165604612989	0.532100811962197
0.817565587777263	0.535364126764566
0.817965570941538	0.538829304632757
0.818365554105813	0.542487027413139
0.818765537270087	0.54632660106718
0.819165520434362	0.550335723217989
0.819565503598636	0.554500530473952
0.819965486762911	0.558805881451308
0.820365469927186	0.5632359040228
0.82076545309146	0.567774733453192
0.821165436255735	0.572407019615808
0.821565419420009	0.577118204410441
0.821965402584284	0.581894626798614
0.822365385748558	0.586723212697431
0.822765368912833	0.591590918332566
0.823165352077108	0.596484419181815
0.823565335241382	0.601390143205002
0.823965318405657	0.606294557467841
0.824365301569931	0.611184822090836
0.824765284734206	0.616049513525399
0.825165267898481	0.620879149811643
0.825565251062755	0.625666452975034
0.82596523422703	0.630406234068332
0.826365217391304	0.635094725448837
0.826765200555579	0.639728683212841
0.827165183719854	0.644304545716492
0.827565166884128	0.648817766242554
0.827965150048403	0.653262425605881
0.828365133212677	0.657631450531299
0.828765116376952	0.661917227481965
0.829165099541227	0.666112379313426
0.829565082705501	0.670210479433965
0.829965065869776	0.674206533123547
0.83036504903405	0.678097003997255
0.830765032198325	0.681879471541915
0.831165015362599	0.685551972284981
0.831564998526874	0.689112265635139
0.831964981691149	0.692557328020299
0.832364964855423	0.69588327821766
0.832764948019698	0.699085625784737
0.833164931183972	0.7021597585739
0.833564914348247	0.705101565320548
0.833964897512522	0.707907967532816
0.834364880676796	0.710577085180937
0.834764863841071	0.713108137863809
0.835164847005345	0.715501223363978
0.83556483016962	0.717757033505186
0.835964813333894	0.719876664565773
0.836364796498169	0.721861630158369
0.836764779662444	0.723713930368538
0.837164762826718	0.725436118554686
0.837564745990993	0.72703132992569
0.837964729155268	0.728503030515325
0.838364712319542	0.729854423297574
0.838764695483817	0.731087784480389
0.839164678648091	0.732203889692694
0.839564661812366	0.733201592533888
0.83996464497664	0.734077873839874
0.840364628140915	0.734828459719356
0.84076461130519	0.735448679513069
0.841164594469464	0.735934446770207
0.841564577633739	0.736283121289274
0.841964560798013	0.736493953520805
0.842364543962288	0.736568185362021
0.842764527126563	0.736508891007326
0.843164510290837	0.736320522784772
0.843564493455112	0.736008386856753
0.843964476619386	0.735578250627474
0.844364459783661	0.735036021222737
0.844764442947936	0.734387436952543
0.84516442611221	0.733637920402162
0.845564409276485	0.732792365002022
0.845964392440759	0.731854914650619
0.846364375605034	0.730828843836136
0.846764358769308	0.729716597826597
0.847164341933583	0.728519916677899
0.847564325097858	0.727240225703981
0.847964308262132	0.725879245417755
0.848364291426407	0.724439530068467
0.848764274590681	0.722924898586562
0.849164257754956	0.721340686867733
0.849564240919231	0.719693667262733
0.849964224083505	0.717991606101981
0.85036420724778	0.716242638837876
0.850764190412054	0.714454654520805
0.851164173576329	0.712634718388067
0.851564156740604	0.710788703096048
0.851964139904878	0.708921143123181
0.852364123069153	0.707035046544486
0.852764106233427	0.705131713008974
0.853164089397702	0.70321067805088
0.853564072561977	0.701269819947386
0.853964055726251	0.699305557853734
0.854364038890526	0.697313338499075
0.8547640220548	0.695288271738699
0.855164005219075	0.693225551083395
0.855563988383349	0.691120610037262
0.855963971547624	0.688969000940716
0.856363954711899	0.68676598014704
0.856763937876173	0.684505972240979
0.857163921040448	0.682182253775197
0.857563904204722	0.679786826898538
0.857963887368997	0.677310624187217
0.858363870533272	0.674744090012501
0.858763853697546	0.672077933460336
0.859163836861821	0.669303750907006
0.859563820026095	0.666414561697518
0.85996380319037	0.663405118279255
0.860363786354645	0.660272021594765
0.860763769518919	0.657013607217107
0.861163752683194	0.653629806466944
0.861563735847468	0.65012195985694
0.861963719011743	0.646492675024517
0.862363702176018	0.64274571699221
0.862763685340292	0.638886084969663
0.863163668504567	0.634920156194947
0.863563651668841	0.630855855835728
0.863963634833116	0.626702728546998
0.86436361799739	0.622471934884275
0.864763601161665	0.618175973713832
0.86516358432594	0.613828242338288
0.865563567490214	0.609442428122538
0.865963550654489	0.605031706378302
0.866363533818763	0.600607939720401
0.866763516983038	0.596181209201903
0.867163500147313	0.591759614644619
0.867563483311587	0.587349375969982
0.867963466475862	0.582955325909692
0.868363449640136	0.578581553136548
0.868763432804411	0.574231880564079
0.869163415968686	0.569910209593811
0.86956339913296	0.565620770000976
0.869963382297235	0.561368295877518
0.870363365461509	0.557158145668701
0.870763348625784	0.552996487358613
0.871163331790059	0.54889057541999
0.871563314954333	0.544848936305017
0.871963298118608	0.540881363029411
0.872363281282882	0.536998651216371
0.872763264447157	0.533212137216806
0.873163247611431	0.529533096417302
0.873563230775706	0.525972267933185
0.873963213939981	0.522539654543461
0.874363197104255	0.519244569214095
0.87476318026853	0.516095910806172
0.875163163432804	0.513102581891848
0.875563146597079	0.510273804626223
0.875963129761354	0.507619171693981
0.876363112925628	0.505148651843962
0.876763096089903	0.502872448721372
0.877163079254177	0.500800639320182
0.877563062418452	0.498942824291474
0.877963045582727	0.497308024110105
0.878363028747001	0.495904660436012
0.878763011911276	0.494740508459679
0.87916299507555	0.493822576422622
0.879562978239825	0.493156894053876
0.8799629614041	0.492748156901227
0.880362944568374	0.492599377882027
0.880762927732649	0.492711665258042
0.881162910896923	0.493084158852015
0.881562894061198	0.493714095336495
0.881962877225473	0.494597044051793
0.882362860389747	0.495727138851063
0.882762843554022	0.497097270008046
0.883162826718296	0.498699271457018
0.883562809882571	0.500524112308547
0.883962793046845	0.502562090447208
0.88436277621112	0.504803067796781
0.884762759375395	0.507236871871266
0.885162742539669	0.509853796547342
0.885562725703944	0.512645019999869
0.885962708868218	0.515602743261395
0.886362692032493	0.51871998257455
0.886762675196768	0.52199008120831
0.887162658361042	0.52540601283823
0.887562641525317	0.528959699036991
0.887962624689591	0.532641552304816
0.888362607853866	0.536440336787913
0.88876259101814	0.540343333782187
0.889162574182415	0.544336878670942
0.88956255734669	0.548407060595848
0.889962540510964	0.552540423061908
0.890362523675239	0.556724634790483
0.890762506839514	0.560949061300863
0.891162490003788	0.565205055751414
0.891562473168063	0.569486038139116
0.891962456332337	0.57378737957615
0.892362439496612	0.578106007701138
0.892762422660886	0.582439793904592
0.893162405825161	0.586786895334155
0.893562388989436	0.591145176572804
0.89396237215371	0.595511644637247
0.894362355317985	0.599882077650464
0.894762338482259	0.604250887625813
0.895162321646534	0.608611132314609
0.895562304810809	0.612954604680337
0.895962287975083	0.617272126927277
0.896362271139358	0.621553890991542
0.896762254303632	0.625789742751949
0.897162237467907	0.629969478068063
0.897562220632181	0.634083119476819
0.897962203796456	0.638121096154214
0.898362186960731	0.642074623906635
0.898762170125005	0.645936216345275
0.89916215328928	0.649700107263193
0.899562136453554	0.65336257670402
0.899962119617829	0.656922163750014
0.900362102782104	0.660379505826077
0.900762085946378	0.66373683471474
0.901162069110653	0.666997468863265
0.901562052274927	0.67016509928844
0.901962035439202	0.673243046468835
0.902362018603477	0.676233691389786
0.902762001767751	0.6791380640708
0.903161984932026	0.681636966635227
0.9035619680963	0.683864698373496
0.903961951260575	0.685822522209241
0.90436193442485	0.687519643571885
0.904761917589124	0.688970677528595
0.905161900753399	0.690193273405435
0.905561883917673	0.691206218062239
0.905961867081948	0.69202810300064
0.906361850246223	0.692676486254663
0.906761833410497	0.693167426570916
0.907161816574772	0.693515291764994
0.907561799739046	0.693732736813377
0.907961782903321	0.693830775605693
0.908361766067595	0.693818902488063
0.90876174923187	0.693705243930465
0.909161732396145	0.693496714430486
0.909561715560419	0.693199174544368
0.909961698724694	0.692817582588575
0.910361681888968	0.692356132418486
0.910761665053243	0.691818376605792
0.911161648217518	0.691207337393844
0.911561631381792	0.690525590845959
0.911961614546067	0.689775329272529
0.912361597710341	0.68895840550491
0.912761580874616	0.688076359223876
0.913161564038891	0.687130428946589
0.913561547203165	0.686121558634471
0.91396153036744	0.685050401983063
0.914361513531714	0.683917334223966
0.914761496695989	0.682722476851359
0.915161479860264	0.681465733811936
0.915561463024538	0.680146835982917
0.915961446188813	0.678765386881711
0.916361429353087	0.677320900158997
0.916761412517362	0.67581282560195
0.917161395681636	0.674240565554961
0.917561378845911	0.672603485016921
0.917961362010186	0.67090092014864
0.91836134517446	0.669132189345575
0.918761328338735	0.667296606915962
0.919161311503009	0.665393495539104
0.919561294667284	0.663422197353662
0.919961277831559	0.661382078433062
0.920361260995833	0.659272527732258
0.920761244160108	0.657092953261721
0.921161227324382	0.654842778588207
0.921561210488657	0.652521441225675
0.921961193652931	0.650128396441337
0.922361176817206	0.647663125498737
0.922761159981481	0.645125144852805
0.923161143145755	0.642514013893614
0.92356112631003	0.639829338192506
0.923961109474305	0.637070768718675
0.924361092638579	0.634237994481638
0.924761075802854	0.631330729326251
0.925161058967128	0.628348696043256
0.925561042131403	0.625291614221973
0.925961025295677	0.622159194527194
0.926361008459952	0.618951137339227
0.926760991624227	0.615667134580033
0.927160974788501	0.612306873740334
0.927560957952776	0.608870039989606
0.92796094111705	0.605356314434074
0.928360924281325	0.601765370426368
0.9287609074456	0.598096870748776
0.929160890609874	0.594350466279379
0.929560873774149	0.590525799543974
0.929960856938423	0.58662251197438
0.930360840102698	0.582640252626793
0.930760823266973	0.578578686202455
0.931160806431247	0.574437499367268
0.931560789595522	0.570216403715383
0.931960772759796	0.565915134720327
0.932360755924071	0.561533450601908
0.932760739088345	0.557071133091125
0.93316072225262	0.55252798762751
0.933560705416895	0.547903842420035
0.933960688581169	0.543198546441605
0.934360671745444	0.538411966327416
0.934760654909718	0.53354398000019
0.935160638073993	0.528594470523148
0.935560621238268	0.523563321789608
0.935960604402542	0.518450417141822
0.936360587566817	0.513255641123796
0.936760570731091	0.507978885886417
0.937160553895366	0.502620059119185
0.937560537059641	0.497179091880234
0.937960520223915	0.491655945970886
0.93836050338819	0.486050619810997
0.938760486552464	0.480363151374535
0.939160469716739	0.474593619164185
0.939560452881014	0.468742141676435
0.939960436045288	0.462808875890758
0.940360419209563	0.456794014653101
0.940760402373837	0.450697784639167
0.941160385538112	0.444520445511868
0.941560368702386	0.438262287680941
0.941960351866661	0.431923628704583
0.942360335030936	0.425504809266319
0.94276031819521	0.419006187077308
0.943160301359485	0.412428128630175
0.943560284523759	0.405771001990934
0.943960267688034	0.399035172036112
0.944360250852309	0.392220996962567
0.944760234016583	0.385328828399764
0.945160217180858	0.37835901312421
0.945560200345132	0.371311894088986
0.945960183509407	0.364187811782679
0.946360166673682	0.356987105077704
0.946760149837956	0.349710108715966
0.947160133002231	0.342357152060743
0.947560116166505	0.334928561852054
0.94796009933078	0.327424668248704
0.948360082495055	0.319845810414242
0.948760065659329	0.312192341552063
0.949160048823604	0.304464625273811
0.949560031987878	0.29666302424418
0.949960015152153	0.288787879925001
