0	1.30023660851037
0.000399983175604627	1.3021568465429
0.000799966351209253	1.30402364519009
0.00119994952681388	1.305837623191
0.00159993270241851	1.30759945646974
0.00199991587802313	1.30930984275056
0.00239989905362776	1.31096947507664
0.00279988222923239	1.31257902406412
0.00319986540483701	1.31413912915314
0.00359984858044164	1.31565039251561
0.00399983175604627	1.31711337858464
0.00439981493165089	1.31852861714734
0.00479979810725552	1.31989660783985
0.00519978128286015	1.32121782324674
0.00559976445846477	1.32249271463615
0.0059997476340694	1.3237217177739
0.00639973080967403	1.32490525660843
0.00679971398527865	1.3260437457158
0.00719969716088328	1.32713759183427
0.00759968033648791	1.32818719493214
0.00799966351209253	1.32919294849984
0.00839964668769716	1.33015523947715
0.00879962986330179	1.33107444618948
0.00919961303890642	1.33195093685749
0.00959959621451104	1.33278507003633
0.00999957939011567	1.33357719787651
0.0103995625657203	1.33432766952041
0.0107995457413249	1.3350368360928
0.0111995289169295	1.33570505508758
0.0115995120925342	1.33633269405669
0.0119994952681388	1.3369201326399
0.0123994784437434	1.33746776608331
0.0127994616193481	1.33797600666633
0.0131994447949527	1.33844528332108
0.0135994279705573	1.33887603797778
0.0139994111461619	1.33926871977866
0.0143993943217666	1.33962377623675
0.0147993774973712	1.33994164589034
0.0151993606729758	1.34022275395301
0.0155993438485804	1.34046751223309
0.0159993270241851	1.34067632307981
0.0163993101997897	1.34084958885329
0.0167992933753943	1.34098772383857
0.017199276550999	1.34109116541475
0.0175992597266036	1.34116038186903
0.0179992429022082	1.34119587234682
0.0183992260778128	1.34119815724486
0.0187992092534175	1.3411677629474
0.0191991924290221	1.34110520435203
0.0195991756046267	1.34101096434278
0.0199991587802313	1.34088547644406
0.020399141955836	1.34072911492078
0.0207991251314406	1.34054219255088
0.0211991083070452	1.34032496259476
0.0215990914826498	1.34007762657873
0.0219990746582545	1.3398003444466
0.0223990578338591	1.33949324355999
0.0227990410094637	1.3391564245939
0.0231990241850684	1.33878996658044
0.023599007360673	1.33839393101084
0.0239989905362776	1.33796836843097
0.0243989737118822	1.33751332584198
0.0247989568874869	1.33702885252021
0.0251989400630915	1.33651500339988
0.0255989232386961	1.33597184034725
0.0259989064143007	1.33539942770975
0.0263988895899054	1.33479782012635
0.02679887276551	1.33416704184335
0.0271988559411146	1.33350706281074
0.0275988391167192	1.33281777301877
0.0279988222923239	1.33209895540278
0.0283988054679285	1.33135026238809
0.0287987886435331	1.33057120209892
0.0291987718191378	1.32976113559809
0.0295987549947424	1.32891928510402
0.029998738170347	1.32804475459148
0.0303987213459516	1.3271365593516
0.0307987045215563	1.32619365634366
0.0311986876971609	1.32521497080076
0.0315986708727655	1.32419941237373
0.0319986540483701	1.3231458763827
0.0323986372239748	1.32205323704652
0.0327986203995794	1.32092034296896
0.033198603575184	1.31974601037041
0.0335985867507886	1.31852901252395
0.0339985699263933	1.31726807201256
0.0343985531019979	1.3159618519784
0.0347985362776025	1.31460894101225
0.0351985194532071	1.31320784051136
0.0355985026288118	1.31175696704268
0.0359984858044164	1.3102546693234
0.036398468980021	1.30869926239697
0.0367984521556257	1.30708907352037
0.0371984353312303	1.30542248050487
0.0375984185068349	1.30369793621923
0.0379984016824395	1.30191397203384
0.0383983848580442	1.30006917545393
0.0387983680336488	1.29816215225087
0.0391983512092534	1.29619149378866
0.039598334384858	1.29415574924725
0.0399983175604627	1.29205341211342
0.0403983007360673	1.28988292930456
0.0407982839116719	1.28764273055053
0.0411982670872766	1.28533128267586
0.0415982502628812	1.2829471820337
0.0419982334384858	1.28048927902999
0.0423982166140904	1.27795682957571
0.0427981997896951	1.27534967011747
0.0431981829652997	1.27266840440016
0.0435981661409043	1.26991458324632
0.0439981493165089	1.26709087973754
0.0443981324921136	1.26420124490877
0.0447981156677182	1.26125099737486
0.0451980988433228	1.258246773612
0.0455980820189274	1.25519620493054
0.0459980651945321	1.25210710454948
0.0463980483701367	1.24898585119647
0.0467980315457413	1.24583456606058
0.047198014721346	1.24264656805415
0.0475979978969506	1.23892264276512
0.0479979810725552	1.23506949449455
0.0483979642481598	1.23109899670542
0.0487979474237645	1.22702532619517
0.0491979305993691	1.22286385914885
0.0495979137749737	1.21863058707105
0.0499978969505783	1.21434199211737
0.050397880126183	1.21001521710746
0.0507978633017876	1.20566839127932
0.0511978464773922	1.20132080565673
0.0515978296529968	1.19699294387464
0.0519978128286015	1.19270613897426
0.0523977960042061	1.18848201301422
0.0527977791798107	1.18434189439202
0.0531977623554154	1.18030637472368
0.05359774553102	1.17639494213726
0.0539977287066246	1.17262574815967
0.0543977118822292	1.16901548774002
0.0547976950578339	1.1655791663715
0.0551976782334385	1.16232989973437
0.0555976614090431	1.15927883396468
0.0559976445846477	1.15643499687605
0.0563976277602524	1.15380517673565
0.056797610935857	1.15139417418533
0.0571975941114616	1.14920521034555
0.0575975772870662	1.14724033273967
0.0579975604626709	1.14550085873782
0.0583975436382755	1.14398772386156
0.0587975268138801	1.14270117994167
0.0591975099894848	1.14164015732861
0.0595974931650894	1.14080155019108
0.059997476340694	1.14017969693877
0.0603974595162986	1.13976595862317
0.0607974426919033	1.13954883895578
0.0611974258675079	1.13951447826619
0.0615974090431125	1.13964738474089
0.0619973922187171	1.13993121694057
0.0623973753943218	1.14034949320789
0.0627973585699264	1.14088590534155
0.063197341745531	1.14152436164903
0.0635973249211357	1.14224895018893
0.0639973080967403	1.14304400554618
0.0643972912723449	1.14389440019464
0.0647972744479495	1.14478622888742
0.0651972576235542	1.14570769063946
0.0655972407991588	1.14664979527725
0.0659972239747634	1.14760672972247
0.066397207150368	1.14857580718002
0.0667971903259727	1.14955706155653
0.0671971735015773	1.15055238587131
0.0675971566771819	1.15156445789393
0.0679971398527865	1.15259561127864
0.0683971230283912	1.15364702954426
0.0687971062039958	1.15471821128461
0.0691970893796004	1.15580674634886
0.069597072555205	1.15690832550701
0.0699970557308097	1.15801704842832
0.0703970389064143	1.15912582043491
0.0707970220820189	1.16022687330803
0.0711970052576236	1.16131249678435
0.0715969884332282	1.16237597222432
0.0719969716088328	1.16341245342989
0.0723969547844374	1.16441979177514
0.0727969379600421	1.16539925890627
0.0731969211356467	1.16635605759074
0.0735969043112513	1.16729951791647
0.0739968874868559	1.16824297651069
0.0743968706624606	1.16920316406725
0.0747968538380652	1.1701993090506
0.0751968370136698	1.17125218671728
0.0755968201892745	1.17238307714346
0.0759968033648791	1.1736126411003
0.0763967865404837	1.17495981814868
0.0767967697160883	1.17644080052196
0.077196752891693	1.17806822355413
0.0775967360672976	1.17985071644426
0.0779967192429022	1.18179291414789
0.0783967024185068	1.18389605630729
0.0787966855941115	1.18615912389145
0.0791966687697161	1.18858013261641
0.0795966519453207	1.19115731791976
0.0799966351209253	1.19389008235834
0.08039661829653	1.19677957426569
0.0807966014721346	1.19982873124196
0.0811965846477392	1.20304181736077
0.0815965678233438	1.20642369526215
0.0819965509989485	1.20997898119896
0.0823965341745531	1.21371128796188
0.0827965173501577	1.21762266606676
0.0831965005257624	1.22171339575004
0.083596483701367	1.22598213505303
0.0839964668769716	1.23042641586359
0.0843964500525762	1.23504331185031
0.0847964332281809	1.23983003991838
0.0851964164037855	1.24478449659025
0.0855963995793901	1.24990563113977
0.0859963827549947	1.25519365814027
0.0863963659305994	1.26065011816406
0.086796349106204	1.2662777659705
0.0871963322818086	1.27208007080692
0.0875963154574133	1.27806042421349
0.0879962986330179	1.28422116883501
0.0883962818086225	1.29056246462574
0.0887962649842271	1.29708133104591
0.0891962481598318	1.30377124855409
0.0895962313354364	1.3106222935142
0.089996214511041	1.31762167613808
0.0903961976866456	1.32475456374871
0.0907961808622503	1.33200484479706
0.0911961640378549	1.33935555207415
0.0915961472134595	1.34678901205542
0.0919961303890642	1.35428680114878
0.0923961135646688	1.36182956263258
0.0927960967402734	1.36939709131759
0.093196079915878	1.37696876784049
0.0935960630914826	1.3845242726406
0.0939960462670873	1.39204430713463
0.0943960294426919	1.39951137842831
0.0947960126182965	1.40691028458276
0.0951959957939012	1.41422825214635
0.0955959789695058	1.42145472784008
0.0959959621451104	1.42858096169902
0.096395945320715	1.43559930961773
0.0967959284963197	1.44250249724241
0.0971959116719243	1.44928296799864
0.0975958948475289	1.45593228072175
0.0979958780231335	1.46244055569425
0.0983958611987382	1.46879614188643
0.0987958443743428	1.47498541252398
0.0991958275499474	1.48099273841065
0.0995958107255521	1.48680073749416
0.0999957939011567	1.49239087227325
0.100395777076761	1.49774401657539
0.100795760252366	1.50284110436149
0.101195743427971	1.50766389791631
0.101595726603575	1.5121956243849
0.10199570977918	1.51642136780253
0.102395692954784	1.52032848996244
0.102795676130389	1.52390698855484
0.103195659305994	1.5271496784034
0.103595642481598	1.53005240888903
0.103995625657203	1.53261416026807
0.104395608832808	1.53483687787247
0.104795592008412	1.5367252842139
0.105195575184017	1.53828670763529
0.105595558359621	1.53953083743465
0.105995541535226	1.54046957970764
0.106395524710831	1.54111703275726
0.106795507886435	1.54148916399632
0.10719549106204	1.54160313364063
0.107595474237645	1.54147645353852
0.107995457413249	1.54112601752467
0.108395440588854	1.5405674223972
0.108795423764458	1.53981480347681
0.109195406940063	1.53888115821435
0.109595390115668	1.53777901670501
0.109995373291272	1.53652130480096
0.110395356466877	1.53512191742069
0.110795339642482	1.53359574186284
0.111195322818086	1.53195826729799
0.111595305993691	1.53022473449175
0.111995289169295	1.52840909267724
0.1123952723449	1.52652303934629
0.112795255520505	1.52457526978921
0.113195238696109	1.52257103872915
0.113595221871714	1.52051229289066
0.113995205047319	1.51839827054798
0.114395188222923	1.51622644669403
0.114795171398528	1.51399375827985
0.115195154574132	1.51169780109598
0.115595137749737	1.50933760863405
0.115995120925342	1.50691402195307
0.116395104100946	1.50442969658501
0.116795087276551	1.50188880886942
0.117195070452156	1.49929660757861
0.11759505362776	1.49665899113748
0.117995036803365	1.4939821334776
0.11839501997897	1.49127211128176
0.118795003154574	1.48853467762516
0.119194986330179	1.48577512801243
0.119594969505783	1.48299845919788
0.119994952681388	1.48020973095995
0.120394935856993	1.47741453575653
0.120794919032597	1.47461940232936
0.121194902208202	1.47183204846563
0.121594885383807	1.46906131455054
0.121994868559411	1.46631689105844
0.122394851735016	1.46360888150507
0.12279483491062	1.46094739009454
0.123194818086225	1.45834217785542
0.12359480126183	1.45580247461893
0.123994784437434	1.45333693087072
0.124394767613039	1.45095374153478
0.124794750788644	1.44866081327968
0.125194733964248	1.44646595695979
0.125594717139853	1.44437705112263
0.125994700315457	1.4424021755916
0.126394683491062	1.44054982490499
0.126794666666667	1.43882920023318
0.127194649842271	1.43725039190986
0.127594633017876	1.4358242692931
0.127994616193481	1.4345620710033
0.128394599369085	1.43347471081854
0.12879458254469	1.43257182386035
0.129194565720294	1.43186071983454
0.129594548895899	1.43134543880157
0.129994532071504	1.43102610075031
0.130394515247108	1.43089868682716
0.130794498422713	1.43095527049404
0.131194481598318	1.43118464407591
0.131594464773922	1.43157307511287
0.131994447949527	1.4321049638386
0.132394431125131	1.43276355941049
0.132794414300736	1.43353175460956
0.133194397476341	1.43439273391428
0.133594380651945	1.4353305003118
0.13399436382755	1.43633037915154
0.134394347003155	1.43737916440521
0.134794330178759	1.43846494506401
0.135194313354364	1.43957697681404
0.135594296529968	1.44070571516223
0.135994279705573	1.44184288845564
0.136394262881178	1.44298176733943
0.136794246056782	1.44411734082835
0.137194229232387	1.44524620758388
0.137594212407992	1.44636634600336
0.137994195583596	1.44747685051006
0.138394178759201	1.44857743456031
0.138794161934805	1.44966788950481
0.13919414511041	1.45074776553652
0.139594128286015	1.45181630076524
0.139994111461619	1.4528722998897
0.140394094637224	1.45391403196026
0.140794077812829	1.45493911720662
0.141194060988433	1.45594453768886
0.141594044164038	1.45692671340842
0.141994027339642	1.45788170171431
0.142394010515247	1.45880541744717
0.142793993690852	1.45969383259435
0.143193976866456	1.46054292619549
0.143593960042061	1.46134835629491
0.143993943217666	1.4621050692866
0.14439392639327	1.46280709676649
0.144793909568875	1.46344768852863
0.145193892744479	1.46401996898299
0.145593875920084	1.4645178522327
0.145993859095689	1.4649369386899
0.146393842271293	1.46527518791676
0.146793825446898	1.46553336371907
0.147193808622503	1.46571479189818
0.147593791798107	1.46582465114954
0.147993774973712	1.46586931770483
0.148393758149317	1.46585583517772
0.148793741324921	1.46579139065386
0.149193724500526	1.46568302286265
0.14959370767613	1.46553747623255
0.149993690851735	1.46536089768535
0.15039367402734	1.46515851678369
0.150793657202944	1.4649346044214
0.151193640378549	1.46469237193298
0.151593623554154	1.46443400442963
0.151993606729758	1.46416116731463
0.152393589905363	1.46387578979013
0.152793573080967	1.46358078659635
0.153193556256572	1.46328088871116
0.153593539432177	1.46298339078982
0.153993522607781	1.46269811721175
0.154393505783386	1.46243671657285
0.154793488958991	1.46221159914491
0.155193472134595	1.46203462407009
0.1555934553102	1.46191571142939
0.155993438485804	1.46186203285477
0.156393421661409	1.46187784876448
0.156793404837014	1.461964877037
0.157193388012618	1.46212325652398
0.157593371188223	1.46235275654376
0.157993354363828	1.46265360962789
0.158393337539432	1.46302673148751
0.158793320715037	1.46347354970636
0.159193303890641	1.46399545540039
0.159593287066246	1.4645930557513
0.159993270241851	1.46526573965793
0.160393253417455	1.46601168838283
0.16079323659306	1.46682813158524
0.161193219768665	1.46771192182962
0.161593202944269	1.46866028533333
0.161993186119874	1.4696715148634
0.162393169295478	1.47074541244481
0.162793152471083	1.47188356696313
0.163193135646688	1.47308916736844
0.163593118822292	1.47436657239056
0.163993101997897	1.47572084236709
0.164393085173502	1.47715718656212
0.164793068349106	1.47868021058637
0.165193051524711	1.48029331775289
0.165593034700315	1.48199817676989
0.16599301787592	1.48379424838462
0.166393001051525	1.48567860367846
0.166792984227129	1.4876459906141
0.167192967402734	1.48968884980984
0.167592950578339	1.49179730622293
0.167992933753943	1.49395916230587
0.168392916929548	1.49615988861589
0.168792900105152	1.49838278727869
0.169192883280757	1.50060943334579
0.169592866456362	1.50282026030768
0.169992849631966	1.50499520321938
0.170392832807571	1.50711449252002
0.170792815983176	1.50915939470215
0.17119279915878	1.51111279260534
0.171592782334385	1.51295959072548
0.171992765509989	1.51468703729272
0.172392748685594	1.51628480877571
0.172792731861199	1.51774475846755
0.173192715036803	1.51906032457709
0.173592698212408	1.520225862885
0.173992681388013	1.52123591600422
0.174392664563617	1.52208475326544
0.174792647739222	1.52276633275365
0.175192630914827	1.52327482758342
0.175592614090431	1.5236054712847
0.175992597266036	1.52375550304546
0.17639258044164	1.52372474018151
0.176792563617245	1.5235156737332
0.17719254679285	1.52313313025691
0.177592529968454	1.52258380918934
0.177992513144059	1.52187586028902
0.178392496319664	1.52101856101251
0.178792479495268	1.52002209079096
0.179192462670873	1.51889723059022
0.179592445846477	1.517654794326
0.179992429022082	1.51630480618975
0.180392412197687	1.51485578387178
0.180792395373291	1.51331423872411
0.181192378548896	1.51168466463571
0.181592361724501	1.50997016093455
0.181992344900105	1.50817351644036
0.18239232807571	1.50629827309052
0.182792311251314	1.50434961720048
0.183192294426919	1.50233477037969
0.183592277602524	1.50026272674554
0.183992260778128	1.49814352004863
0.184392243953733	1.49598746211831
0.184792227129338	1.49380439713835
0.185192210304942	1.49160315981482
0.185592193480547	1.48939145973733
0.185992176656151	1.48717608259951
0.186392159831756	1.48496328735299
0.186792143007361	1.48275917939028
0.187192126182965	1.48056987312041
0.18759210935857	1.47840120069409
0.187992092534175	1.47625819297816
0.188392075709779	1.47414445451509
0.188792058885384	1.47206164102839
0.189192042060988	1.47000918529295
0.189592025236593	1.46798458177226
0.189992008412198	1.46598399886696
0.190391991587802	1.46400294639589
0.190791974763407	1.46203686980647
0.191191957939012	1.46008157645279
0.191591941114616	1.45813322719064
0.191991924290221	1.45618808613061
0.192391907465825	1.45424224868285
0.19279189064143	1.45229147215529
0.193191873817035	1.45033118431864
0.193591856992639	1.44835670197052
0.193991840168244	1.446363337158
0.194391823343849	1.4443462114588
0.194791806519453	1.44229995858581
0.195191789695058	1.44021836610715
0.195591772870662	1.4380937860873
0.195991756046267	1.4359167306792
0.196391739221872	1.43367576829188
0.196791722397476	1.43135762103977
0.197191705573081	1.42894752063722
0.197591688748686	1.42642995805871
0.19799167192429	1.42378936957369
0.198391655099895	1.42101082566049
0.198791638275499	1.41808079940712
0.199191621451104	1.4149876982605
0.199591604626709	1.4117218535705
0.199991587802313	1.40827537028514
0.200391570977918	1.40464170710536
0.200791554153523	1.40081514406686
0.201191537329127	1.39679041737887
0.201591520504732	1.39256283831436
0.201991503680336	1.38812856929541
0.202391486855941	1.38348508615333
0.202791470031546	1.37863149023353
0.20319145320715	1.37356855234369
0.203591436382755	1.36829843692638
0.20399141955836	1.36282426566715
0.204391402733964	1.35714959761044
0.204791385909569	1.35127810072009
0.205191369085174	1.34521348499704
0.205591352260778	1.33895971200782
0.205991335436383	1.3325214616807
0.206391318611987	1.32590462371837
0.206791301787592	1.31911666792853
0.207191284963197	1.31216710775387
0.207591268138801	1.30506792225393
0.207991251314406	1.29783361814886
0.208391234490011	1.29048113359089
0.208791217665615	1.28302971479578
0.20919120084122	1.27550067293323
0.209591184016824	1.26791710814448
0.209991167192429	1.26030380878502
0.210391150368034	1.25268706205018
0.210791133543638	1.24509446934419
0.211191116719243	1.23755478349282
0.211591099894848	1.23009761507052
0.211991083070452	1.22275286660742
0.212391066246057	1.21555017447981
0.212791049421661	1.20851812496733
0.213191032597266	1.20168320513064
0.213591015772871	1.1950688627073
0.213990998948475	1.18869496696109
0.21439098212408	1.18257761934072
0.214790965299685	1.17672964767205
0.215190948475289	1.17116161794657
0.215590931650894	1.16588298694497
0.215990914826498	1.16090318578297
0.216390898002103	1.15623245120888
0.216790881177708	1.15188194381556
0.217190864353312	1.14786325037234
0.217590847528917	1.14418769087629
0.217990830704522	1.14086562209567
0.218390813880126	1.13790584755067
0.218790797055731	1.13531525311778
0.219190780231335	1.13309874465794
0.21959076340694	1.13125933821167
0.219990746582545	1.12979826404569
0.220390729758149	1.12871499973321
0.220790712933754	1.12800730969185
0.221190696109359	1.12767128110485
0.221590679284963	1.12770140121382
0.221990662460568	1.12809062257903
0.222390645636172	1.12883056916934
0.222790628811777	1.1299118539644
0.223190611987382	1.13132449547945
0.223590595162986	1.13305840408252
0.223990578338591	1.13510394514968
0.224390561514196	1.13745233566157
0.2247905446898	1.1400956592774
0.225190527865405	1.14302640428403
0.225590511041009	1.14623660693322
0.225990494216614	1.14971679853704
0.226390477392219	1.15345505535511
0.226790460567823	1.15743653519174
0.227190443743428	1.16164340996495
0.227590426919033	1.16605530205781
0.227990410094637	1.17065031538396
0.228390393270242	1.17540613170971
0.228790376445846	1.18030062611013
0.229190359621451	1.18531224614294
0.229590342797056	1.19042009315834
0.22999032597266	1.19560365622978
0.230390309148265	1.20084249297629
0.23079029232387	1.20611620118927
0.231190275499474	1.21140443386587
0.231590258675079	1.21668699174445
0.231990241850684	1.22194397066231
0.232390225026288	1.22715584129181
0.232790208201893	1.23230357592259
0.233190191377497	1.23736919585299
0.233590174553102	1.24233640799161
0.233990157728707	1.24719122546269
0.234390140904311	1.25192270629155
0.234790124079916	1.25652369779439
0.235190107255521	1.26099110349109
0.235590090431125	1.26532580450664
0.23599007360673	1.26953204656465
0.236390056782334	1.27361655259775
0.236790039957939	1.27758758644712
0.237190023133544	1.28145421135124
0.237590006309148	1.28522563723067
0.237989989484753	1.28891092797118
0.238389972660358	1.29251894256152
0.238789955835962	1.29605809564464
0.239189939011567	1.29953576939205
0.239589922187171	1.30295780699891
0.239989905362776	1.30632802157395
0.240389888538381	1.30964782601223
0.240789871713985	1.312916172389
0.24118985488959	1.31612994296867
0.241589838065195	1.3192845151035
0.241989821240799	1.32237450551843
0.242389804416404	1.3253944182057
0.242789787592008	1.32833893945569
0.243189770767613	1.33120294575151
0.243589753943218	1.33398140721799
0.243989737118822	1.33666917403411
0.244389720294427	1.33926072880923
0.244789703470032	1.34175011804373
0.245189686645636	1.34413105774523
0.245589669821241	1.34639700524015
0.245989652996845	1.34854138195355
0.24638963617245	1.35055792674441
0.246789619348055	1.35244113897773
0.247189602523659	1.35418647825348
0.247589585699264	1.35579050716205
0.247989568874869	1.35725098394578
0.248389552050473	1.35856694568368
0.248789535226078	1.35973864613497
0.249189518401682	1.36076734028898
0.249589501577287	1.3616549153599
0.249989484752892	1.36240346061919
0.250389467928496	1.36301479588779
0.250789451104101	1.36349007552818
0.251189434279706	1.36382965001758
0.25158941745531	1.36403325719663
0.251989400630915	1.36410039453829
0.252389383806519	1.36403070209054
0.252789366982124	1.36382419926931
0.253189350157729	1.36348139710483
0.253589333333333	1.3630030691901
0.253989316508938	1.36238982981996
0.254389299684543	1.36164174543014
0.254789282860147	1.3607580338332
0.255189266035752	1.35973715652771
0.255589249211357	1.35857733001062
0.255989232386961	1.35727706081255
0.256389215562566	1.35583550229751
0.25678919873817	1.3542527815044
0.257189181913775	1.35253017062034
0.25758916508938	1.3506698960547
0.257989148264984	1.34867496783818
0.258389131440589	1.34654917506718
0.258789114616193	1.34429722820715
0.259189097791798	1.34192519890183
0.259589080967403	1.33944119812027
0.259989064143007	1.33685581648085
0.260389047318612	1.33418224904174
0.260789030494217	1.3314360713517
0.261189013669821	1.32863458869753
0.261588996845426	1.32579593234715
0.26198898002103	1.32293825561724
0.262388963196635	1.32007920618939
0.26278894637224	1.31723562447165
0.263188929547844	1.31442340817971
0.263588912723449	1.31165750932776
0.263988895899054	1.30895214244472
0.264388879074658	1.3063210398795
0.264788862250263	1.30377767954817
0.265188845425868	1.3013353382146
0.265588828601472	1.29900705184365
0.265988811777077	1.29680527167687
0.266388794952681	1.29474132379595
0.266788778128286	1.29282488531353
0.267188761303891	1.29106390291255
0.267588744479495	1.28946481188937
0.2679887276551	1.28803298620691
0.268388710830705	1.2867733386704
0.268788694006309	1.2856909226556
0.269188677181914	1.28479086374498
0.269588660357518	1.28407782569584
0.269988643533123	1.28355515706059
0.270388626708728	1.28322412070532
0.270788609884332	1.28308354721306
0.271188593059937	1.28313022533454
0.271588576235542	1.28335966025913
0.271988559411146	1.28376695353503
0.272388542586751	1.28434764727222
0.272788525762355	1.28509835857594
0.27318850893796	1.28601702067717
0.273588492113565	1.28710281243672
0.273988475289169	1.2883561178361
0.274388458464774	1.28977839903463
0.274788441640379	1.2913719154061
0.275188424815983	1.29313920775003
0.275588407991588	1.29508267906035
0.275988391167192	1.29720409338216
0.276388374342797	1.29950407124298
0.276788357518402	1.3019816755911
0.277188340694006	1.30463430731208
0.277588323869611	1.30745766542897
0.277988307045216	1.31044606253927
0.27838829022082	1.31359277020846
0.278788273396425	1.31689021520155
0.279188256572029	1.32033002672139
0.279588239747634	1.32390326815627
0.279988222923239	1.32760059374136
0.280388206098843	1.33141247967056
0.280788189274448	1.33532953710299
0.281188172450053	1.33934292180277
0.281588155625657	1.34344485393294
0.281988138801262	1.34762912153171
0.282388121976866	1.35189130953439
0.282788105152471	1.35622873715433
0.283188088328076	1.3606402292191
0.28358807150368	1.36512559316665
0.283988054679285	1.36968495561707
0.28438803785489	1.37431822331971
0.284788021030494	1.37902492901713
0.285188004206099	1.38380446831191
0.285587987381703	1.38865650046631
0.285987970557308	1.39358129959712
0.286387953732913	1.39857988313688
0.286787936908517	1.40365375505435
0.287187920084122	1.40880422153921
0.287587903259727	1.41403163746319
0.287987886435331	1.41933463500201
0.288387869610936	1.42470966956468
0.288787852786541	1.43015131025931
0.289187835962145	1.43565302247382
0.28958781913775	1.44120785454903
0.289987802313354	1.4468091863024
0.290387785488959	1.45245126512731
0.290787768664564	1.45812904419098
0.291187751840168	1.46383757372878
0.291587735015773	1.46957139628312
0.291987718191378	1.47532384551656
0.292387701366982	1.48108655214318
0.292787684542587	1.48684947643285
0.293187667718191	1.49260117260266
0.293587650893796	1.49832924009663
0.293987634069401	1.5040211485734
0.294387617245005	1.50966511754065
0.29478760042061	1.51525053153614
0.295187583596214	1.52076797237863
0.295587566771819	1.52620891533698
0.295987549947424	1.53156511190025
0.296387533123028	1.53682770857482
0.296787516298633	1.54198662179419
0.297187499474238	1.54703040279808
0.297587482649842	1.55194672423778
0.297987465825447	1.55672334018871
0.298387449001052	1.56134927712971
0.298787432176656	1.5658158002787
0.299187415352261	1.57011685365881
0.299587398527865	1.57424868322031
0.29998738170347	1.57820870716402
0.300387364879075	1.58199395379423
0.300787348054679	1.58559951201611
0.301187331230284	1.58901748874311
0.301587314405889	1.59223662567355
0.301987297581493	1.59524252864239
0.302387280757098	1.59801857566568
0.302787263932702	1.6005472216165
0.303187247108307	1.6028112048957
0.303587230283912	1.60479433483978
0.303987213459516	1.60648180448837
0.304387196635121	1.60786010925408
0.304787179810726	1.60891671382105
0.30518716298633	1.60963983034981
0.305587146161935	1.6100184351168
0.305987129337539	1.61004272770055
0.306387112513144	1.60970505289032
0.306787095688749	1.60900110039818
0.307187078864353	1.60793091306288
0.307587062039958	1.60649949149952
0.307987045215563	1.60471670212733
0.308387028391167	1.60259642930685
0.308787011566772	1.6001550941261
0.309186994742376	1.59740991494908
0.309586977917981	1.59437731735467
0.309986961093586	1.59107182503286
0.31038694426919	1.58750554467406
0.310786927444795	1.58368832492107
0.3111869106204	1.57962833198553
0.311586893796004	1.57533285133135
0.311986876971609	1.57080901336801
0.312386860147213	1.56606413983019
0.312786843322818	1.56110568423723
0.313186826498423	1.55594108056183
0.313586809674027	1.55057761710936
0.313986792849632	1.54502231062638
0.314386776025237	1.53928201625372
0.314786759200841	1.53336379679258
0.315186742376446	1.52727524319167
0.31558672555205	1.52102462839219
0.315986708727655	1.51462098314043
0.31638669190326	1.50807401998254
0.316786675078864	1.501393841165
0.317186658254469	1.49459060199087
0.317586641430074	1.48767413643682
0.317986624605678	1.48065359806242
0.318386607781283	1.47353729736942
0.318786590956887	1.46633288756228
0.319186574132492	1.45904782243745
0.319586557308097	1.45169029135313
0.319986540483701	1.44427043592713
0.320386523659306	1.43680132562051
0.320786506834911	1.42929951377215
0.321186490010515	1.42178511496164
0.32158647318612	1.41428103612543
0.321986456361725	1.40681181554547
0.322386439537329	1.39940254033069
0.322786422712934	1.39207798942605
0.323186405888538	1.38486226722499
0.323586389064143	1.3777789865219
0.323986372239748	1.37085149479464
0.324386355415352	1.36410305058085
0.324786338590957	1.35755696081337
0.325186321766562	1.35123641338845
0.325586304942166	1.3451640282357
0.325986288117771	1.33936150586558
0.326386271293375	1.33384930344362
0.32678625446898	1.32864622564222
0.327186237644585	1.32376904764163
0.327586220820189	1.31923222541442
0.327986203995794	1.31504763485721
0.328386187171399	1.31122445339875
0.328786170347003	1.30776917406109
0.329186153522608	1.304685798664
0.329586136698212	1.30197621496555
0.329986119873817	1.29964062551319
0.330386103049422	1.29767792148147
0.330786086225026	1.2960860773066
0.331186069400631	1.29486221507313
0.331586052576236	1.29400242996643
0.33198603575184	1.29350136687248
0.332386018927445	1.29335174752335
0.332786002103049	1.29354399356638
0.333185985278654	1.29406617343575
0.333585968454259	1.29490427364735
0.333985951629863	1.29604261587145
0.334385934805468	1.29746417412403
0.334785917981073	1.29915079042113
0.335185901156677	1.30108328815489
0.335585884332282	1.30324137400738
0.335985867507886	1.30560355051165
0.336385850683491	1.30814729494301
0.336785833859096	1.31084934641573
0.3371858170347	1.31368618105762
0.337585800210305	1.31663474042432
0.33798578338591	1.31967316693559
0.338385766561514	1.32278125771004
0.338785749737119	1.32594065668627
0.339185732912723	1.3291348780705
0.339585716088328	1.33234906635996
0.339985699263933	1.3355696316233
0.340385682439537	1.33878383856166
0.340785665615142	1.34197935340535
0.341185648790747	1.34514383621199
0.341585631966351	1.34826478595254
0.341985615141956	1.35132974544534
0.34238559831756	1.35432634298096
0.342785581493165	1.35724225312141
0.34318556466877	1.36006520330866
0.343585547844374	1.36278313221886
0.343985531019979	1.3653843782801
0.344385514195584	1.36785827405741
0.344785497371188	1.37019611164697
0.345185480546793	1.372392156292
0.345585463722398	1.37444451026847
0.345985446898002	1.37635569696706
0.346385430073607	1.37813262460891
0.346785413249211	1.37978599343003
0.347185396424816	1.38132942884109
0.347585379600421	1.38277839624652
0.347985362776025	1.38414909553687
0.34838534595163	1.38545785641062
0.348785329127235	1.38672080742462
0.349185312302839	1.38795361751075
0.349585295478444	1.3891713981368
0.349985278654048	1.39038874816587
0.350385261829653	1.39161985595504
0.350785245005258	1.3928786634994
0.351185228180862	1.39417899349411
0.351585211356467	1.39553435710814
0.351985194532071	1.39695744849153
0.352385177707676	1.39845954866358
0.352785160883281	1.4000498507249
0.353185144058885	1.4017348902773
0.35358512723449	1.40351842175387
0.353985110410095	1.40540190881198
0.354385093585699	1.40738557816825
0.354785076761304	1.4094698270163
0.355185059936909	1.41165663333586
0.355585043112513	1.41395050932987
0.355985026288118	1.41635877122142
0.356385009463722	1.41889111733571
0.356784992639327	1.42155870041186
0.357184975814932	1.42437280024006
0.357584958990536	1.42734354614979
0.357984942166141	1.43047883806479
0.358384925341746	1.43378355508029
0.35878490851735	1.43725911650641
0.359184891692955	1.44090353957373
0.359584874868559	1.44471178072336
0.359984858044164	1.44867618269344
0.360384841219769	1.45278683229395
0.360784824395373	1.45703183110536
0.361184807570978	1.46139745183936
0.361584790746583	1.46586833387715
0.361984773922187	1.47042760852836
0.362384757097792	1.47505700659004
0.362784740273396	1.47973707351226
0.363184723449001	1.48444732643882
0.363584706624606	1.48916646458292
0.36398468980021	1.49387282428626
0.364384672975815	1.49854490494268
0.36478465615142	1.5031617443182
0.365184639327024	1.50770340672402
0.365584622502629	1.51215143424597
0.365984605678233	1.51648906947835
0.366384588853838	1.52070132354237
0.366784572029443	1.52477495022936
0.367184555205047	1.52869802852142
0.367584538380652	1.53245947945713
0.367984521556257	1.5360488510081
0.368384504731861	1.53945618618997
0.368784487907466	1.54267178948947
0.36918447108307	1.54568637002211
0.369584454258675	1.54849126325132
0.36998443743428	1.55107864209193
0.370384420609884	1.55344173028801
0.370784403785489	1.55557512772787
0.371184386961094	1.55747511590047
0.371584370136698	1.55914008398955
0.371984353312303	1.56057086779216
0.372384336487907	1.56177079391289
0.372784319663512	1.56274543293657
0.373184302839117	1.56350223286598
0.373584286014721	1.5640498558522
0.373984269190326	1.56439741934545
0.374384252365931	1.56455391471837
0.374784235541535	1.56452792776547
0.37518421871714	1.56432764578531
0.375584201892744	1.5639612002483
0.375984185068349	1.56343701864192
0.376384168243954	1.56276406997905
0.376784151419558	1.56195206252427
0.377184134595163	1.56101141705965
0.377584117770768	1.55995291198214
0.377984100946372	1.55878730079135
0.378384084121977	1.55752518456884
0.378784067297582	1.55617692722221
0.379184050473186	1.55475280903653
0.379584033648791	1.55326342993479
0.379984016824395	1.55172021621888
0.380384	1.55013591832183
0.380783983175605	1.54852499285442
0.381183966351209	1.54690364101662
0.381583949526814	1.5452893139818
0.381983932702419	1.54369992577747
0.382383915878023	1.54215289162613
0.382783899053628	1.54066423531831
0.383183882229232	1.53924771027531
0.383583865404837	1.53791422976497
0.383983848580442	1.53667164419117
0.384383831756046	1.53552483986149
0.384783814931651	1.53447597626741
0.385183798107256	1.5335248933925
0.38558378128286	1.53266958414665
0.385983764458465	1.53190680273289
0.386383747634069	1.53123272286973
0.386783730809674	1.53064364423172
0.387183713985279	1.53013653080602
0.387583697160883	1.52970941030406
0.387983680336488	1.52936142741109
0.388383663512093	1.52909266980895
0.388783646687697	1.52890384536482
0.389183629863302	1.52879582827159
0.389583613038906	1.52876926959225
0.389983596214511	1.52882439841479
0.390383579390116	1.52896089861628
0.39078356256572	1.52917772670391
0.391183545741325	1.52947303240841
0.39158352891693	1.52984396487314
0.391983512092534	1.5302864306248
0.392383495268139	1.53079510146795
0.392783478443743	1.53136373518605
0.393183461619348	1.53198573606074
0.393583444794953	1.5326548861482
0.393983427970557	1.53336610094111
0.394383411146162	1.53411594344729
0.394783394321767	1.53490271989617
0.395183377497371	1.53572630310446
0.395583360672976	1.53658777325365
0.39598334384858	1.53748890871347
0.396383327024185	1.53843154785637
0.39678331019979	1.53941724365378
0.397183293375394	1.5404472963504
0.397583276550999	1.54152292745044
0.397983259726604	1.54264554909004
0.398383242902208	1.54381724006987
0.398783226077813	1.54504105359685
0.399183209253417	1.54632087385172
0.399583192429022	1.54766098393851
0.399983175604627	1.54906530514593
0.400383158780231	1.5505362700625
0.400783141955836	1.55207396836499
0.401183125131441	1.55367570815564
0.401583108307045	1.55533609473082
0.40198309148265	1.5570476302249
0.402383074658255	1.55880180735246
0.402783057833859	1.56059010615292
0.403183041009464	1.56240468166203
0.403583024185068	1.56423881929421
0.403983007360673	1.56608705058499
0.404382990536278	1.56794492663292
0.404782973711882	1.56980875351129
0.405182956887487	1.57167533686384
0.405582940063091	1.57354178349281
0.405982923238696	1.5754054759621
0.406382906414301	1.57726418651407
0.406782889589905	1.5791162280812
0.40718287276551	1.58096073950537
0.407582855941115	1.58279781116047
0.407982839116719	1.58462843913109
0.408382822292324	1.58645442839155
0.408782805467929	1.5882780449469
0.409182788643533	1.59010136127385
0.409582771819138	1.59192555976755
0.409982754994742	1.5937504379555
0.410382738170347	1.59557413169896
0.410782721345952	1.5973933102839
0.411182704521556	1.59920384733729
0.411582687697161	1.60100158446349
0.411982670872766	1.60278315366154
0.41238265404837	1.60454678752323
0.412782637223975	1.60629250505213
0.413182620399579	1.60802177592025
0.413582603575184	1.60973703928118
0.413982586750789	1.61144107192767
0.414382569926393	1.61313627129383
0.414782553101998	1.61482447846295
0.415182536277603	1.61650728064244
0.415582519453207	1.61818635436539
0.415982502628812	1.61986403387313
0.416382485804416	1.62154391730004
0.416782468980021	1.62323085229883
0.417182452155626	1.62493052430795
0.41758243533123	1.62664898190287
0.417982418506835	1.62839183591034
0.41838240168244	1.63016343472974
0.418782384858044	1.63196654276606
0.419182368033649	1.63380216527881
0.419582351209253	1.63566942031783
0.419982334384858	1.6375657417524
0.420382317560463	1.63948694104727
0.420782300736067	1.64142695500707
0.421182283911672	1.64337772293528
0.421582267087277	1.64532937759176
0.421982250262881	1.64727057982607
0.422382233438486	1.64918923938187
0.42278221661409	1.65107356017236
0.423182199789695	1.65291295773777
0.4235821829653	1.65469864279817
0.423982166140904	1.65642356954059
0.424382149316509	1.65808176329776
0.424782132492114	1.65966742121397
0.425182115667718	1.66117414867186
0.425582098843323	1.66259452904129
0.425982082018927	1.66392032338456
0.426382065194532	1.66514317724424
0.426782048370137	1.66625540227075
0.427182031545741	1.66725049107912
0.427582014721346	1.66812330997372
0.427981997896951	1.66886995210447
0.428381981072555	1.66948744239107
0.42878196424816	1.66997361919228
0.429181947423764	1.67032729458996
0.429581930599369	1.67054856520947
0.429981913774974	1.67063923677693
0.430381896950578	1.67060313137647
0.430781880126183	1.67044580788909
0.431181863301788	1.67017380767394
0.431581846477392	1.66979381333562
0.431981829652997	1.6693117786925
0.432381812828601	1.66873213727081
0.432781796004206	1.66805757693273
0.433181779179811	1.66728934379481
0.433581762355415	1.66642778193007
0.43398174553102	1.66547295972569
0.434381728706625	1.66442545900472
0.434781711882229	1.66328716794301
0.435181695057834	1.66206184176588
0.435581678233439	1.66075532598933
0.435981661409043	1.65937566522469
0.436381644584648	1.65793307201016
0.436781627760252	1.65643981851818
0.437181610935857	1.65491005165453
0.437581594111462	1.65335945004481
0.437981577287066	1.65180462045819
0.438381560462671	1.65026236249847
0.438781543638276	1.64874887978812
0.43918152681388	1.64727890143544
0.439581509989485	1.64586522187387
0.439981493165089	1.64451886383327
0.440381476340694	1.64324942427142
0.440781459516299	1.64206558614886
0.441181442691903	1.64097595939748
0.441581425867508	1.6399897328518
0.441981409043113	1.63911689016404
0.442381392218717	1.63836814103868
0.442781375394322	1.63775455676505
0.443181358569926	1.63728705205363
0.443581341745531	1.63697623004608
0.443981324921136	1.63683239726802
0.44438130809674	1.63686555363169
0.444781291272345	1.63708558713824
0.44518127444795	1.63750254152887
0.445581257623554	1.63812645112933
0.445981240799159	1.63896688430326
0.446381223974763	1.64003233022455
0.446781207150368	1.64132928029067
0.447181190325973	1.64286122941442
0.447581173501577	1.64462802976324
0.447981156677182	1.64662570193743
0.448381139852787	1.64884684877779
0.448781123028391	1.65128153173307
0.449181106203996	1.65391841348114
0.4495810893796	1.65674596534468
0.449981072555205	1.65975336172169
0.45038105573081	1.66293097193325
0.450781038906414	1.66627043732416
0.451181022082019	1.66976424434297
0.451581005257624	1.67340500438646
0.451980988433228	1.67718494324276
0.452380971608833	1.68109567259656
0.452780954784437	1.6851281721425
0.453180937960042	1.68927304887583
0.453580921135647	1.6935208877729
0.453980904311251	1.69786252471209
0.454380887486856	1.70228932537717
0.454780870662461	1.70679366407427
0.455180853838065	1.71136949177165
0.45558083701367	1.71601290114417
0.455980820189274	1.72072254479675
0.456380803364879	1.72549976363059
0.456780786540484	1.73034828946132
0.457180769716088	1.73527350321339
0.457580752891693	1.74028130290245
0.457980736067298	1.74537690770266
0.458380719242902	1.7505636881458
0.458780702418507	1.75584239689729
0.459180685594111	1.7612108741079
0.459580668769716	1.76666423222254
0.459980651945321	1.77219538981711
0.460380635120925	1.77779603629062
0.46078061829653	1.7834577123331
0.461180601472135	1.7891729098033
0.461580584647739	1.79493598212382
0.461980567823344	1.80074369059443
0.462380550998948	1.80659518217746
0.462780534174553	1.81249158363656
0.463180517350158	1.81843538866039
0.463580500525762	1.82442990849204
0.463980483701367	1.83047877606335
0.464380466876972	1.83658560935589
0.464780450052576	1.84275375184573
0.465180433228181	1.84898608921991
0.465580416403786	1.85528490410234
0.46598039957939	1.86165175640761
0.466380382754995	1.86808756166559
0.466780365930599	1.87459287408009
0.467180349106204	1.88116823229695
0.467580332281809	1.88781431034636
0.467980315457413	1.8945319846775
0.468380298633018	1.90132226941012
0.468780281808623	1.90818595915156
0.469180264984227	1.91512299666009
0.469580248159832	1.92213179706519
0.469980231335436	1.9292086447315
0.470380214511041	1.93634728342236
0.470780197686646	1.94353868309344
0.47118018086225	1.95077097945394
0.471580164037855	1.95802955862672
0.47198014721346	1.96529734187116
0.472380130389064	1.97255500584386
0.472780113564669	1.97978109295751
0.473180096740273	1.98695208989745
0.473580079915878	1.99404264329155
0.473980063091483	2.00102579810609
0.474380046267087	2.00787336996012
0.474780029442692	2.01455661480581
0.475180012618297	2.02104718476291
0.475579995793901	2.02731818718614
0.475979978969506	2.03334503896953
0.47637996214511	2.03910604643714
0.476779945320715	2.04458272215181
0.47717992849632	2.0497599548269
0.477579911671924	2.0546260097214
0.477979894847529	2.05917246346816
0.478379878023134	2.06339404788533
0.478779861198738	2.06728838349619
0.479179844374343	2.07085553446323
0.479579827549947	2.07409738475926
0.479979810725552	2.07701677841298
0.480379793901157	2.07961653137201
0.480779777076761	2.08189840547626
0.481179760252366	2.08386225773864
0.481579743427971	2.08550545419374
0.481979726603575	2.08682274975556
0.48237970977918	2.08780661965391
0.482779692954785	2.08844803559806
0.483179676130389	2.08873753405697
0.483579659305994	2.08866637734243
0.483979642481598	2.08822741822748
0.484379625657203	2.08741540663534
0.484779608832808	2.08622691790167
0.485179592008412	2.08465998816708
0.485579575184017	2.08271366398537
0.485979558359622	2.08038771259634
0.486379541535226	2.07768276387354
0.486779524710831	2.07460071243216
0.487179507886435	2.07114522273055
0.48757949106204	2.0673222561715
0.487979474237645	2.06314025204427
0.488379457413249	2.05860994023147
0.488779440588854	2.05374387983291
0.489179423764458	2.04855580547985
0.489579406940063	2.04305985834159
0.489979390115668	2.0372701913956
0.490379373291272	2.031200972554
0.490779356466877	2.02486659357909
0.491179339642482	2.01828218112687
0.491579322818086	2.01146416053406
0.491979305993691	2.00443049302036
0.492379289169296	1.99720072615772
0.4927792723449	1.98979571045456
0.493179255520505	1.98223681880825
0.493579238696109	1.97454509001981
0.493979221871714	1.96674072930498
0.494379205047319	1.95884279419957
0.494779188222923	1.95086913206268
0.495179171398528	1.94283667872731
0.495579154574133	1.93476167393042
0.495979137749737	1.92665998903396
0.496379120925342	1.91854743183849
0.496779104100946	1.91043994717066
0.497179087276551	1.90235346765255
0.497579070452156	1.89430390240041
0.49797905362776	1.8863069334156
0.498379036803365	1.87837772637447
0.49877901997897	1.87053074464728
0.499179003154574	1.86277978119027
0.499578986330179	1.85513799019126
0.499978969505783	1.84761803398824
0.500378952681388	1.84023196173614
0.500778935856993	1.8329909466308
0.501178919032597	1.82590497595216
0.501578902208202	1.81898263467631
0.501978885383807	1.81223095856544
0.502378868559411	1.80565581429111
0.502778851735016	1.79926259652362
0.50317883491062	1.79305713129125
0.503578818086225	1.78704657160429
0.50397880126183	1.78123995116457
0.504378784437434	1.775648077211
0.504778767613039	1.77028294587488
0.505178750788644	1.76515677206028
0.505578733964248	1.76028070499682
0.505978717139853	1.75566370599478
0.506378700315457	1.75131196239799
0.506778683491062	1.74722848651577
0.507178666666667	1.74341316358353
0.507578649842271	1.73986333775931
0.507978633017876	1.73657432691162
0.508378616193481	1.73353961811953
0.508778599369085	1.73075109946221
0.50917858254469	1.72819906025515
0.509578565720294	1.7258720768183
0.509978548895899	1.72375722913609
0.510378532071504	1.72184050941297
0.510778515247108	1.72010700367932
0.511178498422713	1.7185412812936
0.511578481598318	1.71712788347419
0.511978464773922	1.71585145112007
0.512378447949527	1.71469673599202
0.512778431125132	1.71364880111612
0.513178414300736	1.71269297354676
0.513578397476341	1.7118146786395
0.513978380651945	1.71099945616474
0.51437836382755	1.71023285965856
0.514778347003155	1.70950017248797
0.515178330178759	1.70878632120572
0.515578313354364	1.70807590240026
0.515978296529969	1.70735330039278
0.516378279705573	1.70660303354694
0.516778262881178	1.70581030913665
0.517178246056782	1.70496146333339
0.517578229232387	1.70404437614107
0.517978212407992	1.70304886538002
0.518378195583596	1.70196704862908
0.518778178759201	1.70079381581738
0.519178161934805	1.69952718321175
0.51957814511041	1.69816815054754
0.519978128286015	1.6967203488188
0.520378111461619	1.69518960594583
0.520778094637224	1.69358329923489
0.521178077812829	1.69190971010041
0.521578060988433	1.69017774645702
0.521978044164038	1.68839652844284
0.522378027339643	1.68657488086913
0.522778010515247	1.68472092713025
0.523177993690852	1.68284156461639
0.523577976866456	1.68094161962319
0.523977960042061	1.67902330842517
0.524377943217666	1.6770862327332
0.52477792639327	1.67512772204109
0.525177909568875	1.67314373467014
0.52557789274448	1.67113021978423
0.525977875920084	1.66908419179298
0.526377859095689	1.66700428611286
0.526777842271293	1.66489095228569
0.527177825446898	1.6627463123663
0.527577808622503	1.66057366771096
0.527977791798107	1.65837721330051
0.528377774973712	1.65616210346965
0.528777758149316	1.65393471786528
0.529177741324921	1.65170292965898
0.529577724500526	1.6494764821167
0.529977707676131	1.64726719595672
0.530377690851735	1.64508864802153
0.53077767402734	1.64295543181465
0.531177657202944	1.64088228789467
0.531577640378549	1.63888302503211
0.531977623554154	1.63696964695731
0.532377606729758	1.63515178300047
0.532777589905363	1.63343643440593
0.533177573080967	1.63182792489361
0.533577556256572	1.63032836281498
0.533977539432177	1.6289382189686
0.534377522607781	1.62765687476954
0.534777505783386	1.62648327346995
0.535177488958991	1.62541656431033
0.535577472134595	1.62445621081715
0.5359774553102	1.62360188901901
0.536377438485804	1.62285335018226
0.536777421661409	1.62221014535572
0.537177404837014	1.62167131341582
0.537577388012618	1.62123528422636
0.537977371188223	1.62089973438538
0.538377354363828	1.62066150547451
0.538777337539432	1.62051669384356
0.539177320715037	1.6204608432314
0.539577303890642	1.62048916349549
0.539977287066246	1.6205971118166
0.540377270241851	1.62078109598874
0.540777253417455	1.62103897960634
0.54117723659306	1.62137033492886
0.541577219768665	1.62177631641575
0.541977202944269	1.62225885765873
0.542377186119874	1.62281948116189
0.542777169295478	1.62345804456284
0.543177152471083	1.6241717237168
0.543577135646688	1.62495468285975
0.543977118822292	1.62579849580511
0.544377101997897	1.62669291074663
0.544777085173502	1.62762687936774
0.545177068349106	1.6285895949856
0.545577051524711	1.62957116322984
0.545977034700315	1.63056288584211
0.54637701787592	1.6315572056494
0.546777001051525	1.63254732911693
0.547176984227129	1.63352677975799
0.547576967402734	1.63448909982995
0.547976950578339	1.63542749647039
0.548376933753943	1.63633467447699
0.548776916929548	1.6372029343282
0.549176900105153	1.63802419056958
0.549576883280757	1.63878989517942
0.549976866456362	1.63949119551344
0.550376849631966	1.64011936912204
0.550776832807571	1.64066641540532
0.551176815983176	1.64112582785442
0.55157679915878	1.64149330402982
0.551976782334385	1.64176700999518
0.55237676550999	1.64194753011406
0.552776748685594	1.64203741767587
0.553176731861199	1.64204029071085
0.553576715036803	1.64195990552418
0.553976698212408	1.64179972872054
0.554376681388013	1.64156295236656
0.554776664563617	1.64125277582463
0.555176647739222	1.64087300620968
0.555576630914827	1.64042869014628
0.555976614090431	1.63992646922891
0.556376597266036	1.6393747437803
0.55677658044164	1.63878362425475
0.557176563617245	1.63816470512146
0.55757654679285	1.63753085059931
0.557976529968454	1.63689589559702
0.558376513144059	1.63627402116112
0.558776496319664	1.63567915982933
0.559176479495268	1.63512457035343
0.559576462670873	1.63462217985034
0.559976445846477	1.63418202988935
0.560376429022082	1.63381192553767
0.560776412197687	1.63351720690446
0.561176395373291	1.63330061112353
0.561576378548896	1.63316244128478
0.561976361724501	1.63310079231211
0.562376344900105	1.63311197755237
0.56277632807571	1.63319118155477
0.563176311251314	1.63333326020954
0.563576294426919	1.63353330417073
0.563976277602524	1.63378718060614
0.564376260778128	1.63409170977048
0.564776243953733	1.63444447241505
0.565176227129338	1.63484335169224
0.565576210304942	1.63528619507404
0.565976193480547	1.63577059996748
0.566376176656151	1.63629402847067
0.566776159831756	1.63685391510026
0.567176143007361	1.63744789949909
0.567576126182965	1.6380740389292
0.56797610935857	1.63873072570998
0.568376092534175	1.63941617556455
0.568776075709779	1.64012794045001
0.569176058885384	1.64086243187188
0.569576042060989	1.64161454460115
0.569976025236593	1.64237750495435
0.570376008412198	1.64314308749745
0.570775991587802	1.64390175528071
0.571175974763407	1.644642638186
0.571575957939012	1.64535346451914
0.571975941114616	1.64602037954049
0.572375924290221	1.6466275942636
0.572775907465826	1.64715725163515
0.57317589064143	1.64758964079122
0.573575873817035	1.64790364612205
0.573975856992639	1.64807743608911
0.574375840168244	1.64808940694281
0.574775823343849	1.64791899940666
0.575175806519453	1.64754717847887
0.575575789695058	1.64695687943536
0.575975772870662	1.64613333015245
0.576375756046267	1.64506405843935
0.576775739221872	1.64373893491461
0.577175722397476	1.64215011017703
0.577575705573081	1.6402917152738
0.577975688748686	1.63815961900169
0.57837567192429	1.63575142035377
0.578775655099895	1.63306650379181
0.5791756382755	1.63010620731525
0.579575621451104	1.62687411335674
0.579975604626709	1.6233763781585
0.580375587802313	1.61962185166567
0.580775570977918	1.61562194832874
0.581175554153523	1.61139031792815
0.581575537329127	1.60694243986108
0.581975520504732	1.60229511799561
0.582375503680337	1.59746589712141
0.582775486855941	1.59247248293677
0.583175470031546	1.5873321276646
0.58357545320715	1.58206104481257
0.583975436382755	1.57667385718422
0.58437541955836	1.57118322561605
0.584775402733964	1.5655997259425
0.585175385909569	1.55993242070969
0.585575369085173	1.55418976229642
0.585975352260778	1.54838056235039
0.586375335436383	1.54251492631727
0.586775318611988	1.53660518297013
0.587175301787592	1.53066631941363
0.587575284963197	1.5247160442243
0.587975268138801	1.51877451231687
0.588375251314406	1.51286388359466
0.588775234490011	1.50700766627144
0.589175217665615	1.5012301797094
0.58957520084122	1.49555607146201
0.589975184016824	1.4900097856108
0.590375167192429	1.48461509645927
0.590775150368034	1.47939475528166
0.591175133543638	1.47437008318022
0.591575116719243	1.46956055424263
0.591975099894848	1.46498347213471
0.592375083070452	1.46065366484389
0.592775066246057	1.45658331346488
0.593175049421661	1.45278178711594
0.593575032597266	1.44925549110988
0.593975015772871	1.44600795957174
0.594374998948475	1.44304037623734
0.59477498212408	1.4403523573996
0.595174965299685	1.43794295559833
0.595574948475289	1.43581148231868
0.595974931650894	1.43395805299943
0.596374914826499	1.43238375350975
0.596774898002103	1.4310903945832
0.597174881177708	1.43007976295916
0.597574864353312	1.42935281504756
0.597974847528917	1.42890912250006
0.598374830704522	1.42874653857912
0.598774813880126	1.42886100418083
0.599174797055731	1.42924667945485
0.599574780231335	1.42989630315449
0.59997476340694	1.43080168814363
0.600374746582545	1.43195433064939
0.600774729758149	1.43334607144047
0.601174712933754	1.43496971481546
0.601574696109359	1.43681959612385
0.601974679284963	1.43889179082318
0.602374662460568	1.44118386062866
0.602774645636172	1.44369425230327
0.603174628811777	1.44642167037696
0.603574611987382	1.44936446878823
0.603974595162986	1.4525201878693
0.604374578338591	1.45588542555337
0.604774561514196	1.45945616628865
0.6051745446898	1.46322848174376
0.605574527865405	1.46719917350252
0.60597451104101	1.47136597375679
0.606374494216614	1.47572729618842
0.606774477392219	1.48028166597934
0.607174460567823	1.48502693174879
0.607574443743428	1.48995958874624
0.607974426919033	1.49507469913386
0.608374410094637	1.50036621899955
0.608774393270242	1.50582752235894
0.609174376445847	1.51145189547707
0.609574359621451	1.51723271332284
0.609974342797056	1.52316320278142
0.61037432597266	1.52923591237505
0.610774309148265	1.53544226670591
0.61117429232387	1.54177238220368
0.611574275499474	1.54821520266451
0.611974258675079	1.55475893729912
0.612374241850684	1.56139153895464
0.612774225026288	1.56810093741043
0.613174208201893	1.5748750196239
0.613574191377497	1.58170159640797
0.613974174553102	1.58856857753726
0.614374157728707	1.59546432447112
0.614774140904311	1.60237802024869
0.615174124079916	1.60929994567921
0.615574107255521	1.61622148550861
0.615974090431125	1.6231347546397
0.61637407360673	1.63003219502938
0.616774056782334	1.63690634653553
0.617174039957939	1.64374956584399
0.617574023133544	1.65055398301922
0.617974006309148	1.65731179204472
0.618373989484753	1.66401553815971
0.618773972660358	1.67065804692636
0.619173955835962	1.67723224404365
0.619573939011567	1.68373084285123
0.619973922187171	1.69014595209217
0.620373905362776	1.6964689763068
0.620773888538381	1.70269093833939
0.621173871713985	1.70880280919315
0.62157385488959	1.71479594509028
0.621973838065195	1.72066231523679
0.622373821240799	1.72639441859351
0.622773804416404	1.73198490277401
0.623173787592008	1.73742632452477
0.623573770767613	1.74271105377176
0.623973753943218	1.74783155099149
0.624373737118822	1.7527809352793
0.624773720294427	1.75755393222297
0.625173703470032	1.76214786801691
0.625573686645636	1.76656338636394
0.625973669821241	1.77080466607224
0.626373652996846	1.77487923195924
0.62677363617245	1.77879715014377
0.627173619348055	1.7825700656248
0.627573602523659	1.7862101558503
0.627973585699264	1.78972910451228
0.628373568874869	1.79313700819346
0.628773552050473	1.79644162495546
0.629173535226078	1.79964773231682
0.629573518401683	1.80275679104941
0.629973501577287	1.80576711232578
0.630373484752892	1.80867450741938
0.630773467928496	1.81147302717942
0.631173451104101	1.8141557858486
0.631573434279706	1.81671554062606
0.63197341745531	1.81914487301676
0.632373400630915	1.82143594266001
0.632773383806519	1.82358012577218
0.633173366982124	1.82556761723329
0.633573350157729	1.82738735710906
0.633973333333333	1.82902728478993
0.634373316508938	1.83047491977487
0.634773299684543	1.83171802009086
0.635173282860147	1.83274506223956
0.635573266035752	1.83354542437815
0.635973249211357	1.83410936888438
0.636373232386961	1.83442795457183
0.636773215562566	1.83449314786163
0.63717319873817	1.83429825804217
0.637573181913775	1.83383856372741
0.63797316508938	1.83311195106422
0.638373148264984	1.83211932142108
0.638773131440589	1.83086467820433
0.639173114616194	1.82935497536675
0.639573097791798	1.82759962794661
0.639973080967403	1.8256097091659
0.640373064143007	1.82339715209201
0.640773047318612	1.82097406500776
0.641173030494217	1.81835218142492
0.641573013669821	1.81554251725428
0.641972996845426	1.81255528818761
0.64237298002103	1.80940003980628
0.642772963196635	1.80608591847265
0.64317294637224	1.80262192467648
0.643572929547845	1.79901721217101
0.643972912723449	1.7952814262695
0.644372895899054	1.79142485206469
0.644772879074658	1.78745842048761
0.645172862250263	1.78339369034801
0.645572845425868	1.77924278205927
0.645972828601472	1.77501832918701
0.646372811777077	1.77073363195754
0.646772794952681	1.76640278905653
0.647172778128286	1.7620407150691
0.647572761303891	1.75766322642795
0.647972744479495	1.75328690134438
0.6483727276551	1.74892846073883
0.648772710830705	1.74460397404302
0.649172694006309	1.74032816640244
0.649572677181914	1.7361138374701
0.649972660357518	1.73197141980199
0.650372643533123	1.72790874425658
0.650772626708728	1.72393098446559
0.651172609884332	1.72004053720502
0.651572593059937	1.71623687080453
0.651972576235542	1.71251656129527
0.652372559411146	1.70887367321549
0.652772542586751	1.70530054546766
0.653172525762356	1.70178896283732
0.65357250893796	1.69833136435987
0.653972492113565	1.69492184989807
0.654372475289169	1.69155693035333
0.654772458464774	1.68823565786943
0.655172441640379	1.68495924066975
0.655572424815983	1.68173039047152
0.655972407991588	1.6785526858221
0.656372391167192	1.67542998885189
0.656772374342797	1.67236591479972
0.657172357518402	1.66936319784244
0.657572340694006	1.66642319432783
0.657972323869611	1.66354567810596
0.658372307045216	1.66072887602159
0.65877229022082	1.65796938642008
0.659172273396425	1.65526222562377
0.659572256572029	1.65260063138876
0.659972239747634	1.6499756638707
0.660372222923239	1.64737575565642
0.660772206098843	1.64478642316416
0.661172189274448	1.64219040327454
0.661572172450053	1.63956854180581
0.661972155625657	1.63690089636606
0.662372138801262	1.63416781726252
0.662772121976867	1.63135107205609
0.663172105152471	1.62843450407448
0.663572088328076	1.62540399207331
0.66397207150368	1.62224720080642
0.664372054679285	1.61895323481071
0.66477203785489	1.61551225639691
0.665172021030494	1.6119155291779
0.665572004206099	1.60815588051952
0.665971987381704	1.60422793019995
0.666371970557308	1.60012822914465
0.666771953732913	1.59585570141651
0.667171936908517	1.59141180350409
0.667571920084122	1.58680038720254
0.667971903259727	1.58202763447234
0.668371886435331	1.57710196639354
0.668771869610936	1.57203362466915
0.669171852786541	1.566834433996
0.669571835962145	1.56151779108904
0.66997181913775	1.55609860546847
0.670371802313354	1.55059317597419
0.670771785488959	1.54501925635284
0.671171768664564	1.53939586281198
0.671571751840168	1.53374283918372
0.671971735015773	1.52808072321923
0.672371718191378	1.5224305297366
0.672771701366982	1.5168130755168
0.673171684542587	1.51124827781971
0.673571667718191	1.50575438505664
0.673971650893796	1.5003469698943
0.674371634069401	1.49503818342483
0.674771617245005	1.48983653977118
0.67517160042061	1.48474705096107
0.675571583596215	1.47977186289401
0.675971566771819	1.47491147861944
0.676371549947424	1.47016604004124
0.676771533123028	1.46553641338731
0.677171516298633	1.46102497743665
0.677571499474238	1.45663577086867
0.677971482649842	1.45237401053625
0.678371465825447	1.44824553367168
0.678771449001052	1.4442560749224
0.679171432176656	1.44041041550622
0.679571415352261	1.43671168328924
0.679971398527865	1.43316069949922
0.68037138170347	1.4297555040777
0.680771364879075	1.42649132044031
0.681171348054679	1.42336107274227
0.681571331230284	1.42035606206494
0.681971314405889	1.41746688176732
0.682371297581493	1.41468434500049
0.682771280757098	1.41200011310267
0.683171263932703	1.40940688181647
0.683571247108307	1.40689825979605
0.683971230283912	1.40446819302589
0.684371213459516	1.40211029970905
0.684771196635121	1.39981765166916
0.685171179810726	1.3975829575655
0.68557116298633	1.3953990806346
0.685971146161935	1.39326009559367
0.68637112933754	1.39116219100903
0.686771112513144	1.38910406574152
0.687171095688749	1.38708680617668
0.687571078864353	1.38511336815183
0.687971062039958	1.38318757101644
0.688371045215563	1.38131300749573
0.688771028391167	1.37949204838224
0.689171011566772	1.37772516684742
0.689570994742376	1.37601088518755
0.689970977917981	1.37434632956387
0.690370961093586	1.37272800160743
0.69077094426919	1.37115263659938
0.691170927444795	1.36961804667479
0.6915709106204	1.36812375907453
0.691970893796004	1.36667137567347
0.692370876971609	1.36526479398967
0.692770860147214	1.36391015068834
0.693170843322818	1.36261565321361
0.693570826498423	1.36139139477032
0.693970809674027	1.36024885041404
0.694370792849632	1.35919998607435
0.694770776025237	1.35825637155418
0.695170759200841	1.35742830126136
0.695570742376446	1.3567239674852
0.695970725552051	1.35614924596903
0.696370708727655	1.3557082978067
0.69677069190326	1.35540465358793
0.697170675078864	1.35524254698857
0.697570658254469	1.35522812999312
0.697970641430074	1.35536997394708
0.698370624605678	1.35567890433719
0.698770607781283	1.35616754296555
0.699170590956887	1.35684934768905
0.699570574132492	1.3577375118248
0.699970557308097	1.35884433165217
0.700370540483702	1.36018113608869
0.700770523659306	1.36175837089535
0.701170506834911	1.36358569897715
0.701570490010515	1.36567184198629
0.70197047318612	1.36802402669926
0.702370456361725	1.37064718134489
0.702770439537329	1.37354317312138
0.703170422712934	1.37671046325731
0.703570405888538	1.38014439976496
0.703970389064143	1.38383797014972
0.704370372239748	1.38778277387206
0.704770355415352	1.39196984547189
0.705170338590957	1.39639022350065
0.705570321766562	1.401035189115
0.705970304942166	1.40589640419308
0.706370288117771	1.41096595617492
0.706770271293375	1.41623647331061
0.70717025446898	1.42170134988841
0.707570237644585	1.42735490507986
0.707970220820189	1.43319222441654
0.708370203995794	1.43920882487334
0.708770187171399	1.44540020305861
0.709170170347003	1.45176164302178
0.709570153522608	1.45828847942743
0.709970136698213	1.46497680516846
0.710370119873817	1.47182429391287
0.710770103049422	1.47883082668261
0.711170086225026	1.48599841479565
0.711570069400631	1.49333055121452
0.711970052576236	1.50083126953511
0.71237003575184	1.50850409900023
0.712770018927445	1.51635132204417
0.713170002103049	1.52437385301461
0.713569985278654	1.53257155586517
0.713969968454259	1.54094367487192
0.714369951629863	1.54948920487394
0.714769934805468	1.55820677588848
0.715169917981073	1.56709396249954
0.715569901156677	1.57614636504537
0.715969884332282	1.58535683196645
0.716369867507886	1.5947148889604
0.716769850683491	1.60420664634189
0.717169833859096	1.61381497270287
0.7175698170347	1.62351979138262
0.717969800210305	1.63329832349868
0.71836978338591	1.64312533434399
0.718769766561514	1.65297335287427
0.719169749737119	1.66281298442771
0.719569732912724	1.67261318473871
0.719969716088328	1.68234162015724
0.720369699263933	1.69196513973956
0.720769682439537	1.70145026642089
0.721169665615142	1.71076383196008
0.721569648790747	1.71987406072105
0.721969631966351	1.72875177763461
0.722369615141956	1.73737166619442
0.72276959831756	1.74571352940438
0.723169581493165	1.75376325663285
0.72356956466877	1.76151293716112
0.723969547844374	1.76896009807255
0.724369531019979	1.77610621320819
0.724769514195584	1.7829548607762
0.725169497371188	1.78951006152242
0.725569480546793	1.79577524322022
0.725969463722398	1.80175299076143
0.726369446898002	1.807445395026
0.726769430073607	1.81285473983789
0.727169413249211	1.81798417401218
0.727569396424816	1.82283791896431
0.727969379600421	1.82742085437205
0.728369362776025	1.83173783092822
0.72876934595163	1.83579303553914
0.729169329127235	1.83958957795085
0.729569312302839	1.84312958686253
0.729969295478444	1.84641499006419
0.730369278654048	1.8494483062895
0.730769261829653	1.85223313905656
0.731169245005258	1.85477422068391
0.731569228180862	1.85707692983465
0.731969211356467	1.85914643447559
0.732369194532072	1.86098691122492
0.732769177707676	1.86260104781476
0.733169160883281	1.86399000726626
0.733569144058885	1.86515383664451
0.73396912723449	1.86609227381934
0.734369110410095	1.86680582976887
0.734769093585699	1.86729695348823
0.735169076761304	1.8675710375308
0.735569059936909	1.8676372071171
0.735969043112513	1.86750860967339
0.736369026288118	1.86720210102336
0.736769009463722	1.86673750117929
0.737168992639327	1.86613661518355
0.737568975814932	1.86542215455596
0.737968958990536	1.86461683683623
0.738368942166141	1.86374275290506
0.738768925341746	1.86282105349482
0.73916890851735	1.86187183975801
0.739568891692955	1.86091411593766
0.739968874868559	1.85996569655805
0.740368858044164	1.85904299860122
0.740768841219769	1.85816055470459
0.741168824395373	1.85733050863655
0.741568807570978	1.85656235736465
0.741968790746583	1.85586293391161
0.742368773922187	1.85523685095642
0.742768757097792	1.85468732402041
0.743168740273397	1.85421694926573
0.743568723449001	1.85382833823313
0.743968706624606	1.85352452423274
0.74436868980021	1.85330885545904
0.744768672975815	1.85318455442348
0.74516865615142	1.8531541243717
0.745568639327024	1.8532185254978
0.745968622502629	1.85337647301051
0.746368605678233	1.85362395285786
0.746768588853838	1.85395362321103
0.747168572029443	1.85435430661988
0.747568555205047	1.85481077208467
0.747968538380652	1.85530361528344
0.748368521556257	1.85580954627574
0.748768504731861	1.85630232532492
0.749168487907466	1.85675396609205
0.749568471083071	1.85713594545851
0.749968454258675	1.85742045791427
0.75036843743428	1.85758129971169
0.750768420609884	1.85759423688659
0.751168403785489	1.85743720081729
0.751568386961094	1.85709039990198
0.751968370136698	1.85653612347778
0.752368353312303	1.85575840040766
0.752768336487908	1.85474267878591
0.753168319663512	1.85347554286806
0.753568302839117	1.85194453305563
0.753968286014721	1.85013823102759
0.754368269190326	1.84804665386285
0.754768252365931	1.84566161051976
0.755168235541535	1.84297697622016
0.75556821871714	1.83998881270475
0.755968201892744	1.83669505521443
0.756368185068349	1.83309497290858
0.756768168243954	1.82918884161432
0.757168151419558	1.82497782370578
0.757568134595163	1.82046411110619
0.757968117770768	1.81565160388188
0.758368100946372	1.81054678294748
0.758768084121977	1.80515944804966
0.759168067297582	1.79950322557263
0.759568050473186	1.79359563300619
0.759968033648791	1.78745749518906
0.760368016824395	1.78111223295609
0.760768	1.77458504080116
0.761167983175605	1.76790182776972
0.761567966351209	1.76108828256286
0.761967949526814	1.75416930559732
0.762367932702419	1.74716835611865
0.762767915878023	1.74010719640776
0.763167899053628	1.73300610366714
0.763567882229232	1.72588407419377
0.763967865404837	1.71875901133291
0.764367848580442	1.71164800982819
0.764767831756046	1.70456730867917
0.765167814931651	1.69753207839916
0.765567798107256	1.69055632250257
0.76596778128286	1.68365264446411
0.766367764458465	1.67683195726069
0.76676774763407	1.6701036219851
0.767167730809674	1.66347601359099
0.767567713985279	1.656957315187
0.767967697160883	1.650556512578
0.768367680336488	1.6442841872973
0.768767663512093	1.6381528791719
0.769167646687697	1.63217696796939
0.769567629863302	1.62637206363874
0.769967613038906	1.62075398584997
0.770367596214511	1.61533777994954
0.770767579390116	1.61013697535609
0.77116756256572	1.60516324296755
0.771567545741325	1.60042642021737
0.77196752891693	1.59593480692251
0.772367512092534	1.5916954148519
0.772767495268139	1.58771399340887
0.773167478443743	1.58399476631769
0.773567461619348	1.58054016045417
0.773967444794953	1.57735061715832
0.774367427970557	1.57442470192042
0.774767411146162	1.57175949498714
0.775167394321767	1.56935084587692
0.775567377497371	1.567193339255
0.775967360672976	1.56528022843069
0.776367343848581	1.56360335406769
0.776767327024185	1.5621529719049
0.77716731019979	1.5609178297167
0.777567293375394	1.55988580472464
0.777967276550999	1.55904477763038
0.778367259726604	1.55838367229276
0.778767242902208	1.55789331788011
0.779167226077813	1.55756670916144
0.779567209253417	1.55739855946307
0.779967192429022	1.5573845038799
0.780367175604627	1.55752011775532
0.780767158780231	1.55780005050416
0.781167141955836	1.55821791849983
0.781567125131441	1.55876674539224
0.781967108307045	1.55943952676433
0.78236709148265	1.5602297959755
0.782767074658255	1.56113202226067
0.783167057833859	1.56214146690418
0.783567041009464	1.56325370114391
0.783967024185068	1.5644640143512
0.784367007360673	1.56576678139236
0.784766990536278	1.56715505127556
0.785166973711882	1.56862057709322
0.785566956887487	1.57015377461298
0.785966940063092	1.57174358488876
0.786366923238696	1.57337738641017
0.786766906414301	1.5750409834531
0.787166889589905	1.57671866574314
0.78756687276551	1.5783938973284
0.787966855941115	1.58005046631746
0.788366839116719	1.58167370015056
0.788766822292324	1.58325170321208
0.789166805467929	1.58477621306777
0.789566788643533	1.58624265195502
0.789966771819138	1.58764961514938
0.790366754994742	1.5889979941527
0.790766738170347	1.59028964340686
0.791166721345952	1.59152605711798
0.791566704521556	1.59270753120134
0.791966687697161	1.59383282235618
0.792366670872766	1.59489944735675
0.79276665404837	1.59590453544671
0.793166637223975	1.596845823455
0.793566620399579	1.59772256440488
0.793966603575184	1.5985363110369
0.794366586750789	1.59929114996896
0.794766569926393	1.59999342024494
0.795166553101998	1.60065138544853
0.795566536277603	1.60127500644752
0.795966519453207	1.60187582717114
0.796366502628812	1.60246701030156
0.796766485804416	1.60306328551287
0.797166468980021	1.60368073163015
0.797566452155626	1.6043363866718
0.79796643533123	1.60504751011381
0.798366418506835	1.60583067514445
0.79876640168244	1.60670113413873
0.799166384858044	1.60767240669874
0.799566368033649	1.60875584163986
0.799966351209254	1.6099602076284
0.800366334384858	1.61129134801667
0.800766317560463	1.6127520243282
0.801166300736067	1.61434192354875
0.801566283911672	1.61605781038867
0.801966267087277	1.61789388817104
0.802366250262881	1.61984248159183
0.802766233438486	1.62189476285054
0.80316621661409	1.62404130326943
0.803566199789695	1.62627237109083
0.8039661829653	1.6285779259763
0.804366166140904	1.63094742659367
0.804766149316509	1.63336973177263
0.805166132492114	1.63583307995945
0.805566115667718	1.63832538511127
0.805966098843323	1.64083501755464
0.806366082018928	1.64335150742753
0.806766065194532	1.64586570128195
0.807166048370137	1.64836943079794
0.807566031545741	1.65085463292424
0.807966014721346	1.65331196371521
0.808365997896951	1.65572946996372
0.808765981072555	1.65809179840552
0.80916596424816	1.66038023753353
0.809565947423765	1.66257380724436
0.809965930599369	1.66465106447503
0.810365913774974	1.66659200484021
0.810765896950578	1.66837961353339
0.811165880126183	1.67000069204885
0.811565863301788	1.67144601289737
0.811965846477392	1.67270997840137
0.812365829652997	1.67379000029477
0.812765812828601	1.67468562927262
0.813165796004206	1.67539775235782
0.813565779179811	1.67592783917407
0.813965762355415	1.6762772644037
0.81436574553102	1.67644670206927
0.814765728706625	1.67643574158476
0.815165711882229	1.67624265093003
0.815565695057834	1.67586438630241
0.815965678233439	1.67529649003995
0.816365661409043	1.67453305221525
0.816765644584648	1.67356691236117
0.817165627760252	1.6723901030928
0.817565610935857	1.67099440758394
0.817965594111462	1.66937227277166
0.818365577287066	1.66751784617164
0.818765560462671	1.66542794171687
0.819165543638276	1.66310266001975
0.81956552681388	1.66054546417224
0.819965509989485	1.65776264321628
0.820365493165089	1.6547626557225
0.820765476340694	1.65155532581355
0.821165459516299	1.64815113007642
0.821565442691903	1.64456077293166
0.821965425867508	1.64079511586996
0.822365409043113	1.63686520748231
0.822765392218717	1.63278243923338
0.823165375394322	1.62855871235497
0.823565358569927	1.62420658994875
0.823965341745531	1.61973948554932
0.824365324921136	1.61517187430825
0.82476530809674	1.61051918985445
0.825165291272345	1.60579774705722
0.82556527444795	1.6010246565025
0.825965257623554	1.59621772576944
0.826365240799159	1.59139537616564
0.826765223974763	1.58657680128471
0.827165207150368	1.58178215184374
0.827565190325973	1.57703246817689
0.827965173501577	1.57234931519832
0.828365156677182	1.56775411051152
0.828765139852787	1.56326713397508
0.829165123028391	1.55890656031291
0.829565106203996	1.5546878078239
0.8299650893796	1.5506233563873
0.830365072555205	1.54672314059402
0.83076505573081	1.54299563428336
0.831165038906414	1.53944901784726
0.831565022082019	1.5360920249308
0.831965005257624	1.53293438098665
0.832364988433228	1.52998673037117
0.832764971608833	1.52726016801119
0.833164954784438	1.52476567281687
0.833564937960042	1.52251354399201
0.833964921135647	1.52051305039057
0.834364904311251	1.5187724158271
0.834764887486856	1.51729897423028
0.835164870662461	1.51609934952044
0.835564853838065	1.51517967200871
0.83596483701367	1.51454551378021
0.836364820189274	1.51420157666019
0.836764803364879	1.51415122431344
0.837164786540484	1.51439593814273
0.837564769716088	1.51493487747897
0.837964752891693	1.51576475087636
0.838364736067298	1.5168798264386
0.838764719242902	1.51827224447838
0.839164702418507	1.51993265385123
0.839564685594112	1.52185080981829
0.839964668769716	1.52401607864581
0.840364651945321	1.52641779724747
0.840764635120925	1.52904512693849
0.84116461829653	1.53188659093537
0.841564601472135	1.53492958498222
0.841964584647739	1.53815981205408
0.842364567823344	1.54156074476369
0.842764550998949	1.545113481434
0.843164534174553	1.54879677944766
0.843564517350158	1.55258742210468
0.843964500525762	1.55646094066176
0.844364483701367	1.56039240224593
0.844764466876972	1.56435697491377
0.845164450052576	1.56833047850715
0.845564433228181	1.57228965269418
0.845964416403786	1.57621210970456
0.84636439957939	1.58007636810145
0.846764382754995	1.58386221291326
0.847164365930599	1.58755099567019
0.847564349106204	1.59112601231208
0.847964332281809	1.59457286634488
0.848364315457413	1.59787954305917
0.848764298633018	1.6010361039735
0.849164281808623	1.60403423430637
0.849564264984227	1.60686675463867
0.849964248159832	1.60952718528965
0.850364231335436	1.61200950704877
0.850764214511041	1.61430800873333
0.851164197686646	1.61641686842305
0.85156418086225	1.61832961923581
0.851964164037855	1.62003881501825
0.85236414721346	1.62153578154521
0.852764130389064	1.62281060989864
0.853164113564669	1.62385263908883
0.853564096740273	1.62465142175668
0.853964079915878	1.6251977968734
0.854364063091483	1.62548482372775
0.854764046267087	1.62550845255363
0.855164029442692	1.62526785642509
0.855564012618297	1.62476550161467
0.855963995793901	1.62400689506872
0.856363978969506	1.62300008393872
0.856763962145111	1.62175496611359
0.857163945320715	1.6202825008656
0.85756392849632	1.61859376080019
0.857963911671924	1.61669923061233
0.858363894847529	1.61460866296175
0.858763878023134	1.61233152904945
0.859163861198738	1.60987797807908
0.859563844374343	1.6072597801201
0.859963827549947	1.60449057428601
0.860363810725552	1.60158530338742
0.860763793901157	1.59855896584617
0.861163777076761	1.59542484357231
0.861563760252366	1.59219284244137
0.861963743427971	1.58886868536904
0.862363726603575	1.58545430906416
0.86276370977918	1.58194927938768
0.863163692954785	1.5783528451601
0.863563676130389	1.57466568003006
0.863963659305994	1.57089090546755
0.864363642481598	1.5670342302728
0.864763625657203	1.56310335620525
0.865163608832808	1.55910703290463
0.865563592008412	1.55505431211958
0.865963575184017	1.55095425262189
0.866363558359622	1.54681603934495
0.866763541535226	1.54264932246136
0.867163524710831	1.53846463419077
0.867563507886435	1.53427373049219
0.86796349106204	1.5300898640706
0.868363474237645	1.52592793317829
0.868763457413249	1.52180447060788
0.869163440588854	1.51773767156129
0.869563423764458	1.51374741055794
0.869963406940063	1.50985516338725
0.870363390115668	1.50608367038031
0.870763373291272	1.50245636605659
0.871163356466877	1.49899656581606
0.871563339642482	1.49572660429693
0.871963322818086	1.49266687964844
0.872363305993691	1.48983486671573
0.872763289169296	1.48724442720098
0.8731632723449	1.48490560027627
0.873563255520505	1.48282470568165
0.873963238696109	1.48100470194506
0.874363221871714	1.47944590272314
0.874763205047319	1.47814676072883
0.875163188222923	1.47710417353796
0.875563171398528	1.47631352738063
0.875963154574133	1.47576858386627
0.876363137749737	1.47546136617284
0.876763120925342	1.475382093326
0.877163104100946	1.47551936210229
0.877563087276551	1.47586054524992
0.877963070452156	1.47639237359603
0.87836305362776	1.47710155504395
0.878763036803365	1.47797543405428
0.87916301997897	1.47900243629115
0.879563003154574	1.48017242244988
0.879962986330179	1.48147688180976
0.880362969505784	1.48290897389987
0.880762952681388	1.48446298283866
0.881162935856993	1.48613355325994
0.881562919032597	1.4879149472485
0.881962902208202	1.48980023651375
0.882362885383807	1.49178024297022
0.882762868559411	1.49384297540907
0.883162851735016	1.49597358978421
0.88356283491062	1.49815451627461
0.883962818086225	1.50036594973311
0.88436280126183	1.50258683692345
0.884762784437434	1.50479594384265
0.885162767613039	1.50697296959172
0.885562750788644	1.50909952390886
0.885962733964248	1.51115967711172
0.886362717139853	1.51313999882046
0.886762700315457	1.51502922139956
0.887162683491062	1.51681764603385
0.887562666666667	1.51849670679159
0.887962649842271	1.52005888872957
0.888362633017876	1.52149792254228
0.888762616193481	1.52280933398127
0.889162599369085	1.52399102694242
0.88956258254469	1.52504361177224
0.889962565720295	1.52597060540934
0.890362548895899	1.52677868524707
0.890762532071504	1.52747759878528
0.891162515247108	1.52808013518872
0.891562498422713	1.52860226217783
0.891962481598318	1.52906301980233
0.892362464773922	1.52948422478029
0.892762447949527	1.52989036329845
0.893162431125131	1.53030812151131
0.893562414300736	1.53076548777055
0.893962397476341	1.53129077945197
0.894362380651945	1.53191170040436
0.89476236382755	1.53265416200782
0.895162347003155	1.53354124231305
0.895562330178759	1.53459250735857
0.895962313354364	1.5358238550384
0.896362296529969	1.53724777018842
0.896762279705573	1.5388740534352
0.897162262881178	1.54071063921504
0.897562246056782	1.54276422649644
0.897962229232387	1.54504061562838
0.898362212407992	1.54754464554222
0.898762195583596	1.55027962074535
0.899162178759201	1.553246630715
0.899562161934806	1.55644418836435
0.89996214511041	1.55986825751699
0.900362128286015	1.56351262169956
0.900762111461619	1.56736992515746
0.901162094637224	1.57143333875997
0.901562077812829	1.5756982931062
0.901962060988433	1.58016389267611
0.902362044164038	1.58483381002828
0.902762027339643	1.5897162826342
0.903162010515247	1.5948231981065
0.903561993690852	1.60016864253686
0.903961976866456	1.60567818395827
0.904361960042061	1.61168012091298
0.904761943217666	1.61813443083102
0.90516192639327	1.62497731271901
0.905561909568875	1.63213571184341
0.90596189274448	1.63953661506286
0.906361875920084	1.64711239422839
0.906761859095689	1.6548033902239
0.907161842271293	1.66255870586709
0.907561825446898	1.67033593206758
0.907961808622503	1.67810030932144
0.908361791798107	1.68582364565612
0.908761774973712	1.69348320665697
0.909161758149317	1.70106070475994
0.909561741324921	1.70854144821924
0.909961724500526	1.71591367371133
0.91036170767613	1.72316804288482
0.910761690851735	1.73029725097755
0.91116167402734	1.73729569351076
0.911561657202944	1.74415916561904
0.911961640378549	1.75088458374392
0.912361623554154	1.75746973642306
0.912761606729758	1.76391308280756
0.913161589905363	1.7702136026387
0.913561573080968	1.77637069985422
0.913961556256572	1.7823841468465
0.914361539432177	1.78825405045275
0.914761522607781	1.79398082366846
0.915161505783386	1.79956516298576
0.915561488958991	1.80500803035007
0.915961472134595	1.8103106404821
0.9163614553102	1.81547445007051
0.916761438485804	1.8205011521782
0.917161421661409	1.82539266631892
0.917561404837014	1.83015112152008
0.917961388012618	1.8347788296586
0.918361371188223	1.83927825217564
0.918761354363828	1.8436519582497
0.919161337539432	1.84790258761902
0.919561320715037	1.85203281688077
0.919961303890641	1.85604532818635
0.920361287066246	1.85994278409912
0.920761270241851	1.863727815939
0.921161253417455	1.86740301570403
0.92156123659306	1.87097092834976
0.921961219768665	1.87443404914301
0.922361202944269	1.87779482186272
0.922761186119874	1.88105562650147
0.923161169295479	1.88421876623864
0.923561152471083	1.88728645687596
0.923961135646688	1.89026081686046
0.924361118822292	1.89314385838832
0.924761101997897	1.8959374879841
0.925161085173502	1.89864351257607
0.925561068349106	1.90126364902941
0.925961051524711	1.90379953661199
0.926361034700315	1.90625275071212
0.92676101787592	1.90862480924552
0.927161001051525	1.91091717687515
0.927560984227129	1.91313126633561
0.927960967402734	1.91526843523585
0.928360950578339	1.9173299764816
0.928760933753943	1.91931711193056
0.929160916929548	1.92123098963823
0.929560900105153	1.92307268112081
0.929960883280757	1.92484317158937
0.930360866456362	1.92654334924974
0.930760849631966	1.92817399150923
0.931160832807571	1.92973574746864
0.931560815983176	1.93122912368212
0.93196079915878	1.9326544821686
0.932360782334385	1.93401204704837
0.93276076550999	1.93530191989042
0.933160748685594	1.93652409784502
0.933560731861199	1.93767848904784
0.933960715036803	1.9387649213507
0.934360698212408	1.93978314485348
0.934760681388013	1.94073282872961
0.935160664563617	1.94161355669147
0.935560647739222	1.94242482562923
0.935960630914827	1.94316604812157
0.936360614090431	1.94383656026537
0.936760597266036	1.94443563326275
0.93716058044164	1.94496248686783
0.937560563617245	1.94541630558304
0.93796054679285	1.94579625816095
0.938360529968454	1.9461015120212
0.938760513144059	1.94633124524981
0.939160496319664	1.94648465639371
0.939560479495268	1.94656096666644
0.939960462670873	1.94655941570304
0.940360445846477	1.94647925926743
0.940760429022082	1.94631976538855
0.941160412197687	1.94608020633465
0.941560395373291	1.94575984834137
0.941960378548896	1.94535793926097
0.942360361724501	1.94487369168018
0.942760344900105	1.94430626447661
0.94316032807571	1.94365474805772
0.943560311251314	1.94291815545311
0.943960294426919	1.94209542194979
0.944360277602524	1.94118541817056
0.944760260778128	1.94018697198154
0.945160243953733	1.9390988890464
0.945560227129338	1.93791997046053
0.945960210304942	1.93664901929021
0.946360193480547	1.93528482990173
0.946760176656152	1.93382616311051
0.947160159831756	1.9322717201232
0.947560143007361	1.93062011922717
0.947960126182965	1.92886988513865
0.94836010935857	1.9270194625253
0.948760092534175	1.92506725169817
0.949160075709779	1.92301165456337
0.949560058885384	1.92085112558588
0.949960042060988	1.91858421735703
0.950360025236593	1.91620961022962
0.950760008412198	1.91372612981503
