0	0.638010577037639
0.000399983141568677	0.632724982218532
0.000799966283137354	0.627481533427084
0.00119994942470603	0.622280327279998
0.00159993256627471	0.617121466248915
0.00199991570784339	0.612005041603764
0.00239989884941206	0.606931122789301
0.00279988199098074	0.601899753217857
0.00319986513254942	0.596910952955595
0.00359984827411809	0.591964722602484
0.00399983141568677	0.587061050585492
0.00439981455725545	0.582199923012704
0.00479979769882413	0.577381332735812
0.0051997808403928	0.57260528736502
0.00559976398196148	0.567871815623296
0.00599974712353016	0.563180968426152
0.00639973026509883	0.558532812005074
0.00679971340666751	0.553927417412953
0.00719969654823619	0.549364849560409
0.00759967968980486	0.544845157754388
0.00799966283137354	0.540368371012931
0.00839964597294222	0.535934498610786
0.0087996291145109	0.531543535598885
0.00919961225607957	0.527195471136618
0.00959959539764825	0.522890297330728
0.00999957853921693	0.518628014650242
0.0103995616807856	0.514408634992206
0.0107995448223543	0.510232182857836
0.011199527963923	0.506098696259007
0.0115995111054916	0.502008227353701
0.0119994942470603	0.49796084484944
0.012399477388629	0.493956637432878
0.0127994605301977	0.489995717516354
0.0131994436717663	0.486078222499821
0.013599426813335	0.482204313684498
0.0139994099549037	0.478374174434934
0.0143993930964724	0.474588007951046
0.0147993762380411	0.470846034346658
0.0151993593796097	0.467148489830364
0.0155993425211784	0.463495628232187
0.0159993256627471	0.459887723410572
0.0163993088043158	0.456325072206687
0.0167992919458844	0.452807997767509
0.0171992750874531	0.449336852194466
0.0175992582290218	0.445912017428308
0.0179992413705905	0.442533904080439
0.0183992245121591	0.439202948597338
0.0187992076537278	0.435919610612117
0.0191991907952965	0.432684370846035
0.0195991739368652	0.429497729422665
0.0199991570784339	0.42636020265188
0.0203991402200025	0.423272318619785
0.0207991233615712	0.420234611956441
0.0211991065031399	0.41724761869219
0.0215990896447086	0.414311871318745
0.0219990727862772	0.411427897580095
0.0223990559278459	0.408596224782126
0.0227990390694146	0.405817387313733
0.0231990222109833	0.403091932850525
0.0235990053525519	0.400420426801558
0.0239989884941206	0.397803452135374
0.0243989716356893	0.395241601715984
0.024798954777258	0.392735465148939
0.0251989379188267	0.390285615369699
0.0255989210603953	0.387892598000035
0.025998904201964	0.385556929007714
0.0263988873435327	0.38327909929053
0.0267988704851014	0.381059582224274
0.02719885362667	0.378898841685781
0.0275988367682387	0.376797338342116
0.0279988199098074	0.374755529944458
0.0283988030513761	0.372773867059391
0.0287987861929447	0.370852789144642
0.0291987693345134	0.36899272172698
0.0295987524760821	0.367194076100342
0.0299987356176508	0.365457252128589
0.0303987187592195	0.363782640001968
0.0307987019007881	0.362170618948649
0.0311986850423568	0.360621552401672
0.0315986681839255	0.35913577451834
0.0319986513254942	0.357713570606477
0.0323986344670628	0.356355159523843
0.0327986176086315	0.355060677669368
0.0331986007502002	0.353830165102752
0.0335985838917689	0.352663560411901
0.0339985670333375	0.351560702764882
0.0343985501749062	0.350521335615237
0.0347985333164749	0.349545112335989
0.0351985164580436	0.348631598236637
0.0355984995996123	0.347780264100404
0.0359984827411809	0.346990470108524
0.0363984658827496	0.346261442956697
0.0367984490243183	0.34559224470312
0.037198432165887	0.344981741940866
0.0375984153074556	0.344428579207438
0.0379983984490243	0.343931158487481
0.038398381590593	0.343487623452724
0.0387983647321617	0.343095851223382
0.0391983478737304	0.342753440819734
0.039598331015299	0.342457695989121
0.0399983141568677	0.342205594395391
0.0403982972984364	0.341993743295622
0.0407982804400051	0.341818320610435
0.0411982635815737	0.341675011413
0.0415982467231424	0.34155894086902
0.0419982298647111	0.341464613584902
0.0423982130062798	0.341385864727335
0.0427981961478484	0.34131582823081
0.0431981792894171	0.341246926662158
0.0435981624309858	0.341170893893115
0.0439981455725545	0.341078842185609
0.0443981287141232	0.340961394888314
0.0447981118556918	0.340808897831413
0.0451980949972605	0.340611723627368
0.0455980781388292	0.340360670369654
0.0459980612803979	0.340047424838034
0.0463980444219665	0.339664978570835
0.0467980275635352	0.339207757844876
0.0471980107051039	0.338671016860577
0.0475979938466726	0.338048709828286
0.0479979769882412	0.338927232870127
0.0483979601298099	0.33994053270313
0.0487979432713786	0.341088945432517
0.0491979264129473	0.342373747994398
0.049597909554516	0.343796220500272
0.0499978926960846	0.345356718899438
0.0503978758376533	0.347054128513292
0.050797858979222	0.348885888493321
0.0511978421207907	0.350848434703303
0.0515978252623593	0.352938033519707
0.051997808403928	0.355151798172063
0.0523977915454967	0.357488463277083
0.0527977746870654	0.359948867239555
0.053197757828634	0.362536068804208
0.0535977409702027	0.36525501132396
0.0539977241117714	0.368111723508073
0.0543977072533401	0.371112387016882
0.0547976903949088	0.374262405407532
0.0551976735364774	0.377565648737494
0.0555976566780461	0.381024143854998
0.0559976398196148	0.384638144177157
0.0563976229611835	0.388406422898235
0.0567976061027521	0.392326793561831
0.0571975892443208	0.396396647938243
0.0575975723858895	0.400613161784098
0.0579975555274582	0.404973245540178
0.0583975386690268	0.409473415400282
0.0587975218105955	0.414109626374102
0.0591975049521642	0.418877127718077
0.0595974880937329	0.423770565096559
0.0599974712353016	0.42878425533139
0.0603974543768702	0.433912659793886
0.0607974375184389	0.439150809890482
0.0611974206600076	0.444494553141976
0.0615974038015763	0.449940472324606
0.0619973869431449	0.455485617456528
0.0623973700847136	0.461127025399765
0.0627973532262823	0.466861239243042
0.063197336367851	0.472683952229885
0.0635973195094196	0.478589987877489
0.0639973026509883	0.484573608016159
0.064397285792557	0.490629116743838
0.0647972689341257	0.496751522908173
0.0651972520756944	0.50293704724915
0.065597235217263	0.509183204361117
0.0659972183588317	0.51548854541204
0.0663972015004004	0.521852171494308
0.0667971846419691	0.528273140527524
0.0671971677835378	0.53474997340042
0.0675971509251064	0.541280372614924
0.0679971340666751	0.547861091434931
0.0683971172082438	0.554487980263087
0.0687971003498125	0.561156214167749
0.0691970834913811	0.567860524570602
0.0695970666329498	0.574595535522357
0.0699970497745185	0.581356290087032
0.0703970329160872	0.588138729283267
0.0707970160576558	0.594939908585559
0.0711969991992245	0.601758114440582
0.0715969823407932	0.608592690499495
0.0719969654823619	0.615443419399977
0.0723969486239305	0.622309675821518
0.0727969317654992	0.629189664134483
0.0731969149070679	0.636079777571921
0.0735968980486366	0.642974452704946
0.0739968811902053	0.64986653515184
0.0743968643317739	0.656747934800832
0.0747968474733426	0.663610327238433
0.0751968306149113	0.670445753923114
0.07559681375648	0.677246792255236
0.0759967968980486	0.684006337848582
0.0763967800396173	0.690717255696766
0.076796763181186	0.697372085582981
0.0771967463227547	0.703962984729602
0.0775967294643233	0.710482044134557
0.077996712605892	0.716921738448585
0.0783966957474607	0.723275320654403
0.0787966788890294	0.729536935727903
0.0791966620305981	0.735701258900016
0.0795966451721667	0.741762827687782
0.0799966283137354	0.747715479278136
0.0803966114553041	0.75355187227096
0.0807965945968728	0.759263247858452
0.0811965777384414	0.764839641192045
0.0815965608800101	0.77027038664425
0.0819965440215788	0.775544617154308
0.0823965271631475	0.780651855960519
0.0827965103047161	0.785582523756487
0.0831964934462848	0.790328189156224
0.0835964765878535	0.794881626770167
0.0839964597294222	0.799236724278019
0.0843964428709909	0.803388040608452
0.0847964260125595	0.80733019361527
0.0851964091541282	0.811057278297372
0.0855963922956969	0.814562354686268
0.0859963754372656	0.817837177777962
0.0863963585788342	0.820872410414276
0.0867963417204029	0.823658123759747
0.0871963248619716	0.826184404283706
0.0875963080035403	0.828441880016361
0.087996291145109	0.830422027874824
0.0883962742866776	0.832117178068286
0.0887962574282463	0.833520348785478
0.089196240569815	0.834625040734384
0.0895962237113837	0.835425147775958
0.0899962068529523	0.835915044214047
0.090396189994521	0.836089849708449
0.0907961731360897	0.835945901410232
0.0911961562776584	0.835481271921248
0.091596139419227	0.834696110968118
0.0919961225607957	0.833592893634296
0.0923961057023644	0.83217649594899
0.0927960888439331	0.830454038766184
0.0931960719855018	0.828434522156943
0.0935960551270704	0.826128366419835
0.0939960382686391	0.823546836379107
0.0943960214102078	0.820701509436702
0.0947960045517765	0.817603983486121
0.0951959876933451	0.814265759843235
0.0955959708349138	0.810698338048819
0.0959959539764825	0.806913431726624
0.0963959371180512	0.802923149204212
0.0967959202596198	0.798739920385406
0.0971959034011885	0.794376287426928
0.0975958865427572	0.789844685398579
0.0979958696843259	0.785157298087999
0.0983958528258946	0.780326022466783
0.0987958359674632	0.775362730724242
0.0991958191090319	0.770279705814396
0.0995958022506006	0.76509009479332
0.0999957853921693	0.759808132110172
0.100395768533738	0.754449229560841
0.100795751675307	0.749029812668406
0.101195734816875	0.743567108689871
0.101595717958444	0.738078995329897
0.101995701100013	0.73258396952762
0.102395684241581	0.7271011517418
0.10279566738315	0.721650324323002
0.103195650524719	0.716251838296737
0.103595633666287	0.71092620540174
0.103995616807856	0.705693545598979
0.104395599949425	0.700572963791939
0.104795583090993	0.695581896437009
0.105195566232562	0.690735561568478
0.105595549374131	0.686046676547112
0.105995532515699	0.681525357366889
0.106395515657268	0.677179125261819
0.106795498798837	0.673013027041232
0.107195481940405	0.669029859318787
0.107595465081974	0.665230363645928
0.107995448223543	0.661613515737191
0.108395431365111	0.658176854740737
0.10879541450668	0.654916813435154
0.109195397648249	0.651828930917685
0.109595380789818	0.648908037005737
0.109995363931386	0.646148266895916
0.110395347072955	0.643542965707556
0.110795330214524	0.641084620868255
0.111195313356092	0.63876493811478
0.111595296497661	0.636575057038978
0.11199527963923	0.63450606507575
0.112395262780798	0.632549662541645
0.112795245922367	0.630698628130838
0.113195229063936	0.628946978726745
0.113595212205504	0.627289910324923
0.113995195347073	0.625723454490147
0.114395178488642	0.624243901325493
0.11479516163021	0.622847295115624
0.115195144771779	0.621529055894786
0.115595127913348	0.620283771614625
0.115995111054916	0.619105188385184
0.116395094196485	0.617986308711525
0.116795077338054	0.616919536406667
0.117195060479622	0.615897018005518
0.117595043621191	0.614911072528394
0.11799502676276	0.613954724741642
0.118395009904328	0.613022213880009
0.118794993045897	0.612109486456568
0.119194976187466	0.611214405859394
0.119594959329034	0.610336708829213
0.119994942470603	0.609477510781472
0.120394925612172	0.608638661087609
0.12079490875374	0.607822107748013
0.121194891895309	0.60702951615757
0.121594875036878	0.606262039334915
0.121994858178447	0.6055203698408
0.122394841320015	0.604804997035879
0.122794824461584	0.604116588933751
0.123194807603153	0.603456276454502
0.123594790744721	0.602825817554685
0.12399477388629	0.602227393618582
0.124394757027859	0.601663220998953
0.124794740169427	0.601134981143364
0.125194723310996	0.600643365892228
0.125594706452565	0.600187817069398
0.125994689594133	0.5997667236195
0.126394672735702	0.599378016623803
0.126794655877271	0.599020033661345
0.127194639018839	0.598692297177405
0.127594622160408	0.598396064911324
0.127994605301977	0.598134340665155
0.128394588443545	0.597911447012892
0.128794571585114	0.597732248372657
0.129194554726683	0.597601355024169
0.129594537868251	0.597522542038535
0.12999452100982	0.59749861087464
0.130394504151389	0.597531531361492
0.130794487292957	0.597622839565328
0.131194470434526	0.59777412919699
0.131594453576095	0.597987367653264
0.131994436717663	0.598264949669086
0.132394419859232	0.59860967179282
0.132794403000801	0.59902452053244
0.133194386142369	0.599512364501852
0.133594369283938	0.6000757958181
0.133994352425507	0.600717230881705
0.134394335567076	0.601439003538784
0.134794318708644	0.602243408815481
0.135194301850213	0.603132672671966
0.135594284991782	0.60410874301805
0.13599426813335	0.605172941738663
0.136394251274919	0.60632562912421
0.136794234416488	0.607565962319438
0.137194217558056	0.608891880289687
0.137594200699625	0.610300351206913
0.137994183841194	0.611787836735253
0.138394166982762	0.613350687620233
0.138794150124331	0.61498551041139
0.1391941332659	0.616689441245999
0.139594116407468	0.61846030966399
0.139994099549037	0.620296477269784
0.140394082690606	0.622196668708456
0.140794065832174	0.624159790723596
0.141194048973743	0.6261846191531
0.141594032115312	0.628269361600708
0.14199401525688	0.630411377998758
0.142393998398449	0.632607058596093
0.142793981540018	0.634852010322316
0.143193964681586	0.63714138733706
0.143593947823155	0.639470148126701
0.143993930964724	0.641833126322887
0.144393914106292	0.644224917615886
0.144793897247861	0.646639393835866
0.14519388038943	0.64906906501518
0.145593863530998	0.651504657850001
0.145993846672567	0.653935097705255
0.146393829814136	0.65634799609977
0.146793812955704	0.658730548085345
0.147193796097273	0.661070576480508
0.147593779238842	0.66335736236934
0.147993762380411	0.665582219104833
0.148393745521979	0.667738581666834
0.148793728663548	0.669821729822605
0.149193711805117	0.671828298874862
0.149593694946685	0.673755799912883
0.149993678088254	0.675602217494089
0.150393661229823	0.677365840929125
0.150793644371391	0.679045251374285
0.15119362751296	0.680639359283805
0.151593610654529	0.682147354509451
0.151993593796097	0.683568598272845
0.152393576937666	0.684902301751263
0.152793560079235	0.68614711689705
0.153193543220803	0.687300788553465
0.153593526362372	0.688359987355457
0.153993509503941	0.689320328488813
0.154393492645509	0.690176643856762
0.154793475787078	0.690923455838915
0.155193458928647	0.691555439962639
0.155593442070215	0.69206786177993
0.155993425211784	0.692456852440646
0.156393408353353	0.692719469582917
0.156793391494921	0.692853541958072
0.15719337463649	0.692857496372994
0.157593357778059	0.692730167597685
0.157993340919627	0.6924705978993
0.158393324061196	0.692077898738079
0.158793307202765	0.69155123865684
0.159193290344333	0.690889898619684
0.159593273485902	0.690093467414422
0.159993256627471	0.689162132724051
0.160393239769039	0.688096994883186
0.160793222910608	0.686900299408793
0.161193206052177	0.685575686312794
0.161593189193746	0.684128407031063
0.161993172335314	0.68256532028383
0.162393155476883	0.680894737641396
0.162793138618452	0.679126114927378
0.16319312176002	0.677269605513568
0.163593104901589	0.675335553682544
0.163993088043158	0.673334188061996
0.164393071184726	0.671275405688637
0.164793054326295	0.669168718372449
0.165193037467864	0.66702341957061
0.165593020609432	0.664848827906322
0.165993003751001	0.662654417820637
0.16639298689257	0.660449950508552
0.166792970034138	0.658245492545613
0.167192953175707	0.656051199429786
0.167592936317276	0.653876989221827
0.167992919458844	0.651732328156453
0.168392902600413	0.649625978319745
0.168792885741982	0.647565881628681
0.16919286888355	0.645559355653504
0.169592852025119	0.643613576479188
0.169992835166688	0.641736015924068
0.170392818308256	0.639934804973941
0.170792801449825	0.638218805729467
0.171192784591394	0.636597269676429
0.171592767732962	0.635079098390338
0.171992750874531	0.633672018111649
0.1723927340161	0.632381931224431
0.172792717157668	0.631212746548813
0.173192700299237	0.630166568634262
0.173592683440806	0.629244190557446
0.173992666582375	0.628445569477887
0.174392649723943	0.62777018203566
0.174792632865512	0.62721716333453
0.175192616007081	0.626785408395902
0.175592599148649	0.626473463075895
0.175992582290218	0.626279468219715
0.176392565431787	0.626201208278294
0.176792548573355	0.626236238898033
0.177192531714924	0.62638192424947
0.177592514856493	0.626635640140897
0.177992497998061	0.626995021628781
0.17839248113963	0.627458096693323
0.178792464281199	0.628023426275022
0.179192447422767	0.628690230305407
0.179592430564336	0.629458302104469
0.179992413705905	0.630327723914971
0.180392396847473	0.631298531119135
0.180792379989042	0.63237025686708
0.181192363130611	0.633541592080513
0.181592346272179	0.634810293746513
0.181992329413748	0.636173318053933
0.182392312555317	0.637627060784865
0.182792295696885	0.639167689064154
0.183192278838454	0.640791370220138
0.183592261980023	0.642494386210902
0.183992245121591	0.64427310097621
0.18439222826316	0.646123915723276
0.184792211404729	0.648043209599269
0.185192194546297	0.650027378747463
0.185592177687866	0.652073017436103
0.185992160829435	0.65417722871788
0.186392143971004	0.656337870718732
0.186792127112572	0.65855359242666
0.187192110254141	0.660823715934905
0.18759209339571	0.663147987558984
0.187992076537278	0.665526331778943
0.188392059678847	0.667958767061029
0.188792042820416	0.670445486343764
0.189192025961984	0.672986996418639
0.189592009103553	0.675584302808322
0.189991992245122	0.678239048763226
0.19039197538669	0.680953382871838
0.190791958528259	0.683729703966811
0.191191941669828	0.686570370504421
0.191591924811396	0.68947736188564
0.191991907952965	0.6924518301433
0.192391891094534	0.695493768251282
0.192791874236102	0.698601803815
0.193191857377671	0.701773100382286
0.19359184051924	0.705003367865918
0.193991823660808	0.708287119678464
0.194391806802377	0.711617937819641
0.194791789943946	0.714988776154233
0.195191773085514	0.718392066576052
0.195591756227083	0.721819601274473
0.195991739368652	0.725262197059327
0.19639172251022	0.728709535400874
0.196791705651789	0.732150195038771
0.197191688793358	0.73557198653244
0.197591671934926	0.738962644199111
0.197991655076495	0.742310774687207
0.198391638218064	0.745606655807072
0.198791621359632	0.748842672115062
0.199191604501201	0.752013390154886
0.19959158764277	0.755115297726924
0.199991570784339	0.758146179055728
0.200391553925907	0.761104414257982
0.200791537067476	0.76398842700528
0.201191520209045	0.766796403968307
0.201591503350613	0.769526220768688
0.201991486492182	0.772175676228213
0.202391469633751	0.774742969819636
0.202791452775319	0.777227228665619
0.203191435916888	0.779629055790002
0.203591419058457	0.781950979214966
0.203991402200025	0.784197532314065
0.204391385341594	0.786375024750097
0.204791368483163	0.788491216665782
0.205191351624731	0.790554727470013
0.2055913347663	0.792574110609191
0.205991317907869	0.794557060957783
0.206391301049437	0.796509789959276
0.206791284191006	0.798436460182548
0.207191267332575	0.800338966545851
0.207591250474143	0.802217204877138
0.207991233615712	0.804069460626407
0.208391216757281	0.805892929779461
0.208791199898849	0.807684459253781
0.209191183040418	0.809441073302086
0.209591166181987	0.811160160112174
0.209991149323555	0.812839568592661
0.210391132465124	0.814477510800364
0.210791115606693	0.81607218507548
0.211191098748261	0.817621446940837
0.21159108188983	0.819122576446821
0.211991065031399	0.820571975578316
0.212391048172968	0.821964918540462
0.212791031314536	0.823295352493312
0.213191014456105	0.824555692675952
0.213590997597674	0.825736816354852
0.213990980739242	0.826828467286038
0.214390963880811	0.827819943526535
0.21479094702238	0.828700979036011
0.215190930163948	0.829462772624964
0.215590913305517	0.830098744204802
0.215990896447086	0.830604830217815
0.216390879588654	0.830979460845587
0.216790862730223	0.831223200958475
0.217190845871792	0.83133805638279
0.21759082901336	0.831326824000054
0.217990812154929	0.831192696966844
0.218390795296498	0.830939076696406
0.218790778438066	0.830569600192503
0.219190761579635	0.830088283958437
0.219590744721204	0.829499569550236
0.219990727862772	0.828808199567642
0.220390711004341	0.828018992044548
0.22079069414591	0.827136535774441
0.221190677287478	0.826164848781467
0.221590660429047	0.825107118523957
0.221990643570616	0.823965640744325
0.222390626712184	0.822741932812162
0.222790609853753	0.821436970935795
0.223190592995322	0.82005147692942
0.22359057613689	0.818586283446447
0.223990559278459	0.81704261132486
0.224390542420028	0.815422121240708
0.224790525561597	0.81372694701529
0.225190508703165	0.81195977947712
0.225590491844734	0.810123838789921
0.225990474986303	0.808222767534102
0.226390458127871	0.806260582751956
0.22679044126944	0.804241546650777
0.227190424411009	0.802169906342948
0.227590407552577	0.800049732997291
0.227990390694146	0.797884836855405
0.228390373835715	0.795678595792465
0.228790356977283	0.793433802146393
0.229190340118852	0.791152704285546
0.229590323260421	0.788837007776799
0.229990306401989	0.78648782857588
0.230390289543558	0.784105771743395
0.230790272685127	0.781691088893208
0.231190255826695	0.779243762135406
0.231590238968264	0.776763709924557
0.231990222109833	0.774251074717858
0.232390205251401	0.771706504891294
0.23279018839297	0.769131311092814
0.233190171534539	0.76652769417169
0.233590154676107	0.763898820156534
0.233990137817676	0.761248803455111
0.234390120959245	0.758582612174552
0.234790104100813	0.755906024122347
0.235190087242382	0.753225440675347
0.235590070383951	0.750547777275527
0.235990053525519	0.747880417567325
0.236390036667088	0.745231106667752
0.236790019808657	0.742607751811134
0.237190002950225	0.740018343480995
0.237589986091794	0.737470848440116
0.237989969233363	0.734972968688682
0.238389952374932	0.732531796820738
0.2387899355165	0.730153363700108
0.239189918658069	0.72784205229916
0.239589901799638	0.725599939964403
0.239989884941206	0.72342624059788
0.240389868082775	0.721317012090999
0.240789851224344	0.719265334147594
0.241189834365912	0.717261924925371
0.241589817507481	0.715296147014422
0.24198980064905	0.71335707897133
0.242389783790618	0.71143444266387
0.242789766932187	0.709519163566061
0.243189750073756	0.707603565072987
0.243589733215324	0.705681174668189
0.243989716356893	0.703746506850227
0.244389699498462	0.701794906887252
0.24478968264003	0.699822504053665
0.245189665781599	0.697826310693203
0.245589648923168	0.695804591455094
0.245989632064736	0.693757192946785
0.246389615206305	0.691685789468671
0.246789598347874	0.689594012705142
0.247189581489442	0.687487418833859
0.247589564631011	0.68537308045526
0.24798954777258	0.683259045911174
0.248389530914148	0.68115372187689
0.248789514055717	0.679065295401874
0.249189497197286	0.677001303281041
0.249589480338854	0.674968580619088
0.249989463480423	0.67297346049731
0.250389446621992	0.67102216869999
0.250789429763561	0.66912123651215
0.251189412905129	0.667277716626739
0.251589396046698	0.665499030566341
0.251989379188267	0.663792610992185
0.252389362329835	0.662165383376368
0.252789345471404	0.66062323215068
0.253189328612973	0.659170473550748
0.253589311754541	0.657809548149803
0.25398929489611	0.656540851844991
0.254389278037679	0.655362737010818
0.254789261179247	0.654271593305238
0.255189244320816	0.653261988013001
0.255589227462385	0.652326740582253
0.255989210603953	0.651457003936638
0.256389193745522	0.650642413809268
0.256789176887091	0.649871407444028
0.257189160028659	0.649131606176656
0.257589143170228	0.648410392303883
0.257989126311797	0.647695534825019
0.258389109453365	0.64697580226157
0.258789092594934	0.646241392960627
0.259189075736503	0.645484240186618
0.259589058878071	0.644698072345335
0.25998904201964	0.643878240065945
0.260389025161209	0.64302127602286
0.260789008302777	0.642124325604981
0.261188991444346	0.64118460816422
0.261588974585915	0.640198966371235
0.261988957727483	0.639163517415545
0.262388940869052	0.638073513474455
0.262788924010621	0.636923354046791
0.26318890715219	0.635706736483918
0.263588890293758	0.634416886702718
0.263988873435327	0.6330468447457
0.264388856576896	0.631589747669708
0.264788839718464	0.630039314549833
0.265188822860033	0.6283904528837
0.265588806001602	0.626639904984943
0.26598878914317	0.624786724067206
0.266388772284739	0.622832538232617
0.266788755426308	0.620781294068844
0.267188738567876	0.618638515642767
0.267588721709445	0.616410329681304
0.267988704851014	0.614102749485128
0.268388687992582	0.611721195608305
0.268788671134151	0.609270407560325
0.26918865427572	0.606754709270371
0.269588637417288	0.604178458682646
0.269988620558857	0.60154633572615
0.270388603700426	0.59886358169659
0.270788586841994	0.596135944069266
0.271188569983563	0.59336941927347
0.271588553125132	0.59056993126751
0.2719885362667	0.587743240740389
0.272388519408269	0.584894977925531
0.272788502549838	0.582030880990014
0.273188485691406	0.579157153410977
0.273588468832975	0.576280799826818
0.273988451974544	0.573409832248145
0.274388435116112	0.57055322658041
0.274788418257681	0.567720648135081
0.27518840139925	0.56492207654357
0.275588384540818	0.562167380803928
0.275988367682387	0.559465884877356
0.276388350823956	0.556826139789223
0.276788333965525	0.554255956352347
0.277188317107093	0.5517625831322
0.277588300248662	0.549352969095539
0.277988283390231	0.547034023693865
0.278388266531799	0.544812734163594
0.278788249673368	0.54269624795099
0.279188232814937	0.540691927613773
0.279588215956505	0.538807411011609
0.279988199098074	0.537050633542619
0.280388182239643	0.535429866512775
0.280788165381211	0.533953781260977
0.28118814852278	0.532631389631989
0.281588131664349	0.531471753995356
0.281988114805917	0.530483569786165
0.282388097947486	0.529674735621675
0.282788081089055	0.529051875125115
0.283188064230623	0.528619998786413
0.283588047372192	0.528382462782789
0.283988030513761	0.528341130010243
0.284388013655329	0.528496627932511
0.284787996796898	0.528848637714579
0.285187979938467	0.529396078613661
0.285587963080035	0.530137122421769
0.285987946221604	0.531069176694486
0.286387929363173	0.5321888469398
0.286787912504741	0.533491772802641
0.28718789564631	0.534972429206941
0.287587878787879	0.53662402992073
0.287987861929447	0.538438543011322
0.288387845071016	0.540406963046187
0.288787828212585	0.542519763896574
0.289187811354154	0.544767294750434
0.289587794495722	0.547139976908644
0.289987777637291	0.549628337160602
0.29038776077886	0.552222666756122
0.290787743920428	0.554912534142629
0.291187727061997	0.557686541769961
0.291587710203566	0.560532519909363
0.291987693345134	0.563438098157621
0.292387676486703	0.566391709699526
0.292787659628272	0.569383611245815
0.29318764276984	0.572406572814644
0.293587625911409	0.575456124239648
0.293987609052978	0.578530338595592
0.294387592194546	0.581629134500787
0.294787575336115	0.584753615213997
0.295187558477684	0.587905534059513
0.295587541619252	0.591086898602284
0.295987524760821	0.594299618229848
0.29638750790239	0.597545182571768
0.296787491043958	0.600824233816961
0.297187474185527	0.604136228772531
0.297587457327096	0.607479195882956
0.297987440468664	0.610849682992404
0.298387423610233	0.614243035968892
0.298787406751802	0.61765399331901
0.29918738989337	0.621077203022753
0.299587373034939	0.624507579143271
0.299987356176508	0.627940454045883
0.300387339318076	0.631371415849182
0.300787322459645	0.634795715753489
0.301187305601214	0.63820755895366
0.301587288742783	0.641599434363852
0.301987271884351	0.644961618142829
0.30238725502592	0.648281970351197
0.302787238167489	0.651546123539119
0.303187221309057	0.654737930156441
0.303587204450626	0.65784015065823
0.303987187592195	0.660835401413501
0.304387170733763	0.663707085895114
0.304787153875332	0.666440198141691
0.305187137016901	0.66902211208309
0.305587120158469	0.671443249663061
0.305987103300038	0.67369741037542
0.306387086441607	0.675781894031794
0.306787069583175	0.677697542334194
0.307187052724744	0.679448653485066
0.307587035866313	0.681042801686277
0.307987019007881	0.682490470775557
0.30838700214945	0.683804498786705
0.308786985291019	0.684999517306915
0.309186968432587	0.6860914380198
0.309586951574156	0.687096941409586
0.309986934715725	0.688033076388661
0.310386917857293	0.688917017762887
0.310786900998862	0.689765689584236
0.311186884140431	0.69059520469745
0.311586867281999	0.691420270284183
0.311986850423568	0.692253584300622
0.312386833565137	0.693105365691895
0.312786816706705	0.693983217415513
0.313186799848274	0.694892412945787
0.313586782989843	0.695836374056422
0.313986766131411	0.696817299640498
0.31438674927298	0.69783670417048
0.314786732414549	0.698895706547901
0.315186715556117	0.699995115104552
0.315586698697686	0.701135577858105
0.315986681839255	0.702317904416915
0.316386664980824	0.703543504495406
0.316786648122392	0.704814818113885
0.317186631263961	0.706135625847703
0.31758661440553	0.707511003674006
0.317986597547098	0.708946905007268
0.318386580688667	0.710449573383346
0.318786563830236	0.71202503699255
0.319186546971804	0.713678783865154
0.319586530113373	0.715415616065885
0.319986513254942	0.717239645457787
0.32038649639651	0.719154262804611
0.320786479538079	0.721162015129594
0.321186462679648	0.723264337358232
0.321586445821216	0.725461301636133
0.321986428962785	0.727751444032256
0.322386412104354	0.730131721639047
0.322786395245922	0.732597626038428
0.323186378387491	0.735143469282254
0.32358636152906	0.737762671825516
0.323986344670628	0.740447921069371
0.324386327812197	0.743191212356318
0.324786310953766	0.745983696203408
0.325186294095334	0.74881530724931
0.325586277236903	0.751674322427231
0.325986260378472	0.754546965325186
0.32638624352004	0.757417093293744
0.326786226661609	0.760266124643157
0.327186209803178	0.763073348547855
0.327586192944747	0.765816624929105
0.327986176086315	0.768473208549724
0.328386159227884	0.771020650954348
0.328786142369453	0.773437688402836
0.329186125511021	0.775704863703696
0.32958610865259	0.777804732474885
0.329986091794159	0.779721900658764
0.330386074935727	0.781442988911613
0.330786058077296	0.782956553261602
0.331186041218865	0.784253206842947
0.331586024360433	0.78532594256715
0.331986007502002	0.786170484221338
0.332385990643571	0.786785744836673
0.332785973785139	0.787174367745042
0.333185956926708	0.787342941972897
0.333585940068277	0.787301905380418
0.333985923209845	0.787065198320245
0.334385906351414	0.78664956125681
0.334785889492983	0.786073442426023
0.335185872634551	0.785355828202557
0.33558585577612	0.784515077289645
0.335985838917689	0.783568019693337
0.336385822059257	0.782529419366768
0.336785805200826	0.78141186003454
0.337185788342395	0.780225931129146
0.337585771483963	0.77898063024541
0.337985754625532	0.777683709659398
0.338385737767101	0.776341862757671
0.338785720908669	0.774960662351489
0.339185704050238	0.773544396257392
0.339585687191807	0.772095896543841
0.339985670333376	0.77061654282125
0.340385653474944	0.769106400590772
0.340785636616513	0.767564604796053
0.341185619758082	0.765989891352254
0.34158560289965	0.764381196883212
0.341985586041219	0.762738230449224
0.342385569182788	0.761062001651981
0.342785552324356	0.75935511347683
0.343185535465925	0.757621816651866
0.343585518607494	0.755867782929113
0.343985501749062	0.754099649414435
0.344385484890631	0.7523244092808
0.3447854680322	0.750548868819137
0.345185451173768	0.748779199375482
0.345585434315337	0.747020704730731
0.345985417456906	0.745277875266923
0.346385400598474	0.74355465274613
0.346785383740043	0.741854855449525
0.347185366881612	0.740182729559814
0.34758535002318	0.738543407830923
0.347985333164749	0.736943192108596
0.348385316306318	0.735389609958267
0.348785299447886	0.733891175225278
0.349185282589455	0.732456928647242
0.349585265731024	0.731095930790025
0.349985248872592	0.729816711185899
0.350385232014161	0.728626577386075
0.35078521515573	0.727530957580781
0.351185198297298	0.726532821777727
0.351585181438867	0.725632257138276
0.351985164580436	0.724826252765957
0.352385147722004	0.724108803172555
0.352785130863573	0.723471310973616
0.353185114005142	0.722903340823101
0.35358509714671	0.722393583603552
0.353985080288279	0.721930865642069
0.354385063429848	0.72150498708198
0.354785046571417	0.721107363145674
0.355185029712985	0.72073131084601
0.355585012854554	0.720371950067011
0.355984995996123	0.720025726685049
0.356384979137691	0.719689854060791
0.35678496227926	0.719361674343441
0.357184945420829	0.719038037873046
0.357584928562397	0.718714988883798
0.357984911703966	0.718387855373042
0.358384894845535	0.718051455826989
0.358784877987103	0.717700281152825
0.359184861128672	0.717328526569911
0.359584844270241	0.716929811243062
0.359984827411809	0.716496747129116
0.360384810553378	0.71602078985843
0.360784793694947	0.71549256374487
0.361184776836515	0.714902392213857
0.361584759978084	0.714241039794432
0.361984743119653	0.713500389049532
0.362384726261221	0.712673696302514
0.36278470940279	0.711755377423654
0.363184692544359	0.710740771481945
0.363584675685927	0.709625974116608
0.363984658827496	0.708407862696355
0.364384641969065	0.707084495319516
0.364784625110633	0.705655637146791
0.365184608252202	0.704122984489982
0.365584591393771	0.702490183590553
0.36598457453534	0.700762610548881
0.366384557676908	0.698946820053453
0.366784540818477	0.697049930109109
0.367184523960046	0.695079416608396
0.367584507101614	0.693043210677617
0.367984490243183	0.69094986832924
0.368384473384752	0.688808739047124
0.36878445652632	0.68663010706216
0.369184439667889	0.684425252347512
0.369584422809458	0.68220633823945
0.369984405951026	0.679986196088352
0.370384389092595	0.677777941004734
0.370784372234164	0.675594405587704
0.371184355375732	0.673447454038768
0.371584338517301	0.671347285409777
0.37198432165887	0.669301883994997
0.372384304800438	0.66731683823844
0.372784287942007	0.665395585104367
0.373184271083576	0.663539854017862
0.373584254225144	0.661750187304562
0.373984237366713	0.660026515191572
0.374384220508282	0.658368619279771
0.37478420364985	0.656776443654572
0.375184186791419	0.655250380762179
0.375584169932988	0.653791446340196
0.375984153074556	0.652401321401318
0.376384136216125	0.651082323818832
0.376784119357694	0.649837252194026
0.377184102499262	0.648669024839484
0.377584085640831	0.647580273958088
0.3779840687824	0.646572938220245
0.378384051923969	0.645648067800268
0.378784035065537	0.644805883671901
0.379184018207106	0.644046076003519
0.379584001348675	0.643368170688634
0.379983984490243	0.642771890296184
0.380383967631812	0.642257372963901
0.380783950773381	0.641825196419896
0.381183933914949	0.641476263205085
0.381583917056518	0.641211676404055
0.381983900198087	0.641032590002319
0.382383883339655	0.640940212428203
0.382783866481224	0.640935951380989
0.383183849622793	0.641021690862321
0.383583832764361	0.641200165126462
0.38398381590593	0.64147518327329
0.384383799047499	0.641851343859541
0.384783782189067	0.642333321455019
0.385183765330636	0.642924888954436
0.385583748472205	0.643627809048282
0.385983731613773	0.644440873668104
0.386383714755342	0.645359496274742
0.386783697896911	0.646375911892038
0.387183681038479	0.647479860194518
0.387583664180048	0.648659630456209
0.387983647321617	0.649903136491381
0.388383630463185	0.651198638300726
0.388783613604754	0.652535025651971
0.389183596746323	0.653901587724974
0.389583579887891	0.6552873467746
0.38998356302946	0.656680371929257
0.390383546171029	0.658067410801878
0.390783529312597	0.659433935257041
0.391183512454166	0.660764541151492
0.391583495595735	0.662043514044416
0.391983478737303	0.66325539752804
0.392383461878872	0.664385407683252
0.392783445020441	0.665419592123267
0.39318342816201	0.666344906309252
0.393583411303578	0.66714950243869
0.393983394445147	0.667823231435159
0.394383377586716	0.668358342015058
0.394783360728284	0.668750232757049
0.395183343869853	0.668997929114684
0.395583327011422	0.669104050948137
0.39598331015299	0.669074377369207
0.396383293294559	0.668917097937128
0.396783276436128	0.668641937362574
0.397183259577696	0.668259445756193
0.397583242719265	0.667780467857573
0.397983225860834	0.667215659639745
0.398383209002402	0.66657510284022
0.398783192143971	0.665867947455639
0.39918317528554	0.66510199079249
0.399583158427108	0.664283358378428
0.399983141568677	0.663416451954956
0.400383124710246	0.66250414988625
0.400783107851814	0.661548149130132
0.401183090993383	0.660549473825288
0.401583074134952	0.659509056011287
0.40198305727652	0.65842830829108
0.402383040418089	0.657309633973165
0.402783023559658	0.6561568040595
0.403183006701226	0.654975041807651
0.403582989842795	0.653770888762769
0.403982972984364	0.65255200099797
0.404382956125933	0.651326905489917
0.404782939267501	0.650104774515934
0.40518292240907	0.648895469722303
0.405582905550639	0.647709725126243
0.405982888692207	0.646559260704247
0.406382871833776	0.645456712445447
0.406782854975345	0.644415397937312
0.407182838116913	0.643448910338129
0.407582821258482	0.642570677067121
0.407982804400051	0.641793616915882
0.408382787541619	0.641129957410295
0.408782770683188	0.640591034848638
0.409182753824757	0.640187057359294
0.409582736966325	0.639926780059856
0.409982720107894	0.639817108583481
0.410382703249463	0.63986250264717
0.410782686391031	0.640064576560161
0.4111826695326	0.640422052524295
0.411582652674169	0.640931043020417
0.411982635815737	0.641585537338287
0.412382618957306	0.64237805439727
0.412782602098875	0.643300215384767
0.413182585240443	0.644343223050158
0.413582568382012	0.645498298598161
0.413982551523581	0.646757072362846
0.414382534665149	0.648111833755043
0.414782517806718	0.649555759271886
0.415182500948287	0.651083016081634
0.415582484089855	0.652688547015046
0.415982467231424	0.654367647352158
0.416382450372993	0.656115636358366
0.416782433514562	0.657927776682029
0.41718241665613	0.659799373678815
0.417582399797699	0.661726089905902
0.417982382939268	0.663704385894209
0.418382366080836	0.665731811175811
0.418782349222405	0.667807089323027
0.419182332363974	0.669930076560841
0.419582315505542	0.672101543308313
0.419982298647111	0.67432284912593
0.42038228178868	0.676595787575073
0.420782264930248	0.678922480695453
0.421182248071817	0.681305059292448
0.421582231213386	0.683745249704118
0.421982214354954	0.686243936183885
0.422382197496523	0.688800635887307
0.422782180638092	0.691413202249869
0.42318216377966	0.694077975401391
0.423582146921229	0.696790282250073
0.423982130062798	0.699545208245491
0.424382113204366	0.702338411436801
0.424782096345935	0.705166587129482
0.425182079487504	0.708027438337117
0.425582062629072	0.710919244798252
0.425982045770641	0.713840045991101
0.42638202891221	0.716786837262676
0.426782012053778	0.719755050866342
0.427181995195347	0.722738359006025
0.427581978336916	0.725728878475703
0.427981961478484	0.728717850540373
0.428381944620053	0.731696498735919
0.428781927761622	0.734656980908008
0.42918191090319	0.737593221161505
0.429581894044759	0.740501371196803
0.429981877186328	0.743379809628471
0.430381860327896	0.74622881813382
0.430781843469465	0.749049857061138
0.431181826611034	0.751844746462218
0.431581809752603	0.754615003181498
0.431981792894171	0.757361523716275
0.43238177603574	0.760084660430761
0.432781759177309	0.762784592143532
0.433181742318877	0.76546172316375
0.433581725460446	0.768117001696792
0.433981708602015	0.770751853597788
0.434381691743583	0.773367611643664
0.434781674885152	0.775964771277432
0.435181658026721	0.778542263771049
0.435581641168289	0.781096862606589
0.435981624309858	0.783623018786779
0.436381607451427	0.786113135339876
0.436781590592995	0.788558116136013
0.437181573734564	0.790948218866201
0.437581556876133	0.793273983115065
0.437981540017701	0.795526969116072
0.43838152315927	0.797700411320616
0.438781506300839	0.799789747100044
0.439181489442407	0.801792822112781
0.439581472583976	0.803709941792367
0.439981455725545	0.805543803743733
0.440381438867113	0.807299164033033
0.440781422008682	0.808982284610444
0.441181405150251	0.810600378818962
0.441581388291819	0.81216099665704
0.441981371433388	0.81367153981621
0.442381354574957	0.815139122801268
0.442781337716526	0.816570618863494
0.443181320858094	0.817972866106367
0.443581303999663	0.819353041594744
0.443981287141232	0.820719063436979
0.4443812702828	0.822079990498752
0.444781253424369	0.823446262617351
0.445181236565938	0.824829610833936
0.445581219707506	0.826242442989838
0.445981202849075	0.827696880296254
0.446381185990644	0.829203486772791
0.446781169132212	0.830770019580611
0.447181152273781	0.8324005041562
0.44758113541535	0.834094848017033
0.447981118556918	0.8358490001154
0.448381101698487	0.837655684065491
0.448781084840056	0.839505378078791
0.449181067981624	0.84138734323091
0.449581051123193	0.843290604271597
0.449981034264762	0.845204740136892
0.45038101740633	0.84712027948788
0.450781000547899	0.849028984538042
0.451180983689468	0.850924015339193
0.451580966831036	0.852799920417998
0.451980949972605	0.854652432423298
0.452380933114174	0.856478191566324
0.452780916255742	0.858274467647636
0.453180899397311	0.8600391013674
0.45358088253888	0.861770666859049
0.453980865680448	0.863468666619747
0.454380848822017	0.865133574140778
0.454780831963586	0.866766705778653
0.455180815105154	0.868369808658783
0.455580798246723	0.869944557850009
0.455980781388292	0.871492184297693
0.456380764529861	0.873013200210141
0.456780747671429	0.874507251569503
0.457180730812998	0.87597310998041
0.457580713954567	0.877408652516297
0.457980697096135	0.878810708756288
0.458380680237704	0.880174927666261
0.458780663379273	0.881495750172894
0.459180646520841	0.882766551302137
0.45958062966241	0.883980049268995
0.459980612803979	0.885128861185555
0.460380595945547	0.886205995467185
0.460780579087116	0.887205266502882
0.461180562228685	0.888121462450527
0.461580545370253	0.888950087318673
0.461980528511822	0.889686841390147
0.462380511653391	0.890327174643321
0.462780494794959	0.890865970788294
0.463180477936528	0.891297418615415
0.463580461078097	0.891615077387569
0.463980444219665	0.891812149043145
0.464380427361234	0.891881948229308
0.464780410502803	0.891818421745948
0.465180393644371	0.891616614154378
0.46558037678594	0.891272982781467
0.465980359927509	0.890785473912303
0.466380343069077	0.890153353384687
0.466780326210646	0.88937679115444
0.467180309352215	0.888456314017421
0.467580292493783	0.887392395808674
0.467980275635352	0.886185417265078
0.468380258776921	0.884835852846207
0.468780241918489	0.883344630017128
0.469180225060058	0.881713634929384
0.469580208201627	0.879946189929001
0.469980191343196	0.878047300192388
0.470380174484764	0.876023710816186
0.470780157626333	0.873883699533343
0.471180140767902	0.871636718701341
0.47158012390947	0.869292982268081
0.471980107051039	0.86686311067623
0.472380090192608	0.864357823846098
0.472780073334176	0.861787741508501
0.473180056475745	0.859163208092
0.473580039617314	0.856494267413289
0.473980022758882	0.853790687056338
0.474380005900451	0.851061951039882
0.47477998904202	0.848317223142267
0.475179972183588	0.845565324151836
0.475579955325157	0.842814614182051
0.475979938466726	0.840072798894544
0.476379921608294	0.83734678731663
0.476779904749863	0.834642585676683
0.477179887891432	0.831965223642455
0.477579871033	0.829318888352667
0.477979854174569	0.82670710778047
0.478379837316138	0.824133006947187
0.478779820457706	0.821599550540538
0.479179803599275	0.819109555551363
0.479579786740844	0.816665316385299
0.479979769882412	0.814268010413547
0.480379753023981	0.81191698117194
0.48077973616555	0.809609143910673
0.481179719307119	0.807338694187402
0.481579702448687	0.805097229297173
0.481979685590256	0.802874302249233
0.482379668731825	0.800658372454
0.482779651873393	0.798437835037145
0.483179635014962	0.796201858222317
0.483579618156531	0.793940931891877
0.483979601298099	0.791647139170131
0.484379584439668	0.78931396837367
0.484779567581237	0.786935810853927
0.485179550722805	0.784507420687349
0.485579533864374	0.782023472736158
0.485979517005943	0.779478300821695
0.486379500147511	0.776865829456469
0.48677948328908	0.774179633238699
0.487179466430649	0.771412975764239
0.487579449572217	0.768558812513307
0.487979432713786	0.765609770491009
0.488379415855355	0.762558122191689
0.488779398996923	0.759395938188261
0.489179382138492	0.756115536134413
0.489579365280061	0.752710139085655
0.489979348421629	0.749174533231382
0.490379331563198	0.745505599242425
0.490779314704767	0.741702544903867
0.491179297846335	0.737766788171264
0.491579280987904	0.733701681867858
0.491979264129473	0.729512287062956
0.492379247271041	0.725205151064481
0.49277923041261	0.720788104185204
0.493179213554179	0.716270006103316
0.493579196695748	0.711660333742672
0.493979179837316	0.706968512322814
0.494379162978885	0.702203201724421
0.494779146120454	0.69737170418549
0.495179129262022	0.692479633350986
0.495579112403591	0.687530939087842
0.49597909554516	0.682528265178484
0.496379078686728	0.677473499554848
0.496779061828297	0.67236842730545
0.497179044969866	0.667215440587585
0.497579028111434	0.662018126132349
0.497979011253003	0.656781633907164
0.498378994394572	0.651512830598694
0.49877897753614	0.646220237126307
0.499178960677709	0.640913651481764
0.499578943819278	0.635603546687393
0.499978926960846	0.630300385246412
0.500378910102415	0.625014027798135
0.500778893243984	0.619753210206926
0.501178876385552	0.614525326611954
0.501578859527121	0.609336463106204
0.50197884266869	0.604191593658667
0.502378825810258	0.599094957056701
0.502778808951827	0.594050594018237
0.503178792093396	0.589062830866175
0.503578775234964	0.584136636588268
0.503978758376533	0.579277826143762
0.504378741518102	0.574493003001407
0.50477872465967	0.56978934318158
0.505178707801239	0.565174446615328
0.505578690942808	0.560656093779217
0.505978674084376	0.556242021923045
0.506378657225945	0.551939856626741
0.506778640367514	0.547757091721882
0.507178623509082	0.543700943893155
0.507578606650651	0.539778139576403
0.50797858979222	0.53599470148448
0.508378572933789	0.532355696503733
0.508778556075357	0.528865108754793
0.509178539216926	0.525525926582908
0.509578522358495	0.522340302064901
0.509978505500063	0.519309696615631
0.510378488641632	0.516435011721854
0.510778471783201	0.513716591757072
0.511178454924769	0.51115401479565
0.511578438066338	0.508745925764816
0.511978421207907	0.506490038505975
0.512378404349475	0.504383177950884
0.512778387491044	0.502421389304138
0.513178370632613	0.500600297739311
0.513578353774181	0.498915447911851
0.51397833691575	0.497362395342239
0.514378320057319	0.495936761637053
0.514778303198887	0.494634192828293
0.515178286340456	0.493450071577864
0.515578269482025	0.492379361988833
0.515978252623593	0.491416614345766
0.516378235765162	0.490555921969682
0.516778218906731	0.48979091973444
0.517178202048299	0.489114932424413
0.517578185189868	0.488520870296964
0.517978168331437	0.488001054525676
0.518378151473005	0.487547295110178
0.518778134614574	0.487151012540071
0.519178117756143	0.486803311962086
0.519578100897712	0.486495317313046
0.51997808403928	0.486218607640911
0.520378067180849	0.485965533486858
0.520778050322418	0.485729453193212
0.521178033463986	0.485504776394869
0.521578016605555	0.485286732335721
0.521977999747124	0.485071106475874
0.522377982888692	0.484853932666621
0.522777966030261	0.484631117646825
0.52317794917183	0.484398181313071
0.523577932313398	0.484150256130831
0.523977915454967	0.483882342232862
0.524377898596536	0.483589750176922
0.524777881738104	0.483268585464897
0.525177864879673	0.482916123774391
0.525577848021242	0.482530998923797
0.52597783116281	0.482113057971769
0.526377814304379	0.481662974115553
0.526777797445948	0.481181939515222
0.527177780587516	0.480671591650778
0.527577763729085	0.480134227419771
0.527977746870654	0.479573350542166
0.528377730012222	0.478994363423112
0.528777713153791	0.478405065531951
0.52917769629536	0.477815742103763
0.529577679436928	0.477238768674665
0.529977662578497	0.476687837663206
0.530377645720066	0.476176938140839
0.530777628861634	0.475719443186116
0.531177612003203	0.475327551687068
0.531577595144772	0.475012105524135
0.531977578286341	0.47478270269823
0.532377561427909	0.474648036333909
0.532777544569478	0.47461612646608
0.533177527711047	0.474694334787456
0.533577510852615	0.474889303489582
0.533977493994184	0.475206782779137
0.534377477135753	0.475651359500356
0.534777460277321	0.476226446370953
0.53517744341889	0.476934558447381
0.535577426560459	0.477777625162439
0.535977409702027	0.478757181955052
0.536377392843596	0.479874473265968
0.536777375985165	0.481130293015164
0.537177359126733	0.482524678552854
0.537577342268302	0.484056655048187
0.537977325409871	0.485724128668707
0.538377308551439	0.487524006438513
0.538777291693008	0.489452609048411
0.539177274834577	0.491506264559021
0.539577257976145	0.493682026358246
0.539977241117714	0.495978267359398
0.540377224259283	0.498395036039328
0.540777207400851	0.500934099204754
0.54117719054242	0.503598667466834
0.541577173683989	0.506392714895653
0.541977156825557	0.509320155238374
0.542377139967126	0.512384017059119
0.542777123108695	0.515585720082271
0.543177106250263	0.518924511346572
0.543577089391832	0.52239727022026
0.543977072533401	0.525998552406413
0.544377055674969	0.529720832264877
0.544777038816538	0.533554915677503
0.545177021958107	0.537490405461704
0.545577005099676	0.541515960156165
0.545976988241244	0.545619483086548
0.546376971382813	0.549788220097938
0.546776954524381	0.554008657345706
0.54717693766595	0.558266252613732
0.547576920807519	0.56254527996612
0.547976903949088	0.566828768755796
0.548376887090656	0.571098600250656
0.548776870232225	0.575335841262026
0.549176853373794	0.579521260386459
0.549576836515362	0.583635801859854
0.549976819656931	0.587661088723811
0.5503768027985	0.591579805026736
0.550776785940068	0.595375992297904
0.551176769081637	0.599035304602231
0.551576752223206	0.602545257320354
0.551976735364774	0.605895407725992
0.552376718506343	0.609077462703701
0.552776701647912	0.612085228758955
0.55317668478948	0.614914236983082
0.553576667931049	0.617561133234314
0.553976651072618	0.620022962340743
0.554376634214186	0.622296464725857
0.554776617355755	0.624377617698517
0.555176600497324	0.626261589701513
0.555576583638892	0.627943109449185
0.555976566780461	0.629417212381283
0.55637654992203	0.630680114730773
0.556776533063599	0.631729899811663
0.557176516205167	0.632566841794468
0.557576499346736	0.633193442479194
0.557976482488304	0.633614072527842
0.558376465629873	0.63383445536542
0.558776448771442	0.633861205580516
0.559176431913011	0.633701626767463
0.559576415054579	0.633363686175757
0.559976398196148	0.632856113410944
0.560376381337717	0.632188479052578
0.560776364479285	0.631371223098402
0.561176347620854	0.63041558845567
0.561576330762423	0.629333428678637
0.561976313903991	0.62813686767783
0.56237629704556	0.626837994565368
0.562776280187129	0.625448664010914
0.563176263328697	0.623980420660673
0.563576246470266	0.622444439440007
0.563976229611835	0.620851563040405
0.564376212753403	0.619212432929652
0.564776195894972	0.617537686321558
0.565176179036541	0.615838062023664
0.565576162178109	0.61412441491081
0.565976145319678	0.612407636077757
0.566376128461247	0.610698538612504
0.566776111602815	0.609007602442267
0.567176094744384	0.607344607587702
0.567576077885953	0.605718291788304
0.567976061027521	0.604136128203173
0.56837604416909	0.602604212088552
0.568776027310659	0.601127343672644
0.569176010452227	0.599709289144967
0.569575993593796	0.598353024995333
0.569975976735365	0.597060932854583
0.570375959876933	0.59583492664082
0.570775943018502	0.594676382612478
0.571175926160071	0.593585995792953
0.571575909301639	0.592563851483323
0.571975892443208	0.591609593729438
0.572375875584777	0.59072250672786
0.572775858726346	0.589901678082752
0.573175841867914	0.589146092657062
0.573575825009483	0.588454490622482
0.573975808151052	0.587825208365369
0.57437579129262	0.587256148779897
0.574775774434189	0.586744792504951
0.575175757575758	0.586288357054028
0.575575740717326	0.585884108526667
0.575975723858895	0.58552958226862
0.576375707000464	0.585222598294705
0.576775690142032	0.584961205845722
0.577175673283601	0.584743567491327
0.57757565642517	0.584567895473801
0.577975639566738	0.584432550271739
0.578375622708307	0.584336254327918
0.578775605849876	0.584278278886984
0.579175588991444	0.58425860518453
0.579575572133013	0.584277871021208
0.579975555274582	0.584337070572335
0.58037553841615	0.584437260631992
0.580775521557719	0.584579391374135
0.581175504699288	0.584764141161639
0.581575487840856	0.584991785287673
0.581975470982425	0.585262159811209
0.582375454123994	0.585574515291196
0.582775437265562	0.58592729335526
0.583175420407131	0.586318081295431
0.5835754035487	0.586743626894577
0.583975386690268	0.587199911466209
0.584375369831837	0.587682532744888
0.584775352973406	0.588187230746853
0.585175336114975	0.58871019248172
0.585575319256543	0.589248230816895
0.585975302398112	0.589798860871764
0.586375285539681	0.590360097492893
0.586775268681249	0.590930093331086
0.587175251822818	0.591507026406527
0.587575234964387	0.592089136311749
0.587975218105955	0.592674965140926
0.588375201247524	0.593263789830775
0.588775184389093	0.593856066650879
0.589175167530661	0.59445356961572
0.58957515067223	0.595059274766423
0.589975133813799	0.595676926677616
0.590375116955367	0.596310413995159
0.590775100096936	0.596963012426566
0.591175083238505	0.597636789617516
0.591575066380073	0.598332294106006
0.591975049521642	0.599048553940802
0.592375032663211	0.599783300312028
0.592775015804779	0.600533368942644
0.593174998946348	0.601295132508521
0.593574982087917	0.602064939733196
0.593974965229485	0.602839554411825
0.594374948371054	0.603616527183229
0.594774931512623	0.604394441150357
0.595174914654191	0.605172995287397
0.59557489779576	0.605953014640879
0.595974880937329	0.606736267404766
0.596374864078898	0.607525222478508
0.596774847220466	0.608322827803324
0.597174830362035	0.609132382260862
0.597574813503604	0.609957341499379
0.597974796645172	0.610801165589027
0.598374779786741	0.611667117369403
0.59877476292831	0.612557963634724
0.599174746069878	0.613475607617172
0.599574729211447	0.614420818290365
0.599974712353016	0.615393062499538
0.600374695494584	0.616390571023276
0.600774678636153	0.617410642241734
0.601174661777722	0.618450127840011
0.60157464491929	0.61950586439203
0.601974628060859	0.620575024378568
0.602374611202428	0.621655255637114
0.602774594343996	0.622744569409671
0.603174577485565	0.623841138942387
0.603574560627134	0.62494310710502
0.603974543768702	0.626048417319395
0.604374526910271	0.627154649255066
0.60477451005184	0.628258947796678
0.605174493193408	0.629358013829871
0.605574476334977	0.630448077136497
0.605974459476546	0.631524901979333
0.606374442618114	0.632583893495508
0.606774425759683	0.633620335811314
0.607174408901252	0.634629554242848
0.60757439204282	0.635607027650534
0.607974375184389	0.636548437734167
0.608374358325958	0.637449516140172
0.608774341467526	0.638305729776268
0.609174324609095	0.63911190221192
0.609574307750664	0.639861980293662
0.609974290892233	0.64054900823356
0.610374274033801	0.641165422557435
0.61077425717537	0.641703658418145
0.611174240316939	0.6421567478285
0.611574223458507	0.642518894908232
0.611974206600076	0.64278592145505
0.612374189741645	0.642955378736413
0.612774172883213	0.643026191658628
0.613174156024782	0.642998218787984
0.613574139166351	0.642871899840402
0.613974122307919	0.642647904485129
0.614374105449488	0.642326865441934
0.614774088591057	0.641909398304291
0.615174071732625	0.64139620298793
0.615574054874194	0.640788171845084
0.615974038015763	0.640086451455439
0.616374021157331	0.639292561715439
0.6167740042989	0.638408344077911
0.617173987440469	0.637435999939652
0.617573970582037	0.636378121595233
0.617973953723606	0.635237674851916
0.618373936865175	0.634017898493972
0.618773920006743	0.632722228924941
0.619173903148312	0.631354127622344
0.619573886289881	0.629916915502102
0.619973869431449	0.62841369787162
0.620373852573018	0.626847334047228
0.620773835714587	0.625220379497779
0.621173818856156	0.623535088482498
0.621573801997724	0.621793396519551
0.621973785139293	0.619996929952539
0.622373768280861	0.618147167802483
0.62277375142243	0.616245747258988
0.623173734563999	0.614294977253073
0.623573717705568	0.612298491710399
0.623973700847136	0.610261798850655
0.624373683988705	0.608192520420424
0.624773667130273	0.60610038886099
0.625173650271842	0.603996803094554
0.625573633413411	0.601894049863778
0.62597361655498	0.599804391987292
0.626373599696548	0.597739308000635
0.626773582838117	0.59570899444847
0.627173565979686	0.593722297318778
0.627573549121254	0.59178685094094
0.627973532262823	0.58990936241431
0.628373515404392	0.58809597984965
0.62877349854596	0.586352652329715
0.629173481687529	0.584685318348202
0.629573464829098	0.583100068798385
0.629973447970666	0.581603245744446
0.630373431112235	0.5802014726767
0.630773414253804	0.578901665026015
0.631173397395372	0.577710985650401
0.631573380536941	0.576636651968463
0.63197336367851	0.575685728967475
0.632373346820078	0.574864854164869
0.632773329961647	0.574179863612261
0.633173313103216	0.573635416166776
0.633573296244784	0.573234627228041
0.633973279386353	0.572978749115331
0.634373262527922	0.572867021268311
0.634773245669491	0.572896805103623
0.635173228811059	0.573063937368953
0.635573211952628	0.573363333052131
0.635973195094196	0.573789728056302
0.636373178235765	0.574338336956159
0.636773161377334	0.57500523116305
0.637173144518903	0.575787426434663
0.637573127660471	0.576682662855432
0.63797311080204	0.577689079627612
0.638373093943609	0.578804866877688
0.638773077085177	0.580028012164783
0.639173060226746	0.581356214131811
0.639573043368315	0.582786972935132
0.639973026509883	0.584317736282727
0.640373009651452	0.585946097924654
0.640772992793021	0.587669854478043
0.641172975934589	0.589486883380761
0.641572959076158	0.591394938429748
0.641972942217727	0.593391313243347
0.642372925359295	0.595472379830372
0.642772908500864	0.597633304467715
0.643172891642433	0.599867983623129
0.643572874784001	0.602169050658266
0.64397285792557	0.604528017436041
0.644372841067139	0.606935519546706
0.644772824208707	0.609381458476975
0.645172807350276	0.611855141186815
0.645572790491845	0.614345512670029
0.645972773633413	0.616841279355814
0.646372756774982	0.619331034884774
0.646772739916551	0.621803473140707
0.647172723058119	0.624247599591865
0.647572706199688	0.626652812014212
0.647972689341257	0.629009079201184
0.648372672482825	0.631307088298323
0.648772655624394	0.633538385936225
0.649172638765963	0.635695518112252
0.649572621907532	0.637772213774261
0.6499726050491	0.639763508208151
0.650372588190669	0.641665901188874
0.650772571332238	0.643477456568206
0.651172554473806	0.645197848016051
0.651572537615375	0.646828267241977
0.651972520756944	0.648371283762787
0.652372503898512	0.649830521157461
0.652772487040081	0.651210250075757
0.65317247018165	0.652514766803409
0.653572453323218	0.653747787345606
0.653972436464787	0.654912017993979
0.654372419606356	0.656009022829908
0.654772402747924	0.657039289570067
0.655172385889493	0.658002492693432
0.655572369031062	0.658897830369854
0.65597235217263	0.659724295288236
0.656372335314199	0.660480806410271
0.656772318455768	0.661166240241067
0.657172301597336	0.661779287797826
0.657572284738905	0.662318350106845
0.657972267880474	0.6627814661853
0.658372251022042	0.663166318215129
0.658772234163611	0.663470297187526
0.65917221730518	0.663690694190338
0.659572200446748	0.663824903779399
0.659972183588317	0.663870619090363
0.660372166729886	0.663825865375971
0.660772149871454	0.663688919161093
0.661172133013023	0.663458225997427
0.661572116154592	0.663132452718783
0.661972099296161	0.662710531537394
0.662372082437729	0.662191753348031
0.662772065579298	0.661575708595037
0.663172048720867	0.66086209210607
0.663572031862435	0.660050295206513
0.663972015004004	0.659138959947373
0.664371998145573	0.658125682604537
0.664771981287141	0.657006900103699
0.66517196442871	0.655777980118239
0.665571947570279	0.654433587233461
0.665971930711847	0.652968164550712
0.666371913853416	0.651376392373224
0.666771896994985	0.649653798979291
0.667171880136553	0.647797383541162
0.667571863278122	0.645805869545143
0.667971846419691	0.643679759812757
0.668371829561259	0.641421300282464
0.668771812702828	0.63903407540439
0.669171795844397	0.636522445263577
0.669571778985965	0.633891144117901
0.669971762127534	0.631145042396049
0.670371745269103	0.628289131965775
0.670771728410671	0.625328874795132
0.67117171155224	0.622270555246158
0.671571694693809	0.619121396751884
0.671971677835377	0.615889564211478
0.672371660976946	0.612583999890706
0.672771644118515	0.609214207128581
0.673171627260084	0.605790187862275
0.673571610401652	0.602322609113454
0.673971593543221	0.598823023794761
0.67437157668479	0.595304047759017
0.674771559826358	0.591779294586961
0.675171542967927	0.588263076036944
0.675571526109496	0.584769978547616
0.675971509251064	0.581314488039833
0.676371492392633	0.577910633479217
0.676771475534202	0.574571738522861
0.67717145867577	0.571310317679801
0.677571441817339	0.568137985532984
0.677971424958908	0.565065226240347
0.678371408100476	0.562101190318994
0.678771391242045	0.55925350719655
0.679171374383614	0.556528072379219
0.679571357525182	0.553929106176012
0.679971340666751	0.551459502086815
0.68037132380832	0.549121209118497
0.680771306949888	0.546915634329308
0.681171290091457	0.544844031689511
0.681571273233026	0.54290758628514
0.681971256374594	0.541107205408353
0.682371239516163	0.539443245889163
0.682771222657732	0.537915183671602
0.6831712057993	0.536521406285068
0.683571188940869	0.535259303037673
0.683971172082438	0.534125632461575
0.684371155224006	0.533117017736503
0.684771138365575	0.532230490120771
0.685171121507144	0.531463904916977
0.685571104648713	0.53081626120892
0.685971087790281	0.530287826970809
0.68637107093185	0.529879917064057
0.686771054073418	0.529594355471865
0.687171037214987	0.529432815841248
0.687571020356556	0.529396078497591
0.687971003498125	0.529483340944488
0.688370986639693	0.529691730250778
0.688770969781262	0.530016190317307
0.68917095292283	0.530449804795633
0.689570936064399	0.530984470719819
0.689970919205968	0.531611764663062
0.690370902347537	0.532323819366838
0.690770885489105	0.533114044048304
0.691170868630674	0.533977471403608
0.691570851772243	0.534910684516231
0.691970834913811	0.535911423865214
0.69237081805538	0.536978199296479
0.692770801196949	0.538109980097946
0.693170784338517	0.539306039192314
0.693570767480086	0.540565800907269
0.693970750621655	0.541888682232567
0.694370733763223	0.543273857555927
0.694770716904792	0.544720001833063
0.695170700046361	0.546224955412497
0.695570683187929	0.547785587769155
0.695970666329498	0.549398028244595
0.696370649471067	0.551058277348781
0.696770632612635	0.552762795235029
0.697170615754204	0.554509000684142
0.697570598895773	0.556295446053513
0.697970582037341	0.558121486115219
0.69837056517891	0.559986549323377
0.698770548320479	0.561889516723635
0.699170531462048	0.563828382562697
0.699570514603616	0.565800316036129
0.699970497745185	0.567802128807876
0.700370480886753	0.569830980942572
0.700770464028322	0.571884952641325
0.701170447169891	0.573963342590046
0.70157043031146	0.576066736305863
0.701970413453028	0.578196894276311
0.702370396594597	0.580356385672848
0.702770379736166	0.582548313604586
0.703170362877734	0.584776275474848
0.703570346019303	0.587044310145059
0.703970329160872	0.589356681384576
0.70437031230244	0.591717664212734
0.704770295444009	0.594131300747302
0.705170278585578	0.596601028030359
0.705570261727146	0.599129466997448
0.705970244868715	0.601718516700787
0.706370228010284	0.604369505904885
0.706770211151852	0.607083531684273
0.707170194293421	0.609861864490486
0.70757017743499	0.612706115239727
0.707970160576558	0.615617944751898
0.708370143718127	0.618598596260245
0.708770126859696	0.621648268655221
0.709170110001264	0.624765606899374
0.709570093142833	0.627947500057709
0.709970076284402	0.631189340523335
0.71037005942597	0.634485603549402
0.710770042567539	0.637830618335889
0.711170025709108	0.641219194374105
0.711570008850676	0.644647150789526
0.711969991992245	0.648111570873402
0.712369975133814	0.651610740242838
0.712769958275382	0.655143820166828
0.713169941416951	0.658710444565229
0.71356992455852	0.66231009829162
0.713969907700089	0.665941455586567
0.714369890841657	0.669601795804059
0.714769873983226	0.673286526843754
0.715169857124795	0.676988903068622
0.715569840266363	0.680700083964246
0.715969823407932	0.684409450390789
0.716369806549501	0.688105139505972
0.716769789691069	0.691774706023914
0.717169772832638	0.695405695261246
0.717569755974207	0.698986098149312
0.717969739115775	0.70250468160334
0.718369722257344	0.705951251365636
0.718769705398913	0.709316794506072
0.719169688540481	0.712593565050815
0.71956967168205	0.715775048690685
0.719969654823619	0.718855900858461
0.720369637965187	0.721831816995665
0.720769621106756	0.724699360968114
0.721169604248325	0.727455718062919
0.721569587389893	0.730098502515075
0.721969570531462	0.732625625315797
0.722369553673031	0.73503536887646
0.722769536814599	0.737326434869478
0.723169519956168	0.739498025049008
0.723569503097737	0.741549864220295
0.723969486239305	0.743482209554409
0.724369469380874	0.745295704045316
0.724769452522443	0.746991382561987
0.725169435664011	0.748570790435714
0.72556941880558	0.750036177130766
0.725969401947149	0.751390676578396
0.726369385088718	0.752638502019465
0.726769368230286	0.753784932468727
0.727169351371855	0.754836132658489
0.727569334513424	0.755798839810276
0.727969317654992	0.756680025545317
0.728369300796561	0.757486484056117
0.72876928393813	0.758224525673615
0.729169267079698	0.75889974671202
0.729569250221267	0.759516859959898
0.729969233362836	0.76007959228179
0.730369216504404	0.760590807804319
0.730769199645973	0.761052855331546
0.731169182787542	0.761467994534155
0.73156916592911	0.761838875539801
0.731969149070679	0.762168947824467
0.732369132212248	0.762462584205026
0.732769115353816	0.762724743657119
0.733169098495385	0.762960439735972
0.733569081636954	0.763174202379168
0.733969064778522	0.763369664981604
0.734369047920091	0.763549453982823
0.73476903106166	0.763715375128079
0.735169014203228	0.76386881653029
0.735568997344797	0.764011204139529
0.735968980486366	0.764144362702467
0.736368963627934	0.764270644292216
0.736768946769503	0.764392924425818
0.737168929911072	0.764514565257228
0.73756891305264	0.764639403039033
0.737968896194209	0.764771797855477
0.738368879335778	0.764916838315817
0.738768862477347	0.765080472825263
0.739168845618915	0.765269540435829
0.739568828760484	0.76549161047881
0.739968811902053	0.765754719069457
0.740368795043621	0.766067011585267
0.74076877818519	0.766436654167956
0.741168761326759	0.766871763103518
0.741568744468327	0.767380333681544
0.741968727609896	0.7679700091919
0.742368710751465	0.768647656417497
0.742768693893033	0.769418568982114
0.743168677034602	0.7702856174542
0.743568660176171	0.771248591078893
0.743968643317739	0.772303946146539
0.744368626459308	0.773444954239328
0.744768609600877	0.774662372606203
0.745168592742445	0.775945222892689
0.745568575884014	0.777281460953497
0.745968559025583	0.778658410822994
0.746368542167151	0.780062876025651
0.74676852530872	0.781480935446641
0.747168508450289	0.7828977885605
0.747568491591857	0.784297769970796
0.747968474733426	0.785664460551296
0.748368457874995	0.786980957734519
0.748768441016563	0.78823030363447
0.749168424158132	0.789395965156012
0.749568407299701	0.790462243654942
0.74996839044127	0.791414669821905
0.750368373582838	0.79224025041595
0.750768356724407	0.792927500816287
0.751168339865976	0.793466391507583
0.751568323007544	0.793848233758312
0.751968306149113	0.79406548696045
0.752368289290682	0.794111624223204
0.75276827243225	0.793981202222062
0.753168255573819	0.793669990705982
0.753568238715388	0.793175079791443
0.753968221856956	0.792495094734992
0.754368204998525	0.791630431079821
0.754768188140094	0.790583309411977
0.755168171281662	0.789357714782225
0.755568154423231	0.787959248751322
0.7559681375648	0.78639486203313
0.756368120706368	0.784672527688247
0.756768103847937	0.782801062781043
0.757168086989506	0.780790058358147
0.757568070131074	0.778649973905203
0.757968053272643	0.776392219981119
0.758368036414212	0.774029210572571
0.75876801955578	0.771574227701429
0.759168002697349	0.769041123422461
0.759567985838918	0.766443977814318
0.759967968980486	0.763796671744754
0.760367952122055	0.76111237018898
0.760767935263624	0.758403090527277
0.761167918405192	0.755679345608202
0.761567901546761	0.752949766532225
0.76196788468833	0.750220964226418
0.762367867829898	0.747497666272395
0.762767850971467	0.74478288807803
0.763167834113036	0.742078278982291
0.763567817254605	0.739384691702601
0.763967800396173	0.736702676373855
0.764367783537742	0.734032850420824
0.764767766679311	0.731376275199128
0.765167749820879	0.728734626190445
0.765567732962448	0.726110201444575
0.765967716104017	0.723505909040959
0.766367699245585	0.720925102218433
0.766767682387154	0.718371152781941
0.767167665528723	0.715847018161224
0.767567648670291	0.713354779009679
0.76796763181186	0.710895267372978
0.768367614953429	0.708467975186626
0.768767598094997	0.706071347907777
0.769167581236566	0.703703213832627
0.769567564378135	0.701361261625487
0.769967547519703	0.699043459673917
0.770367530661272	0.696748398212908
0.770767513802841	0.694475470912332
0.771167496944409	0.692225045766805
0.771567480085978	0.689998515616881
0.771967463227547	0.687798276848526
0.772367446369115	0.685627584716415
0.772767429510684	0.683490339447613
0.773167412652253	0.681390694603073
0.773567395793821	0.679332609904545
0.77396737893539	0.677319309618923
0.774367362076959	0.675352717797714
0.774767345218527	0.67343307177153
0.775167328360096	0.671558796926608
0.775567311501665	0.669726581414282
0.775967294643233	0.667931733153404
0.776367277784802	0.666168744859106
0.776767260926371	0.664431846325884
0.77716724406794	0.662715511884857
0.777567227209508	0.661014855737715
0.777967210351077	0.659325737832837
0.778367193492645	0.657644726310792
0.778767176634214	0.655968969963057
0.779167159775783	0.654295939962173
0.779567142917352	0.65262319471197
0.77996712605892	0.650948269841939
0.780367109200489	0.649268653002268
0.780767092342058	0.647581897157263
0.781167075483626	0.645885992309731
0.781567058625195	0.644179756711766
0.781967041766764	0.642463061547774
0.782367024908332	0.640736872937572
0.782767008049901	0.639003079469599
0.78316699119147	0.637264066445143
0.783566974333038	0.635522212993295
0.783966957474607	0.633779486748937
0.784366940616176	0.632037294691593
0.784766923757744	0.63029658809629
0.785166906899313	0.628558094114643
0.785566890040882	0.626822642747688
0.78596687318245	0.625091524619763
0.786366856324019	0.623366689529227
0.786766839465588	0.621650754487799
0.787166822607156	0.619946896271341
0.787566805748725	0.618258718912775
0.787966788890294	0.61659024382803
0.788366772031862	0.614946035299804
0.788766755173431	0.613331234973328
0.789166738315	0.611751426040279
0.789566721456568	0.610212413406506
0.789966704598137	0.608719915182194
0.790366687739706	0.607279041047234
0.790766670881275	0.605893864677101
0.791166654022843	0.604567348526743
0.791566637164412	0.603301605486396
0.791966620305981	0.602098267901162
0.792366603447549	0.600958869998657
0.792766586589118	0.599885041971643
0.793166569730687	0.598878365716829
0.793566552872255	0.597939864298724
0.793966536013824	0.597069326397276
0.794366519155393	0.596264738786759
0.794766502296961	0.595522165685388
0.79516648543853	0.594836158210508
0.795566468580099	0.594200239572463
0.795966451721667	0.593607258149751
0.796366434863236	0.593049580730709
0.796766418004805	0.592518997989012
0.797166401146373	0.592006316269101
0.797566384287942	0.591500992170163
0.797966367429511	0.590991101945476
0.798366350571079	0.590463681616782
0.798766333712648	0.589905420729346
0.799166316854217	0.589303503896054
0.799566299995785	0.588646308882442
0.799966283137354	0.587924010073994
0.800366266278923	0.587129002015265
0.800766249420491	0.586256067105787
0.80116623256206	0.585302359188795
0.801566215703629	0.584267430983024
0.801966198845197	0.583153161577244
0.802366181986766	0.581963418380042
0.802766165128335	0.580703550465496
0.803166148269904	0.579379691508968
0.803566131411472	0.577998004863953
0.803966114553041	0.576563961895112
0.80436609769461	0.57508187553526
0.804766080836178	0.573554764355431
0.805166063977747	0.571984459351367
0.805566047119316	0.570371924411477
0.805966030260884	0.568717721842577
0.806366013402453	0.567022508344142
0.806765996544022	0.565287499135653
0.80716597968559	0.563515003606034
0.807565962827159	0.561708948262821
0.807965945968728	0.559875243534317
0.808365929110296	0.558021959662337
0.808765912251865	0.55615917174358
0.809165895393434	0.554298360216447
0.809565878535002	0.552451551035568
0.809965861676571	0.550630409289797
0.81036584481814	0.548845401150104
0.810765827959708	0.547105111418694
0.811165811101277	0.545416007758237
0.811565794242846	0.543782591220694
0.811965777384414	0.542207801342379
0.812365760525983	0.540693538841438
0.812765743667552	0.539241197088455
0.81316572680912	0.5378520593083
0.813565709950689	0.536527599957739
0.813965693092258	0.535269629156507
0.814365676233826	0.534080236699595
0.814765659375395	0.532961569921662
0.815165642516964	0.531915618896329
0.815565625658533	0.530943987509858
0.815965608800101	0.530047661244251
0.81636559194167	0.529226916631877
0.816765575083239	0.528481399425485
0.817165558224807	0.527810311500762
0.817565541366376	0.527212746182156
0.817965524507945	0.526688079152533
0.818365507649513	0.526236391116642
0.818765490791082	0.525858871955712
0.819165473932651	0.5255580152048
0.819565457074219	0.52533743609377
0.819965440215788	0.525201446522393
0.820365423357357	0.525154540398922
0.820765406498925	0.525200904888786
0.821165389640494	0.525344122954747
0.821565372782063	0.525587052068582
0.821965355923631	0.525931924620547
0.8223653390652	0.526380430834145
0.822765322206769	0.526933660086252
0.823165305348337	0.527591806889877
0.823565288489906	0.528353722029972
0.823965271631475	0.529216478541698
0.824365254773043	0.530175149733834
0.824765237914612	0.531222915327861
0.825165221056181	0.532351425370256
0.825565204197749	0.533551276269634
0.825965187339318	0.534812530905938
0.826365170480887	0.536125059895305
0.826765153622456	0.5374787671918
0.827165136764024	0.538863843405368
0.827565119905593	0.540271187203904
0.827965103047162	0.541692718816909
0.82836508618873	0.543121675784836
0.828765069330299	0.544552775174614
0.829165052471868	0.545982172492239
0.829565035613436	0.547407145440773
0.829965018755005	0.54882556468538
0.830365001896574	0.550235303930946
0.830764985038142	0.551633684936145
0.831164968179711	0.55301706148137
0.83156495132128	0.554380659991322
0.831964934462848	0.555718488511862
0.832364917604417	0.557023431724736
0.832764900745986	0.558287566449417
0.833164883887554	0.559502572297786
0.833564867029123	0.560660121004986
0.833964850170692	0.561752413806492
0.83436483331226	0.562772785563922
0.834764816453829	0.563716126442009
0.835164799595398	0.564579219807966
0.835564782736966	0.565361062009326
0.835964765878535	0.566063084163834
0.836364749020104	0.566689229114301
0.836764732161672	0.567246021121176
0.837164715303241	0.567742426443946
0.83756469844481	0.568189447682619
0.837964681586378	0.568599651975349
0.838364664727947	0.568986611374701
0.838764647869516	0.569364304109552
0.839164631011085	0.569746734168354
0.839564614152653	0.57014782097376
0.839964597294222	0.570581578374262
0.84036458043579	0.571062395493541
0.840764563577359	0.571605244156163
0.841164546718928	0.572225659003536
0.841564529860497	0.572939315299705
0.841964513002065	0.573761296544596
0.842364496143634	0.574705275939185
0.842764479285203	0.575782874038999
0.843164462426771	0.577003170752511
0.84356444556834	0.578372603271605
0.843964428709909	0.579895267132753
0.844364411851477	0.581573390106834
0.844764394993046	0.583407672528211
0.845164378134615	0.585397573729571
0.845564361276183	0.587541466873355
0.845964344417752	0.589836576606046
0.846364327559321	0.592278882622017
0.846764310700889	0.594863145643138
0.847164293842458	0.597582857607358
0.847564276984027	0.600430188546486
0.847964260125595	0.603395992096485
0.848364243267164	0.606469795318449
0.848764226408733	0.60963963868751
0.849164209550301	0.612892076106463
0.84956419269187	0.616212340297983
0.849964175833439	0.619584576533793
0.850364158975007	0.622992207755591
0.850764142116576	0.626418526723149
0.851164125258145	0.629847347058462
0.851564108399713	0.633263602126347
0.851964091541282	0.636653859636587
0.852364074682851	0.640006688411299
0.852764057824419	0.643312650750617
0.853164040965988	0.646563965812261
0.853564024107557	0.649753988140395
0.853964007249125	0.652876661524008
0.854363990390694	0.655925956752823
0.854763973532263	0.658895590156411
0.855163956673831	0.661779053306837
0.8555639398154	0.664569840483935
0.855963922956969	0.667261772841037
0.856363906098538	0.669849345107789
0.856763889240106	0.6723277767531
0.857163872381675	0.674692800384388
0.857563855523244	0.676940386151575
0.857963838664812	0.679066318227711
0.858363821806381	0.681065694710873
0.85876380494795	0.682932657475911
0.859163788089518	0.68466039390029
0.859563771231087	0.686241285937455
0.859963754372656	0.687667354047828
0.860363737514224	0.688930956141846
0.860763720655793	0.690025545243682
0.861163703797362	0.690946323930733
0.86156368693893	0.691690688251728
0.861963670080499	0.692258218901593
0.862363653222068	0.692650348082107
0.862763636363636	0.692869896107007
0.863163619505205	0.692920577071257
0.863563602646774	0.69280650863895
0.863963585788342	0.692532034770684
0.864363568929911	0.692101603681067
0.86476355207148	0.691519588898672
0.865163535213048	0.690790005905793
0.865563518354617	0.689916243721058
0.865963501496186	0.688900764772318
0.866363484637754	0.687745096734785
0.866763467779323	0.686450139405718
0.867163450920892	0.685016847183629
0.867563434062461	0.683446998982361
0.867963417204029	0.681744012289684
0.868363400345598	0.679913400138336
0.868763383487167	0.677962895144997
0.869163366628735	0.675902086280747
0.869563349770304	0.673741896624662
0.869963332911873	0.671493973470967
0.870363316053441	0.669170235853438
0.87076329919501	0.666782570251457
0.871163282336579	0.664342834040015
0.871563265478147	0.66186294433092
0.871963248619716	0.659355055151731
0.872363231761285	0.656831778309353
0.872763214902853	0.654306318257261
0.873163198044422	0.651792412247868
0.873563181185991	0.64930419932194
0.873963164327559	0.646855869919375
0.874363147469128	0.644461091150001
0.874763130610697	0.642132469217093
0.875163113752265	0.639881154123762
0.875563096893834	0.637716600304205
0.875963080035403	0.635646511982618
0.876363063176971	0.633677039674732
0.87676304631854	0.631813113494404
0.877163029460109	0.630058751090937
0.877563012601677	0.628417104038633
0.877962995743246	0.626890259117222
0.878362978884815	0.62547893576325
0.878762962026383	0.624182245193379
0.879162945167952	0.622997596277357
0.879562928309521	0.621920865330751
0.87996291145109	0.620946817400569
0.880362894592658	0.620069581407303
0.880762877734227	0.619283003589963
0.881162860875796	0.618580695713416
0.881562844017364	0.617955792956164
0.881962827158933	0.617400614250201
0.882362810300502	0.616906314479222
0.88276279344207	0.616462595054179
0.883162776583639	0.616057740982666
0.883562759725208	0.615679008143952
0.883962742866776	0.615313190949578
0.884362726008345	0.614947242246828
0.884762709149914	0.614568918146981
0.885162692291482	0.614167361623759
0.885562675433051	0.613733483896362
0.88596265857462	0.613260126359422
0.886362641716188	0.612742060267282
0.886762624857757	0.612175813524972
0.887162607999326	0.611559364593376
0.887562591140894	0.61089178371949
0.887962574282463	0.61017293183212
0.888362557424032	0.609403251727718
0.8887625405656	0.608583721235301
0.889162523707169	0.607715870634435
0.889562506848738	0.606801919160279
0.889962489990306	0.605845009119653
0.890362473131875	0.604849702778311
0.890762456273444	0.603822263029834
0.891162439415012	0.602770656967356
0.891562422556581	0.601704239452542
0.89196240569815	0.600633100070419
0.892362388839719	0.599566968369971
0.892762371981287	0.59851422103318
0.893162355122856	0.597481179777438
0.893562338264425	0.596471906847936
0.893962321405993	0.595488494504854
0.894362304547562	0.594531843835729
0.894762287689131	0.593602457692606
0.895162270830699	0.59270124491132
0.895562253972268	0.591830118047701
0.895962237113837	0.590992349580676
0.896362220255405	0.590192633136002
0.896762203396974	0.589437136102196
0.897162186538543	0.588733370327009
0.897562169680111	0.588089916751562
0.89796215282168	0.587515990854337
0.898362135963249	0.587020894221183
0.898762119104817	0.586613465873582
0.899162102246386	0.586301663336005
0.899562085387955	0.586092287200139
0.899962068529523	0.585990928524451
0.900362051671092	0.586001929861036
0.900762034812661	0.586128302385649
0.901162017954229	0.586371666467916
0.901562001095798	0.587852798796986
0.901961984237367	0.589345729489972
0.902361967378935	0.590817693492736
0.902761950520504	0.59224127556347
0.903161933662073	0.593595903565888
0.903561916803642	0.594867761720379
0.90396189994521	0.596048899486857
0.904361883086779	0.597136038725743
0.904761866228348	0.598129373464078
0.905161849369916	0.599031516396251
0.905561832511485	0.599846634810995
0.905961815653054	0.600579771134407
0.906361798794622	0.601236340060563
0.906761781936191	0.601821781343963
0.90716176507776	0.602341331538242
0.907561748219328	0.602799892533691
0.907961731360897	0.603201979701766
0.908361714502466	0.603551721408388
0.908761697644034	0.603852885728286
0.909161680785603	0.604108917969879
0.909561663927172	0.604322972159802
0.90996164706874	0.604497932734051
0.910361630210309	0.604636432446906
0.910761613351878	0.604740870133811
0.911161596493446	0.604813427069206
0.911561579635015	0.604856090012924
0.911961562776584	0.604870670614246
0.912361545918152	0.604858816666359
0.912761529059721	0.604822011112536
0.91316151220129	0.604761561837932
0.913561495342858	0.604678583193123
0.913961478484427	0.604573980911249
0.914361461625996	0.604448449419272
0.914761444767564	0.604302487498315
0.915161427909133	0.604136426291581
0.915561411050702	0.603950467491803
0.91596139419227	0.603744717368816
0.916361377333839	0.60351921296677
0.916761360475408	0.603273936422769
0.917161343616976	0.603008824359069
0.917561326758545	0.602723771472631
0.917961309900114	0.602418637388556
0.918361293041682	0.602093255843468
0.918761276183251	0.601747446589315
0.91916125932482	0.601381024374544
0.919561242466389	0.600993806792401
0.919961225607957	0.600585618942741
0.920361208749526	0.600156293158959
0.920761191891095	0.599705665536905
0.921161175032663	0.599233571991544
0.921561158174232	0.598739841445961
0.921961141315801	0.598224289052427
0.922361124457369	0.597686711948426
0.922761107598938	0.597126888412817
0.923161090740507	0.596544580167413
0.923561073882075	0.595939537380088
0.923961057023644	0.595311505865079
0.924361040165213	0.59466023523178
0.924761023306781	0.593985484719362
0.92516100644835	0.593287022802182
0.925560989589919	0.592564621677951
0.925960972731487	0.591818050038067
0.926360955873056	0.591047066616738
0.926760939014625	0.59025141648717
0.927160922156193	0.589430831661638
0.927560905297762	0.588585036046463
0.927960888439331	0.58771375321239
0.928360871580899	0.58681671459715
0.928760854722468	0.585893663631227
0.929160837864037	0.584944355493656
0.929560821005605	0.583968554854563
0.929960804147174	0.58296603043835
0.930360787288743	0.581936546746468
0.930760770430311	0.580879857218844
0.93116075357188	0.579795701118683
0.931560736713449	0.578683803162337
0.931960719855017	0.577543876406839
0.932360702996586	0.576375628856422
0.932760686138155	0.575178771943685
0.933160669279724	0.573953028337183
0.933560652421292	0.572698137118803
0.933960635562861	0.571413854923635
0.93436061870443	0.570099952062349
0.934760601845998	0.568756205805373
0.935160584987567	0.567382393323955
0.935560568129136	0.565978286343647
0.935960551270704	0.564543648190024
0.936360534412273	0.563078234949986
0.936760517553842	0.561581798042712
0.93716050069541	0.560054086686957
0.937560483836979	0.558494848377608
0.937960466978548	0.55690382958966
0.938360450120116	0.555280774888389
0.938760433261685	0.553625427268996
0.939160416403254	0.55193752868017
0.939560399544822	0.550216821582351
0.939960382686391	0.548463048935883
0.94036036582796	0.546675955186099
0.940760348969528	0.544855285223797
0.941160332111097	0.543000784693706
0.941560315252666	0.541112201141466
0.941960298394234	0.53918928830274
0.942360281535803	0.53723181148048
0.942760264677372	0.535239556304594
0.94316024781894	0.533212335872375
0.943560230960509	0.531149997667553
0.943960214102078	0.529052428633466
0.944360197243647	0.526919556388223
0.944760180385215	0.524751343886796
0.945160163526784	0.522547783699576
0.945560146668353	0.520308892305444
0.945960129809921	0.518034704655784
0.94636011295149	0.515725271101725
0.946760096093059	0.513380658094564
0.947160079234627	0.511000948725046
0.947560062376196	0.508586240532175
0.947960045517765	0.506136637056573
0.948360028659333	0.503652233081593
0.948760011800902	0.501133097832745
