0	0.218441338161813
0.00039998333263886	0.218497113733707
0.00079996666527772	0.218569776933544
0.00119994999791658	0.218659027051358
0.00159993333055544	0.218764546484199
0.0019999166631943	0.218886015559668
0.00239989999583316	0.219023121558272
0.00279988332847202	0.219175561185021
0.00319986666111088	0.219343034101385
0.00359984999374974	0.219525236446988
0.0039998333263886	0.219721855246843
0.00439981665902746	0.219932566418839
0.00479979999166632	0.2201570335959
0.00519978332430518	0.220394909695396
0.00559976665694404	0.22064584132691
0.0059997499895829	0.220909474708489
0.00639973332222176	0.221185460974666
0.00679971665486062	0.221473462260758
0.00719969998749948	0.221773156380868
0.00759968332013834	0.22208423817025
0.0079996666527772	0.222406417736821
0.00839964998541606	0.222739417824033
0.00879963331805492	0.223082971198976
0.00919961665069378	0.223436816808489
0.00959959998333264	0.223800694512358
0.0099995833159715	0.224174339216639
0.0103995666486104	0.224557474963381
0.0107995499812492	0.224949809035779
0.0111995333138881	0.225351028622527
0.0115995166465269	0.225760800606919
0.0119994999791658	0.226178774628909
0.0123994833118047	0.226604589098374
0.0127994666444435	0.227037879019161
0.0131994499770824	0.227478282592705
0.0135994333097212	0.227925446634768
0.0139994166423601	0.228379030740235
0.014399399974999	0.22883870863689
0.0147993833076378	0.229304166949422
0.0151993666402767	0.229775102836846
0.0155993499729155	0.230251221189841
0.0159993333055544	0.230732231301692
0.0163993166381933	0.231217843155206
0.0167992999708321	0.231707763493662
0.017199283303471	0.232201693142274
0.0175992666361098	0.232699326030265
0.0179992499687487	0.233200349606905
0.0183992333013876	0.23370444671822
0.0187992166340264	0.234211299052487
0.0191991999666653	0.234720590860932
0.0195991832993041	0.235232012771166
0.019999166631943	0.235745265386057
0.0203991499645819	0.236260062324364
0.0207991332972207	0.236776132946532
0.0211991166298596	0.23729322474949
0.0215990999624984	0.237811103569393
0.0219990832951373	0.238329551452166
0.0223990666277762	0.238848363503332
0.022799049960415	0.239367343569726
0.0231990332930539	0.239886300256749
0.0235990166256927	0.240405044032953
0.0239989999583316	0.240923386029971
0.0243989832909705	0.2414411393649
0.0247989666236093	0.241958121631636
0.0251989499562482	0.242474156388814
0.025598933288887	0.242989073814151
0.0259989166215259	0.243502710890056
0.0263988999541648	0.244014910584154
0.0267988832868036	0.24452552177786
0.0271988666194425	0.245034402146635
0.0275988499520813	0.245541422116797
0.0279988332847202	0.246046469285566
0.0283988166173591	0.246549452785619
0.0287987999499979	0.247050305237231
0.0291987832826368	0.247548982091067
0.0295987666152756	0.248045461789494
0.0299987499479145	0.248539746672073
0.0303987332805534	0.24903186496127
0.0307987166131922	0.249521876360546
0.0311986999458311	0.250009878721474
0.0315986832784699	0.250496012942411
0.0319986666111088	0.250980466241978
0.0323986499437477	0.251463473521026
0.0327986332763865	0.251945316013265
0.0331986166090254	0.252426320067938
0.0335985999416642	0.252906859960705
0.0339985832743031	0.253387363039324
0.034398566606942	0.253868314576445
0.0347985499395808	0.25435026169215
0.0351985332722197	0.25483381419001
0.0355985166048585	0.255319642596358
0.0359984999374974	0.255808473270229
0.0363984832701363	0.256301083413111
0.0367984666027751	0.256798297792876
0.037198449935414	0.257300990524751
0.0375984332680528	0.257810091030215
0.0379984166006917	0.258326593357037
0.0383983999333306	0.258851566523045
0.0387983832659694	0.259386165520243
0.0391983665986083	0.25993164216419
0.0395983499312471	0.260489355046755
0.039998333263886	0.261060775348195
0.0403983165965249	0.261647486726584
0.0407982999291637	0.262251172655554
0.0411982832618026	0.262873587372851
0.0415982665944414	0.263516508229557
0.0419982499270803	0.264181674183571
0.0423982332597192	0.264870707393068
0.042798216592358	0.265585018117751
0.0431981999249969	0.266325690207417
0.0435981832576357	0.267093341195722
0.0439981665902746	0.267887946178304
0.0443981499229135	0.268708621630358
0.0447981332555523	0.269553362856859
0.0451981165881912	0.270418746368244
0.04559809992083	0.271299625546742
0.0459980832534689	0.272188891042127
0.0463980665861078	0.273077421347872
0.0467980499187466	0.273954435061083
0.0471980332513855	0.27480855778866
0.0475980165840243	0.27563004994892
0.0479979999166632	0.276414771465734
0.0483979832493021	0.276088701432624
0.0487979665819409	0.275661714376043
0.0491979499145798	0.275134370609178
0.0495979332472186	0.27450823292058
0.0499979165798575	0.273785885663443
0.0503978999124964	0.272970826829009
0.0507978832451352	0.27206733309079
0.0511978665777741	0.271080191466965
0.0515978499104129	0.270014448193011
0.0519978332430518	0.268875175830204
0.0523978165756907	0.267667284008315
0.0527977999083295	0.266395350583679
0.0531977832409684	0.265063512438637
0.0535977665736072	0.263675376220709
0.0539977499062461	0.26223396051164
0.054397733238885	0.260741734019871
0.0547977165715238	0.25920073119511
0.0551976999041627	0.257612717553391
0.0555976832368015	0.255979405224174
0.0559976665694404	0.254302653846531
0.0563976499020793	0.252584622592501
0.0567976332347181	0.250827942029179
0.057197616567357	0.249035794858305
0.0575975998999958	0.247211836188027
0.0579975832326347	0.245360022572621
0.0583975665652736	0.24348439639746
0.0587975498979124	0.241588762091452
0.0591975332305513	0.239676447505156
0.0595975165631901	0.237750228192146
0.059997499895829	0.235812358744435
0.0603974832284679	0.233864692626203
0.0607974665611067	0.231908947404783
0.0611974498937456	0.229946951757008
0.0615974332263844	0.227980844047287
0.0619974165590233	0.226013281282485
0.0623973998916622	0.224047608304727
0.062797383224301	0.222087936487678
0.0631973665569399	0.220139176319688
0.0635973498895787	0.218206982498808
0.0639973332222176	0.216297583933924
0.0643973165548564	0.214417508303502
0.0647972998874953	0.21257320716504
0.0651972832201342	0.210770664402813
0.065597266552773	0.20901510768379
0.0659972498854119	0.207310896962934
0.0663972332180508	0.205661587196965
0.0667972165506896	0.20407011389046
0.0671971998833285	0.202539009205326
0.0675971832159673	0.201070585364891
0.0679971665486062	0.199667078425291
0.0683971498812451	0.198330743120131
0.0687971332138839	0.197063980313281
0.0691971165465228	0.195869459478054
0.0695970998791616	0.194750182364301
0.0699970832118005	0.193709463673196
0.0703970665444393	0.192750859383387
0.0707970498770782	0.191877965416662
0.0711970332097171	0.191094228272758
0.0715970165423559	0.190402807624072
0.0719969998749948	0.189806507492638
0.0723969832076336	0.189307828402172
0.0727969665402725	0.188909111079679
0.0731969498729114	0.18861259402601
0.0735969332055502	0.188420399501591
0.0739969165381891	0.188334466429558
0.074396899870828	0.188356400459925
0.0747968832034668	0.188487331239664
0.0751968665361057	0.188727923153418
0.0755968498687445	0.189078440982111
0.0759968332013834	0.189538837935446
0.0763968165340222	0.190108845578419
0.0767967998666611	0.190787970319512
0.0771967831993	0.191575396411843
0.0775967665319388	0.19246993503894
0.0779967498645777	0.19346995546077
0.0783967331972165	0.194573309760367
0.0787967165298554	0.19577736364997
0.0791966998624943	0.197079065430257
0.0795966831951331	0.198474960397355
0.079996666527772	0.199961220338663
0.0803966498604109	0.201533685664993
0.0807966331930497	0.203187881588065
0.0811966165256886	0.204919067815216
0.0815965998583274	0.20672240698376
0.0819965831909663	0.208593142566676
0.0823965665236051	0.210526728361355
0.082796549856244	0.212518893938882
0.0831965331888829	0.214565591447094
0.0835965165215217	0.216662843088583
0.0839964998541606	0.21880653995243
0.0843964831867994	0.220992237379282
0.0847964665194383	0.223214991902796
0.0851964498520772	0.225469336540457
0.085596433184716	0.227749280102337
0.0859964165173549	0.23004827345852
0.0863963998499938	0.232359138625532
0.0867963831826326	0.234674004004195
0.0871963665152715	0.236984277821365
0.0875963498479103	0.239280747841283
0.0879963331805492	0.241553785804101
0.0883963165131881	0.243793645605226
0.0887962998458269	0.245990752742763
0.0891962831784658	0.248135892523242
0.0895962665111046	0.250220203958391
0.0899962498437435	0.252235124974834
0.0903962331763823	0.254172311444271
0.0907962165090212	0.256023577435616
0.0911961998416601	0.257780903302641
0.0915961831742989	0.259436561042858
0.0919961665069378	0.260983276795538
0.0923961498395766	0.262414434616398
0.0927961331722155	0.263724216151611
0.0931961165048544	0.264907666225167
0.0935960998374932	0.265960692264584
0.0939960831701321	0.266880047183837
0.094396066502771	0.267663249901502
0.0947960498354098	0.268308479183844
0.0951960331680487	0.268814432561678
0.0955960165006875	0.269180221455366
0.0959959998333264	0.269405311482445
0.0963959831659652	0.26948949813519
0.0967959664986041	0.269432917181479
0.097195949831243	0.269236114639952
0.0975959331638818	0.268900136096124
0.0979959164965207	0.26842662250188
0.0983958998291595	0.26781799458604
0.0987958831617984	0.267077715598528
0.0991958664944373	0.26621050356128
0.0995958498270761	0.265222429616171
0.099995833159715	0.264120882420179
0.100395816492354	0.262914303731871
0.100795799824993	0.261611739768725
0.101195783157632	0.260222355970736
0.10159576649027	0.258755061871597
0.101995749822909	0.257218172023941
0.102395733155548	0.255619216395206
0.102795716488187	0.253964922125289
0.103195699820826	0.252261190772868
0.103595683153465	0.250512948804861
0.103995666486104	0.248724050338551
0.104395649818742	0.246897190626349
0.104795633151381	0.245033844313294
0.10519561648402	0.243134293826003
0.105595599816659	0.24119781784764
0.105995583149298	0.239222916538525
0.106395566481937	0.237207571594832
0.106795549814576	0.235149475641795
0.107195533147214	0.233046224430111
0.107595516479853	0.230895428891227
0.107995499812492	0.228694844084184
0.108395483145131	0.226442539951825
0.10879546647777	0.224137077699568
0.109195449810409	0.2217776253813
0.109595433143048	0.219364073499765
0.109995416475686	0.216897125528973
0.110395399808325	0.214378278719902
0.110795383140964	0.211809678978357
0.111195366473603	0.209194003860133
0.111595349806242	0.206534366343967
0.111995333138881	0.203834187193931
0.11239531647152	0.201097091009965
0.112795299804159	0.198326821817206
0.113195283136797	0.195527105638635
0.113595266469436	0.192701451552167
0.113995249802075	0.189852973754262
0.114395233134714	0.186984254208948
0.114795216467353	0.184097251559156
0.115195199799992	0.181193340944972
0.115595183132631	0.178273494268472
0.115995166465269	0.175338534664166
0.116395149797908	0.172389328613913
0.116795133130547	0.169426947464755
0.117195116463186	0.166452750137851
0.117595099795825	0.163468408015263
0.117995083128464	0.16047587260773
0.118395066461103	0.157477418572591
0.118795049793741	0.15447576267639
0.11919503312638	0.151474219130858
0.119595016459019	0.148476816806291
0.119994999791658	0.145488287051116
0.120394983124297	0.142513841926913
0.120794966456936	0.139558857042314
0.121194949789575	0.136628571164018
0.121594933122213	0.133727803143195
0.121994916454852	0.130860797513484
0.122394899787491	0.128031330986747
0.12279488312013	0.125243017864298
0.123194866452769	0.122499692606386
0.123594849785408	0.119805793797282
0.123994833118047	0.117166667271085
0.124394816450685	0.11458870173204
0.124794799783324	0.112079267698923
0.125194783115963	0.109646548343822
0.125594766448602	0.107299352362474
0.125994749781241	0.105046845608097
0.12639473311388	0.102898226140242
0.126794716446519	0.10086244068108
0.127194699779157	0.0989479531753423
0.127594683111796	0.0971625534235871
0.127994666444435	0.0955133084272437
0.128394649777074	0.0940066123157722
0.128794633109713	0.0926483418372858
0.129194616442352	0.0914439964436162
0.129594599774991	0.0903987975552001
0.129994583107629	0.0895175754724752
0.130394566440268	0.0888045546242256
0.130794549772907	0.0882630487351823
0.131194533105546	0.0878951374829629
0.131594516438185	0.0877013975401131
0.131994499770824	0.0876808295927272
0.132394483103463	0.087830951008322
0.132794466436102	0.0881479984643408
0.13319444976874	0.0886271603574327
0.133594433101379	0.089262822895171
0.133994416434018	0.0900488011566329
0.134394399766657	0.0909785305781943
0.134794383099296	0.09204520849691
0.135194366431935	0.0932419280973928
0.135594349764574	0.0945617879942551
0.135994333097212	0.0959980261313589
0.136394316429851	0.0975441822052179
0.13679429976249	0.0991942976432871
0.137194283095129	0.100943153134418
0.137594266427768	0.102786549318675
0.137994249760407	0.104721548625453
0.138394233093046	0.106746624274887
0.138794216425684	0.108861593731364
0.139194199758323	0.111067384117614
0.139594183090962	0.113365584204575
0.139994166423601	0.11575795172281
0.14039414975624	0.118245998285929
0.140794133088879	0.120830699515131
0.141194116421518	0.123512253978994
0.141594099754156	0.126289991267427
0.141994083086795	0.129162348748138
0.142394066419434	0.132126815390928
0.142794049752073	0.135179844140575
0.143194033084712	0.13831685858593
0.143594016417351	0.141532288780825
0.14399399974999	0.144819744770717
0.144393983082628	0.148172299000445
0.144793966415267	0.151582802558322
0.145193949747906	0.155044088761813
0.145593933080545	0.158549102726444
0.145993916413184	0.162090858948436
0.146393899745823	0.165662261115941
0.146793883078462	0.169255930965531
0.1471938664111	0.172864167856244
0.147593849743739	0.176479047294441
0.147993833076378	0.180092645671351
0.148393816409017	0.183697284732619
0.148793799741656	0.187285816413177
0.149193783074295	0.19085180020985
0.149593766406934	0.194389485478426
0.149993749739572	0.197893625914891
0.150393733072211	0.201359298236376
0.15079371640485	0.204781674727618
0.151193699737489	0.208155898087093
0.151593683070128	0.211477148377438
0.151993666402767	0.21474083916175
0.152393649735406	0.217942799972776
0.152793633068044	0.221079494489114
0.153193616400683	0.224148102009697
0.153593599733322	0.227146366261381
0.153993583065961	0.230072321268073
0.1543935663986	0.232924020086852
0.154793549731239	0.235699166229193
0.155193533063878	0.238394865912311
0.155593516396517	0.241007635489845
0.155993499729155	0.24353350270833
0.156393483061794	0.245968129013972
0.156793466394433	0.248307066160818
0.157193449727072	0.250545973251565
0.157593433059711	0.252680688155944
0.15799341639235	0.254707305268867
0.158393399724989	0.256622332821288
0.158793383057627	0.258422748529984
0.159193366390266	0.260106055227077
0.159593349722905	0.261670328231047
0.159993333055544	0.26311416124818
0.160393316388183	0.26443654766753
0.160793299720822	0.265636804301065
0.161193283053461	0.266714438872639
0.161593266386099	0.267669047847218
0.161993249718738	0.268500393250508
0.162393233051377	0.269208599890161
0.162793216384016	0.269794331441707
0.163193199716655	0.270259022852212
0.163593183049294	0.270605043251824
0.163993166381933	0.270835756782295
0.164393149714571	0.270955473709238
0.16479313304721	0.270969349762455
0.165193116379849	0.270883167211852
0.165593099712488	0.270703114465168
0.165993083045127	0.270435568123408
0.166393066377766	0.270086877188482
0.166793049710405	0.269663202977724
0.167193033043043	0.269170499974368
0.167593016375682	0.268614550242786
0.167992999708321	0.268001023981664
0.16839298304096	0.267335536660275
0.168792966373599	0.266623695428758
0.169192949706238	0.265871091111109
0.169592933038877	0.265083276110662
0.169992916371515	0.264265705561282
0.170392899704154	0.263423645001096
0.170792883036793	0.262562088806007
0.171192866369432	0.261685718002451
0.171592849702071	0.260798883490962
0.17199283303471	0.259905599876727
0.172392816367349	0.259009541565775
0.172792799699988	0.258114044844528
0.173192783032626	0.257222133580308
0.173592766365265	0.25633659017831
0.173992749697904	0.255459955317597
0.174392733030543	0.254594445716453
0.174792716363182	0.253741814641341
0.175192699695821	0.252903163614437
0.17559268302846	0.252078719884667
0.175992666361098	0.251267761089091
0.176392649693737	0.250468624901085
0.176792633026376	0.249678695559085
0.177192616359015	0.248894405190629
0.177592599691654	0.248111266398066
0.177992583024293	0.247323805675131
0.178392566356932	0.246525551231364
0.17879254968957	0.245709215486446
0.179192533022209	0.244867036087605
0.179592516354848	0.243991245476185
0.179992499687487	0.243074720302829
0.180392483020126	0.242111588263962
0.180792466352765	0.241097670589839
0.181192449685404	0.240030825590427
0.181592433018042	0.238911096280257
0.181992416350681	0.237740605053587
0.18239239968332	0.23652329788153
0.182792383015959	0.23526459235628
0.183192366348598	0.233970856816034
0.183592349681237	0.232648762822481
0.183992333013876	0.231304599932483
0.184392316346514	0.229943690263199
0.184792299679153	0.228570027235532
0.185192283011792	0.227186190193425
0.185592266344431	0.225793500601234
0.18599224967707	0.224392396414631
0.186392233009709	0.222982920726299
0.186792216342348	0.221565207468907
0.187192199674986	0.220139882956828
0.187592183007625	0.218708313602978
0.187992166340264	0.217272647120401
0.188392149672903	0.215835712468073
0.188792133005542	0.214400765199635
0.189192116338181	0.212971113431061
0.18959209967082	0.211549801836676
0.189992083003458	0.210139463751468
0.190392066336097	0.2087423218656
0.190792049668736	0.207360317716158
0.191192033001375	0.205995352621043
0.191592016334014	0.204649571644645
0.191991999666653	0.203325584743102
0.192391982999292	0.202026549679598
0.19279196633193	0.200756063498276
0.193191949664569	0.199517902274392
0.193591932997208	0.198315691015692
0.193991916329847	0.197152612910848
0.194391899662486	0.196031219411205
0.194791882995125	0.194953407363544
0.195191866327764	0.193920575699201
0.195591849660403	0.192933938065388
0.195991832993041	0.191994825404642
0.19639181632568	0.191104889956511
0.196791799658319	0.190266218284509
0.197191782990958	0.189481325073992
0.197591766323597	0.188753018619488
0.197991749656236	0.188084273627429
0.198391732988875	0.187478196927214
0.198791716321513	0.186938136127909
0.199191699654152	0.18646786634259
0.199591682986791	0.186071752104991
0.19999166631943	0.185754818104623
0.200391649652069	0.185522709950122
0.200791632984708	0.185381525850044
0.201191616317347	0.185337409610707
0.201591599649985	0.185396017042062
0.201991582982624	0.185562012547045
0.202391566315263	0.18583862696834
0.202791549647902	0.18622731218206
0.203191532980541	0.186727635421879
0.20359151631318	0.18733739050955
0.203991499645819	0.188052871210808
0.204391482978457	0.188869264696655
0.204791466311096	0.18978108649848
0.205191449643735	0.190782527029894
0.205591432976374	0.191867704571396
0.205991416309013	0.193030824541401
0.206391399641652	0.194266251418809
0.206791382974291	0.19556841794808
0.207191366306929	0.196931706895261
0.207591349639568	0.198350338589379
0.207991332972207	0.199818253552389
0.208391316304846	0.201329063629502
0.208791299637485	0.202876168595336
0.209191282970124	0.204452908644888
0.209591266302763	0.206052685986911
0.209991249635401	0.207669060635702
0.21039123296804	0.209295818843466
0.210791216300679	0.210926783429142
0.211191199633318	0.212555569152788
0.211591182965957	0.214175380228818
0.211991166298596	0.215778936803961
0.212391149631235	0.217358436854366
0.212791132963874	0.218905734511421
0.213191116296512	0.220412613151115
0.213591099629151	0.221871186115717
0.21399108296179	0.223274274220344
0.214391066294429	0.224615776754296
0.214791049627068	0.225890886313718
0.215191032959707	0.227096176655701
0.215591016292346	0.22822947397122
0.215990999624984	0.229289518152705
0.216390982957623	0.230275406748327
0.216790966290262	0.231186114634131
0.217190949622901	0.232020064697744
0.21759093295554	0.232774784416872
0.217990916288179	0.233446723497357
0.218390899620818	0.23403130912254
0.218790882953456	0.234523148491731
0.219190866286095	0.234916419956195
0.219590849618734	0.23520539654912
0.219990832951373	0.235385034218246
0.220390816284012	0.235451528648001
0.220790799616651	0.235402730502744
0.22119078294929	0.23523827549954
0.221590766281928	0.234959560761971
0.221990749614567	0.23456944709114
0.222390732947206	0.234071706010758
0.222790716279845	0.23347042705073
0.223190699612484	0.232769619635623
0.223590682945123	0.231972938337493
0.223990666277762	0.23108374575628
0.2243906496104	0.230105425919645
0.224790632943039	0.229041887927226
0.225190616275678	0.227898063660721
0.225590599608317	0.226680325714965
0.225990582940956	0.225396500296797
0.226390566273595	0.224055643750121
0.226790549606234	0.222667677216169
0.227190532938872	0.221243005271337
0.227590516271511	0.21979220466194
0.22799049960415	0.21832600846184
0.228390482936789	0.216855506007956
0.228790466269428	0.215392389746807
0.229190449602067	0.21394904045928
0.229590432934706	0.212538439122966
0.229990416267344	0.2111739068434
0.230390399599983	0.209868748719989
0.230790382932622	0.208635883805061
0.231190366265261	0.207487638849833
0.2315903495979	0.206435696095566
0.231990332930539	0.205491124749582
0.232390316263178	0.20466446301576
0.232790299595816	0.203965790949602
0.233190282928455	0.203404741784869
0.233590266261094	0.202990440709774
0.233990249593733	0.202731421297087
0.234390232926372	0.202635511779551
0.234790216259011	0.202709718861401
0.23519019959165	0.202960188729008
0.235590182924289	0.203392220323347
0.235990166256927	0.204010266805376
0.236390149589566	0.204817888862938
0.236790132922205	0.205817675972413
0.237190116254844	0.207011105556903
0.237590099587483	0.208398319855443
0.237990082920122	0.209977958823782
0.238390066252761	0.211747117280675
0.238790049585399	0.213701363227674
0.239190032918038	0.215834854766962
0.239590016250677	0.218140585032316
0.239989999583316	0.220610667812315
0.240389982915955	0.223236612154338
0.240789966248594	0.226009621767527
0.241189949581233	0.22892079346317
0.241589932913871	0.231961108579208
0.24198991624651	0.235121351819923
0.242389899579149	0.23839196938902
0.242789882911788	0.241762734944959
0.243189866244427	0.245222411055617
0.243589849577066	0.248758610925625
0.243989832909705	0.252357861724844
0.244389816242343	0.25600585845041
0.244789799574982	0.259688004109687
0.245189782907621	0.263389950981288
0.24558976624026	0.267098026367208
0.245989749572899	0.270799520588544
0.246389732905538	0.27448273409355
0.246789716238177	0.278136751776339
0.247189699570815	0.281751250046036
0.247589682903454	0.285316424045958
0.247989666236093	0.288822944343989
0.248389649568732	0.292262032706923
0.248789632901371	0.295625771431212
0.24918961623401	0.298907416287802
0.249589599566649	0.302101546789503
0.249989582899287	0.305204090095999
0.250389566231926	0.308212233373069
0.250789549564565	0.311124171847075
0.251189532897204	0.313938856839721
0.251589516229843	0.31665587950338
0.251989499562482	0.319275413766378
0.252389482895121	0.321798215349798
0.252789466227759	0.324225740867342
0.253189449560398	0.326560252863822
0.253589432893037	0.328804773954066
0.253989416225676	0.330963049955501
0.254389399558315	0.333039616201354
0.254789382890954	0.335039773637233
0.255189366223593	0.336969530224733
0.255589349556232	0.338835638554769
0.25598933288887	0.340645572698196
0.256389316221509	0.34240727134396
0.256789299554148	0.344128760638209
0.257189282886787	0.345817657510109
0.257589266219426	0.347480608912799
0.257989249552065	0.349122855196839
0.258389232884704	0.350748090476582
0.258789216217342	0.352358513189073
0.259189199549981	0.353955143600595
0.25958918288262	0.355538327222006
0.259989166215259	0.357108206610253
0.260389149547898	0.35866502354379
0.260789132880537	0.360209293187075
0.261189116213176	0.361741754329768
0.261589099545814	0.36326314020988
0.261989082878453	0.364773917909765
0.262389066211092	0.366274071141999
0.262789049543731	0.367762981583381
0.26318903287637	0.369239514842559
0.263589016209009	0.370702212840441
0.263988999541648	0.372149465932315
0.264388982874286	0.37357962792182
0.264788966206925	0.374991068973134
0.265188949539564	0.376382029847373
0.265588932872203	0.377750368948387
0.265988916204842	0.379093326849324
0.266388899537481	0.380407358255657
0.26678888287012	0.38168810805279
0.267188866202758	0.382930607071158
0.267588849535397	0.384129586958492
0.267988832868036	0.38527971203915
0.268388816200675	0.386375705978947
0.268788799533314	0.387412359806054
0.269188782865953	0.388384390037457
0.269588766198592	0.389286188431487
0.26998874953123	0.390111629354719
0.270388732863869	0.390853992577119
0.270788716196508	0.391506039229924
0.271188699529147	0.392060276753681
0.271588682861786	0.392509405130388
0.271988666194425	0.392846928483174
0.272388649527064	0.393067824559533
0.272788632859703	0.393169023428377
0.273188616192341	0.393149617896752
0.27358859952498	0.393010749546224
0.273988582857619	0.392755182313818
0.274388566190258	0.392386603873412
0.274788549522897	0.391908906932703
0.275188532855536	0.39132562684963
0.275588516188174	0.39063964193136
0.275988499520813	0.389853190721416
0.276388482853452	0.388968061099944
0.276788466186091	0.387985808067897
0.27718844951873	0.38690796067595
0.277588432851369	0.385736234075942
0.277988416184008	0.384472721563805
0.278388399516647	0.383120072858442
0.278788382849285	0.381681721483679
0.279188366181924	0.38016208568013
0.279588349514563	0.378566544558562
0.279988332847202	0.376901179604056
0.280388316179841	0.37517230531429
0.28078829951248	0.373385874591071
0.281188282845119	0.371546890042394
0.281588266177757	0.369659069890753
0.281988249510396	0.367724802795971
0.282388232843035	0.365745446662896
0.282788216175674	0.363721914619608
0.283188199508313	0.361655433502882
0.283588182840952	0.359548236292315
0.283988166173591	0.357404050688012
0.284388149506229	0.355228341212275
0.284788132838868	0.353028214504631
0.285188116171507	0.350812013859951
0.285588099504146	0.348588778635681
0.285988082836785	0.346367700698936
0.286388066169424	0.344157692902028
0.286788049502063	0.341967144055596
0.287188032834701	0.339803838433803
0.28758801616734	0.337675011576671
0.287987999499979	0.335587465523954
0.288387982832618	0.33354766203016
0.288787966165257	0.331561657882582
0.289187949497896	0.329634958586614
0.289587932830535	0.327772345732892
0.289987916163173	0.325977743454175
0.290387899495812	0.324254174796246
0.290787882828451	0.322603915327984
0.29118786616109	0.321028722701676
0.291587849493729	0.319530144404185
0.291987832826368	0.318109771065426
0.292387816159007	0.316769353324592
0.292787799491645	0.315510799600793
0.293187782824284	0.314336134050362
0.293587766156923	0.313247369787156
0.293987749489562	0.312246407973324
0.294387732822201	0.311335001454615
0.29478771615484	0.310514779845469
0.295187699487479	0.309787287456958
0.295587682820117	0.309154051729562
0.295987666152756	0.30861665690636
0.296387649485395	0.308176897954015
0.296787632818034	0.307836823489071
0.297187616150673	0.307598566570224
0.297587599483312	0.307463971250959
0.297987582815951	0.307434077860354
0.29838756614859	0.307508467475844
0.298787549481228	0.307684771980529
0.299187532813867	0.307958495488504
0.299587516146506	0.308323169703151
0.299987499479145	0.308770845190991
0.300387482811784	0.309292829918572
0.300787466144423	0.309880368611829
0.301187449477062	0.310525234745425
0.3015874328097	0.311220054676722
0.301987416142339	0.311958323869976
0.302387399474978	0.312734190079963
0.302787382807617	0.313542171456997
0.303187366140256	0.314376790857486
0.303587349472895	0.315232303403938
0.303987332805534	0.316102548082598
0.304387316138172	0.316980962356895
0.304787299470811	0.317860795960152
0.30518728280345	0.318735496753044
0.305587266136089	0.319599077746841
0.305987249468728	0.320446379381936
0.306387232801367	0.321273193416827
0.306787216134006	0.322076138560596
0.307187199466644	0.322852392462347
0.307587182799283	0.323599411970471
0.307987166131922	0.324314638741943
0.308387149464561	0.32499521498985
0.3087871327972	0.325637830166339
0.309187116129839	0.326238674917919
0.309587099462478	0.326793566862447
0.309987082795116	0.327298268984369
0.310387066127755	0.327748929734286
0.310787049460394	0.32814250898147
0.311187032793033	0.32847715301646
0.311587016125672	0.328752346298938
0.311986999458311	0.328968823761308
0.31238698279095	0.329128322053475
0.312786966123588	0.329233343478818
0.313186949456227	0.329286806659747
0.313586932788866	0.329291718165596
0.313986916121505	0.329250960484403
0.314386899454144	0.329167121076585
0.314786882786783	0.329042369800047
0.315186866119422	0.328878495973625
0.315586849452061	0.328677033587962
0.315986832784699	0.328439483016789
0.316386816117338	0.328167651272333
0.316786799449977	0.327863984399289
0.317186782782616	0.327531717665254
0.317586766115255	0.327174961649561
0.317986749447894	0.326798609058159
0.318386732780533	0.326408041154544
0.318786716113171	0.326008746939786
0.31918669944581	0.325605996352947
0.319586682778449	0.325204529125845
0.319986666111088	0.324808351203387
0.320386649443727	0.324420654901501
0.320786632776366	0.324043885652366
0.321186616109005	0.323679960380561
0.321586599441643	0.323330442251964
0.321986582774282	0.322996536107756
0.322386566106921	0.322678949977446
0.32278654943956	0.322377641011615
0.323186532772199	0.322091524322747
0.323586516104838	0.321818306607584
0.323986499437477	0.321554545148388
0.324386482770115	0.321295970472481
0.324786466102754	0.321038018661654
0.325186449435393	0.320776289223598
0.325586432768032	0.320506769400814
0.325986416100671	0.320225909478392
0.32638639943331	0.319930475876953
0.326786382765949	0.319617199170722
0.327186366098587	0.319282458570715
0.327586349431226	0.318922149986044
0.327986332763865	0.318531663956993
0.328386316096504	0.318106002610556
0.328786299429143	0.317639942408225
0.329186282761782	0.317128173125036
0.329586266094421	0.316565468054083
0.329986249427059	0.315946870634515
0.330386232759698	0.315267824577722
0.330786216092337	0.314524312068827
0.331186199424976	0.313713062923857
0.331586182757615	0.312831825684935
0.331986166090254	0.311879535198677
0.332386149422893	0.310856362506704
0.332786132755531	0.309763663457816
0.33318611608817	0.308603771867909
0.333586099420809	0.30737956159598
0.333986082753448	0.306093985868871
0.334386066086087	0.304749732921592
0.334786049418726	0.303348969387656
0.335186032751365	0.301893290539338
0.335586016084004	0.30038394375904
0.335985999416642	0.298822188970879
0.336385982749281	0.297209738830375
0.33678596608192	0.295549255319958
0.337185949414559	0.293844706324743
0.337585932747198	0.292101485747338
0.337985916079837	0.290326456909523
0.338385899412475	0.288527840955357
0.338785882745114	0.286714812005383
0.339185866077753	0.284896979525626
0.339585849410392	0.283083834386413
0.339985832743031	0.281284158159805
0.34038581607567	0.279505556637475
0.340785799408309	0.277754261524228
0.341185782740948	0.276035136137547
0.341585766073586	0.274351845256841
0.341985749406225	0.272707194231873
0.342385732738864	0.271103406209637
0.342785716071503	0.269542279449843
0.343185699404142	0.268025311620853
0.343585682736781	0.266553819308474
0.34398566606942	0.265128960278503
0.344385649402058	0.263751800692785
0.344785632734697	0.262423448919931
0.345185616067336	0.261145175070311
0.345585599399975	0.259918436553566
0.345985582732614	0.258744836522625
0.346385566065253	0.257625965151988
0.346785549397892	0.256563212734905
0.34718553273053	0.255557620765412
0.347585516063169	0.254609808208463
0.347985499395808	0.253719928995823
0.348385482728447	0.252887677634852
0.348785466061086	0.252112313802514
0.349185449393725	0.251392707560141
0.349585432726364	0.25072735362244
0.349985416059002	0.25011429026581
0.350385399391641	0.249550982466392
0.35078538272428	0.249034224423882
0.351185366056919	0.248560074882956
0.351585349389558	0.248123953710312
0.351985332722197	0.247720963918465
0.352385316054836	0.247346260466891
0.352785299387474	0.246995352314869
0.353185282720113	0.246664296126653
0.353585266052752	0.24634967794112
0.353985249385391	0.246048350660915
0.35438523271803	0.245757168288049
0.354785216050669	0.245472778796006
0.355185199383308	0.245191524468746
0.355585182715946	0.2449095751052
0.355985166048585	0.24462319736754
0.356385149381224	0.244328970772265
0.356785132713863	0.244023944194051
0.357185116046502	0.243705672923211
0.357585099379141	0.243372041393893
0.35798508271178	0.243020995739914
0.358385066044418	0.242650308300487
0.358785049377057	0.242257371098376
0.359185032709696	0.241839115892547
0.359585016042335	0.241392139626365
0.359984999374974	0.240912901345008
0.360384982707613	0.240397835770883
0.360784966040252	0.239843458800314
0.361184949372891	0.239246339617316
0.361584932705529	0.238602905780378
0.361984916038168	0.237909228830046
0.362384899370807	0.237161012904403
0.362784882703446	0.236353828654661
0.363184866036085	0.23548365431362
0.363584849368724	0.234547636543851
0.363984832701363	0.233544811062178
0.364384816034001	0.232476593147113
0.36478479936664	0.231346930665391
0.365184782699279	0.2301620630806
0.365584766031918	0.228929911524601
0.365984749364557	0.227659263633774
0.366384732697196	0.22635890164153
0.366784716029835	0.225036796638197
0.367184699362473	0.223699458278042
0.367584682695112	0.222351551422698
0.367984666027751	0.220995903102762
0.36838464936039	0.219633879793649
0.368784632693029	0.218265900968836
0.369184616025668	0.216892040831246
0.369584599358307	0.215512581978028
0.369984582690945	0.214128389181308
0.370384566023584	0.212741027630862
0.370784549356223	0.211352793747733
0.371184532688862	0.209966645649053
0.371584516021501	0.208586093293306
0.37198449935414	0.207215147587547
0.372384482686779	0.2058583005465
0.372784466019417	0.204520369973613
0.373184449352056	0.203206235104522
0.373584432684695	0.201920513016982
0.373984416017334	0.200667260702926
0.374384399349973	0.19944970673829
0.374784382682612	0.198270191247284
0.375184366015251	0.197130332864722
0.375584349347889	0.196031365529867
0.375984332680528	0.194974551001549
0.376384316013167	0.193961585350494
0.376784299345806	0.192994824609296
0.377184282678445	0.192077303648087
0.377584266011084	0.191212548992163
0.377984249343723	0.190404267956514
0.378384232676362	0.189656003708539
0.378784216009	0.188970936927237
0.379184199341639	0.188351867289687
0.379584182674278	0.187801372569095
0.379984166006917	0.187322055311672
0.380384149339556	0.186916860119966
0.380784132672195	0.186589350419496
0.381184116004834	0.186343864876453
0.381584099337472	0.18618547074324
0.381984082670111	0.186119794041244
0.38238406600275	0.186152778600913
0.382784049335389	0.186290421543924
0.383184032668028	0.186538485404098
0.383584016000667	0.186902333462793
0.383983999333306	0.187386835473347
0.384383982665944	0.187996309553328
0.384783965998583	0.188734424851123
0.385183949331222	0.189604099845162
0.385583932663861	0.190607349131007
0.3859839159965	0.191745140026108
0.386383899329139	0.1930172993265
0.386783882661778	0.194422576918841
0.387183865994416	0.195958785012646
0.387583849327055	0.197622968564134
0.387983832659694	0.199411510414903
0.388383815992333	0.201320157058009
0.388783799324972	0.203343937937653
0.389183782657611	0.20547707335908
0.38958376599025	0.207712946177793
0.389983749322888	0.210044218919718
0.390383732655527	0.212463085429649
0.390783715988166	0.21496162510332
0.391183699320805	0.217532111995873
0.391583682653444	0.220167215313857
0.391983665986083	0.222860079184099
0.392383649318722	0.225604417726828
0.39278363265136	0.228394457963693
0.393183615983999	0.231224818462974
0.393583599316638	0.234090316439724
0.393983582649277	0.236985624182358
0.394383565981916	0.239904719243743
0.394783549314555	0.242840428500657
0.395183532647194	0.245784103468652
0.395583515979832	0.248725563501234
0.395983499312471	0.251653423947176
0.39638348264511	0.254555822526107
0.396783465977749	0.257421235745109
0.397183449310388	0.260239392088191
0.397583432643027	0.263001979835017
0.397983415975666	0.265702997019293
0.398383399308305	0.268338707203807
0.398783382640943	0.270907401821375
0.399183365973582	0.273408871364438
0.399583349306221	0.275843848873563
0.39998333263886	0.278213531877796
0.400383315971499	0.280519187044251
0.400783299304138	0.282761854861125
0.401183282636777	0.284942256219688
0.401583265969415	0.28706076625855
0.401983249302054	0.289117397984503
0.402383232634693	0.291111722654243
0.402783215967332	0.293042769799398
0.403183199299971	0.294908964878725
0.40358318263261	0.296708184696486
0.403983165965249	0.298437795245751
0.404383149297887	0.30009474461923
0.404783132630526	0.301675684385497
0.405183115963165	0.303177080053091
0.405583099295804	0.304595326115743
0.405983082628443	0.305926991862264
0.406383065961082	0.307169127465221
0.406783049293721	0.308319625107806
0.407183032626359	0.309377611533931
0.407583015958998	0.310343725713726
0.407982999291637	0.311220206843725
0.408382982624276	0.312010842351329
0.408782965956915	0.312720754125241
0.409182949289554	0.313355979572478
0.409582932622193	0.313923006894069
0.409982915954831	0.314428411276887
0.41038289928747	0.314878567872906
0.410782882620109	0.315279473710806
0.411182865952748	0.315636696061598
0.411582849285387	0.315955369757916
0.411982832618026	0.316240222516947
0.412382815950665	0.316495608901288
0.412782799283303	0.31672550167491
0.413182782615942	0.316933425526785
0.413582765948581	0.317122425777584
0.41398274928122	0.317295083576831
0.414382732613859	0.317453638734237
0.414782715946498	0.317600229860177
0.415182699279137	0.317737158649068
0.415582682611776	0.317867091902428
0.415982665944414	0.317993168529639
0.416382649277053	0.318118990052756
0.416782632609692	0.318248430026236
0.417182615942331	0.318385439347968
0.41758259927497	0.318533815420194
0.417982582607609	0.318696945806434
0.418382565940248	0.31887757174065
0.418782549272886	0.319077664469992
0.419182532605525	0.319298357769674
0.419582515938164	0.319539993874331
0.419982499270803	0.319802251403602
0.420382482603442	0.320084338583863
0.420782465936081	0.320385192806912
0.42118244926872	0.32070365307033
0.421582432601358	0.321038524757019
0.421982415933997	0.321388643752186
0.422382399266636	0.32175285135606
0.422782382599275	0.322129871121289
0.423182365931914	0.322518041699499
0.423582349264553	0.322914993363001
0.423982332597192	0.323317276984649
0.42438231592983	0.323720081617456
0.424782299262469	0.32411709837378
0.425182282595108	0.324500600052382
0.425582265927747	0.324861804882605
0.425982249260386	0.325191475520974
0.426382232593025	0.325480501634126
0.426782215925664	0.325720379196293
0.427182199258302	0.325903546315038
0.427582182590941	0.326023593065923
0.42798216592358	0.326075221854514
0.428382149256219	0.326054141245073
0.428782132588858	0.325957001222087
0.429182115921497	0.325781326793392
0.429582099254136	0.325525354735454
0.429982082586774	0.325187880244422
0.430382065919413	0.324768074176101
0.430782049252052	0.324265259055566
0.431182032584691	0.323678786205246
0.43158201591733	0.323008045061668
0.431981999249969	0.322252506929762
0.432381982582608	0.321411891981459
0.432781965915246	0.320486423151855
0.433181949247885	0.319476999639339
0.433581932580524	0.318385297010237
0.433981915913163	0.317213908925114
0.434381899245802	0.315966406274076
0.434781882578441	0.314647286068301
0.43518186591108	0.313261953404718
0.435581849243718	0.311816673081423
0.435981832576357	0.310318411384372
0.436381815908996	0.308774605132653
0.436781799241635	0.307192855096755
0.437181782574274	0.305580575400776
0.437581765906913	0.303944645513585
0.437981749239552	0.302291142115372
0.43838173257219	0.300625164429615
0.438781715904829	0.298950824646875
0.439181699237468	0.29727137689995
0.439581682570107	0.295589433336104
0.439981665902746	0.293907201090473
0.440381649235385	0.292226733480959
0.440781632568024	0.290550126033377
0.441181615900663	0.28887965808438
0.441581599233301	0.287217815714089
0.44198158256594	0.285567241443912
0.442381565898579	0.283930666058962
0.442781549231218	0.282310804762754
0.443181532563857	0.280710216639645
0.443581515896496	0.279131216739172
0.443981499229135	0.277575841724328
0.444381482561773	0.27604585834059
0.444781465894412	0.274542869915292
0.445181449227051	0.27306852393824
0.44558143255969	0.271624771132677
0.445981415892329	0.270214067961472
0.446381399224968	0.268839423751105
0.446781382557607	0.267504243408413
0.447181365890245	0.266211990612006
0.447581349222884	0.264965756712289
0.447981332555523	0.263767828178685
0.448381315888162	0.262619361554152
0.448781299220801	0.261520252965189
0.44918128255344	0.260469192859579
0.449581265886079	0.25946385295235
0.449981249218717	0.258501109879621
0.450381232551356	0.257577256363322
0.450781215883995	0.256688130536474
0.451181199216634	0.255829160924767
0.451581182549273	0.254995413390066
0.451981165881912	0.254181598442869
0.452381149214551	0.253382041710882
0.452781132547189	0.252590584539521
0.453181115879828	0.251800456843056
0.453581099212467	0.251004123293977
0.453981082545106	0.250193258616635
0.454381065877745	0.249358909168615
0.454781049210384	0.248491775005003
0.455181032543023	0.247582626387503
0.455581015875661	0.24662284654649
0.4559809992083	0.245604930424386
0.456380982540939	0.244522706367837
0.456780965873578	0.243371289576481
0.457180949206217	0.242146804915624
0.457580932538856	0.240845925680268
0.457980915871495	0.239465326641963
0.458380899204133	0.238001249671421
0.458780882536772	0.23644930021199
0.459180865869411	0.234804442626005
0.45958084920205	0.233061159805415
0.459980832534689	0.231213791884262
0.460380815867328	0.229256956730021
0.460780799199967	0.227186031693008
0.461180782532606	0.224997627909204
0.461580765865244	0.222689963792051
0.461980749197883	0.22026300220675
0.462380732530522	0.217718327007071
0.462780715863161	0.2150588272017
0.4631806991958	0.212288184519383
0.463580682528439	0.209410314327109
0.463980665861078	0.206429063217211
0.464380649193716	0.203348307679824
0.464780632526355	0.200172304136206
0.465180615858994	0.196906176002697
0.465580599191633	0.193556399849055
0.465980582524272	0.190131063011402
0.466380565856911	0.186639807184884
0.46678054918955	0.1830936388799
0.467180532522188	0.17950469766301
0.467580515854827	0.175886077761408
0.467980499187466	0.172251820554878
0.468380482520105	0.16861706746755
0.468780465852744	0.164998141109638
0.469180449185383	0.161412483321932
0.469580432518022	0.157878394627238
0.46998041585066	0.154414574801394
0.470380399183299	0.151039540274094
0.470780382515938	0.147771102392105
0.471180365848577	0.144625993947499
0.471580349181216	0.141619675139135
0.471980332513855	0.1387662631705
0.472380315846494	0.136078575284457
0.472780299179132	0.133568205916568
0.473180282511771	0.131245635656134
0.47358026584441	0.12912028860814
0.473980249177049	0.127200615128449
0.474380232509688	0.125494112011798
0.474780215842327	0.124007353481989
0.475180199174966	0.122745926144721
0.475580182507604	0.121714288043977
0.475980165840243	0.120915536715515
0.476380149172882	0.120351241622071
0.476780132505521	0.120021360224476
0.47718011583816	0.119924363939421
0.477580099170799	0.120057503525691
0.477980082503438	0.1204171855093
0.478380065836077	0.120999347344701
0.478780049168715	0.121799765490363
0.479180032501354	0.122814091431241
0.479580015833993	0.124037761303047
0.479979999166632	0.125465839044028
0.480379982499271	0.127092813352635
0.48077996583191	0.128912388510833
0.481179949164549	0.130917400645135
0.481579932497187	0.1330997762003
0.481979915829826	0.135450536490972
0.482379899162465	0.13795991274575
0.482779882495104	0.140617485106879
0.483179865827743	0.143412349023117
0.483579849160382	0.146333331781626
0.483979832493021	0.149369199631926
0.484379815825659	0.152508772168687
0.484779799158298	0.155741016288523
0.485179782490937	0.159055054513617
0.485579765823576	0.162440142733209
0.485979749156215	0.165885687530693
0.486379732488854	0.169381320820556
0.486779715821493	0.172916942361179
0.487179699154131	0.176482828998265
0.48757968248677	0.180069779341942
0.487979665819409	0.183669182901943
0.488379649152048	0.187273035393822
0.488779632484687	0.190873912748482
0.489179615817326	0.194464884358592
0.489579599149965	0.198039373185726
0.489979582482603	0.201590967272482
0.490379565815242	0.205113129366989
0.490779549147881	0.208598841744838
0.49117953248052	0.212040277565778
0.491579515813159	0.215428592380226
0.491979499145798	0.218753864538295
0.492379482478437	0.222005294752727
0.492779465811076	0.225171689847517
0.493179449143714	0.228242077941873
0.493579432476353	0.231206293266136
0.493979415808992	0.234055452446318
0.494379399141631	0.236782214310706
0.49477938247427	0.239380786002033
0.495179365806909	0.241846783527869
0.495579349139547	0.244177079839379
0.495979332472186	0.246369751202142
0.496379315804825	0.248424155632096
0.496779299137464	0.250341188104642
0.497179282470103	0.2521235676297
0.497579265802742	0.253776088337978
0.497979249135381	0.25530575620458
0.49837923246802	0.256721689643785
0.498779215800658	0.258034779515562
0.499179199133297	0.259257321324669
0.499579182465936	0.260402615789218
0.499979165798575	0.261484455700902
0.500379149131214	0.262516640508495
0.500779132463853	0.263512599540169
0.501179115796492	0.264484988518126
0.50157909912913	0.265445269875666
0.501979082461769	0.266403440358458
0.502379065794408	0.267367883823201
0.502779049127047	0.268345355390597
0.503179032459686	0.269341199633306
0.503579015792325	0.270359681713021
0.503978999124964	0.271404315182181
0.504378982457602	0.272478241303059
0.504778965790241	0.273584556925711
0.50517894912288	0.274726405408673
0.505578932455519	0.275906933982579
0.505978915788158	0.277129222369768
0.506378899120797	0.278396144294261
0.506778882453436	0.279710167255641
0.507178865786075	0.281073237148868
0.507578849118713	0.2824867064354
0.507978832451352	0.283951240841399
0.508378815783991	0.285466725768228
0.50877879911663	0.287032192388346
0.509178782449269	0.288645703693384
0.509578765781908	0.290304264006028
0.509978749114546	0.29200377332264
0.510378732447185	0.29373902362209
0.510778715779824	0.295503756224573
0.511178699112463	0.297290832264908
0.511578682445102	0.299092440082043
0.511978665777741	0.300900288306526
0.51237864911038	0.302705821847836
0.512778632443018	0.304500391067641
0.513178615775657	0.306275337649049
0.513578599108296	0.308022031898861
0.513978582440935	0.309731904732616
0.514378565773574	0.311396447218501
0.514778549106213	0.313007226567881
0.515178532438852	0.314555945435501
0.51557851577149	0.316034562325234
0.515978499104129	0.317435483683801
0.516378482436768	0.318751755555249
0.516778465769407	0.319977187188666
0.517178449102046	0.3211064209806
0.517578432434685	0.322134916497787
0.517978415767324	0.323058918925586
0.518378399099963	0.323875450750282
0.518778382432601	0.324582336129135
0.51917836576524	0.325178183373065
0.519578349097879	0.325662363433612
0.519978332430518	0.326034895814761
0.520378315763157	0.326296214749705
0.520778299095796	0.32644692145364
0.521178282428435	0.326487613147107
0.521578265761073	0.326418792649283
0.521978249093712	0.326240998471336
0.522378232426351	0.325955047792097
0.52277821575899	0.325562269117473
0.523178199091629	0.325064659166056
0.523578182424268	0.324464979254356
0.523978165756907	0.323766619864877
0.524378149089545	0.32297341517943
0.524778132422184	0.322089446395062
0.525178115754823	0.321118826943227
0.525578099087462	0.320065498571753
0.525978082420101	0.31893316616494
0.52637806575274	0.317725204185195
0.526778049085379	0.316444557324144
0.527178032418017	0.31509371430948
0.527578015750656	0.313674745705739
0.527977999083295	0.312189342488119
0.528377982415934	0.310638997107856
0.528777965748573	0.309025267912408
0.529177949081212	0.30735004014364
0.529577932413851	0.30561576764758
0.529977915746489	0.303825710447321
0.530377899079128	0.301984081396911
0.530777882411767	0.300096103044734
0.531177865744406	0.298168034909295
0.531577849077045	0.296207172109864
0.531977832409684	0.294221774614429
0.532377815742323	0.292220919045454
0.532777799074961	0.290214310851282
0.5331777824076	0.288212028045638
0.533577765740239	0.286224174873971
0.533977749072878	0.284260508207303
0.534377732405517	0.282330132623239
0.534777715738156	0.280441303246097
0.535177699070795	0.278601400602548
0.535577682403434	0.276816984743142
0.535977665736072	0.275093798060758
0.536377649068711	0.273436689933092
0.53677763240135	0.271849504858282
0.537177615733989	0.270334927892596
0.537577599066628	0.268894353472783
0.537977582399267	0.267527929678284
0.538377565731906	0.266234775376424
0.538777549064544	0.265013199607188
0.539177532397183	0.263860860698301
0.539577515729822	0.262774798521894
0.539977499062461	0.261751317402674
0.5403774823951	0.260785819103148
0.540777465727739	0.259872758624318
0.541177449060378	0.259005698724828
0.541577432393016	0.258177470168166
0.541977415725655	0.257380472308861
0.542377399058294	0.256606928084497
0.542777382390933	0.255848928048804
0.543177365723572	0.25509837728624
0.543577349056211	0.25434699088793
0.543977332388849	0.253586209158982
0.544377315721488	0.252807107729195
0.544777299054127	0.252000440333968
0.545177282386766	0.251156715565875
0.545577265719405	0.250266259010514
0.545977249052044	0.24931940984058
0.546377232384683	0.248306871617656
0.546777215717322	0.247220091665356
0.54717719904996	0.246051724244982
0.547577182382599	0.244796146087555
0.547977165715238	0.243449775400059
0.548377149047877	0.242011116202034
0.548777132380516	0.24048050463412
0.549177115713155	0.238859564391777
0.549577099045794	0.237150486254011
0.549977082378432	0.235355435911181
0.550377065711071	0.233476217566419
0.55077704904371	0.231514166937549
0.551177032376349	0.229470334043589
0.551577015708988	0.227345855087415
0.551976999041627	0.225142381611666
0.552376982374266	0.222862380875969
0.552776965706904	0.220509290914335
0.553176949039543	0.218087474928008
0.553576932372182	0.21560209947022
0.553976915704821	0.21305898481936
0.55437689903746	0.210464444020543
0.554776882370099	0.207825227698348
0.555176865702738	0.205148562383265
0.555576849035377	0.202442120579378
0.555976832368015	0.199713947681282
0.556376815700654	0.196972380608352
0.556776799033293	0.194226041585005
0.557176782365932	0.191483894582969
0.557576765698571	0.188755360630932
0.55797674903121	0.186050381626666
0.558376732363848	0.18337942354177
0.558776715696487	0.180753441539278
0.559176699029126	0.17818365093226
0.559576682361765	0.175681145683347
0.559976665694404	0.173256498000432
0.560376649027043	0.17091943969836
0.560776632359682	0.168678677068247
0.561176615692321	0.166541866093935
0.561576599024959	0.16451567394864
0.561976582357598	0.162605903248692
0.562376565690237	0.160817678147478
0.562776549022876	0.159155573965437
0.563176532355515	0.157623709116128
0.563576515688154	0.156225931652638
0.563976499020792	0.154966069753051
0.564376482353431	0.153848161928773
0.56477646568607	0.152876599067144
0.565176449018709	0.152056105802091
0.565576432351348	0.151391549856403
0.565976415683987	0.150887612751886
0.566376399016626	0.150548399614027
0.566776382349265	0.150377038405998
0.567176365681903	0.150375506676243
0.567576349014542	0.150544666460884
0.567976332347181	0.150884423126169
0.56837631567982	0.151393867461093
0.568776299012459	0.152071354141915
0.569176282345098	0.152914505906205
0.569576265677737	0.153920125246016
0.569976249010375	0.155084072194819
0.570376232343014	0.156401192663778
0.570776215675653	0.157865388958438
0.571176199008292	0.159469709951318
0.571576182340931	0.161206442613091
0.57197616567357	0.163067184366981
0.572376149006209	0.165042958441527
0.572776132338847	0.167124289091086
0.573176115671486	0.169301367359358
0.573576099004125	0.171564232974814
0.573976082336764	0.173902996356512
0.574376065669403	0.176308102639017
0.574776049002042	0.178770647141971
0.575176032334681	0.181282503052542
0.57557601566732	0.183836423573012
0.575975998999958	0.186426151403638
0.576375982332597	0.189046483707932
0.576775965665236	0.191693235747871
0.577175948997875	0.194363261081379
0.577575932330514	0.197054442279914
0.577975915663153	0.199765526121272
0.578375898995791	0.202495849631859
0.57877588232843	0.205245004223084
0.579175865661069	0.208012417136542
0.579575848993708	0.210796960002559
0.579975832326347	0.213596655998554
0.580375815658986	0.21640851535675
0.580775798991625	0.219228640652567
0.581175782324264	0.222052580235387
0.581575765656902	0.224875851270658
0.581975748989541	0.227694504009097
0.58237573232218	0.230505613791273
0.582775715654819	0.233307483684508
0.583175698987458	0.236099625532019
0.583575682320097	0.238882528114137
0.583975665652736	0.241657300127602
0.584375648985374	0.244425345937205
0.584775632318013	0.247188168426971
0.585175615650652	0.249947224609875
0.585575598983291	0.252703880314913
0.58597558231593	0.255459526403535
0.586375565648569	0.258215700885329
0.586775548981208	0.260974095353118
0.587175532313846	0.263736590165868
0.587575515646485	0.266505288181061
0.587975498979124	0.269282490819594
0.588375482311763	0.27207061295553
0.588775465644402	0.274872188186293
0.589175448977041	0.277689827879737
0.58957543230968	0.280526177951902
0.589975415642318	0.283383923126596
0.590375398974957	0.286265845314026
0.590775382307596	0.289174805509424
0.591175365640235	0.292113715868748
0.591575348972874	0.29508547239538
0.591975332305513	0.298092723236036
0.592375315638152	0.301137535715874
0.59277529897079	0.304221210340771
0.593175282303429	0.307344191301126
0.593575265636068	0.310506085351598
0.593975248968707	0.313705886417965
0.594375232301346	0.316942338115701
0.594775215633985	0.320214254545052
0.595175198966624	0.323520804962484
0.595575182299263	0.326861638400483
0.595975165631901	0.330236801557016
0.59637514896454	0.333646546360016
0.596775132297179	0.337091027120364
0.597175115629818	0.340569910326741
0.597575098962457	0.344082018229922
0.597975082295096	0.347625041989023
0.598375065627734	0.351195304133345
0.598775048960373	0.354787703899253
0.599175032293012	0.358395897606027
0.599575015625651	0.362012551929476
0.59997499895829	0.365629703654183
0.600374982290929	0.369239197098327
0.600774965623568	0.372833062909377
0.601174948956207	0.376403738742268
0.601574932288845	0.379944189908554
0.601974915621484	0.383447879476831
0.602374898954123	0.386908618985188
0.602774882286762	0.39032041004287
0.603174865619401	0.393677368306634
0.60357484895204	0.396973746881593
0.603974832284679	0.400204000759579
0.604374815617317	0.403362914812285
0.604774798949956	0.406445779685286
0.605174782282595	0.409448472407273
0.605574765615234	0.41236746225979
0.605974748947873	0.415199811998323
0.606374732280512	0.417943071297223
0.606774715613151	0.420595102218359
0.607174698945789	0.423154013695109
0.607574682278428	0.425618173738661
0.607974665611067	0.427986101988939
0.608374648943706	0.430256382625708
0.608774632276345	0.432427606784933
0.609174615608984	0.43449828270723
0.609574598941623	0.436466675260877
0.609974582274261	0.438330744227363
0.6103745656069	0.440088150153348
0.610774548939539	0.441736329788168
0.611174532272178	0.44327266176816
0.611574515604817	0.444694748864179
0.611974498937456	0.446000731014632
0.612374482270095	0.447189612962646
0.612774465602733	0.448261514983662
0.613174448935372	0.449217764535989
0.613574432268011	0.450060683828376
0.61397441560065	0.450793217853623
0.614374398933289	0.451418436179695
0.614774382265928	0.451939015934923
0.615174365598567	0.452356809365268
0.615574348931206	0.452672708648692
0.615974332263844	0.452886745919093
0.616374315596483	0.452998402802316
0.616774298929122	0.453006980597229
0.617174282261761	0.452911970924049
0.6175742655944	0.452713341343336
0.617974248927039	0.4524117857828
0.618374232259677	0.45200887661862
0.618774215592316	0.451507193803791
0.619174198924955	0.450910410203919
0.619574182257594	0.450223373057585
0.619974165590233	0.449452105025703
0.620374148922872	0.44860382598788
0.620774132255511	0.447686846872316
0.62117411558815	0.446710340059956
0.621574098920788	0.445684037544981
0.621974082253427	0.444617978143608
0.622374065586066	0.443522201051772
0.622774048918705	0.442406482697569
0.623174032251344	0.441280107656713
0.623574015583983	0.440151675077331
0.623973998916622	0.439028917456548
0.62437398224926	0.437918605071299
0.624773965581899	0.436826372608708
0.625173948914538	0.435756530008133
0.625573932247177	0.434711938953928
0.625973915579816	0.433693992176255
0.626373898912455	0.432702597664044
0.626773882245094	0.431736323189198
0.627173865577732	0.430792663012955
0.627573848910371	0.429868367764089
0.62797383224301	0.428959780526872
0.628373815575649	0.42806312492545
0.628773798908288	0.427174709818076
0.629173782240927	0.426291160230777
0.629573765573566	0.425409560647424
0.629973748906205	0.424527373392829
0.630373732238843	0.423642202669377
0.630773715571482	0.42275159629952
0.631173698904121	0.421852853735648
0.63157368223676	0.420942861257841
0.631973665569399	0.420018050284002
0.632373648902038	0.419074492106639
0.632773632234676	0.418108044938609
0.633173615567315	0.417114548864859
0.633573598899954	0.416089922782913
0.633973582232593	0.41503018432905
0.634373565565232	0.413931501155251
0.634773548897871	0.412790277949455
0.63517353223051	0.411603214058672
0.635573515563149	0.410367460674815
0.635973498895787	0.409080879101473
0.636373482228426	0.407742270311373
0.636773465561065	0.406351565647578
0.637173448893704	0.404909931357646
0.637573432226343	0.403419729264229
0.637973415558982	0.401884390961404
0.63837339889162	0.400308195755434
0.638773382224259	0.398695831073645
0.639173365556898	0.397051855116267
0.639573348889537	0.395380346677576
0.639973332222176	0.393684628329911
0.640373315554815	0.39196710819905
0.640773298887454	0.390229373630324
0.641173282220093	0.388472444910941
0.641573265552731	0.386697065054098
0.64197324888537	0.384904065608519
0.642373232218009	0.38309477576593
0.642773215550648	0.381271272801749
0.643173198883287	0.379436528373635
0.643573182215926	0.377594457656394
0.643973165548565	0.375749817713835
0.644373148881203	0.373908021106974
0.644773132213842	0.372074986965159
0.645173115546481	0.370257075105769
0.64557309887912	0.368461050925408
0.645973082211759	0.366694156716863
0.646373065544398	0.364964226637341
0.646773048877037	0.363279784997354
0.647173032209675	0.361650117676411
0.647573015542314	0.360085224525672
0.647972998874953	0.358595709628041
0.648372982207592	0.357192614256306
0.648772965540231	0.3558872794279
0.64917294887287	0.354691155360424
0.649572932205509	0.353615628523629
0.649972915538148	0.352671820321302
0.650372898870786	0.351870367249925
0.650772882203425	0.351221223174196
0.651172865536064	0.350733507349729
0.651572848868703	0.350415253200634
0.651972832201342	0.350273140358165
0.652372815533981	0.350312253970778
0.652772798866619	0.350535906638796
0.653172782199258	0.350945518047112
0.653572765531897	0.351540780492866
0.653972748864536	0.352319974949121
0.654372732197175	0.353280339344643
0.654772715529814	0.354418432206502
0.655172698862453	0.355730362456758
0.655572682195091	0.357211681810311
0.65597266552773	0.358857056312125
0.656372648860369	0.360659788562571
0.656772632193008	0.362611329720576
0.657172615525647	0.364700989659461
0.657572598858286	0.366915928706115
0.657972582190925	0.369241375664033
0.658372565523563	0.371661144546318
0.658772548856202	0.374158263671285
0.659172532188841	0.376715484707132
0.65957251552148	0.379315667848939
0.659972498854119	0.381942089854157
0.660372482186758	0.384578680273369
0.660772465519397	0.387210283253442
0.661172448852036	0.389822979580667
0.661572432184674	0.392404426894189
0.661972415517313	0.394944250445195
0.662372398849952	0.397434413498959
0.662772382182591	0.399869344071611
0.66317236551523	0.402245929796363
0.663572348847869	0.404563474064129
0.663972332180508	0.40682351703049
0.664372315513146	0.409029514466797
0.664772298845785	0.411186472310903
0.665172282178424	0.413300594503679
0.665572265511063	0.415378961410761
0.665972248843702	0.417429190557143
0.666372232176341	0.419459079555617
0.66677221550898	0.421476298776778
0.667172198841618	0.423488114002449
0.667572182174257	0.42550115328712
0.667972165506896	0.427521206288548
0.668372148839535	0.429553129245779
0.668772132172174	0.431600823136579
0.669172115504813	0.433667351566058
0.669572098837452	0.435755077441522
0.669972082170091	0.437865714519864
0.670372065502729	0.440000320236116
0.670772048835368	0.442159264394509
0.671172032168007	0.444342028632579
0.671572015500646	0.446546949298379
0.671971998833285	0.448771113708291
0.672371982165924	0.451010396089036
0.672771965498562	0.45325960061207
0.673171948831201	0.455512738145677
0.67357193216384	0.457763440335219
0.673971915496479	0.460005336812145
0.674371898829118	0.462232356633442
0.674771882161757	0.464438979520372
0.675171865494396	0.466620373568423
0.675571848827034	0.468772406935202
0.675971832159673	0.470891661397905
0.676371815492312	0.472975424221684
0.676771798824951	0.475021650975618
0.67717178215759	0.477028902983754
0.677571765490229	0.47899637869762
0.677971748822868	0.480923903734931
0.678371732155507	0.482811792821548
0.678771715488145	0.484660635041293
0.679171698820784	0.48647112524377
0.679571682153423	0.488243780080694
0.679971665486062	0.489978628579608
0.680371648818701	0.491675072054374
0.68077163215134	0.493331796207469
0.681171615483979	0.494946738607494
0.681571598816617	0.496517174248152
0.681971582149256	0.498039919395963
0.682371565481895	0.499511504744649
0.682771548814534	0.500928397370251
0.683171532147173	0.502287282796468
0.683571515479812	0.503585347669372
0.683971498812451	0.504820541299524
0.684371482145089	0.505991777383588
0.684771465477728	0.507098996981627
0.685171448810367	0.508143035175438
0.685571432143006	0.509125260180333
0.685971415475645	0.510047124746006
0.686371398808284	0.510909750054549
0.686771382140922	0.511713679304541
0.687171365473561	0.512458853741802
0.6875713488062	0.513144819084187
0.687971332138839	0.513770952846521
0.688371315471478	0.514336598671215
0.688771298804117	0.514841073795495
0.689171282136756	0.515283443941914
0.689571265469395	0.51566216872894
0.689971248802033	0.515974800805355
0.690371232134672	0.51621791187413
0.690771215467311	0.516387305055319
0.69117119879995	0.51647849483739
0.691571182132589	0.516487225249459
0.691971165465228	0.516410002991597
0.692371148797867	0.516244541919555
0.692771132130505	0.51598989382195
0.693171115463144	0.515646334395719
0.693571098795783	0.515215265839117
0.693971082128422	0.514698926194814
0.694371065461061	0.514099976128562
0.6947710487937	0.513421194393936
0.695171032126339	0.512665299055845
0.695571015458977	0.511834729984814
0.695970998791616	0.510931676809526
0.696370982124255	0.509958322644231
0.696770965456894	0.508917057609548
0.697170948789533	0.507810670368204
0.697570932122172	0.506642565368859
0.697970915454811	0.505416716099717
0.69837089878745	0.504137370086604
0.698770882120088	0.502808746085905
0.699170865452727	0.50143476754978
0.699570848785366	0.500018824561838
0.699970832118005	0.498563721167382
0.700370815450644	0.497071782026012
0.700770798783283	0.495544980655305
0.701170782115922	0.493984909257993
0.70157076544856	0.492392683389417
0.701970748781199	0.490768841035184
0.702370732113838	0.489113172960699
0.702770715446477	0.487424592603001
0.703170698779116	0.485701215167794
0.703570682111755	0.483940560869198
0.703970665444394	0.482139770926954
0.704370648777032	0.48029593961645
0.704770632109671	0.478406493972981
0.70517061544231	0.476469474982253
0.705570598774949	0.474483761565407
0.705970582107588	0.472449194157519
0.706370565440227	0.470366506085502
0.706770548772865	0.468237140053008
0.707170532105504	0.466063102265529
0.707570515438143	0.463846889712556
0.707970498770782	0.461591535320984
0.708370482103421	0.45930088850855
0.70877046543606	0.456979993201473
0.709170448768699	0.454635449900259
0.709570432101338	0.452275592383347
0.709970415433976	0.449910415415708
0.710370398766615	0.44755122241605
0.710770382099254	0.445210105746169
0.711170365431893	0.442899355940008
0.711570348764532	0.440630925510447
0.711970332097171	0.438416012692786
0.71237031542981	0.436264847948217
0.712770298762448	0.434186529523095
0.713170282095087	0.432188896186505
0.713570265427726	0.430278473756523
0.713970248760365	0.428460535676771
0.714370232093004	0.426739171045455
0.714770215425643	0.425117490676522
0.715170198758282	0.423597932352701
0.71557018209092	0.422182601742385
0.715970165423559	0.420873603360543
0.716370148756198	0.41967336275841
0.716770132088837	0.418584782325133
0.717170115421476	0.417611133015829
0.717570098754115	0.41675573630276
0.717970082086754	0.416021553243721
0.718370065419393	0.41541071376729
0.718770048752031	0.414924201725158
0.71917003208467	0.414561787330153
0.719570015417309	0.414322204534361
0.719969998749948	0.41420349716812
0.720369982082587	0.414203487160466
0.720769965415226	0.414320054020669
0.721169948747865	0.414551120977576
0.721569932080503	0.414894435273715
0.721969915413142	0.415347222467767
0.722369898745781	0.415905728338577
0.72276988207842	0.416564896787381
0.723169865411059	0.41731831599869
0.723569848743698	0.418158353111061
0.723969832076337	0.419076488032408
0.724369815408975	0.420063758539371
0.724769798741614	0.421111191363696
0.725169782074253	0.422210315072185
0.725569765406892	0.423353693739277
0.725969748739531	0.424535262704456
0.72636973207217	0.425750410709789
0.726769715404809	0.426995924176372
0.727169698737447	0.42826967731487
0.727569682070086	0.429570101484925
0.727969665402725	0.430895721776019
0.728369648735364	0.432244818036519
0.728769632068003	0.433615194945379
0.729169615400642	0.435004192005314
0.729569598733281	0.436408726211686
0.729969582065919	0.437825135084879
0.730369565398558	0.439248956721697
0.730769548731197	0.440674733983028
0.731169532063836	0.442095696133117
0.731569515396475	0.443503640057836
0.731969498729114	0.444889237308266
0.732369482061753	0.446242597304288
0.732769465394391	0.447553941567392
0.73316944872703	0.448814407261605
0.733569432059669	0.450016729830701
0.733969415392308	0.451155701866173
0.734369398724947	0.452228465487692
0.734769382057586	0.453234554420149
0.735169365390225	0.454175610926586
0.735569348722864	0.455054986683245
0.735969332055502	0.455877244508518
0.736369315388141	0.456647619703297
0.73676929872078	0.457371516687297
0.737169282053419	0.458054097500182
0.737569265386058	0.458700045493409
0.737969248718697	0.459313529042313
0.738369232051336	0.459898244903251
0.738769215383974	0.460457437877674
0.739169198716613	0.460993817530796
0.739569182049252	0.461509289311152
0.739969165381891	0.462004515552064
0.74036914871453	0.462478493702072
0.740769132047169	0.462928314687802
0.741169115379807	0.463349214943888
0.741569098712446	0.463734901107007
0.741969082045085	0.464078068924047
0.742369065377724	0.464370959331527
0.742769048710363	0.46460585923611
0.743169032043002	0.464775439814709
0.743569015375641	0.464872892028944
0.74396899870828	0.464891865937387
0.744368982040918	0.464826284463696
0.744768965373557	0.464670203587161
0.745168948706196	0.464417704562237
0.745568932038835	0.464062769149936
0.745968915371474	0.463599175683975
0.746368898704113	0.463020528722703
0.746768882036752	0.462320415858213
0.74716886536939	0.461492685564012
0.747568848702029	0.460531732094556
0.747968832034668	0.459432744673463
0.748368815367307	0.458191848407856
0.748768798699946	0.456806141075541
0.749168782032585	0.455273683764297
0.749568765365224	0.453593668386383
0.749968748697862	0.451766816860555
0.750368732030501	0.449795892906112
0.75076871536314	0.447686072812551
0.751168698695779	0.445445118319117
0.751568682028418	0.443083169013737
0.751968665361057	0.440612109359588
0.752368648693696	0.438044627235906
0.752768632026334	0.435393282207196
0.753168615358973	0.432669850415204
0.753568598691612	0.429885070635615
0.753968582024251	0.427048809366882
0.75436856535689	0.424170560370028
0.754768548689529	0.421259907209407
0.755168532022168	0.418326786638761
0.755568515354806	0.415381452467637
0.755968498687445	0.412434092690504
0.756368482020084	0.409494212544178
0.756768465352723	0.406570147930928
0.757168448685362	0.403668786297501
0.757568432018001	0.400795469311686
0.75796841535064	0.397954186143899
0.758368398683279	0.395148030532569
0.758768382015917	0.392379624069754
0.759168365348556	0.389651481565283
0.759568348681195	0.386966325165643
0.759968332013834	0.384327153096118
0.760368315346473	0.381737042792087
0.760768298679112	0.379198917199737
0.76116828201175	0.376715266058419
0.761568265344389	0.374287860243267
0.761968248677028	0.371917570621457
0.762368232009667	0.36960432227705
0.762768215342306	0.367347204847966
0.763168198674945	0.365144739955173
0.763568182007584	0.362995210184984
0.763968165340222	0.36089691805945
0.764368148672861	0.358848384159655
0.7647681320055	0.35684846772948
0.765168115338139	0.354896387239281
0.765568098670778	0.352991791803719
0.765968082003417	0.351134888838685
0.766368065336056	0.349326528749667
0.766768048668695	0.347568276637245
0.767168032001333	0.345862406975035
0.767568015333972	0.344211711200752
0.767967998666611	0.342619170357748
0.76836798199925	0.341087483913221
0.768767965331889	0.339618527075338
0.769167948664528	0.338212748066756
0.769567931997167	0.336868706109113
0.769967915329805	0.335582828829767
0.770367898662444	0.334349540641559
0.770767881995083	0.333161696914635
0.771167865327722	0.332011218328849
0.771567848660361	0.33088970079892
0.771967831993	0.329788948118539
0.772367815325639	0.328701294542246
0.772767798658277	0.327619732309857
0.773167781990916	0.32653787459426
0.773567765323555	0.325449967626118
0.773967748656194	0.32435099397826
0.774367731988833	0.323236888290666
0.774767715321472	0.322104761194956
0.775167698654111	0.320953156267707
0.775567681986749	0.319782148357281
0.775967665319388	0.318593309644974
0.776367648652027	0.317389569970919
0.776767631984666	0.316174979749265
0.777167615317305	0.314954458828124
0.777567598649944	0.313733634496662
0.777967581982583	0.312518632512578
0.778367565315222	0.311315824506547
0.77876754864786	0.310131596697596
0.779167531980499	0.308972139892099
0.779567515313138	0.307843252983416
0.779967498645777	0.306750182233029
0.780367481978416	0.305697532125167
0.780767465311055	0.304689276121
0.781167448643693	0.303728881389066
0.781567431976332	0.302819511809076
0.781967415308971	0.301964357932106
0.78236739864161	0.301167002200358
0.782767381974249	0.300431733728828
0.783167365306888	0.299763848157257
0.783567348639527	0.299169866694727
0.783967331972166	0.298657557216129
0.784367315304804	0.298235864767576
0.784767298637443	0.297914754812574
0.785167281970082	0.297704832102438
0.785567265302721	0.297616867332072
0.78596724863536	0.297661409431482
0.786367231967999	0.297848354501436
0.786767215300638	0.298186575927734
0.787167198633276	0.298683733857538
0.787567181965915	0.299346123033829
0.787967165298554	0.300178561666156
0.788367148631193	0.301184414805335
0.788767131963832	0.302365639632787
0.789167115296471	0.303722779304537
0.78956709862911	0.305255136340385
0.789967081961748	0.306960952273024
0.790367065294387	0.308837499620989
0.790767048627026	0.310881001472446
0.791167031959665	0.313086368165187
0.791567015292304	0.315446716356203
0.791966998624943	0.317952983042086
0.792366981957582	0.320593838833466
0.792766965290221	0.323355881272709
0.793166948622859	0.326224154076024
0.793566931955498	0.329183012633592
0.793966915288137	0.332216940735404
0.794366898620776	0.335311127894538
0.794766881953415	0.338451827979965
0.795166865286054	0.341626589346288
0.795566848618692	0.344824276920581
0.795966831951331	0.348035164662614
0.79636681528397	0.351251151638748
0.796766798616609	0.35446591215608
0.797166781949248	0.357674863498525
0.797566765281887	0.360874973464532
0.797966748614526	0.364064327561738
0.798366731947164	0.367241481006955
0.798766715279803	0.370404937354121
0.799166698612442	0.37355275949539
0.799566681945081	0.376682280046245
0.79996666527772	0.379790078791081
0.800366648610359	0.382872217325104
0.800766631942998	0.385924481363136
0.801166615275636	0.388942624907809
0.801566598608275	0.391922734696956
0.801966581940914	0.394861474842442
0.802366565273553	0.397756133753061
0.802766548606192	0.400604538699147
0.803166531938831	0.40340485608833
0.80356651527147	0.406155319314487
0.803966498604109	0.408854044451266
0.804366481936747	0.411498992867319
0.804766465269386	0.414088104448165
0.805166448602025	0.41661965888191
0.805566431934664	0.419092699409337
0.805966415267303	0.42150728476826
0.806366398599942	0.423864610623322
0.806766381932581	0.426166972049217
0.807166365265219	0.428417551713546
0.807566348597858	0.430620121146824
0.807966331930497	0.432778733909951
0.808366315263136	0.434897416148788
0.808766298595775	0.436979932440829
0.809166281928414	0.439029654845741
0.809566265261053	0.441049394075347
0.809966248593691	0.443041267739992
0.81036623192633	0.445006640489992
0.810766215258969	0.446946125683061
0.811166198591608	0.448859571335563
0.811566181924247	0.450746182941385
0.811966165256886	0.452604615655987
0.812366148589525	0.454432983120477
0.812766131922163	0.456228912294221
0.813166115254802	0.45798963240289
0.813566098587441	0.459711979642151
0.81396608192008	0.461392501237966
0.814366065252719	0.463027697015479
0.814766048585358	0.464614196141157
0.815166031917997	0.466148920707168
0.815566015250635	0.467629330135522
0.815965998583274	0.469053595976308
0.816365981915913	0.470420686010036
0.816765965248552	0.471730497161956
0.817165948581191	0.47298393136694
0.81756593191383	0.474182899116907
0.817965915246469	0.475330357138581
0.818365898579107	0.476430336879958
0.818765881911746	0.477487815069099
0.819165865244385	0.478508580187518
0.819565848577024	0.479499024490513
0.819965831909663	0.480465816764956
0.820365815242302	0.481415478889543
0.820765798574941	0.482354011879836
0.821165781907579	0.483286513759809
0.821565765240218	0.484216859734665
0.821965748572857	0.485147556567539
0.822365731905496	0.486079791261397
0.822765715238135	0.487013656015235
0.823165698570774	0.48794857520243
0.823565681903413	0.488883721976598
0.823965665236052	0.489818358432086
0.82436564856869	0.490752006509319
0.824765631901329	0.491684438418956
0.825165615233968	0.492615471538906
0.825565598566607	0.493544709685962
0.825965581899246	0.494471286858937
0.826365565231885	0.495393695602981
0.826765548564524	0.496309776353016
0.827165531897162	0.49721672370579
0.827565515229801	0.49811096068071
0.82796549856244	0.498987975436179
0.828365481895079	0.49984208321125
0.828765465227718	0.500666106395843
0.829165448560357	0.501451230148955
0.829565431892996	0.502187152987311
0.829965415225634	0.502862365331074
0.830365398558273	0.503464596915802
0.830765381890912	0.503981397066046
0.831165365223551	0.504400609710533
0.83156534855619	0.504710739347621
0.831965331888829	0.504901279612211
0.832365315221468	0.504963017800474
0.832765298554106	0.504888115042761
0.833165281886745	0.504670061244606
0.833565265219384	0.504303583374835
0.833965248552023	0.503784487861298
0.834365231884662	0.50310940395846
0.834765215217301	0.502275597360011
0.83516519854994	0.501280869016467
0.835565181882578	0.500123520362415
0.835965165215217	0.498802428862372
0.836365148547856	0.497317243422841
0.836765131880495	0.495668522662391
0.837165115213134	0.493857842275945
0.837565098545773	0.491887922283159
0.837965081878412	0.489762708340828
0.83836506521105	0.487487342720155
0.838765048543689	0.485068223697436
0.839165031876328	0.482512997462642
0.839565015208967	0.479830460451061
0.839964998541606	0.477030463860564
0.840364981874245	0.474123821262846
0.840764965206884	0.471122268580744
0.841164948539523	0.46803845170584
0.841564931872161	0.464885824639317
0.8419649152048	0.46167844183576
0.842364898537439	0.458430787316941
0.842764881870078	0.455157636758925
0.843164865202717	0.451873946780459
0.843564848535356	0.448594836536501
0.843964831867995	0.445335606394349
0.844364815200633	0.442111710550517
0.844764798533272	0.438938672552643
0.845164781865911	0.435831975286178
0.84556476519855	0.432806904604029
0.845964748531189	0.429878476929529
0.846364731863828	0.427061458575435
0.846764715196467	0.424370341312978
0.847164698529105	0.421819330456146
0.847564681861744	0.419422357001575
0.847964665194383	0.41719294526809
0.848364648527022	0.415143930139297
0.848764631859661	0.413287142463189
0.8491646151923	0.411633157053578
0.849564598524939	0.410191124442316
0.849964581857577	0.408968831198179
0.850364565190216	0.407972958080916
0.850764548522855	0.407209296093096
0.851164531855494	0.406682836346079
0.851564515188133	0.406397766214967
0.851964498520772	0.406357267541926
0.852364481853411	0.406563144557041
0.852764465186049	0.40701554035357
0.853164448518688	0.407712856759386
0.853564431851327	0.408651763324016
0.853964415183966	0.409827341865011
0.854364398516605	0.411233361339781
0.854764381849244	0.412862527086296
0.855164365181883	0.414706656380796
0.855564348514521	0.416756826853711
0.85596433184716	0.419003368806782
0.856364315179799	0.421435701896944
0.856764298512438	0.424042197534957
0.857164281845077	0.426810103560009
0.857564265177716	0.429725441350957
0.857964248510355	0.432772991164517
0.858364231842993	0.435936356950088
0.858764215175632	0.439198060313905
0.859164198508271	0.442539703397603
0.85956418184091	0.445942177251541
0.859964165173549	0.449385669675684
0.860364148506188	0.452849574992469
0.860764131838827	0.456312434437078
0.861164115171466	0.459751854860223
0.861564098504104	0.463144567548457
0.861964081836743	0.466466892175596
0.862364065169382	0.469695454681622
0.862764048502021	0.472808024267587
0.86316403183466	0.475784443571301
0.863564015167299	0.478607484210038
0.863963998499938	0.481263357635622
0.864363981832576	0.483741871201623
0.864763965165215	0.486036259150904
0.865163948497854	0.488142574843258
0.865563931830493	0.490058906177695
0.865963915163132	0.491784659502892
0.866363898495771	0.493319979755115
0.86676388182841	0.494665387588473
0.867163865161048	0.495821738431415
0.867563848493687	0.496790348126101
0.867963831826326	0.497573193499691
0.868363815158965	0.498173021220387
0.868763798491604	0.498593331151189
0.869163781824243	0.498838261071244
0.869563765156881	0.498912369543938
0.86996374848952	0.498820338586718
0.870363731822159	0.498566794911541
0.870763715154798	0.498156282178172
0.871163698487437	0.497593324065786
0.871563681820076	0.496882550446538
0.871963665152715	0.496028966412248
0.872363648485354	0.495038220604719
0.872763631817992	0.493916848950183
0.873163615150631	0.492672511930455
0.87356359848327	0.491314202252343
0.873963581815909	0.489852339542466
0.874363565148548	0.488298741697988
0.874763548481187	0.486666422230739
0.875163531813826	0.484969203877443
0.875563515146464	0.483221234323711
0.875963498479103	0.481436450429384
0.876363481811742	0.479628037601593
0.876763465144381	0.477807876538483
0.87716344847702	0.475986069569991
0.877563431809659	0.474170689073638
0.877963415142298	0.47236775207511
0.878363398474936	0.47058134451109
0.878763381807575	0.468813935107763
0.879163365140214	0.46706682458289
0.879563348472853	0.465340443008001
0.879963331805492	0.463634390813587
0.880363315138131	0.461947376445118
0.88076329847077	0.460277010862235
0.881163281803409	0.458619544811753
0.881563265136047	0.456969799471758
0.881963248468686	0.455321459399914
0.882363231801325	0.453667579553408
0.882763215133964	0.452001254168382
0.883163198466603	0.45031624642494
0.883563181799242	0.448607248220289
0.883963165131881	0.446869774718101
0.884363148464519	0.445099944053765
0.884763131797158	0.443294254802816
0.885163115129797	0.441449390307012
0.885563098462436	0.439562260380411
0.885963081795075	0.437630223863675
0.886363065127714	0.435651366197218
0.886763048460353	0.433624587676852
0.887163031792991	0.431549479019691
0.88756301512563	0.429425998821104
0.887962998458269	0.427254113609824
0.888362981790908	0.425033530106571
0.888762965123547	0.422763656133498
0.889162948456186	0.420443756638767
0.889562931788825	0.418073333769953
0.889962915121463	0.41565254952358
0.890362898454102	0.413182582582794
0.890762881786741	0.410665762209788
0.89116286511938	0.408105562663172
0.891562848452019	0.405506406566402
0.891962831784658	0.402873377044642
0.892362815117297	0.400211911882131
0.892762798449935	0.397527532258066
0.893162781782574	0.394825703017909
0.893562765115213	0.392111872571314
0.893962748447852	0.389391554264121
0.894362731780491	0.386670341202635
0.89476271511313	0.383953964145119
0.895162698445769	0.381248276323621
0.895562681778407	0.378559127188956
0.895962665111046	0.375892343225298
0.896362648443685	0.373253804064891
0.896762631776324	0.370649357429561
0.897162615108963	0.368084701063546
0.897562598441602	0.365565309256595
0.897962581774241	0.363096236395396
0.89836256510688	0.360681875224522
0.898762548439518	0.358325879238346
0.899162531772157	0.356031148548067
0.899562515104796	0.353799906594654
0.899962498437435	0.351633934068439
0.900362481770074	0.349534793914074
0.900762465102713	0.347503929588401
0.901162448435352	0.345542790615661
0.90156243176799	0.343652920026314
0.901962415100629	0.341835933067699
0.902362398433268	0.340093532610909
0.902762381765907	0.338427647762757
0.903162365098546	0.336840559197592
0.903562348431185	0.335335046619076
0.903962331763823	0.333914487467787
0.904362315096462	0.332582803809027
0.904762298429101	0.33134433351689
0.90516228176174	0.3302037421296
0.905562265094379	0.329165896374382
0.905962248427018	0.328235725110613
0.906362231759657	0.327418201213448
0.906762215092295	0.326718457260881
0.907162198424934	0.326141895655451
0.907562181757573	0.3256944107889
0.907962165090212	0.325382471620622
0.908362148422851	0.32521291477046
0.90876213175549	0.325192549301648
0.909162115088129	0.325327713393209
0.909562098420768	0.3256237231871
0.909962081753406	0.327857901017383
0.910362065086045	0.330035389292431
0.910762048418684	0.332131783699443
0.911162031751323	0.334124049508011
0.911562015083962	0.335994203660728
0.911961998416601	0.337730411070795
0.91236198174924	0.339326660906657
0.912761965081878	0.340781797288673
0.913161948414517	0.342098357302161
0.913561931747156	0.34328147234804
0.913961915079795	0.344337944210451
0.914361898412434	0.345275512340013
0.914761881745073	0.346102299583486
0.915161865077712	0.346826417353626
0.91556184841035	0.347455697049541
0.915961831742989	0.347997525751487
0.916361815075628	0.348458761790065
0.916761798408267	0.348845708509808
0.917161781740906	0.349164127345932
0.917561765073545	0.349419269700965
0.917961748406184	0.349615910603225
0.918361731738823	0.349758377933654
0.918761715071461	0.349850576425409
0.9191616984041	0.349896007490684
0.919561681736739	0.349897791097696
0.919961665069378	0.349858695172042
0.920361648402017	0.349781172234878
0.920761631734656	0.34966740119216
0.921161615067295	0.349519330625237
0.921561598399933	0.349338716552438
0.921961581732572	0.349127155771011
0.922361565065211	0.348886109061771
0.92276154839785	0.348616913366421
0.923161531730489	0.348320785501937
0.923561515063128	0.347998823567559
0.923961498395766	0.34765200639163
0.924361481728405	0.347281196772764
0.924761465061044	0.346887146496757
0.925161448393683	0.34647050282841
0.925561431726322	0.346031817168771
0.925961415058961	0.345571554817012
0.9263613983916	0.345090101418388
0.926761381724238	0.34458777059644
0.927161365056877	0.344064812669415
0.927561348389516	0.343521417780935
0.927961331722155	0.342957713797963
0.928361315054794	0.342373764063164
0.928761298387433	0.341769563198057
0.929161281720072	0.341145032746585
0.929561265052711	0.340500022868332
0.929961248385349	0.339834320365417
0.930361231717988	0.339147662512723
0.930761215050627	0.338439755690569
0.931161198383266	0.337710293008522
0.931561181715905	0.336958962200992
0.931961165048544	0.336185445245268
0.932361148381183	0.335389412659382
0.932761131713821	0.334570515086391
0.93316111504646	0.333728374371812
0.933561098379099	0.332862578965045
0.933961081711738	0.331972681899073
0.934361065044377	0.331058200752877
0.934761048377016	0.330118617885158
0.935161031709655	0.329153381683661
0.935561015042293	0.328161909382024
0.935960998374932	0.327143593116186
0.936360981707571	0.32609780887778
0.93676096504021	0.32502392803703
0.937160948372849	0.323921328784788
0.937560931705488	0.32278940627998
0.937960915038127	0.321627579650039
0.938360898370765	0.320435295626246
0.938760881703404	0.319212028139927
0.939160865036043	0.317957275425328
0.939560848368682	0.316670555630013
0.939960831701321	0.315351401529961
0.94036081503396	0.313999354187463
0.940760798366599	0.312613956776523
0.941160781699237	0.311194750227144
0.941560765031876	0.30974127237146
0.941960748364515	0.308253059740732
0.942360731697154	0.306729651483788
0.942760715029793	0.305170594016154
0.943160698362432	0.303575444932823
0.943560681695071	0.301943775017186
0.943960665027709	0.300275169862704
0.944360648360348	0.298569230677927
0.944760631692987	0.296825572966116
0.945160615025626	0.295043823984169
0.945560598358265	0.293223619830846
0.945960581690904	0.291364600529608
0.946360565023543	0.289466404219501
0.946760548356182	0.287528663480915
0.94716053168882	0.285551004417317
0.947560515021459	0.283533048828303
0.947960498354098	0.28147442072812
0.948360481686737	0.279374755191614
0.948760465019376	0.277233705128007
0.949160448352015	0.275050945583436
0.949560431684654	0.272826175077636
0.949960415017292	0.270559113321843
0.950360398349931	0.26824949670367
0.95076038168257	0.265897075772943
0.951160365015209	0.263501614759619
0.951560348347848	0.261062893539808
0.951960331680487	0.258580711068928
0.952360315013126	0.256054888002812
0.952760298345764	0.253485266438162
0.953160281678403	0.250871707186662
0.953560265011042	0.24821408464348
0.953960248343681	0.245512278929538
0.95436023167632	0.242766168085983
0.954760215008959	0.239975623575931
0.955160198341598	0.237140509587572
0.955560181674236	0.234260686169146
0.955960165006875	0.231336013683253
0.956360148339514	0.228366356404886
0.956760131672153	0.225351585445207
0.957160115004792	0.222291580301755
0.957560098337431	0.219186227660633
