0	0.804940181260455
0.000399983288071861	0.805903139719199
0.000799966576143723	0.806846213163243
0.00119994986421558	0.807769537429603
0.00159993315228745	0.808673256535136
0.00199991644035931	0.80955752662585
0.00239989972843117	0.810422517320621
0.00279988301650303	0.81126840990937
0.00319986630457489	0.812095391252275
0.00359984959264675	0.812903649948715
0.00399983288071861	0.813693374267158
0.00439981616879047	0.814464750768126
0.00479979945686234	0.815217960842436
0.0051997827449342	0.815953181072403
0.00559976603300606	0.816670584568321
0.00599974932107792	0.817370343314801
0.00639973260914978	0.818052631651587
0.00679971589722164	0.818717631316229
0.0071996991852935	0.819365531015328
0.00759968247336537	0.819996524008371
0.00799966576143723	0.820610806380011
0.00839964904950909	0.821208576065849
0.00879963233758095	0.821790033660023
0.00919961562565281	0.822355386086083
0.00959959891372467	0.822904851690728
0.00999958220179653	0.823438665280509
0.0103995654898684	0.823957080232655
0.0107995487779403	0.824460366575472
0.0111995320660121	0.824948806617408
0.011599515354084	0.825422689487895
0.0119994986421558	0.825882307581136
0.0123994819302277	0.82632795734318
0.0127994652182996	0.826759941305378
0.0131994485063714	0.827178569672
0.0135994317944433	0.827584162102312
0.0139994150825151	0.827977047742751
0.014399398370587	0.828357561628005
0.0147993816586589	0.828726040975336
0.0151993649467307	0.82908282409942
0.0155993482348026	0.829428251089443
0.0159993315228745	0.829762667656625
0.0163993148109463	0.830086432260981
0.0167992980990182	0.830399921876321
0.01719928138709	0.830703535625015
0.0175992646751619	0.830997694872081
0.0179992479632338	0.831282838559529
0.0183992312513056	0.831559410123583
0.0187992145393775	0.831827840050929
0.0191991978274493	0.832088526856842
0.0195991811155212	0.832341819368868
0.0199991644035931	0.832588001383952
0.0203991476916649	0.832827282912314
0.0207991309797368	0.833059796495709
0.0211991142678087	0.833285598735504
0.0215990975558805	0.833504676172321
0.0219990808439524	0.833716953684464
0.0223990641320242	0.833922301377068
0.0227990474200961	0.834120544474691
0.023199030708168	0.834311475767351
0.0235990139962398	0.834494866377793
0.0239989972843117	0.834670472272045
0.0243989805723835	0.834838038855716
0.0247989638604554	0.834997299858972
0.0251989471485273	0.835147971933542
0.0255989304365991	0.835289747717344
0.025998913724671	0.835422289440728
0.0263988970127428	0.835545227000273
0.0267988803008147	0.835658160603597
0.0271988635888866	0.835760663359699
0.0275988468769584	0.835852281591923
0.0279988301650303	0.835932534729223
0.0283988134531022	0.836000915181449
0.028798796741174	0.83605688920699
0.0291987800292459	0.836099899588074
0.0295987633173177	0.836129370014332
0.0299987466053896	0.836144708872529
0.0303987298934615	0.836145308835237
0.0307987131815333	0.836130540270007
0.0311986964696052	0.836099741266991
0.0315986797576771	0.836052208148292
0.0319986630457489	0.835987189466223
0.0323986463338208	0.835903886428578
0.0327986296218926	0.835801457588553
0.0331986129099645	0.835679024936618
0.0335985961980364	0.835535678733876
0.0339985794861082	0.835370477209179
0.0343985627741801	0.835182440651212
0.0347985460622519	0.834970546722558
0.0351985293503238	0.834733729471757
0.0355985126383957	0.834470879755338
0.0359984959264675	0.834180849951267
0.0363984792145394	0.833862463936867
0.0367984625026112	0.833514523401901
0.0371984457906831	0.833135812868253
0.037598429078755	0.832725102713585
0.0379984123668268	0.83228114391283
0.0383983956548987	0.831802652889256
0.0387983789429706	0.831288294676597
0.0391983622310424	0.830736662111237
0.0395983455191143	0.830146255494928
0.0399983288071861	0.829515476921445
0.040398312095258	0.828842642977929
0.0407982953833299	0.828126008781858
0.0411982786714017	0.827363805697792
0.0415982619594736	0.826554294066518
0.0419982452475454	0.825695817525704
0.0423982285356173	0.82478686268038
0.0427982118236892	0.823826134596791
0.043198195111761	0.822812653228803
0.0435981783998329	0.82174587974522
0.0439981616879047	0.820625894976068
0.0443981449759766	0.819453640965356
0.0447981282640485	0.818231241222042
0.0451981115521203	0.81696240122544
0.0455980948401922	0.815652893870103
0.0459980781282641	0.814311106292728
0.0463980614163359	0.812948586255335
0.0467980447044078	0.811580470979715
0.0471980279924796	0.810225628192641
0.0475980112805515	0.808906247401674
0.0479979945686234	0.807646590434533
0.0483979778566952	0.807023278464054
0.0487979611447671	0.806423931791425
0.0491979444328389	0.805852502359788
0.0495979277209108	0.80531419675413
0.0499979110089827	0.804815626041409
0.0503978942970545	0.804364710147063
0.0507978775851264	0.803970328547956
0.0511978608731983	0.803641748835543
0.0515978441612701	0.803388096668812
0.051997827449342	0.803217926789642
0.0523978107374138	0.803138878096246
0.0527977940254857	0.803157380393483
0.0531977773135576	0.803278615854314
0.0535977606016294	0.803506530185426
0.0539977438897013	0.803843836009124
0.0543977271777731	0.804292068578813
0.054797710465845	0.804851659569394
0.0551976937539169	0.805521708323639
0.0555976770419887	0.806299597301481
0.0559976603300606	0.807180550145654
0.0563976436181325	0.808157222123297
0.0567976269062043	0.809219390175565
0.0571976101942762	0.810353857128614
0.057597593482348	0.811544609843792
0.0579975767704199	0.81277329477405
0.0583975600584918	0.814019832439323
0.0587975433465636	0.815263124303181
0.0591975266346355	0.816481788798244
0.0595975099227073	0.817654872593189
0.0599974932107792	0.818762487634753
0.0603974764988511	0.819786484906963
0.0607974597869229	0.820710872124752
0.0611974430749948	0.821521979851509
0.0615974263630666	0.822208466114173
0.0619974096511385	0.82276111451593
0.0623973929392104	0.823172363233376
0.0627973762272822	0.823435872212468
0.0631973595153541	0.823546250816978
0.063597342803426	0.823498969568751
0.0639973260914978	0.823290546961242
0.0643973093795697	0.822919022965473
0.0647972926676415	0.822384390660606
0.0651972759557134	0.82168888197703
0.0655972592437853	0.820837008359358
0.0659972425318571	0.819835379754117
0.066397225819929	0.818692115294182
0.0667972091080009	0.817416067467873
0.0671971923960727	0.816016103379712
0.0675971756841446	0.814500659743267
0.0679971589722164	0.812877457203577
0.0683971422602883	0.811153477411875
0.0687971255483601	0.809334949094441
0.069197108836432	0.807427311835689
0.0695970921245039	0.805435145228364
0.0699970754125757	0.803362125870475
0.0703970587006476	0.801210912273861
0.0707970419887195	0.798983428567725
0.0711970252767913	0.796681539738259
0.0715970085648632	0.794307799794282
0.0719969918529351	0.791866012016286
0.0723969751410069	0.789361656355243
0.0727969584290788	0.786801922238718
0.0731969417171506	0.78419540845005
0.0735969250052225	0.78155159455526
0.0739969082932943	0.778880339474214
0.0743968915813662	0.776191446927334
0.0747968748694381	0.773494324790407
0.0751968581575099	0.77079761482534
0.0755968414455818	0.768108737479134
0.0759968247336537	0.765433385704593
0.0763968080217255	0.762775224005715
0.0767967913097974	0.760135893568832
0.0771967745978692	0.757515198124112
0.0775967578859411	0.754911508413907
0.077996741174013	0.75232237557006
0.0783967244620848	0.749744999441264
0.0787967077501567	0.747176436392685
0.0791966910382285	0.744613810867682
0.0795966743263004	0.742054520215291
0.0799966576143723	0.739496420354215
0.0803966409024441	0.736938214348975
0.080796624190516	0.734379848569866
0.0811966074785879	0.731822700300583
0.0815965907666597	0.729269667563893
0.0819965740547316	0.72672499118455
0.0823965573428034	0.724193725074998
0.0827965406308753	0.721681096582566
0.0831965239189472	0.719191972870834
0.083596507207019	0.716730385373341
0.0839964904950909	0.714299274035609
0.0843964737831627	0.711900506882821
0.0847964570712346	0.709535098502257
0.0851964403593065	0.707203688192308
0.0855964236473783	0.704907123264464
0.0859964069354502	0.702646885974215
0.0863963902235221	0.700425217160666
0.0867963735115939	0.698245049398242
0.0871963567996658	0.696109582191705
0.0875963400877376	0.694021643212276
0.0879963233758095	0.691983196522459
0.0883963066638814	0.689995208708979
0.0887962899519532	0.688057741828422
0.0891962732400251	0.686170269222766
0.0895962565280969	0.684332148003895
0.0899962398161688	0.682543023317546
0.0903962231042407	0.680803076837108
0.0907962063923125	0.679113152908321
0.0911961896803844	0.677474637062416
0.0915961729684562	0.675889136616037
0.0919961562565281	0.674358123767763
0.0923961395446	0.672882591084319
0.0927961228326718	0.671462649543538
0.0931961061207437	0.670097131597504
0.0935960894088156	0.668783369700228
0.0939960726968874	0.667517197591453
0.0943960559849593	0.666293004476781
0.0947960392730311	0.665103918344912
0.095196022561103	0.663942258598273
0.0955960058491749	0.662800034990808
0.0959959891372467	0.661669375635598
0.0963959724253186	0.66054306911556
0.0967959557133904	0.65941509790419
0.0971959390014623	0.658280973946938
0.0975959222895342	0.657137896398333
0.097995905577606	0.655984718487413
0.0983958888656779	0.654821476785292
0.0987958721537498	0.653648738833144
0.0991958554418216	0.652467005579651
0.0995958387298935	0.651276285959514
0.0999958220179653	0.650075830656711
0.100395805306037	0.648864226312081
0.100795788594109	0.647639745398919
0.101195771882181	0.646400867947864
0.101595755170253	0.645146731788896
0.101995738458325	0.643877493270054
0.102395721746397	0.642594514121174
0.102795705034468	0.641300461569549
0.10319568832254	0.639999341265821
0.103595671610612	0.638696512448434
0.103995654898684	0.637398599949571
0.104395638186756	0.636113392675682
0.104795621474828	0.634849663250441
0.1051956047629	0.633616828483439
0.105595588050971	0.632424452058393
0.105995571339043	0.63128180068458
0.106395554627115	0.630197429091323
0.106795537915187	0.629179000639856
0.107195521203259	0.628233295571976
0.107595504491331	0.627366543111842
0.107995487779403	0.626584961666728
0.108395471067474	0.625895366304541
0.108795454355546	0.625305541664043
0.109195437643618	0.624824412720194
0.10959542093169	0.624461969339927
0.109995404219762	0.624228869156851
0.110395387507834	0.624135832132587
0.110795370795906	0.624193030276856
0.111195354083977	0.624409530095418
0.111595337372049	0.624792938212821
0.111995320660121	0.625349267877627
0.112395303948193	0.62608303939933
0.112795287236265	0.626997570187533
0.113195270524337	0.628095384865226
0.113595253812409	0.629378428660242
0.11399523710048	0.630848042532698
0.114395220388552	0.632504903042947
0.114795203676624	0.634348871744912
0.115195186964696	0.636378640226037
0.115595170252768	0.638591396536133
0.11599515354084	0.640982754452525
0.116395136828912	0.643546747978011
0.116795120116984	0.646275787985676
0.117195103405055	0.649160662834899
0.117595086693127	0.652190450453695
0.117995069981199	0.655352397382567
0.118395053269271	0.658631986161734
0.118795036557343	0.662013186127432
0.119195019845415	0.66547882627039
0.119595003133487	0.669011296481406
0.119994986421558	0.67259327913241
0.12039496970963	0.676208216506956
0.120794952997702	0.67984057430935
0.121194936285774	0.683476087634707
0.121594919573846	0.687101691623382
0.121994902861918	0.69070534554883
0.12239488614999	0.694275895908218
0.122794869438061	0.697802921084603
0.123194852726133	0.701276590422728
0.123594836014205	0.704687831230118
0.123994819302277	0.708028524219015
0.124394802590349	0.711291609853169
0.124794785878421	0.714471232936558
0.125194769166493	0.717562737727166
0.125594752454564	0.720562226606295
0.125994735742636	0.723466064165695
0.126394719030708	0.726270395709318
0.12679470231878	0.728970664738329
0.127194685606852	0.731561354471802
0.127594668894924	0.734036252066637
0.127994652182996	0.736388962081319
0.128394635471067	0.738613579405025
0.128794618759139	0.740705456339488
0.129194602047211	0.742661768849237
0.129594585335283	0.744481847526221
0.129994568623355	0.746167260379282
0.130394551911427	0.747721646396824
0.130794535199499	0.749150294029456
0.131194518487571	0.750459434805383
0.131594501775642	0.751655217764804
0.131994485063714	0.752742712572912
0.132394468351786	0.753725110940093
0.132794451639858	0.7546030916732
0.13319443492793	0.755374638823654
0.133594418216002	0.756035425248536
0.133994401504074	0.756579504105915
0.134394384792145	0.757000295694249
0.134794368080217	0.757291738119876
0.135194351368289	0.757449303793112
0.135594334656361	0.757470624025418
0.135994317944433	0.757355891544341
0.136394301232505	0.757107709172055
0.136794284520577	0.756730537768212
0.137194267808648	0.756230061401414
0.13759425109672	0.755612561409661
0.137994234384792	0.754884318581866
0.138394217672864	0.754051383524726
0.138794200960936	0.753119778136101
0.139194184249008	0.752095921531026
0.13959416753708	0.750987133935496
0.139994150825151	0.74980205082311
0.140394134113223	0.748550817007417
0.140794117401295	0.747245025965753
0.141194100689367	0.745897398463348
0.141594083977439	0.744521176648763
0.141994067265511	0.743129413337119
0.142394050553583	0.741734289753167
0.142794033841655	0.740346532099305
0.143194017129726	0.738975010884414
0.143594000417798	0.737626664774311
0.14399398370587	0.736306625249613
0.144393966993942	0.735018531861744
0.144793950282014	0.73376493607695
0.145193933570086	0.732547768356473
0.145593916858158	0.73136874731671
0.145993900146229	0.730229738573785
0.146393883434301	0.729132875958198
0.146793866722373	0.72808051041369
0.147193850010445	0.727075052328994
0.147593833298517	0.726118771624478
0.147993816586589	0.725213635545023
0.148393799874661	0.724361261004324
0.148793783162732	0.72356295741337
0.149193766450804	0.722819918931024
0.149593749738876	0.722133423380934
0.149993733026948	0.721504922472833
0.15039371631502	0.720936033592116
0.150793699603092	0.720428534106883
0.151193682891164	0.71998425100702
0.151593666179235	0.719605012856567
0.151993649467307	0.719292668995396
0.152393632755379	0.719049239413055
0.152793616043451	0.718876931162769
0.153193599331523	0.718778065190971
0.153593582619595	0.718754925305083
0.153993565907667	0.71880956946123
0.154393549195738	0.718943528047928
0.15479353248381	0.719157514822024
0.155193515771882	0.719451109688067
0.155593499059954	0.719822477329249
0.155993482348026	0.720268152432496
0.156393465636098	0.72078305140472
0.15679344892417	0.721360610907415
0.157193432212242	0.721993162191636
0.157593415500313	0.722672536712359
0.157993398788385	0.723390718709222
0.158393382076457	0.724140365520563
0.158793365364529	0.724915280106236
0.159193348652601	0.725710677224582
0.159593331940673	0.726523265916757
0.159993315228745	0.727351321385218
0.160393298516816	0.72819482507755
0.160793281804888	0.729055480203889
0.16119326509296	0.729936555716807
0.161593248381032	0.730842514863166
0.161993231669104	0.731778453984433
0.162393214957176	0.732749361632845
0.162793198245248	0.733759487296017
0.163193181533319	0.734811986612598
0.163593164821391	0.735909012863492
0.163993148109463	0.73705206035895
0.164393131397535	0.738242509493322
0.164793114685607	0.739482060184809
0.165193097973679	0.740773006980172
0.165593081261751	0.742118241100877
0.165993064549822	0.743521049720923
0.166393047837894	0.744984743824149
0.166793031125966	0.74651248516086
0.167193014414038	0.748107374670993
0.16759299770211	0.749772616164346
0.167992980990182	0.751511626812865
0.168392964278254	0.753328248408028
0.168792947566325	0.755226998662004
0.169192930854397	0.757213160333752
0.169592914142469	0.759292741882234
0.169992897430541	0.761472624890987
0.170392880718613	0.763760597790267
0.170792864006685	0.766165029202188
0.171192847294757	0.768694319615725
0.171592830582829	0.771356196518511
0.1719928138709	0.774156820840267
0.172392797158972	0.777100004551769
0.172792780447044	0.780186853445112
0.173192763735116	0.783415625074702
0.173592747023188	0.786781977977195
0.17399273031126	0.790279706561253
0.174392713599332	0.793901533889758
0.174792696887403	0.797639637412618
0.175192680175475	0.801486181076229
0.175592663463547	0.805433714406667
0.175992646751619	0.809475121220777
0.176392630039691	0.813603420930871
0.176792613327763	0.817811596679807
0.177192596615835	0.822092398254348
0.177592579903906	0.826438261613947
0.177992563191978	0.830841451152284
0.17839254648005	0.835294268130543
0.178792529768122	0.839789140499475
0.179192513056194	0.844318626866897
0.179592496344266	0.848875335161144
0.179992479632338	0.853451612232603
0.180392462920409	0.858039122100103
0.180792446208481	0.8626285826224
0.181192429496553	0.867209786408743
0.181592412784625	0.871771789366587
0.181992396072697	0.876303408889986
0.182392379360769	0.880793836340224
0.182792362648841	0.88523323529622
0.183192345936912	0.889613118679074
0.183592329224984	0.893926507694852
0.183992312513056	0.898167693423542
0.184392295801128	0.902331863506703
0.1847922790892	0.906414712187582
0.185192262377272	0.910412077260463
0.185592245665344	0.914319598077942
0.185992228953416	0.918132567430473
0.186392212241487	0.921845901869498
0.186792195529559	0.925454187034366
0.187192178817631	0.928951747472236
0.187592162105703	0.932332801827953
0.187992145393775	0.93559177274287
0.188392128681847	0.938723783804614
0.188792111969919	0.941725189779948
0.18919209525799	0.944594090201822
0.189592078546062	0.947330607334484
0.189992061834134	0.949936805181091
0.190392045122206	0.95241621150007
0.190792028410278	0.954773079963052
0.19119201169835	0.957011659987623
0.191591994986422	0.95913568826419
0.191991978274493	0.96114818322539
0.192391961562565	0.963051555858611
0.192791944850637	0.964848009593795
0.193191928138709	0.96654010613936
0.193591911426781	0.968131357337606
0.193991894714853	0.969626568309862
0.194391878002925	0.971031789133767
0.194791861290996	0.972354080880246
0.195191844579068	0.973601081009387
0.19559182786714	0.974780469989544
0.195991811155212	0.975899640896802
0.196391794443284	0.976965725629705
0.196791777731356	0.977985710401481
0.197191761019428	0.97896663081521
0.1975917443075	0.979915736956736
0.197991727595571	0.980840364769444
0.198391710883643	0.981747544203171
0.198791694171715	0.982643579589249
0.199191677459787	0.98353356602914
0.199591660747859	0.984421085269074
0.199991644035931	0.985308299066327
0.200391627324003	0.986196353139146
0.200791610612074	0.987085962177971
0.201191593900146	0.98797810680403
0.201591577188218	0.988874641066055
0.20199156047629	0.989778749627487
0.202391543764362	0.990695162610308
0.202791527052434	0.991630023008899
0.203191510340506	0.992590440122995
0.203591493628577	0.993583885452576
0.203991476916649	0.994617484225716
0.204391460204721	0.995697345099747
0.204791443492793	0.99682821219882
0.205191426780865	0.99801335189661
0.205591410068937	0.999254515147864
0.205991393357009	1.00055205962222
0.20639137664508	1.00190513106087
0.206791359933152	1.00331170509875
0.207191343221224	1.00476864403457
0.207591326509296	1.00627182189587
0.207991309797368	1.00781616060105
0.20839129308544	1.00939572053111
0.208791276373512	1.01100402093775
0.209191259661584	1.01263441448769
0.209591242949655	1.01428047844363
0.209991226237727	1.01593650161498
0.210391209525799	1.01759803265735
0.210791192813871	1.0192623251602
0.211191176101943	1.02092857331757
0.211591159390015	1.02259770451166
0.211991142678087	1.0242718089766
0.212391125966158	1.02595332001437
0.21279110925423	1.02764407216547
0.213191092542302	1.02934460743424
0.213591075830374	1.03105398513969
0.213991059118446	1.03277001153807
0.214391042406518	1.03448990530726
0.21479102569459	1.03621110808276
0.215191008982661	1.03793188530455
0.215590992270733	1.03965171373052
0.215990975558805	1.04137146023785
0.216390958846877	1.04309314973387
0.216790942134949	1.0448196366267
0.217190925423021	1.04655441741978
0.217590908711093	1.04830140674429
0.217990891999164	1.05006459350569
0.218390875287236	1.05184770712188
0.218790858575308	1.05365365652573
0.21919084186338	1.05548385311668
0.219590825151452	1.05733779336682
0.219990808439524	1.05921285232886
0.220390791727596	1.06110420979712
0.220790775015667	1.06300520078352
0.221190758303739	1.06490793145658
0.221590741591811	1.06680381172923
0.221990724879883	1.0686840715429
0.222390708167955	1.07054023360704
0.222790691456027	1.07236428147263
0.223190674744099	1.07414861438537
0.223590658032171	1.07588597717454
0.223990641320242	1.07756931112876
0.224390624608314	1.07919155314649
0.224790607896386	1.08074565833129
0.225190591184458	1.08222470815997
0.22559057447253	1.08362204222273
0.225990557760602	1.08493154694689
0.226390541048674	1.08614814005786
0.226790524336745	1.08726829576448
0.227190507624817	1.08829050689831
0.227590490912889	1.08921556852987
0.227990474200961	1.09004671569874
0.228390457489033	1.09078940878397
0.228790440777105	1.09145064780392
0.229190424065177	1.09203792055955
0.229590407353248	1.09255808775052
0.22999039064132	1.09301636419402
0.230390373929392	1.09341576847372
0.230790357217464	1.09375718729004
0.231190340505536	1.09404005852922
0.231590323793608	1.09426341503951
0.23199030708168	1.0944271733272
0.232390290369751	1.09453299867912
0.232790273657823	1.09458454754572
0.233190256945895	1.09458720809331
0.233590240233967	1.09454736812202
0.233990223522039	1.0944711720556
0.234390206810111	1.0943633605807
0.234790190098183	1.09422653401577
0.235190173386254	1.0940608976578
0.235590156674326	1.0938644902781
0.235990139962398	1.09363388033182
0.23639012325047	1.09336505894047
0.236790106538542	1.09305426578117
0.237190089826614	1.09269857278133
0.237590073114686	1.09229601348582
0.237990056402757	1.09184517911529
0.238390039690829	1.09134461343688
0.238790022978901	1.09079214490617
0.239190006266973	1.09018429184698
0.239589989555045	1.08951599312041
0.239989972843117	1.08878067146637
0.240389956131189	1.08797044673172
0.240789939419261	1.08707636445387
0.241189922707332	1.08608866378282
0.241589905995404	1.08499704530207
0.241989889283476	1.08379100936806
0.242389872571548	1.08246018780629
0.24278985585962	1.08099462478928
0.243189839147692	1.07938496998958
0.243589822435764	1.07762245983007
0.243989805723835	1.07569869032612
0.244389789011907	1.07360534826597
0.244789772299979	1.07133390282069
0.245189755588051	1.06887539411623
0.245589738876123	1.06622052148576
0.245989722164195	1.06336002082561
0.246389705452267	1.06028502679444
0.246789688740338	1.05698751014322
0.24718967202841	1.05346056534851
0.247589655316482	1.04969842575384
0.247989638604554	1.04569628902757
0.248389621892626	1.04145020586199
0.248789605180698	1.03695686093201
0.24918958846877	1.03221352683864
0.249589571756841	1.0272183996433
0.249989555044913	1.02197120104415
0.250389538332985	1.01647383004628
0.250789521621057	1.01073111554423
0.251189504909129	1.00475135509647
0.251589488197201	0.998546382763675
0.251989471485273	0.992131135650997
0.252389454773345	0.985522992567899
0.252789438061416	0.97874105649765
0.253189421349488	0.971805549470419
0.25358940463756	0.964737421186936
0.253989387925632	0.957558134716954
0.254389371213704	0.950289507797256
0.254789354501776	0.942953607964817
0.255189337789848	0.935572629511812
0.255589321077919	0.92816864234652
0.255989304365991	0.920763419423124
0.256389287654063	0.913378435370137
0.256789270942135	0.906034894219112
0.257189254230207	0.89875362957209
0.257589237518279	0.891554980768087
0.257989220806351	0.884458641364127
0.258389204094422	0.877483216445476
0.258789187382494	0.870645581037455
0.259189170670566	0.863960248787408
0.259589153958638	0.857438913296356
0.25998913724671	0.851090018490498
0.260389120534782	0.84491848630644
0.260789103822854	0.838925718861549
0.261189087110925	0.833109884637176
0.261589070398997	0.827466336856156
0.261989053687069	0.821988140981303
0.262389036975141	0.816666619402292
0.262789020263213	0.811491905217239
0.263189003551285	0.806453457266054
0.263588986839357	0.801540519428338
0.263988970127429	0.796742437764329
0.2643889534155	0.792049144063988
0.264788936703572	0.787451894323894
0.265188919991644	0.782943929736709
0.265588903279716	0.778520803528191
0.265988886567788	0.774180636963862
0.26638886985586	0.769924256484695
0.266788853143932	0.765754831794579
0.267188836432003	0.761677191387565
0.267588819720075	0.757697228038069
0.267988803008147	0.753821381636534
0.268388786296219	0.750056047534397
0.268788769584291	0.746407107245488
0.269188752872363	0.742879612576171
0.269588736160435	0.739477632205802
0.269988719448506	0.736204182247979
0.270388702736578	0.733061292111041
0.27078868602465	0.730050143733415
0.271188669312722	0.727171426388877
0.271588652600794	0.724425908826897
0.271988635888866	0.721814976055405
0.272388619176938	0.719340954186324
0.272788602465009	0.717007334073994
0.273188585753081	0.714818980014026
0.273588569041153	0.712782106393131
0.273988552329225	0.710904039179293
0.274388535617297	0.709192964862943
0.274788518905369	0.707657552975849
0.275188502193441	0.70630638719686
0.275588485481512	0.705147383730589
0.275988468769584	0.704187223319133
0.276388452057656	0.703430839615886
0.276788435345728	0.70288112278901
0.2771884186338	0.702538828875167
0.277588401921872	0.702402619526105
0.277988385209944	0.702469490141742
0.278388368498016	0.702735308627275
0.278788351786087	0.70319523973061
0.279188335074159	0.703844130552961
0.279588318362231	0.704676851500871
0.279988301650303	0.705688251910918
0.280388284938375	0.706872992805478
0.280788268226447	0.708225475153192
0.281188251514519	0.709739762933142
0.28158823480259	0.711409543777385
0.281988218090662	0.713228257628713
0.282388201378734	0.715189136289882
0.282788184666806	0.717285067982945
0.283188167954878	0.7195084542929
0.28358815124295	0.721851037984527
0.283988134531022	0.724303781950528
0.284388117819093	0.726857065608126
0.284788101107165	0.729501274778785
0.285188084395237	0.732227566497352
0.285588067683309	0.735028513186255
0.285988050971381	0.737898468973207
0.286388034259453	0.740833669713653
0.286788017547525	0.74383206304384
0.287188000835596	0.746892947452814
0.287587984123668	0.750016555218631
0.28798796741174	0.75320380437662
0.288387950699812	0.756456143872216
0.288787933987884	0.759775434099079
0.289187917275956	0.763163686009438
0.289587900564028	0.766622881583139
0.2899878838521	0.770154786202252
0.290387867140171	0.77376079943242
0.290787850428243	0.777441922712376
0.291187833716315	0.781198824470163
0.291587817004387	0.785031800690481
0.291987800292459	0.788940871249489
0.292387783580531	0.792925980486179
0.292787766868603	0.796987019104454
0.293187750156674	0.801123679478865
0.293587733444746	0.805335398722524
0.293987716732818	0.809621054320748
0.29438770002089	0.813978436479158
0.294787683308962	0.818403782178239
0.295187666597034	0.822891291065302
0.295587649885106	0.82743240445167
0.295987633173177	0.832015267970286
0.296387616461249	0.836624474935296
0.296787599749321	0.841241017399655
0.297187583037393	0.845842636883394
0.297587566325465	0.850404783261403
0.297987549613537	0.854901927632767
0.298387532901609	0.859309068244196
0.29878751618968	0.86360322481758
0.299187499477752	0.867764570500722
0.299587482765824	0.871776959759222
0.299987466053896	0.875627979573081
0.300387449341968	0.879308428021054
0.30078743263004	0.882811546657024
0.301187415918112	0.886132325888861
0.301587399206183	0.889267041736394
0.301987382494255	0.892212939043661
0.302387365782327	0.894968166820901
0.302787349070399	0.8975316926579
0.303187332358471	0.899903268623239
0.303587315646543	0.902083394136213
0.303987298934615	0.904073014842062
0.304387282222687	0.905872853541871
0.304787265510758	0.907482840165084
0.30518724879883	0.908901657700445
0.305587232086902	0.91012649528938
0.305987215374974	0.911153331167054
0.306387198663046	0.911977904394659
0.306787181951118	0.912596847374199
0.30718716523919	0.913008832446312
0.307587148527261	0.913215301052674
0.307987131815333	0.913220529776419
0.308387115103405	0.91303104254928
0.308787098391477	0.912654748972834
0.309187081679549	0.912100050659432
0.309587064967621	0.911375269413661
0.309987048255693	0.910488568520696
0.310387031543764	0.909448403194443
0.310787014831836	0.908264054327702
0.311186998119908	0.906945906261709
0.31158698140798	0.905505427779156
0.311986964696052	0.903954994720792
0.312386947984124	0.90230741372402
0.312786931272196	0.900575551687929
0.313186914560267	0.898772246561574
0.313586897848339	0.896910425138014
0.313986881136411	0.895003158849768
0.314386864424483	0.893063731276255
0.314786847712555	0.891105386511357
0.315186831000627	0.889140843094821
0.315586814288699	0.887181843320912
0.31598679757677	0.885238708879013
0.316386780864842	0.883319799649913
0.316786764152914	0.881431260817075
0.317186747440986	0.879577012559275
0.317586730729058	0.87775880099949
0.31798671401713	0.8759763415514
0.318386697305202	0.874227684840472
0.318786680593274	0.872509636799389
0.319186663881345	0.870818347640698
0.319586647169417	0.869149986915521
0.319986630457489	0.86750132641801
0.320386613745561	0.865870241489315
0.320786597033633	0.864256217905134
0.321186580321705	0.86266050532644
0.321586563609777	0.861085950902944
0.321986546897848	0.859536777751526
0.32238653018592	0.858018328528497
0.322786513473992	0.856536756507002
0.323186496762064	0.855098868403653
0.323586480050136	0.853712105605898
0.323986463338208	0.852384667005839
0.32438644662628	0.851125668445249
0.324786429914351	0.849945176809736
0.325186413202423	0.848853937990744
0.325586396490495	0.84786289024164
0.325986379778567	0.846982522082651
0.326386363066639	0.846222176309286
0.326786346354711	0.845589397459498
0.327186329642783	0.845089531940233
0.327586312930854	0.844725697319051
0.327986296218926	0.84449913236731
0.328386279506998	0.844409640624158
0.32878626279507	0.84445612419637
0.329186246083142	0.844637189824204
0.329586229371214	0.844951484495919
0.329986212659286	0.845397586941089
0.330386195947357	0.845973713042299
0.330786179235429	0.84667724534591
0.331186162523501	0.847504207223988
0.331586145811573	0.848449038208826
0.331986129099645	0.849504755375686
0.332386112387717	0.850663405330873
0.332786095675789	0.851916784926374
0.333186078963861	0.853257265794681
0.333586062251932	0.854678419620373
0.333986045540004	0.856175246360201
0.334386028828076	0.857744182443715
0.334786012116148	0.859382746688658
0.33518599540422	0.861088882879157
0.335585978692292	0.862860332637396
0.335985961980364	0.86469428658689
0.336385945268435	0.866587238521783
0.336785928556507	0.868535071700206
0.337185911844579	0.870533474997956
0.337585895132651	0.872578453897258
0.337985878420723	0.874666791607637
0.338385861708795	0.876796520799456
0.338785844996867	0.878967207222174
0.339185828284938	0.881179933529113
0.33958581157301	0.883436965284411
0.339985794861082	0.885741100436891
0.340385778149154	0.888094744830572
0.340785761437226	0.890499016702198
0.341185744725298	0.892953102652148
0.34158572801337	0.895453941023198
0.341985711301441	0.897996521412497
0.342385694589513	0.900574619582173
0.342785677877585	0.903181850920275
0.343185661165657	0.90581267826445
0.343585644453729	0.908463161989161
0.343985627741801	0.911131217538569
0.344385611029873	0.913816421633737
0.344785594317944	0.91651941789731
0.345185577606016	0.919241184985238
0.345585560894088	0.921982420988913
0.34598554418216	0.92474317689235
0.346385527470232	0.927522630895492
0.346785510758304	0.930319167131123
0.347185494046376	0.933130643239508
0.347585477334448	0.935954783799924
0.347985460622519	0.938789430714152
0.348385443910591	0.94163259064122
0.348785427198663	0.94448232168759
0.349185410486735	0.947336459528921
0.349585393774807	0.950192072527391
0.349985377062879	0.95304480475377
0.350385360350951	0.95588830295564
0.350785343639022	0.958713804107408
0.351185326927094	0.961510093486633
0.351585310215166	0.964263821749518
0.351985293503238	0.9669600308914
0.35238527679131	0.969582787548383
0.352785260079382	0.972115924595743
0.353185243367454	0.974543555008938
0.353585226655525	0.976850468591088
0.353985209943597	0.979022580564418
0.354385193231669	0.98104738755988
0.354785176519741	0.98291423454771
0.355185159807813	0.984614503571896
0.355585143095885	0.986141713953438
0.355985126383957	0.987491458127686
0.356385109672028	0.988661236401625
0.3567850929601	0.989650350849769
0.357185076248172	0.990459793514469
0.357585059536244	0.991092114809689
0.357985042824316	0.991551203390359
0.358385026112388	0.991841991472038
0.35878500940046	0.991969959916243
0.359184992688531	0.991940492722941
0.359584975976603	0.991758232238629
0.359984959264675	0.991426648231594
0.360384942552747	0.990947978193142
0.360784925840819	0.990323631943208
0.361184909128891	0.989554865412067
0.361584892416963	0.988643348992205
0.361984875705035	0.987591585821905
0.362384858993106	0.986403193801298
0.362784842281178	0.985082870873067
0.36318482556925	0.98363616067928
0.363584808857322	0.982069257594272
0.363984792145394	0.980388900172987
0.364384775433466	0.978602259846473
0.364784758721538	0.976716811927613
0.365184742009609	0.974740201262965
0.365584725297681	0.97268015061738
0.365984708585753	0.970544257455083
0.366384691873825	0.968339649125375
0.366784675161897	0.966072641964903
0.367184658449969	0.963748476334829
0.367584641738041	0.961371083034638
0.367984625026112	0.958942990043497
0.368384608314184	0.956465338283607
0.368784591602256	0.95393798080138
0.369184574890328	0.951359838403512
0.3695845581784	0.9487295130538
0.369984541466472	0.946045898979919
0.370384524754544	0.943308742468381
0.370784508042615	0.94051906464933
0.371184491330687	0.9376792858213
0.371584474618759	0.934793004424277
0.371984457906831	0.931864600753822
0.372384441194903	0.928898674954371
0.372784424482975	0.925899530994773
0.373184407771047	0.922870754071809
0.373584391059119	0.919815010545282
0.37398437434719	0.916734266084955
0.374384357635262	0.913630327817868
0.374784340923334	0.910505388339251
0.375184324211406	0.907362655573364
0.375584307499478	0.904206920335374
0.37598429078755	0.901044711932357
0.376384274075622	0.89788416532611
0.376784257363693	0.894734671732562
0.377184240651765	0.891606149806913
0.377584223939837	0.888508165336806
0.377984207227909	0.885449144810345
0.378384190515981	0.882435601938819
0.378784173804053	0.879471516218494
0.379184157092125	0.876558153359144
0.379584140380196	0.873694245967984
0.379984123668268	0.870876363878021
0.38038410695634	0.868099647057492
0.380784090244412	0.865358711133292
0.381184073532484	0.862648370118974
0.381584056820556	0.85996396230334
0.381984040108628	0.857301278093942
0.382384023396699	0.854656098616656
0.382784006684771	0.852023546823145
0.383183989972843	0.84939744258851
0.383583973260915	0.846769817725705
0.383983956548987	0.84413082911699
0.384383939837059	0.841469154212455
0.384783923125131	0.838772746563756
0.385183906413202	0.836029600263994
0.385583889701274	0.833228458902785
0.385983872989346	0.830359433014589
0.386383856277418	0.827414379941917
0.38678383956549	0.824386845225535
0.387183822853562	0.821271814681386
0.387583806141634	0.81806541683191
0.387983789429706	0.814764675347193
0.388383772717777	0.811367227841349
0.388783756005849	0.807871159485821
0.389183739293921	0.804274917440903
0.389583722581993	0.80057734907516
0.389983705870065	0.796777729862635
0.390383689158137	0.792875799513003
0.390783672446209	0.788871932093687
0.39118365573428	0.784767488872723
0.391583639022352	0.780564998234077
0.391983622310424	0.776268157170618
0.392383605598496	0.771881691142987
0.392783588886568	0.767411051413884
0.39318357217464	0.762862018461687
0.393583555462712	0.758240524222459
0.393983538750783	0.753552725079813
0.394383522038855	0.748805360212144
0.394783505326927	0.74400652013231
0.395183488614999	0.739166470725283
0.395583471903071	0.734298159811828
0.395983455191143	0.729417469815818
0.396383438479215	0.724543026595342
0.396783421767286	0.719695403857744
0.397183405055358	0.714896168417936
0.39758338834343	0.710167185044416
0.397983371631502	0.705530038992527
0.398383354919574	0.701005713796532
0.398783338207646	0.696614610381449
0.399183321495718	0.69237676819095
0.39958330478379	0.688312098974387
0.399983288071861	0.684440435515334
0.400383271359933	0.680781150533331
0.400783254648005	0.677352409176761
0.401183237936077	0.674170248695206
0.401583221224149	0.671247627002174
0.401983204512221	0.668593706371323
0.402383187800293	0.666213765645946
0.402783171088364	0.664109539772137
0.403183154376436	0.662279756493076
0.403583137664508	0.660720700434299
0.40398312095258	0.65942664440623
0.404383104240652	0.658389959691502
0.404783087528724	0.657601039216828
0.405183070816796	0.657048118136297
0.405583054104867	0.656717085740022
0.405983037392939	0.65659153397514
0.406383020681011	0.656653175873308
0.406783003969083	0.656882356010131
0.407182987257155	0.657258488544284
0.407582970545227	0.657760555711103
0.407982953833299	0.658367597860959
0.40838293712137	0.659059001043813
0.408782920409442	0.659814862183682
0.409182903697514	0.660616466252632
0.409582886985586	0.661446704329924
0.409982870273658	0.662290349096501
0.41038285356173	0.663134358807757
0.410782836849802	0.663967940434252
0.411182820137873	0.664782478877737
0.411582803425945	0.665571353998622
0.411982786714017	0.666329571048809
0.412382770002089	0.667053208785519
0.412782753290161	0.66773908239907
0.413182736578233	0.668384504723811
0.413582719866305	0.668987127527073
0.413982703154377	0.669544945724519
0.414382686442448	0.670056443817589
0.41478266973052	0.670520683681793
0.415182653018592	0.670937470595207
0.415582636306664	0.671307434402599
0.415982619594736	0.671631992172388
0.416382602882808	0.671913280844319
0.41678258617088	0.672154153428479
0.417182569458951	0.672357939374917
0.417582552747023	0.672528225503299
0.417982536035095	0.672668681143861
0.418382519323167	0.672782861540384
0.418782502611239	0.672874057687445
0.419182485899311	0.672945417180575
0.419582469187383	0.673000177855179
0.419982452475454	0.673041944145934
0.420382435763526	0.673074951635433
0.420782419051598	0.673104190342312
0.42118240233967	0.673135302869499
0.421582385627742	0.673174363450819
0.421982368915814	0.673227537835781
0.422382352203886	0.673300772485044
0.422782335491957	0.673399489450794
0.423182318780029	0.673528306565587
0.423582302068101	0.673690852039028
0.423982285356173	0.673889692617377
0.424382268644245	0.674126229859932
0.424782251932317	0.674400711224178
0.425182235220389	0.674712395243956
0.425582218508461	0.675059683050408
0.425982201796532	0.675440209122812
0.426382185084604	0.675850874246984
0.426782168372676	0.676287636190435
0.427182151660748	0.676745179295824
0.42758213494882	0.677216780925774
0.427982118236892	0.677694467763643
0.428382101524964	0.67816951302312
0.428782084813035	0.678633146141173
0.429182068101107	0.679077210672794
0.429582051389179	0.679494650832511
0.429982034677251	0.679879715149527
0.430382017965323	0.680227900232025
0.430782001253395	0.680535668451034
0.431181984541467	0.680800152517304
0.431581967829538	0.681018919195188
0.43198195111761	0.681190000225494
0.432381934405682	0.681312075897667
0.432781917693754	0.681384709451266
0.433181900981826	0.6814087522898
0.433581884269898	0.681386807251602
0.43398186755797	0.681323484102431
0.434381850846041	0.681225549109925
0.434781834134113	0.681101986883672
0.435181817422185	0.680963804088176
0.435581800710257	0.680823498049412
0.435981783998329	0.680694178931077
0.436381767286401	0.680588354065076
0.436781750574473	0.68051678433704
0.437181733862544	0.680487689284111
0.437581717150616	0.680506194246066
0.437981700438688	0.680574228867106
0.43838168372676	0.680690875213234
0.438781667014832	0.680853032410067
0.439181650302904	0.681056018927174
0.439581633590976	0.681294095586762
0.439981616879048	0.681560746758591
0.440381600167119	0.681848675963363
0.440781583455191	0.682149607976209
0.441181566743263	0.6824540849955
0.441581550031335	0.682751378796591
0.441981533319407	0.683029666343021
0.442381516607479	0.683276377292894
0.442781499895551	0.683478653095087
0.443181483183622	0.683623845202523
0.443581466471694	0.683700113616451
0.443981449759766	0.683697059202835
0.444381433047838	0.683606216535285
0.44478141633591	0.683421394375892
0.445181399623982	0.68313879843807
0.445581382912054	0.682756765632252
0.445981366200125	0.682275148864335
0.446381349488197	0.681694582442518
0.446781332776269	0.681015721059162
0.447181316064341	0.680238752140415
0.447581299352413	0.679363376553329
0.447981282640485	0.678389183437145
0.448381265928557	0.677316201086054
0.448781249216628	0.676145462645622
0.4491812325047	0.67487928870298
0.449581215792772	0.673521253664278
0.449981199080844	0.672075843694047
0.450381182368916	0.670548012249288
0.450781165656988	0.668942722783982
0.45118114894506	0.667264552384869
0.451581132233131	0.665517392015399
0.451981115521203	0.663704336736394
0.452381098809275	0.661827764484634
0.452781082097347	0.659889610483988
0.453181065385419	0.657891800508951
0.453581048673491	0.655836841303274
0.453981031961563	0.653728351515265
0.454381015249635	0.651571529913126
0.454780998537706	0.649373282784634
0.455180981825778	0.647141897095278
0.45558096511385	0.644886233393418
0.455980948401922	0.64261473011182
0.456380931689994	0.640334427017001
0.456780914978066	0.638050345667774
0.457180898266138	0.635765349717902
0.457580881554209	0.63348054225451
0.457980864842281	0.631196134858763
0.458380848130353	0.628912515422009
0.458780831418425	0.626631253867414
0.459180814706497	0.624355967313849
0.459580797994569	0.622092748217506
0.459980781282641	0.619850108501034
0.460380764570712	0.617638646156289
0.460780747858784	0.615470459365527
0.461180731146856	0.613358309828943
0.461580714434928	0.611314848614946
0.461980697723	0.609351995293803
0.462380681011072	0.607480351165208
0.462780664299144	0.605708823153349
0.463180647587215	0.60404462146786
0.463580630875287	0.602493440402569
0.463980614163359	0.601059736171821
0.464380597451431	0.599747109028054
0.464780580739503	0.598558558751729
0.465180564027575	0.597496571316198
0.465580547315647	0.596563155171832
0.465980530603718	0.595759817174596
0.46638051389179	0.595087421624631
0.466780497179862	0.594546041952467
0.467180480467934	0.594134909604929
0.467580463756006	0.593852475690515
0.467980447044078	0.593696515894184
0.46838043033215	0.593664230737047
0.468780413620221	0.593752378896463
0.469180396908293	0.593957237935699
0.469580380196365	0.594274290579747
0.469980363484437	0.594697840606237
0.470380346772509	0.595220692835024
0.470780330060581	0.595833889593723
0.471180313348653	0.596526810813145
0.471580296636725	0.597287757444133
0.471980279924796	0.598104678296028
0.472380263212868	0.598966010464946
0.47278024650094	0.599861519712561
0.473180229789012	0.600782684600455
0.473580213077084	0.601722591529845
0.473980196365156	0.602675593197581
0.474380179653228	0.603636765836811
0.474780162941299	0.604601273884633
0.475180146229371	0.605563969424428
0.475580129517443	0.606519333482016
0.475980112805515	0.607461668764768
0.476380096093587	0.608385478526598
0.476780079381659	0.60928590309248
0.477180062669731	0.610159078317994
0.477580045957802	0.611002327967963
0.477980029245874	0.611814141940898
0.478380012533946	0.612593987395701
0.478779995822018	0.613342028931705
0.47917997911009	0.614058733974063
0.479579962398162	0.614744513865075
0.479979945686234	0.615399425584694
0.480379928974306	0.616022900493478
0.480779912262377	0.616613664317885
0.481179895550449	0.617169969489104
0.481579878838521	0.617689993622686
0.481979862126593	0.618172465675033
0.482379845414665	0.61861743255271
0.482779828702737	0.619026753137458
0.483179811990809	0.619404208292078
0.48357979527888	0.619755398989009
0.483979778566952	0.620087495748345
0.484379761855024	0.620408866807886
0.484779745143096	0.620728845027235
0.485179728431168	0.621057694029682
0.48557971171924	0.621406661360796
0.485979695007312	0.621788049355791
0.486379678295383	0.622215088365848
0.486779661583455	0.622701459042645
0.487179644871527	0.623260661044352
0.487579628159599	0.623905230181449
0.487979611447671	0.624645918959931
0.488379594735743	0.625491113160577
0.488779578023815	0.626446708262987
0.489179561311886	0.627516278906023
0.489579544599958	0.628701498049784
0.48997952788803	0.630002629799612
0.490379511176102	0.631418979935506
0.490779494464174	0.632949227487363
0.491179477752246	0.634591689283583
0.491579461040318	0.636344411874974
0.49197944432839	0.638205130420922
0.492379427616461	0.640171219208315
0.492779410904533	0.642239665807179
0.493179394192605	0.644407044150938
0.493579377480677	0.646669548910258
0.493979360768749	0.649022984471079
0.494379344056821	0.651462698273081
0.494779327344893	0.653983451634737
0.495179310632964	0.656579321289218
0.495579293921036	0.659243559243576
0.495979277209108	0.661968351990796
0.49637926049718	0.664744593966853
0.496779243785252	0.667561656955049
0.497179227073324	0.670407188162304
0.497579210361396	0.673267075551716
0.497979193649467	0.67612567348492
0.498379176937539	0.678966283101274
0.498779160225611	0.681771937649587
0.499179143513683	0.684526330859554
0.499579126801755	0.687214689591062
0.499979110089827	0.68982464081136
0.500379093377899	0.692346894242756
0.50077907666597	0.694775561721251
0.501179059954042	0.697108144335823
0.501579043242114	0.699345302296115
0.501979026530186	0.701490423573612
0.502379009818258	0.703549083395847
0.50277899310633	0.705528496444796
0.503178976394402	0.707436917376116
0.503578959682473	0.709283076489599
0.503978942970545	0.711075724655577
0.504378926258617	0.712823297679891
0.504778909546689	0.714533799788855
0.505178892834761	0.716214816714643
0.505578876122833	0.717873698613373
0.505978859410905	0.719517726283099
0.506378842698976	0.721154175838927
0.506778825987048	0.722790155854526
0.50717880927512	0.724432398236459
0.507578792563192	0.726086832254066
0.507978775851264	0.72775802231379
0.508378759139336	0.729448765409949
0.508778742427408	0.731159955738824
0.50917872571548	0.732890556901778
0.509578709003551	0.734637861775131
0.509978692291623	0.736397939291638
0.510378675579695	0.738166120277956
0.510778658867767	0.739937450529994
0.511178642155839	0.741707247741475
0.511578625443911	0.743471496402225
0.511978608731983	0.74522724619527
0.512378592020054	0.746972955508475
0.512778575308126	0.748708746427575
0.513178558596198	0.750436352018864
0.51357854188427	0.752158948114801
0.513978525172342	0.753880734319284
0.514378508460414	0.75560627299573
0.514778491748486	0.757339683453324
0.515178475036557	0.759083942860344
0.515578458324629	0.760840371820157
0.515978441612701	0.762608517489697
0.516378424900773	0.764386359026008
0.516778408188845	0.766170864183294
0.517178391476917	0.767958677706274
0.517578374764989	0.769746788330121
0.51797835805306	0.771532902968705
0.518378341341132	0.77331557651482
0.518778324629204	0.775094058939529
0.519178307917276	0.776868003956306
0.519578291205348	0.778637209717915
0.51997827449342	0.780401506364499
0.520378257781492	0.782160788579837
0.520778241069563	0.783915237048294
0.521178224357635	0.785665499192101
0.521578207645707	0.787412742305444
0.521978190933779	0.789158651755623
0.522378174221851	0.790905265635046
0.522778157509923	0.792654630708569
0.523178140797995	0.794408575068184
0.523578124086067	0.7961685479055
0.523978107374138	0.797935569624946
0.52437809066221	0.799710441042608
0.524778073950282	0.80149397369083
0.525178057238354	0.803287000926544
0.525578040526426	0.80509034035402
0.525978023814498	0.806904618166264
0.52637800710257	0.808729763156561
0.526777990390641	0.810564431548594
0.527177973678713	0.812405585957037
0.527577956966785	0.814248147025569
0.527977940254857	0.816084915911625
0.528377923542929	0.817906862426909
0.528777906831001	0.819703594067207
0.529177890119073	0.82146401563844
0.529577873407144	0.823177181619696
0.529977856695216	0.824833064476734
0.530377839983288	0.826423170959244
0.53077782327136	0.82794102913712
0.531177806559432	0.82938238677273
0.531577789847504	0.830745069934861
0.531977773135576	0.832028516920194
0.532377756423647	0.833233133818781
0.532777739711719	0.834359633527919
0.533177722999791	0.835408556106116
0.533577706287863	0.836379926442202
0.533977689575935	0.837273202283122
0.534377672864007	0.838087423301527
0.534777656152079	0.838821552444926
0.535177639440151	0.839474761768418
0.535577622728222	0.840046555807806
0.535977606016294	0.840536695163096
0.536377589304366	0.840944974458809
0.536777572592438	0.841270690437347
0.53717755588051	0.841512083461179
0.537577539168582	0.841665918454491
0.537977522456654	0.8417272761845
0.538377505744725	0.841689501850396
0.538777489032797	0.841544555149407
0.539177472320869	0.841283589160073
0.539577455608941	0.840897672776
0.539977438897013	0.840378649374298
0.540377422185085	0.839719910884921
0.540777405473157	0.838916699348745
0.541177388761228	0.837966118852629
0.5415773720493	0.836866823130234
0.541977355337372	0.835618330092496
0.542377338625444	0.83422022697556
0.542777321913516	0.832671629042018
0.543177305201588	0.830970898778117
0.54357728848966	0.829115796259499
0.543977271777731	0.827104055947055
0.544377255065803	0.824934211602488
0.544777238353875	0.822606318905167
0.545177221641947	0.820122392411258
0.545577204930019	0.817486397967816
0.545977188218091	0.814703899336432
0.546377171506163	0.811781573939934
0.546777154794234	0.808726839296324
0.547177138082306	0.805547563102213
0.547577121370378	0.802252011733734
0.54797710465845	0.798848888387322
0.548377087946522	0.795347388619743
0.548777071234594	0.791757173774161
0.549177054522666	0.788088274034595
0.549577037810738	0.784350914467746
0.549977021098809	0.780555339881847
0.550377004386881	0.776711812520201
0.550776987674953	0.772830840229813
0.551176970963025	0.768923410434273
0.551576954251097	0.765001046469123
0.551976937539169	0.76107557895521
0.552376920827241	0.757158616646027
0.552776904115312	0.753260835018821
0.553176887403384	0.749391371502141
0.553576870691456	0.745557552941128
0.553976853979528	0.741764939119056
0.5543768372676	0.7380176047866
0.554776820555672	0.734318488073786
0.555176803843744	0.730669678953778
0.555576787131815	0.727072463884287
0.555976770419887	0.723527290920018
0.556376753707959	0.72003378429894
0.556776736996031	0.716590840746871
0.557176720284103	0.713196845922042
0.557576703572175	0.709850144463795
0.557976686860247	0.706549498566021
0.558376670148318	0.703294290669578
0.55877665343639	0.700084466366014
0.559176636724462	0.696920394407194
0.559576620012534	0.693802555024745
0.559976603300606	0.690731304407191
0.560376586588678	0.687706872242644
0.56077656987675	0.684729519615704
0.561176553164822	0.681799747315215
0.561576536452893	0.678918606859092
0.561976519740965	0.676087974311817
0.562376503029037	0.673310672908455
0.562776486317109	0.670590523432772
0.563176469605181	0.667932303726039
0.563576452893253	0.665341625449005
0.563976436181325	0.662824813785924
0.564376419469396	0.660388812688589
0.564776402757468	0.658041130134833
0.56517638604554	0.655789734189513
0.565576369333612	0.653642732557591
0.565976352621684	0.651607871821843
0.566376335909756	0.649691951234152
0.566776319197828	0.647900230933396
0.567176302485899	0.646235989561282
0.567576285773971	0.644700460266675
0.567976269062043	0.643293045166588
0.568376252350115	0.642011778869309
0.568776235638187	0.640853986523128
0.569176218926259	0.639816823855844
0.569576202214331	0.63889752452664
0.569976185502402	0.638093448437219
0.570376168790474	0.637402007193385
0.570776152078546	0.636820524787123
0.571176135366618	0.636346158469811
0.57157611865469	0.635975998514822
0.571976101942762	0.635707319587847
0.572376085230834	0.635537816071177
0.572776068518906	0.635465701394915
0.573176051806977	0.635489673786954
0.573576035095049	0.635608825554407
0.573976018383121	0.635822448041645
0.574376001671193	0.636129759941953
0.574775984959265	0.636529670207901
0.575175968247337	0.637020621061158
0.575575951535409	0.637600532080547
0.57597593482348	0.63826675528349
0.576375918111552	0.639016049677549
0.576775901399624	0.639844654167267
0.577175884687696	0.640748586984466
0.577575867975768	0.641724011737443
0.57797585126384	0.642767607384511
0.578375834551912	0.643876776344704
0.578775817839983	0.645049603174335
0.579175801128055	0.646284506382937
0.579575784416127	0.647579686957281
0.579975767704199	0.648932538594057
0.580375750992271	0.650339284531235
0.580775734280343	0.651794911720608
0.581175717568415	0.653293446487881
0.581575700856486	0.654828470259577
0.581975684144558	0.656393874433844
0.58237566743263	0.657984539559559
0.582775650720702	0.659596732661412
0.583175634008774	0.661228240155883
0.583575617296846	0.662878150084345
0.583975600584918	0.664546327827596
0.584375583872989	0.666232750650606
0.584775567161061	0.66793690950152
0.585175550449133	0.669657342102308
0.585575533737205	0.671391467826524
0.585975517025277	0.673135637760968
0.586375500313349	0.67488534776106
0.586775483601421	0.67663551016747
0.587175466889493	0.678380775591704
0.587575450177564	0.680115744680338
0.587975433465636	0.681835101307474
0.588375416753708	0.683533718509845
0.58877540004178	0.685206776975973
0.589175383329852	0.686849864914788
0.589575366617924	0.688459121536208
0.589975349905996	0.690031320578491
0.590375333194067	0.69156396682371
0.590775316482139	0.693055400350988
0.591175299770211	0.694504894882236
0.591575283058283	0.695912753927801
0.591975266346355	0.697280350150077
0.592375249634427	0.698610048445295
0.592775232922499	0.699904930892827
0.59317521621057	0.701168335089593
0.593575199498642	0.702403200462941
0.593975182786714	0.703611352801298
0.594375166074786	0.704792918443883
0.594775149362858	0.705945943536234
0.59517513265093	0.707066263624252
0.595575115939002	0.708147702044939
0.595975099227073	0.709182592043012
0.596375082515145	0.710162361264716
0.596775065803217	0.711078065941416
0.597175049091289	0.711920830401813
0.597575032379361	0.71268215285454
0.597975015667433	0.713354105555653
0.598374998955505	0.713929581238438
0.598774982243577	0.714402587164072
0.599174965531648	0.714768594898485
0.59957494881972	0.715024867406468
0.599974932107792	0.715170713826489
0.600374915395864	0.715207633212608
0.600774898683936	0.715139395566439
0.601174881972008	0.714971965436473
0.60157486526008	0.714713382604984
0.601974848548151	0.714373418489851
0.602374831836223	0.713962988776111
0.602774815124295	0.713493421006509
0.603174798412367	0.712975712103953
0.603574781700439	0.712419660796118
0.603974764988511	0.711833165527497
0.604374748276583	0.711221893524574
0.604774731564654	0.710589248316884
0.605174714852726	0.709936473924938
0.605574698140798	0.709262937863723
0.60597468142887	0.70856634791259
0.606374664716942	0.707842851012377
0.606774648005014	0.7070871114607
0.607174631293086	0.70629246799098
0.607574614581157	0.705451142478057
0.607974597869229	0.704554783196074
0.608374581157301	0.703595247860731
0.608774564445373	0.702565459668298
0.609174547733445	0.701460129947944
0.609574531021517	0.700276317689835
0.609974514309589	0.699013609283204
0.61037449759766	0.697673920364376
0.610774480885732	0.696260919710282
0.611174464173804	0.694779197022741
0.611574447461876	0.69323338588155
0.611974430749948	0.691627513239029
0.61237441403802	0.689964583487972
0.612774397326092	0.688246529192279
0.613174380614164	0.686474488802962
0.613574363902235	0.684649348320579
0.613974347190307	0.682772249130469
0.614374330478379	0.68084496640081
0.614774313766451	0.678870000308
0.615174297054523	0.676850428882335
0.615574280342595	0.674789560693482
0.615974263630667	0.672690616782092
0.616374246918738	0.670556555113731
0.61677423020681	0.668390125037953
0.617174213494882	0.666194100155904
0.617574196782954	0.663971595046064
0.617974180071026	0.661726336726848
0.618374163359098	0.659462798176127
0.61877414664717	0.657186291577649
0.619174129935241	0.654903077212398
0.619574113223313	0.652620390185357
0.619974096511385	0.650346515548151
0.620374079799457	0.648090891826553
0.620774063087529	0.645864029313038
0.621174046375601	0.643677188553984
0.621574029663673	0.641541987519863
0.621974012951744	0.639469918127235
0.622373996239816	0.637471750953902
0.622773979527888	0.635557055480618
0.62317396281596	0.633733861928818
0.623573946104032	0.632008437410699
0.623973929392104	0.630385141438071
0.624373912680176	0.628866336177812
0.624773895968247	0.627452270158863
0.625173879256319	0.626141035281664
0.625573862544391	0.624928624536947
0.625973845832463	0.62380902433256
0.626373829120535	0.622774472745672
0.626773812408607	0.621815943766153
0.627173795696679	0.620923733175574
0.62757377898475	0.620088109812857
0.627973762272822	0.619299998567936
0.628373745560894	0.618551542525801
0.628773728848966	0.617836397625141
0.629173712137038	0.617149847227333
0.62957369542511	0.616488655105289
0.629973678713182	0.615850812856743
0.630373662001254	0.615235365957073
0.630773645289325	0.614642448187541
0.631173628577397	0.614073440986161
0.631573611865469	0.613531224844038
0.631973595153541	0.613020357815943
0.632373578441613	0.612547057293692
0.632773561729685	0.612118755668818
0.633173545017757	0.611743374365557
0.633573528305828	0.611428457799565
0.6339735115939	0.611180334504865
0.634373494881972	0.611003426096858
0.634773478170044	0.610900063227436
0.635173461458116	0.610870694958204
0.635573444746188	0.610914414613211
0.63597342803426	0.61102976864008
0.636373411322331	0.611215738562709
0.636773394610403	0.611472334157162
0.637173377898475	0.61180082850431
0.637573361186547	0.612203600785333
0.637973344474619	0.612683468652271
0.638373327762691	0.613242639634855
0.638773311050763	0.613881787767833
0.639173294338834	0.614599370450856
0.639573277626906	0.615391421172683
0.639973260914978	0.616251968875107
0.64037324420305	0.617173938820713
0.640773227491122	0.618150206417542
0.641173210779194	0.619174592468389
0.641573194067266	0.620242384200977
0.641973177355337	0.621350295004994
0.642373160643409	0.622496016925563
0.642773143931481	0.623677639790911
0.643173127219553	0.624893091827671
0.643573110507625	0.626139877271623
0.643973093795697	0.627415117606743
0.644373077083769	0.628715831287399
0.64477306037184	0.630039244032999
0.645173043659912	0.631382838501684
0.645573026947984	0.632743954555857
0.645973010236056	0.634119065562539
0.646372993524128	0.635502919678466
0.6467729768122	0.636887887407622
0.647172960100272	0.638263804952441
0.647572943388344	0.63961845051983
0.647972926676415	0.640938493741303
0.648372909964487	0.642210646648786
0.648772893252559	0.643422766039244
0.649172876540631	0.644564728075049
0.649572859828703	0.645628981967418
0.649972843116775	0.646610688419789
0.650372826404847	0.647507550767617
0.650772809692918	0.648319420647299
0.65117279298099	0.64904779641586
0.651572776269062	0.649695230818732
0.651972759557134	0.65026475867153
0.652372742845206	0.650759441304623
0.652772726133278	0.651182145356829
0.65317270942135	0.651535512232671
0.653572692709421	0.651822180300423
0.653972675997493	0.652045205043598
0.654372659285565	0.652208502578913
0.654772642573637	0.652317114680478
0.655172625861709	0.652377239667176
0.655572609149781	0.652395920780112
0.655972592437853	0.652380477099679
0.656372575725924	0.652337822335834
0.656772559013996	0.652273772732931
0.657172542302068	0.65219244791723
0.65757252559014	0.652095949173597
0.657972508878212	0.651984378470174
0.658372492166284	0.651856100399663
0.658772475454356	0.651708200362106
0.659172458742427	0.65153699423565
0.659572442030499	0.651338482648243
0.659972425318571	0.651108767405958
0.660372408606643	0.650844422884178
0.660772391894715	0.650542820545582
0.661172375182787	0.650202500523056
0.661572358470859	0.649823456908304
0.661972341758931	0.649407217709006
0.662372325047002	0.648956763562339
0.662772308335074	0.648476338616159
0.663172291623146	0.647971059667032
0.663572274911218	0.64744641192991
0.66397225819929	0.646907835034487
0.664372241487362	0.646360473939904
0.664772224775434	0.645809086853851
0.665172208063505	0.645258031942773
0.665572191351577	0.644711350690207
0.665972174639649	0.644172827233568
0.666372157927721	0.643645987575833
0.666772141215793	0.64313405787657
0.667172124503865	0.642639874821647
0.667572107791937	0.642165750685655
0.667972091080008	0.641713361879501
0.66837207436808	0.641283741690261
0.668772057656152	0.640877231226785
0.669172040944224	0.64049344206326
0.669572024232296	0.640131485849061
0.669972007520368	0.639790376721879
0.67037199080844	0.639469373372962
0.670771974096511	0.639168320216097
0.671171957384583	0.638887977539302
0.671571940672655	0.638630095930931
0.671971923960727	0.63839715232502
0.672371907248799	0.638191957722915
0.672771890536871	0.638017174341778
0.673171873824943	0.637875031200778
0.673571857113014	0.63776728529597
0.673971840401086	0.637695311561222
0.674371823689158	0.637660107205927
0.67477180697723	0.637662268197862
0.675171790265302	0.637701848651384
0.675571773553374	0.637778085529022
0.675971756841446	0.637889194018693
0.676371740129518	0.638032328378289
0.676771723417589	0.638203698045445
0.677171706705661	0.638398873124244
0.677571689993733	0.63861314599674
0.677971673281805	0.638841820425522
0.678371656569877	0.639080410749117
0.678771639857949	0.639324805514232
0.679171623146021	0.639571399619522
0.679571606434092	0.639817209859174
0.679971589722164	0.640059987442434
0.680371573010236	0.640298070679085
0.680771556298308	0.640529994780908
0.68117153958638	0.640753909408441
0.681571522874452	0.640966976987829
0.681971506162524	0.6411649179636
0.682371489450595	0.641342005856267
0.682771472738667	0.641491467031401
0.683171456026739	0.641606167973126
0.683571439314811	0.641679431031643
0.683971422602883	0.641705842026923
0.684371405890955	0.641681808344508
0.684771389179027	0.641605859804238
0.685171372467098	0.641478631434311
0.68557135575517	0.641302630365279
0.685971339043242	0.641081861782872
0.686371322331314	0.640821492944364
0.686771305619386	0.640527468796469
0.687171288907458	0.640206147915084
0.68757127219553	0.639864049346367
0.687971255483601	0.639507800021526
0.688371238771673	0.639144178365102
0.688771222059745	0.638780304605876
0.689171205347817	0.638423959759371
0.689571188635889	0.638083762953381
0.689971171923961	0.637768906013606
0.690371155212033	0.637488664102157
0.690771138500105	0.637251660725829
0.691171121788176	0.637065025351292
0.691571105076248	0.636933719345451
0.69197108836432	0.636860286354835
0.692371071652392	0.636844902835965
0.692771054940464	0.636885797249329
0.693171038228536	0.63697985302852
0.693571021516608	0.637123054442842
0.693971004804679	0.637310651788744
0.694370988092751	0.637537239250788
0.694770971380823	0.637796651955957
0.695170954668895	0.638081815797535
0.695570937956967	0.638384750823802
0.695970921245039	0.638696778577591
0.696370904533111	0.639008837710901
0.696770887821182	0.639311965037293
0.697170871109254	0.639597775941742
0.697570854397326	0.639858962821904
0.697970837685398	0.640089761914685
0.69837082097347	0.640286267935418
0.698770804261542	0.640446479720876
0.699170787549614	0.640570180210563
0.699570770837685	0.640658628529933
0.699970754125757	0.640714157581096
0.700370737413829	0.640739773721081
0.700770720701901	0.640738894294945
0.701170703989973	0.640715209435782
0.701570687278045	0.640672728383369
0.701970670566117	0.640615778077354
0.702370653854189	0.640548775111782
0.70277063714226	0.640475782297769
0.703170620430332	0.640399949174079
0.703570603718404	0.640322830765528
0.703970587006476	0.64024392462217
0.704370570294548	0.640160662072685
0.70477055358262	0.640068853563697
0.705170536870692	0.639963501807188
0.705570520158763	0.63983994895682
0.705970503446835	0.63969491907758
0.706370486734907	0.639527135589092
0.706770470022979	0.639337407259489
0.707170453311051	0.639128167509191
0.707570436599123	0.638902492273437
0.707970419887195	0.638663070229437
0.708370403175266	0.638411483476853
0.708770386463338	0.638147733816143
0.70917036975141	0.637870131701087
0.709570353039482	0.637575747818744
0.709970336327554	0.637261058458908
0.710370319615626	0.636922538923903
0.710770302903698	0.636557215500402
0.711170286191769	0.636163052593095
0.711570269479841	0.635738844275201
0.711970252767913	0.635283846103706
0.712370236055985	0.634797238429901
0.712770219344057	0.634277456161271
0.713170202632129	0.633721632586905
0.713570185920201	0.633125404271261
0.713970169208272	0.632483020912699
0.714370152496344	0.631787806324863
0.714770135784416	0.631033026067571
0.715170119072488	0.630212766013516
0.71557010236056	0.629322611724045
0.715970085648632	0.628360221853868
0.716370068936704	0.627325727868795
0.716770052224776	0.626221851864428
0.717170035512847	0.625053755704965
0.717570018800919	0.623828724769156
0.717970002088991	0.622555585810109
0.718369985377063	0.621243912680714
0.718769968665135	0.619903286766789
0.719169951953207	0.618542701773473
0.719569935241279	0.617170276320914
0.71996991852935	0.615793417506737
0.720369901817422	0.614419265335107
0.720769885105494	0.613055131001021
0.721169868393566	0.611708869787933
0.721569851681638	0.610389046288139
0.72196983496971	0.609104481763956
0.722369818257782	0.607863486075187
0.722769801545853	0.606673078255684
0.723169784833925	0.605538336793762
0.723569768121997	0.604461972995897
0.723969751410069	0.603444553208505
0.724369734698141	0.60248505785264
0.724769717986213	0.601581590148605
0.725169701274285	0.600732197861795
0.725569684562356	0.599935607989349
0.725969667850428	0.599191573786952
0.7263696511385	0.59850107350507
0.726769634426572	0.597866382421036
0.727169617714644	0.597291065403943
0.727569601002716	0.596780083018933
0.727969584290788	0.596340099323643
0.72836956757886	0.595979556895402
0.728769550866931	0.595708477465844
0.729169534155003	0.595538012055432
0.729569517443075	0.595479661441264
0.729969500731147	0.595544286162454
0.730369484019219	0.595741318662881
0.730769467307291	0.596078367958367
0.731169450595363	0.596561180596403
0.731569433883434	0.597193870582171
0.731969417171506	0.597979266949841
0.732369400459578	0.598919296536407
0.73276938374765	0.600015311201221
0.733169367035722	0.601268267224283
0.733569350323794	0.602678732990604
0.733969333611866	0.604246785448611
0.734369316899937	0.605971860897115
0.734769300188009	0.607852487925416
0.735169283476081	0.609885860629881
0.735569266764153	0.612067377302048
0.735969250052225	0.614390358682039
0.736369233340297	0.616845985441387
0.736769216628369	0.619423438807649
0.73716919991644	0.622110355537685
0.737569183204512	0.624893475583338
0.737969166492584	0.627759264586989
0.738369149780656	0.630694432900795
0.738769133068728	0.63368635954057
0.7391691163568	0.636723445872049
0.739569099644872	0.639795467042131
0.739969082932944	0.642893985806938
0.740369066221015	0.646012743395626
0.740769049509087	0.649147951800593
0.741169032797159	0.652298337178436
0.741569016085231	0.655464744529659
0.741968999373303	0.658649344096553
0.742368982661375	0.661854640191979
0.742768965949447	0.665082352892108
0.743168949237518	0.668332425324639
0.74356893252559	0.671602498721212
0.743968915813662	0.674887898455426
0.744368899101734	0.67818193527956
0.744768882389806	0.681476504581444
0.745168865677878	0.684762703774346
0.74556884896595	0.688031225922604
0.745968832254021	0.691272520555004
0.746368815542093	0.694476808728477
0.746768798830165	0.697633968151324
0.747168782118237	0.70073351217518
0.747568765406309	0.703764698246663
0.747968748694381	0.706716539424657
0.748368731982453	0.709577760139049
0.748768715270524	0.712336867566837
0.749168698558596	0.714982142478282
0.749568681846668	0.71750160492761
0.74996866513474	0.719883184624973
0.750368648422812	0.722115053505157
0.750768631710884	0.724186060988593
0.751168614998956	0.72608622867684
0.751568598287027	0.727807135071329
0.751968581575099	0.729342064169967
0.752368564863171	0.730686024937469
0.752768548151243	0.73183561499089
0.753168531439315	0.732788780936291
0.753568514727387	0.733544633086066
0.753968498015459	0.734103305917211
0.754368481303531	0.734465710057557
0.754768464591602	0.734633197133367
0.755168447879674	0.734607162617469
0.755568431167746	0.734388608238766
0.755968414455818	0.733977757955386
0.75636839774389	0.733373916224168
0.756768381031962	0.732575536127096
0.757168364320034	0.731580515962834
0.757568347608105	0.730386628674905
0.757968330896177	0.728991962187734
0.758368314184249	0.727395279080608
0.758768297472321	0.725596339345099
0.759168280760393	0.723596157979734
0.759568264048465	0.721397166312231
0.759968247336537	0.719003320362418
0.760368230624608	0.716420207202095
0.76076821391268	0.713655017345864
0.761168197200752	0.710716291439826
0.761568180488824	0.707613613946656
0.761968163776896	0.704357349088327
0.762368147064968	0.700958412362472
0.76276813035304	0.697428147100883
0.763168113641111	0.693778395516771
0.763568096929183	0.69002162305722
0.763968080217255	0.686171054272862
0.764368063505327	0.682240784338915
0.764768046793399	0.678245638500618
0.765168030081471	0.674200778005096
0.765568013369543	0.670121236396253
0.765967996657615	0.666021445146072
0.766367979945686	0.661914774662604
0.766767963233758	0.65781339003031
0.76716794652183	0.653728416976618
0.767567929809902	0.649670219729412
0.767967913097974	0.645648688075961
0.768367896386046	0.641673425273534
0.768767879674118	0.63775363394469
0.769167862962189	0.633897921243478
0.769567846250261	0.630114137699873
0.769967829538333	0.626409226531694
0.770367812826405	0.622789133535934
0.770767796114477	0.619258940646396
0.771167779402549	0.615822955402495
0.771567762690621	0.612484695579309
0.771967745978692	0.609246868209339
0.772367729266764	0.606111238222389
0.772767712554836	0.603078420878962
0.773167695842908	0.60014784081678
0.77356767913098	0.59731781891284
0.773967662419052	0.59458563857915
0.774367645707124	0.591947700089541
0.774767628995195	0.589399820455875
0.775167612283267	0.586937581601431
0.775567595571339	0.584556728301921
0.775967578859411	0.582253590472324
0.776367562147483	0.580025291410569
0.776767545435555	0.577869724517823
0.777167528723627	0.57578533393444
0.777567512011698	0.573770720157046
0.77796749529977	0.571824223933684
0.778367478587842	0.569943751403807
0.778767461875914	0.568126790500485
0.779167445163986	0.566370511579349
0.779567428452058	0.564671945805485
0.77996741174013	0.563028206081417
0.780367395028202	0.561436657066297
0.780767378316273	0.559894996788035
0.781167361604345	0.558401233023683
0.781567344892417	0.556953561249763
0.781967328180489	0.555550151999184
0.782367311468561	0.554188952449472
0.782767294756633	0.55286743775555
0.783167278044705	0.551582453614084
0.783567261332776	0.550330223341779
0.783967244620848	0.549106502274501
0.78436722790892	0.547906769787833
0.784767211196992	0.546726508735965
0.785167194485064	0.545561599204478
0.785567177773136	0.544408760864501
0.785967161061208	0.543265845757009
0.786367144349279	0.542132051850324
0.786767127637351	0.541008055771932
0.787167110925423	0.539895975356638
0.787567094213495	0.53879908028971
0.787967077501567	0.537721361032567
0.788367060789639	0.536666995346931
0.788767044077711	0.53563991613274
0.789167027365782	0.5346435975172
0.789567010653854	0.533681049563274
0.789966993941926	0.532754968827139
0.790366977229998	0.531867937134282
0.79076696051807	0.531022491064808
0.791166943806142	0.530220963328051
0.791566927094214	0.529465259091673
0.791966910382286	0.528756662587667
0.792366893670357	0.528095724864863
0.792766876958429	0.527482296341249
0.793166860246501	0.526915561393302
0.793566843534573	0.526394096695786
0.793966826822645	0.525916094164187
0.794366810110717	0.525479650781377
0.794766793398789	0.525082976991473
0.79516677668686	0.524724668662149
0.795566759974932	0.524404058193942
0.795966743263004	0.524121434450644
0.796366726551076	0.523878146468532
0.796766709839148	0.523676605137341
0.79716669312722	0.523520118189957
0.797566676415292	0.523412651491143
0.797966659703363	0.523358559700159
0.798366642991435	0.523362208142054
0.798766626279507	0.52342751826875
0.799166609567579	0.523557535713952
0.799566592855651	0.523753963728268
0.799966576143723	0.524016735723778
0.800366559431795	0.524343892749211
0.800766542719866	0.524731790048235
0.801166526007938	0.52517563430107
0.80156650929601	0.525670255153161
0.801966492584082	0.526210977523407
0.802366475872154	0.526794253500363
0.802766459160226	0.527417988066003
0.803166442448298	0.528081525076992
0.803566425736369	0.528785251974519
0.803966409024441	0.529530052532528
0.804366392312513	0.530316940119233
0.804766375600585	0.531146745156668
0.805166358888657	0.532019846528744
0.805566342176729	0.532936152218987
0.805966325464801	0.533895224656265
0.806366308752873	0.534896337518707
0.806766292040944	0.535938582728769
0.807166275329016	0.537021087030905
0.807566258617088	0.538143114650817
0.80796624190516	0.539304089039545
0.808366225193232	0.540503519364808
0.808766208481304	0.541740736387251
0.809166191769376	0.543014476153332
0.809566175057447	0.544322533108564
0.809966158345519	0.545661507173039
0.810366141633591	0.547026838548836
0.810766124921663	0.548413235754168
0.811166108209735	0.549815279036758
0.811566091497807	0.551227967857346
0.811966074785879	0.552647178635109
0.81236605807395	0.554069857454157
0.812766041362022	0.555493942337298
0.813166024650094	0.556918063532629
0.813566007938166	0.558341217013812
0.813965991226238	0.559762351687182
0.81436597451431	0.561180003250422
0.814765957802382	0.562592127464041
0.815165941090453	0.563996100517942
0.815565924378525	0.565388730706727
0.815965907666597	0.566766504158114
0.816365890954669	0.568125999903847
0.816765874242741	0.569464285962869
0.817165857530813	0.570779258977296
0.817565840818885	0.572070023266207
0.817965824106957	0.573336878656273
0.818365807395028	0.574581086949761
0.8187657906831	0.575804580601178
0.819165773971172	0.577009563556022
0.819565757259244	0.578197859978872
0.819965740547316	0.579370486840368
0.820365723835388	0.580527356020743
0.82076570712346	0.581667046245788
0.821165690411531	0.582786826937308
0.821565673699603	0.583883061340784
0.821965656987675	0.584951715388305
0.822365640275747	0.585988921701685
0.822765623563819	0.586991510225359
0.823165606851891	0.587957388414444
0.823565590139963	0.588885743587873
0.823965573428034	0.589777205729082
0.824365556716106	0.590633782090331
0.824765540004178	0.591458618237466
0.82516552329225	0.592255744625825
0.825565506580322	0.593029819146503
0.825965489868394	0.593785779137742
0.826365473156466	0.594528485331612
0.826765456444537	0.595262482559778
0.827165439732609	0.595991957258689
0.827565423020681	0.596720780407802
0.827965406308753	0.597452581110438
0.828365389596825	0.598190839459377
0.828765372884897	0.598938984318274
0.829165356172969	0.59970040931538
0.82956533946104	0.600478420769258
0.829965322749112	0.601276190068699
0.830365306037184	0.602096784313777
0.830765289325256	0.602943200095336
0.831165272613328	0.603818204973442
0.8315652559014	0.604723964982992
0.831965239189472	0.605661578662555
0.832365222477544	0.606630626510763
0.832765205765615	0.607628740994956
0.833165189053687	0.608651333509851
0.833565172341759	0.60969156783974
0.833965155629831	0.610740594035433
0.834365138917903	0.611787932220035
0.834765122205975	0.612821886870829
0.835165105494047	0.613829947012807
0.835565088782118	0.614799311075954
0.83596507207019	0.61571739504153
0.836365055358262	0.616572297944304
0.836765038646334	0.617353218687595
0.837165021934406	0.61805085917441
0.837565005222478	0.618657657118834
0.83796498851055	0.619167938293799
0.838364971798621	0.619578009072679
0.838764955086693	0.619886065917538
0.839164938374765	0.620091955370761
0.839564921662837	0.620196906028498
0.839964904950909	0.620203137250308
0.840364888238981	0.620113422788134
0.840764871527053	0.619930804011036
0.841164854815124	0.619658437548122
0.841564838103196	0.619299487298401
0.841964821391268	0.618857164708086
0.84236480467934	0.618334874206534
0.842764787967412	0.617736378134321
0.843164771255484	0.617066059627299
0.843564754543556	0.616329230677576
0.843964737831628	0.615532271432875
0.844364721119699	0.614682534934719
0.844764704407771	0.613788114390429
0.845164687695843	0.612857300136454
0.845564670983915	0.611897886048486
0.845964654271987	0.610916402205205
0.846364637560059	0.609917411564478
0.846764620848131	0.608903076362743
0.847164604136202	0.607873131120364
0.847564587424274	0.606825081234268
0.847964570712346	0.605754692410426
0.848364554000418	0.604656725035897
0.84876453728849	0.603525696006902
0.849164520576562	0.602356515109001
0.849564503864634	0.601145068022546
0.849964487152705	0.599888475901775
0.850364470440777	0.598585041792325
0.850764453728849	0.597234066709844
0.851164437016921	0.595835595733414
0.851564420304993	0.594390125053294
0.851964403593065	0.592898561484312
0.852364386881137	0.591362413247851
0.852764370169208	0.589784030141015
0.85316435345728	0.588166826432396
0.853564336745352	0.586515388000797
0.853964320033424	0.584835338393472
0.854364303321496	0.583133063927971
0.854764286609568	0.581415401131862
0.85516426989764	0.579689348483497
0.855564253185711	0.57796192490219
0.855964236473783	0.576240272621882
0.856364219761855	0.574531955078455
0.856764203049927	0.572845226862312
0.857164186337999	0.57118911321373
0.857564169626071	0.569573302799068
0.857964152914143	0.568007817859571
0.858364136202215	0.566502476541159
0.858764119490286	0.565066178269949
0.859164102778358	0.563706252499698
0.85956408606643	0.56242797906825
0.859964069354502	0.561234378732187
0.860364052642574	0.560126269868186
0.860764035930646	0.559102565235879
0.861164019218718	0.558160811035983
0.861564002506789	0.557297833003622
0.861963985794861	0.556510336171949
0.862363969082933	0.555795371432132
0.862763952371005	0.555150673882965
0.863163935659077	0.554574870499975
0.863563918947149	0.554067531627109
0.863963902235221	0.553629158088091
0.864363885523292	0.553261027284482
0.864763868811364	0.552964937504643
0.865163852099436	0.552742874432191
0.865563835387508	0.552596644973837
0.86596381867558	0.552527538021978
0.866363801963652	0.552536169531661
0.866763785251724	0.552622594219928
0.867163768539795	0.552786557777928
0.867563751827867	0.553027899113301
0.867963735115939	0.553346917234257
0.868363718404011	0.553744419979014
0.868763701692083	0.554221514830453
0.869163684980155	0.554779355387261
0.869563668268227	0.555418791076239
0.869963651556299	0.556140013209598
0.87036363484437	0.556942394956031
0.870763618132442	0.557824480893704
0.871163601420514	0.558784065300561
0.871563584708586	0.559818375955322
0.871963567996658	0.560924185908724
0.87236355128473	0.562097889702411
0.872763534572802	0.563335622280876
0.873163517860873	0.564633415693367
0.873563501148945	0.565987322291326
0.873963484437017	0.567393603962425
0.874363467725089	0.56884889750714
0.874763451013161	0.570350301689462
0.875163434301233	0.571895398385672
0.875563417589305	0.573482146744437
0.875963400877376	0.575108793944733
0.876363384165448	0.576773945969729
0.87676336745352	0.578476532229058
0.877163350741592	0.580215660580555
0.877563334029664	0.581990525733392
0.877963317317736	0.583800229843274
0.878363300605808	0.585643430744302
0.878763283893879	0.587518147219524
0.879163267181951	0.589421737818022
0.879563250470023	0.591350955094858
0.879963233758095	0.593302168964065
0.880363217046167	0.595271633869576
0.880763200334239	0.59725552825294
0.881163183622311	0.599249812761739
0.881563166910383	0.601250019353804
0.881963150198454	0.603250959477489
0.882363133486526	0.605246570459932
0.882763116774598	0.607230139505579
0.88316310006267	0.609194725413904
0.883563083350742	0.611133638797952
0.883963066638814	0.613040858032658
0.884363049926886	0.614911165841588
0.884763033214957	0.61674003200418
0.885163016503029	0.618523380008847
0.885562999791101	0.620257343539414
0.885962983079173	0.621938180314068
0.886362966367245	0.623562401776251
0.886762949655317	0.62512691029179
0.887162932943389	0.626629081409356
0.88756291623146	0.628066804472
0.887962899519532	0.629438320550623
0.888362882807604	0.630741891396725
0.888762866095676	0.631975452231797
0.889162849383748	0.633136292261037
0.88956283267182	0.634220759576387
0.889962815959892	0.63522407503033
0.890362799247963	0.636140254898153
0.890762782536035	0.63696220326202
0.891162765824107	0.637682044550968
0.891562749112179	0.638291716638834
0.891962732400251	0.638783651483037
0.892362715688323	0.639151467413073
0.892762698976395	0.639390522637199
0.893162682264466	0.639498254979303
0.893562665552538	0.639474125202582
0.89396264884061	0.639319245025886
0.894362632128682	0.639035904822563
0.894762615416754	0.638627164788168
0.895162598704826	0.638096418118661
0.895562581992898	0.63744712921121
0.89596256528097	0.636682767265356
0.896362548569041	0.635806894789844
0.896762531857113	0.634823346575405
0.897162515145185	0.633736523309853
0.897562498433257	0.632551561256197
0.897962481721329	0.631274481660107
0.898362465009401	0.629912226403664
0.898762448297473	0.628472498919677
0.899162431585544	0.626963389565911
0.899562414873616	0.625392985949189
0.899962398161688	0.623769056169067
0.90036238144976	0.622098922157603
0.900762364737832	0.620389447161961
0.901162348025904	0.618647070852448
0.901562331313976	0.616877829008818
0.901962314602047	0.615087341099945
0.902362297890119	0.613280641774298
0.902762281178191	0.611461889232105
0.903162264466263	0.609634094331081
0.903562247754335	0.607798953199212
0.903962231042407	0.60595683278015
0.904362214330479	0.604106945954355
0.90476219761855	0.602247583698555
0.905162180906622	0.60037634665792
0.905562164194694	0.598490403421632
0.905962147482766	0.596586679186189
0.906362130770838	0.594661959185722
0.90676211405891	0.592713065192739
0.907162097346982	0.590737139078148
0.907562080635054	0.588731960596374
0.907962063923125	0.586696239536831
0.908362047211197	0.584629853803613
0.908762030499269	0.582533942688752
0.909162013787341	0.580410871752208
0.909561997075413	0.578824509653318
0.909961980363485	0.577193214795087
0.910361963651557	0.57552355197362
0.910761946939628	0.573823574400408
0.9111619302277	0.572101490075368
0.911561913515772	0.570364906581913
0.911961896803844	0.568620477432534
0.912361880091916	0.566873798007423
0.912761863379988	0.565129446976365
0.91316184666806	0.563391092676566
0.913561829956131	0.561661616141238
0.913961813244203	0.559943230129696
0.914361796532275	0.558237591693414
0.914761779820347	0.556545905482588
0.915161763108419	0.554869018679381
0.915561746396491	0.553207511987646
0.915961729684563	0.551561775578586
0.916361712972634	0.549932058486727
0.916761696260706	0.548318498007772
0.917161679548778	0.546721137132075
0.91756166283685	0.545139926792539
0.917961646124922	0.54357472462217
0.918361629412994	0.542025301731296
0.918761612701066	0.540491352785089
0.919161595989137	0.538972507628457
0.919561579277209	0.537468348263948
0.919961562565281	0.5359784238486
0.920361545853353	0.534502265379319
0.920761529141425	0.533039403959061
0.921161512429497	0.531589391354322
0.921561495717569	0.530151815771782
0.921961479005641	0.528726314839025
0.922361462293712	0.527312582368169
0.922761445581784	0.525910367860546
0.923161428869856	0.524519470842834
0.923561412157928	0.523139732962796
0.923961395446	0.521771033107343
0.924361378734072	0.520413286303073
0.924761362022144	0.519066438111407
0.925161345310215	0.51773045419486
0.925561328598287	0.516405308992935
0.925961311886359	0.51509097248534
0.926361295174431	0.513787396295686
0.926761278462503	0.512494508962448
0.927161261750575	0.511212218085792
0.927561245038647	0.509940416304861
0.927961228326718	0.508678992505657
0.92836121161479	0.507427843576705
0.928761194902862	0.506186880084692
0.929161178190934	0.504956029342913
0.929561161479006	0.503735238098757
0.929961144767078	0.502524471732934
0.93036112805515	0.501323712492498
0.930761111343221	0.500132960129165
0.931161094631293	0.498952231967876
0.931561077919365	0.49778156097806
0.931961061207437	0.496620992292893
0.932361044495509	0.495470577011163
0.932761027783581	0.494330365451605
0.933161011071653	0.493200401843448
0.933560994359724	0.492080720983181
0.933960977647796	0.490971347169992
0.934360960935868	0.489872298196945
0.93476094422394	0.488783591217221
0.935160927512012	0.487705249880576
0.935560910800084	0.486637310382216
0.935960894088156	0.485579823468989
0.936360877376228	0.484532851491525
0.936760860664299	0.483496462671578
0.937160843952371	0.482470723381355
0.937560827240443	0.481455690415796
0.937960810528515	0.480451404994363
0.938360793816587	0.479457889332153
0.938760777104659	0.478475145709449
0.939160760392731	0.477503158138639
0.939560743680802	0.476541896375984
0.939960726968874	0.475591320654929
0.940360710256946	0.474651385217686
0.940760693545018	0.473722040463457
0.94116067683309	0.472803233759181
0.941560660121162	0.471894907218953
0.941960643409234	0.470996994016004
0.942360626697305	0.470109416215671
0.942760609985377	0.469232085434323
0.943160593273449	0.468364904674283
0.943560576561521	0.467507772981752
0.943960559849593	0.46666059216082
0.944360543137665	0.465823272515216
0.944760526425737	0.464995737209035
0.945160509713808	0.464177925555668
0.94556049300188	0.463369794141757
0.945960476289952	0.462571318523158
0.946360459578024	0.461782496054955
0.946760442866096	0.461003348458363
0.947160426154168	0.46023392299796
0.94756040944224	0.459474292279013
0.947960392730311	0.458724552153537
0.948360376018383	0.457984819439184
0.948760359306455	0.457255229246574
0.949160342594527	0.456535932008678
0.949560325882599	0.455827090492653
0.949960309170671	0.455128877382986
0.950360292458743	0.454441470935641
0.950760275746814	0.453765048792963
0.951160259034886	0.453099781911825
0.951560242322958	0.452445829679629
0.95196022561103	0.451803336054031
0.952360208899102	0.451172430629036
0.952760192187174	0.450553231219684
0.953160175475246	0.449945845884213
0.953560158763318	0.449350375242416
0.953960142051389	0.448766914604714
0.954360125339461	0.448195550347615
0.954760108627533	0.447636354537004
0.955160091915605	0.447089381762265
0.955560075203677	0.446554669225448
0.955960058491749	0.446032237112424
0.956360041779821	0.445522093630783
0.956760025067892	0.445024242287841
0.957160008355964	0.444538690472871
