0	0.784074451358387
0.000399983265698866	0.79238595919161
0.000799966531397733	0.800641691875403
0.0011999497970966	0.808841377506146
0.00159993306279547	0.816984749220121
0.00199991632849433	0.825071531543447
0.0023998995941932	0.833101429769052
0.00279988285989206	0.841074123218939
0.00319986612559093	0.848989263501696
0.0035998493912898	0.856846468571223
0.00399983265698866	0.864645318991878
0.00439981592268753	0.872385358585442
0.0047997991883864	0.880066105774958
0.00519978245408526	0.887687067436494
0.00559976571978413	0.895247751644869
0.00599974898548299	0.902747676767446
0.00639973225118186	0.910186373768115
0.00679971551688073	0.917563379793253
0.00719969878257959	0.924878226032233
0.00759968204827846	0.932130424988842
0.00799966531397733	0.939319459201277
0.00839964857967619	0.946444776405578
0.00879963184537506	0.953505793931951
0.00919961511107393	0.960501907152112
0.00959959837677279	0.967432500238487
0.00999958164247166	0.974296957662144
0.0103995649081705	0.981094669101924
0.0107995481738694	0.987825026866744
0.0111995314395683	0.99448742048532
0.0115995147052671	1.00108122892883
0.011999497970966	1.00760581082055
0.0123994812366649	1.01406049911237
0.0127994645023637	1.02044459923414
0.0131994477680626	1.02675738826935
0.0135994310337615	1.03299811564419
0.0139994142994603	1.03916600637535
0.0143993975651592	1.0452602630489
0.0147993808308581	1.05128006762388
0.0151993640965569	1.05722458600513
0.0155993473622558	1.0630929745743
0.0159993306279547	1.06888438812127
0.0163993138936535	1.07459799086914
0.0167992971593524	1.08023296834208
0.0171992804250513	1.08578853859694
0.0175992636907501	1.09126396218393
0.017999246956449	1.09665854974319
0.0183992302221479	1.10197166541461
0.0187992134878467	1.10720272592668
0.0191991967535456	1.11235119613214
0.0195991800192445	1.11741658283707
0.0199991632849433	1.12239842749749
0.0203991465506422	1.1272962994044
0.020799129816341	1.13210979216279
0.0211991130820399	1.13683852633861
0.0215990963477388	1.14148215508142
0.0219990796134376	1.14604036856727
0.0223990628791365	1.15051289714659
0.0227990461448354	1.15489951218467
0.0231990294105342	1.15920002317295
0.0235990126762331	1.16341427510584
0.023998995941932	1.16754214856035
0.0243989792076308	1.17158356223702
0.0247989624733297	1.1755384771987
0.0251989457390286	1.17940690392022
0.0255989290047274	1.1831889080618
0.0259989122704263	1.18688461417719
0.0263988955361252	1.19049420764556
0.026798878801824	1.19401793716971
0.0271988620675229	1.19745611718966
0.0275988453332218	1.20080913297577
0.0279988285989206	1.20407744897046
0.0283988118646195	1.2072616211851
0.0287987951303184	1.21036230946256
0.0291987783960172	1.21338028778533
0.0295987616617161	1.21631645237945
0.029998744927415	1.21917183025919
0.0303987281931138	1.22194758316966
0.0307987114588127	1.22464501171342
0.0311986947245116	1.22726555597825
0.0315986779902104	1.22981079504208
0.0319986612559093	1.23228244718941
0.0323986445216082	1.23468237445961
0.032798627787307	1.23701258228661
0.0331986110530059	1.23927521639969
0.0335985943187048	1.24147255620253
0.0339985775844036	1.24360700302501
0.0343985608501025	1.24568106633316
0.0347985441158014	1.24769736028368
0.0351985273815002	1.2496586073227
0.0355985106471991	1.25156764538086
0.035998493912898	1.25342744159176
0.0363984771785968	1.25524110802364
0.0367984604442957	1.25701190812016
0.0371984437099946	1.25874325766625
0.0375984269756934	1.26043872595056
0.0379984102413923	1.2621020326029
0.0383983935070912	1.26373704356402
0.03879837677279	1.26534776965797
0.0391983600384889	1.26693836333591
0.0395983433041878	1.26851310262577
0.0399983265698866	1.27007636741147
0.0403983098355855	1.27163261121089
0.0407982931012844	1.27318631803848
0.0411982763669832	1.2747419445533
0.0415982596326821	1.27630385622534
0.041998242898381	1.27787623720775
0.0423982261640798	1.27946295898675
0.0427982094297787	1.28106741256466
0.0431981926954776	1.282692300262
0.0435981759611764	1.28433936608003
0.0439981592268753	1.28600905454905
0.0443981424925742	1.28770007567784
0.044798125758273	1.2894088334361
0.0451981090239719	1.29112870071668
0.0455980922896708	1.29284912593789
0.0459980755553696	1.29455457713801
0.0463980588210685	1.29622339557287
0.0467980420867674	1.29782671828169
0.0471980253524662	1.2993276786562
0.0475980086181651	1.30068117035543
0.047997991883864	1.30183446399823
0.0483979751495628	1.30003522498787
0.0487979584152617	1.29817590107673
0.0491979416809606	1.29626120852501
0.0495979249466594	1.29429385778447
0.0499979082123583	1.29227445970064
0.0503978914780572	1.2902017694698
0.050797874743756	1.28807316387437
0.0511978580094549	1.28588524248359
0.0515978412751538	1.28363423119521
0.0519978245408526	1.28131619106245
0.0523978078065515	1.27892712789974
0.0527977910722504	1.27646326250937
0.0531977743379492	1.27392143475123
0.0535977576036481	1.27129957218075
0.053997740869347	1.2685970774881
0.0543977241350458	1.26581494004666
0.0547977074007447	1.26295543591603
0.0551976906664435	1.26002141076366
0.0555976739321424	1.25701543948817
0.0559976571978413	1.25393916689667
0.0563976404635401	1.25079314456467
0.056797623729239	1.2475773489147
0.0571976069949379	1.24429210910048
0.0575975902606367	1.24093915961533
0.0579975735263356	1.23752260072517
0.0583975567920345	1.23404947133834
0.0587975400577333	1.23052969920819
0.0591975233234322	1.22697565644563
0.0595975065891311	1.22340149871788
0.0599974898548299	1.21982240718793
0.0603974731205288	1.21625405929994
0.0607974563862277	1.21271231140194
0.0611974396519265	1.20921291768847
0.0615974229176254	1.2057713326652
0.0619974061833243	1.20240271269208
0.0623973894490231	1.19912175593766
0.062797372714722	1.19594236645324
0.0631973559804209	1.19287742287396
0.0635973392461197	1.18993858367104
0.0639973225118186	1.18713602992233
0.0643973057775175	1.18447844290979
0.0647972890432163	1.18197319786951
0.0651972723089152	1.17962678942041
0.0655972555746141	1.17744542390672
0.0659972388403129	1.17543567339319
0.0663972221060118	1.17360494827627
0.0667972053717107	1.17196178742467
0.0671971886374095	1.1705158506012
0.0675971719031084	1.16927771959329
0.0679971551688073	1.16825846935452
0.0683971384345061	1.16746913838254
0.068797121700205	1.16692021159018
0.0691971049659039	1.1666213897306
0.0695970882316027	1.16658148751034
0.0699970714973016	1.16680816639339
0.0703970547630005	1.16730755146471
0.0707970380286993	1.16808382298499
0.0711970212943982	1.16913867326148
0.0715970045600971	1.17047085210228
0.0719969878257959	1.1720759259729
0.0723969710914948	1.17394629184463
0.0727969543571937	1.17607125349189
0.0731969376228925	1.1784371891339
0.0735969208885914	1.18102759776965
0.0739969041542903	1.18382307917399
0.0743968874199891	1.18680133401935
0.074796870685688	1.18993743966471
0.0751968539513869	1.19320444314152
0.0755968372170857	1.19657422950073
0.0759968204827846	1.20001853108119
0.0763968037484835	1.20351000685093
0.0767967870141823	1.2070229183353
0.0771967702798812	1.21053319388896
0.0775967535455801	1.21401813785045
0.0779967368112789	1.21745609214477
0.0783967200769778	1.22082587923161
0.0787967033426767	1.22410650017177
0.0791966866083755	1.22727712539856
0.0795966698740744	1.23031730492956
0.0799966531397733	1.23320746909967
0.0803966364054721	1.23592970187543
0.080796619671171	1.23846823918875
0.0811966029368699	1.24080956166972
0.0815965862025687	1.24294214304193
0.0819965694682676	1.24485580000301
0.0823965527339665	1.24654090105439
0.0827965359996653	1.2479880390602
0.0831965192653642	1.24918815810908
0.0835965025310631	1.25013296620672
0.0839964857967619	1.2508157041908
0.0843964690624608	1.25123180143052
0.0847964523281597	1.2513790315258
0.0851964355938585	1.25125733022469
0.0855964188595574	1.25086837646274
0.0859964021252562	1.25021482123366
0.0863963853909551	1.24929972281871
0.086796368656654	1.24812638864537
0.0871963519223529	1.24669838748366
0.0875963351880517	1.24501963569322
0.0879963184537506	1.24309473659973
0.0883963017194495	1.24092928790405
0.0887962849851483	1.23853003540841
0.0891962682508472	1.23590511413947
0.0895962515165461	1.23306429519942
0.0899962347822449	1.23001879040318
0.0903962180479438	1.22678079300336
0.0907962013136426	1.22336291904744
0.0911961845793415	1.21977757898901
0.0915961678450404	1.21603650727088
0.0919961511107392	1.21215080173945
0.0923961343764381	1.20813132473431
0.092796117642137	1.20398923792305
0.0931961009078359	1.19973675175621
0.0935960841735347	1.19538780052718
0.0939960674392336	1.19095825240173
0.0943960507049325	1.18646572905017
0.0947960339706313	1.18192924815186
0.0951960172363302	1.17736861036192
0.095596000502029	1.17280362948002
0.0959959837677279	1.16825350115993
0.0963959670334268	1.16373619447832
0.0967959502991256	1.15926796006717
0.0971959335648245	1.15486324229662
0.0975959168305234	1.15053499286109
0.0979959000962222	1.14629510560533
0.0983958833619211	1.14215498216245
0.09879586662762	1.13812605945958
0.0991958498933188	1.13421993610548
0.0995958331590177	1.13044810961907
0.0999958164247166	1.12682162126262
0.100395799690415	1.12335060054775
0.100795782956114	1.12004396041589
0.101195766221813	1.11690955409954
0.101595749487512	1.11395460294483
0.101995732753211	1.11118603590405
0.10239571601891	1.10861082113415
0.102795699284609	1.10623611929259
0.103195682550308	1.10406905621899
0.103595665816006	1.10211637265081
0.103995649081705	1.10038431834169
0.104395632347404	1.09887854403101
0.104795615613103	1.09760405091459
0.105195598878802	1.09656519861341
0.105595582144501	1.09576559200886
0.1059955654102	1.09520789095307
0.106395548675898	1.09489384991335
0.106795531941597	1.094824537897
0.107195515207296	1.09500058799499
0.107595498472995	1.09542258047773
0.107995481738694	1.09609128777862
0.108395465004393	1.09700753005198
0.108795448270092	1.09817174062011
0.109195431535791	1.09958351204899
0.109595414801489	1.10124123788201
0.109995398067188	1.10314200907331
0.110395381332887	1.10528178671186
0.110795364598586	1.10765566139437
0.111195347864285	1.11025793277752
0.111595331129984	1.11308199856658
0.111995314395683	1.11612006171322
0.112395297661381	1.11936289582135
0.11279528092708	1.12279967032184
0.113195264192779	1.12641805083169
0.113595247458478	1.13020459071579
0.113995230724177	1.13414528639645
0.114395213989876	1.13822610423463
0.114795197255575	1.14243340886778
0.115195180521273	1.1467542174668
0.115595163786972	1.15117635515424
0.115995147052671	1.15568861616094
0.11639513031837	1.16028078821705
0.116795113584069	1.1649434533162
0.117195096849768	1.16966773990346
0.117595080115467	1.17444519264954
0.117995063381166	1.17926770386682
0.118395046646864	1.18412763659175
0.118795029912563	1.18901802734191
0.119195013178262	1.19393265861127
0.119594996443961	1.19886567158051
0.11999497970966	1.20381075566459
0.120394962975359	1.20876003281848
0.120794946241058	1.21370311500592
0.121194929506756	1.21862661214761
0.121594912772455	1.2235142359192
0.121994896038154	1.22834749290489
0.122394879303853	1.23310693010954
0.122794862569552	1.23777353352423
0.123194845835251	1.24232998499405
0.12359482910095	1.24676153800677
0.123994812366649	1.25105662214292
0.124394795632347	1.25520705321918
0.124794778898046	1.25920794459978
0.125194762163745	1.2630572702776
0.125594745429444	1.26675510175347
0.125994728695143	1.27030264924171
0.126394711960842	1.27370140107656
0.126794695226541	1.27695253837017
0.127194678492239	1.28005651661076
0.127594661757938	1.28301298381841
0.127994645023637	1.28582083863323
0.128394628289336	1.28847821756006
0.128794611555035	1.29098236226976
0.129194594820734	1.29332937824163
0.129594578086433	1.29551402925379
0.129994561352132	1.29752987810935
0.13039454461783	1.29936985877364
0.130794527883529	1.30102707051248
0.131194511149228	1.30249572255336
0.131594494414927	1.30377192174755
0.131994477680626	1.30485395038574
0.132394460946325	1.30574215801613
0.132794444212024	1.30643865238377
0.133194427477722	1.30694695764532
0.133594410743421	1.30727181871035
0.13399439400912	1.30741922783274
0.134394377274819	1.3073964859477
0.134794360540518	1.30721225110941
0.135194343806217	1.30687651846134
0.135594327071916	1.30640030676079
0.135994310337615	1.30579515875825
0.136394293603313	1.30507249610099
0.136794276869012	1.30424289465107
0.137194260134711	1.30331553504088
0.13759424340041	1.30229775481937
0.137994226666109	1.30119469211842
0.138394209931808	1.30000922367204
0.138794193197507	1.2987423310426
0.139194176463205	1.29739351398777
0.139594159728904	1.2959613745051
0.139994142994603	1.29444423311187
0.140394126260302	1.29284051353009
0.140794109526001	1.29114865301935
0.1411940927917	1.2893668636872
0.141594076057399	1.28749282527272
0.141994059323098	1.28552352697852
0.142394042588796	1.2834553676276
0.142794025854495	1.2812847355439
0.143194009120194	1.27900868558404
0.143593992385893	1.27662553693852
0.143993975651592	1.27413519061588
0.144393958917291	1.27153895823167
0.14479394218299	1.26883875857968
0.145193925448688	1.26603612787992
0.145593908714387	1.26313143033808
0.145993891980086	1.26012343232857
0.146393875245785	1.25700930005276
0.146793858511484	1.25378507379278
0.147193841777183	1.25044633817388
0.147593825042882	1.24698893851688
0.147993808308581	1.24340964020377
0.148393791574279	1.23970664586721
0.148793774839978	1.23587998503754
0.149193758105677	1.23193198781973
0.149593741371376	1.22786782007819
0.149993724637075	1.22369589247611
0.150393707902774	1.21942808510647
0.150793691168473	1.21507962906525
0.151193674434171	1.21066859834285
0.15159365769987	1.20621513950394
0.151993640965569	1.20174067901342
0.152393624231268	1.19726733464864
0.152793607496967	1.19281764155602
0.153193590762666	1.18841435727666
0.153593574028365	1.18408016361597
0.153993557294064	1.17983723886837
0.154393540559762	1.17570671225673
0.154793523825461	1.17170795613114
0.15519350709116	1.16785798800636
0.155593490356859	1.16417107345051
0.155993473622558	1.16065861910931
0.156393456888257	1.1573294156336
0.156793440153956	1.15419009754129
0.157193423419654	1.15124552477669
0.157593406685353	1.14849913081175
0.157993389951052	1.14595325992463
0.158393373216751	1.14360931940148
0.15879335648245	1.14146792224358
0.159193339748149	1.13952920316709
0.159593323013848	1.13779306355779
0.159993306279547	1.13625924733771
0.160393289545245	1.13492730751124
0.160793272810944	1.13379632932299
0.161193256076643	1.13286460300619
0.161593239342342	1.13212938681687
0.161993222608041	1.13158679517582
0.16239320587374	1.13123179829495
0.162793189139439	1.13105850119012
0.163193172405137	1.13106052953431
0.163593155670836	1.13123142867593
0.163993138936535	1.13156497482178
0.164393122202234	1.13205548610184
0.164793105467933	1.13269803347041
0.165193088733632	1.13348871383042
0.165593071999331	1.13442503826261
0.16599305526503	1.13550628032502
0.166393038530728	1.13673350327329
0.166793021796427	1.13810937266057
0.167193005062126	1.1396376874778
0.167592988327825	1.14132266112765
0.167992971593524	1.1431680119654
0.168392954859223	1.14517628889218
0.168792938124922	1.14734843678413
0.16919292139062	1.1496834830569
0.169592904656319	1.15217828018532
0.169992887922018	1.15482726180464
0.170392871187717	1.15762204956023
0.170792854453416	1.16055115921183
0.171192837719115	1.16360008897444
0.171592820984814	1.16675187017799
0.171992804250512	1.16998801424209
0.172392787516211	1.17329000711388
0.17279277078191	1.17664082279697
0.173192754047609	1.1800258351013
0.173592737313308	1.18343305653665
0.173992720579007	1.18685284728662
0.174392703844706	1.19027705386875
0.174792687110405	1.19369794542427
0.175192670376103	1.1971073996849
0.175592653641802	1.20049645459076
0.175992636907501	1.20385537656446
0.1763926201732	1.20717423075105
0.176792603438899	1.21044362757324
0.177192586704598	1.21365531006259
0.177592569970297	1.21680250593539
0.177992553235995	1.21987996721643
0.178392536501694	1.22288373212653
0.178792519767393	1.22581084110332
0.179192503033092	1.22865913160064
0.179592486298791	1.2314271102993
0.17999246956449	1.23411408995888
0.180392452830189	1.23672024390263
0.180792436095888	1.23924645419085
0.181192419361586	1.24169415351341
0.181592402627285	1.24406511924123
0.181992385892984	1.24636093327221
0.182392369158683	1.24858259425786
0.182792352424382	1.2507305081418
0.183192335690081	1.25280458608894
0.18359231895578	1.25480454928858
0.183992302221478	1.25673059108852
0.184392285487177	1.25858379287598
0.184792268752876	1.26036623099889
0.185192252018575	1.26208124030862
0.185592235284274	1.26373349769302
0.185992218549973	1.26532864324537
0.186392201815672	1.26687288828554
0.186792185081371	1.26837255978258
0.187192168347069	1.26983331895224
0.187592151612768	1.27125948470763
0.187992134878467	1.27265376041
0.188392118144166	1.27401722221317
0.188792101409865	1.27534967883689
0.189192084675564	1.27665054087011
0.189592067941263	1.27791999370422
0.189992051206961	1.27916016849759
0.19039203447266	1.28037607996273
0.190792017738359	1.28157602657935
0.191192001004058	1.28277136539074
0.191591984269757	1.28397579829813
0.191991967535456	1.28520449137623
0.192391950801155	1.28647312366159
0.192791934066854	1.28779701011743
0.193191917332552	1.28919041406747
0.193591900598251	1.29066609100472
0.19399188386395	1.29223486072715
0.194391867129649	1.29390518818099
0.194791850395348	1.29568275600653
0.195191833661047	1.29757019000815
0.195591816926746	1.2995670188085
0.195991800192444	1.30166983589537
0.196391783458143	1.30387251857897
0.196791766723842	1.30616657407274
0.197191749989541	1.30854139448105
0.19759173325524	1.3109842136606
0.197991716520939	1.31347992550959
0.198391699786638	1.31601106850161
0.198791683052337	1.31855815154049
0.199191666318035	1.32110037745171
0.199591649583734	1.32361687135476
0.199991632849433	1.32608809300935
0.200391616115132	1.32849720473759
0.200791599380831	1.33083119518674
0.20119158264653	1.333081432853
0.201591565912229	1.33524343872746
0.201991549177927	1.33731630287947
0.202391532443626	1.33930194433866
0.202791515709325	1.34120428090463
0.203191498975024	1.34302847086494
0.203591482240723	1.34478048006182
0.203991465506422	1.34646666234196
0.204391448772121	1.34809326058592
0.20479143203782	1.34966579326655
0.205191415303518	1.35118854528311
0.205591398569217	1.35266414062523
0.205991381834916	1.35409341629326
0.206391365100615	1.35547573493442
0.206791348366314	1.35680960668681
0.207191331632013	1.35809332005548
0.207591314897712	1.35932552144974
0.20799129816341	1.36050568753754
0.208391281429109	1.36163440671871
0.208791264694808	1.36271347437653
0.209191247960507	1.36374603038397
0.209591231226206	1.36473672476407
0.209991214491905	1.36569183950299
0.210391197757604	1.36661937499091
0.210791181023303	1.36752891145933
0.211191164289001	1.36843119144208
0.2115911475547	1.36933758589247
0.211991130820399	1.37025945767379
0.212391114086098	1.37120752288384
0.212791097351797	1.37219134798376
0.213191080617496	1.37321899382619
0.213591063883195	1.37429679691036
0.213991047148893	1.37542930349732
0.214391030414592	1.37661932669532
0.214791013680291	1.37786811890672
0.21519099694599	1.37917565796941
0.215590980211689	1.38054079158373
0.215990963477388	1.38196107883201
0.216390946743087	1.38343247422512
0.216790930008786	1.38494908877383
0.217190913274484	1.38650308665715
0.217590896540183	1.38808477632507
0.217990879805882	1.3896830845372
0.218390863071581	1.39128635314541
0.21879084633728	1.39288327699569
0.219190829602979	1.39446375679823
0.219590812868678	1.39601962029888
0.219990796134376	1.39754524122185
0.220390779400075	1.39903781575252
0.220790762665774	1.40049732126432
0.221190745931473	1.4019262241422
0.221590729197172	1.40332890503432
0.221990712462871	1.40471083265059
0.22239069572857	1.40607772492356
0.222790678994269	1.40743479162001
0.223190662259967	1.40878594815662
0.223590645525666	1.41013323663621
0.223990628791365	1.41147654463691
0.224390612057064	1.41281345887818
0.224790595322763	1.41413936048195
0.225190578588462	1.41544771967809
0.225590561854161	1.41673055080193
0.225990545119859	1.41797889780783
0.226390528385558	1.41918343047262
0.226790511651257	1.42033486614972
0.227190494916956	1.42142418183528
0.227590478182655	1.42244246448174
0.227990461448354	1.42338056586003
0.228390444714053	1.42422872987019
0.228790427979752	1.42497636245904
0.22919041124545	1.42561191810287
0.229590394511149	1.42612304590228
0.229990377776848	1.4264969431521
0.230390361042547	1.42672063544873
0.230790344308246	1.42678108221706
0.231190327573945	1.42666535093657
0.231590310839644	1.42636084174974
0.231990294105342	1.42585554303757
0.232390277371041	1.42513833057134
0.23279026063674	1.4241992920002
0.233190243902439	1.4230300860155
0.233590227168138	1.42162419652315
0.233990210433837	1.41997699838254
0.234390193699536	1.41808570868799
0.234790176965235	1.4159494546533
0.235190160230933	1.413569350957
0.235590143496632	1.41094856613958
0.235990126762331	1.40809225522041
0.23639011002803	1.40500742025713
0.236790093293729	1.40170254458804
0.237190076559428	1.39818720057546
0.237590059825127	1.39447172378521
0.237990043090825	1.39056712516654
0.238390026356524	1.38648538327088
0.238790009622223	1.38224009969193
0.239189992887922	1.3778469584037
0.239589976153621	1.37332385316133
0.23998995941932	1.36869076368931
0.240389942685019	1.36396917208899
0.240789925950718	1.3591809128748
0.241189909216416	1.35434704624171
0.241589892482115	1.34948707824096
0.241989875747814	1.34461854435043
0.242389859013513	1.33975688700825
0.242789842279212	1.33491566635443
0.243189825544911	1.33010670912566
0.24358980881061	1.32534014844666
0.243989792076308	1.32062431745565
0.244389775342007	1.31596548910196
0.244789758607706	1.3113675534828
0.245189741873405	1.30683197683158
0.245589725139104	1.30235793978866
0.245989708404803	1.29794264204964
0.246389691670502	1.29358166859672
0.246789674936201	1.28926932562612
0.247189658201899	1.28499890207273
0.247589641467598	1.28076297143212
0.247989624733297	1.27655365988126
0.248389607998996	1.27236304490933
0.248789591264695	1.26818374904883
0.249189574530394	1.26400951614608
0.249589557796093	1.2598356266576
0.249989541061791	1.25565927129565
0.25038952432749	1.25147971321916
0.250789507593189	1.24729818529848
0.251189490858888	1.2431177691234
0.251589474124587	1.23894324480361
0.251989457390286	1.23478076403506
0.252389440655985	1.23063744887375
0.252789423921684	1.22652100344933
0.253189407187382	1.22243916814006
0.253589390453081	1.21839911676132
0.25398937371878	1.21440684898859
0.254389356984479	1.21046672255659
0.254789340250178	1.20658133756574
0.255189323515877	1.20275181912562
0.255589306781576	1.198978106489
0.255989290047274	1.1952592211722
0.256389273312973	1.19159345550282
0.256789256578672	1.18797825572661
0.257189239844371	1.18440989042434
0.25758922311007	1.1808832208223
0.257989206375769	1.17739156299708
0.258389189641468	1.17392673350601
0.258789172907167	1.17047940296849
0.259189156172865	1.16703950174779
0.259589139438564	1.16359639351812
0.259989122704263	1.16013890899761
0.260389105969962	1.15665535471608
0.260789089235661	1.15313339654334
0.26118907250136	1.14956006000371
0.261589055767059	1.14592212032124
0.261989039032757	1.14220682004366
0.262389022298456	1.13840257843456
0.262789005564155	1.1344996892621
0.263188988829854	1.13049081568457
0.263588972095553	1.12637120082593
0.263988955361252	1.12213852254848
0.264388938626951	1.11779266248754
0.26478892189265	1.11333551232139
0.265188905158348	1.10877086484766
0.265588888424047	1.10410440647472
0.265988871689746	1.09934372352707
0.266388854955445	1.09449806598764
0.266788838221144	1.08957783081914
0.267188821486843	1.08459392818823
0.267588804752542	1.07955715659534
0.26798878801824	1.07447775361039
0.268388771283939	1.06936536125478
0.268788754549638	1.06422936690406
0.269188737815337	1.0590793390711
0.269588721081036	1.05392533547483
0.269988704346735	1.04877793111079
0.270388687612434	1.04364802300445
0.270788670878132	1.03854642099617
0.271188654143831	1.03348346842496
0.27158863740953	1.02846883085068
0.271988620675229	1.02351163783206
0.272388603940928	1.01862087422783
0.272788587206627	1.01380574952992
0.273188570472326	1.0090759104802
0.273588553738025	1.00444148570537
0.273988537003723	0.999913001020151
0.274388520269422	0.995501222538752
0.274788503535121	0.991217092766301
0.27518848680082	0.987071804933111
0.275588470066519	0.983076897096494
0.275988453332218	0.979244392572632
0.276388436597917	0.975586871048979
0.276788419863615	0.972117228359701
0.277188403129314	0.968848234086941
0.277588386395013	0.965791965781599
0.277988369660712	0.962958939266045
0.278388352926411	0.960357071413373
0.27878833619211	0.957990995946043
0.279188319457809	0.955861764650991
0.279588302723508	0.953966918676746
0.279988285989206	0.952301113525854
0.280388269254905	0.950857046995491
0.280788252520604	0.949626359667576
0.281188235786303	0.948600507573044
0.281588219052002	0.947771460457551
0.281988202317701	0.947131999841883
0.2823881855834	0.946675780831379
0.282788168849098	0.946397126796754
0.283188152114797	0.946290408365756
0.283588135380496	0.94634919169182
0.283988118646195	0.946565389025922
0.284388101911894	0.946928263388639
0.284788085177593	0.947423569114206
0.285188068443292	0.948033089505599
0.285588051708991	0.948734830168609
0.285988034974689	0.949503874648758
0.286388018240388	0.950313780981974
0.286788001506087	0.951138104701133
0.287187984771786	0.951951852244183
0.287587968037485	0.952732584465433
0.287987951303184	0.953461090423308
0.288387934568883	0.954121672737058
0.288787917834581	0.954702177862719
0.28918790110028	0.955193798618604
0.289587884365979	0.95559083857351
0.289987867631678	0.955890428943181
0.290387850897377	0.956092149082361
0.290787834163076	0.956197675524501
0.291187817428775	0.956210630938549
0.291587800694474	0.956136477880613
0.291987783960172	0.955982445055438
0.292387767225871	0.955757546415009
0.29278775049157	0.955472478766439
0.293187733757269	0.955139174919843
0.293587717022968	0.954770005239157
0.293987700288667	0.954376679435828
0.294387683554366	0.953968899482004
0.294787666820064	0.953553205159419
0.295187650085763	0.953132322665958
0.295587633351462	0.95270508982325
0.295987616617161	0.952266734926559
0.29638759988286	0.951809635883453
0.296787583148559	0.951324378598293
0.297187566414258	0.950800806272945
0.297587549679957	0.950228925786036
0.297987532945655	0.949599927500312
0.298387516211354	0.94890711944788
0.298787499477053	0.948146669250726
0.299187482742752	0.947317995893509
0.299587466008451	0.946423846633426
0.29998744927415	0.945469856892181
0.300387432539849	0.944463796228063
0.300787415805547	0.943414459064001
0.301187399071246	0.942330558403782
0.301587382336945	0.941219802938459
0.301987365602644	0.940088396964535
0.302387348868343	0.938941068304044
0.302787332134042	0.93778163358997
0.303187315399741	0.936613720515622
0.30358729866544	0.935441506924285
0.303987281931138	0.934270242688355
0.304387265196837	0.933106266705655
0.304787248462536	0.931956575066532
0.305187231728235	0.930828354799676
0.305587214993934	0.929728591953681
0.305987198259633	0.928663815131378
0.306387181525332	0.927640184431787
0.30678716479103	0.926663830506042
0.307187148056729	0.925741232827587
0.307587131322428	0.924879566105538
0.307987114588127	0.924086832008367
0.308387097853826	0.923371774591583
0.308787081119525	0.922743767241259
0.309187064385224	0.922212738763851
0.309587047650923	0.921789127493149
0.309987030916621	0.921483816414261
0.31038701418232	0.921307923277029
0.310786997448019	0.921272513240061
0.311186980713718	0.921388250687685
0.311586963979417	0.921664856464973
0.311986947245116	0.922110434689077
0.312386930510815	0.922730867379685
0.312786913776513	0.923529201947565
0.313186897042212	0.924505084001746
0.313586880307911	0.925654390973627
0.31398686357361	0.926969241533211
0.314386846839309	0.928438313264934
0.314786830105008	0.930047543942134
0.315186813370707	0.931780914185196
0.315586796636406	0.933621093928632
0.315986779902104	0.935549999432481
0.316386763167803	0.937549098199022
0.316786746433502	0.939599404798527
0.317186729699201	0.941681496372724
0.3175867129649	0.943775673818986
0.317986696230599	0.945862282792425
0.318386679496298	0.947922200437649
0.318786662761996	0.949937386846501
0.319186646027695	0.951891176572234
0.319586629293394	0.953768416462164
0.319986612559093	0.955555350403781
0.320386595824792	0.957239293296961
0.320786579090491	0.958808303184173
0.32118656235619	0.9602510620292
0.321586545621888	0.961556955225998
0.321986528887587	0.962716366178663
0.322386512153286	0.963721142589557
0.322786495418985	0.964565020009364
0.323186478684684	0.965243974392035
0.323586461950383	0.965756488150686
0.323986445216082	0.966103544306688
0.324386428481781	0.966288510666617
0.324786411747479	0.966316912654471
0.325186395013178	0.966195953697242
0.325586378278877	0.965933887343247
0.325986361544576	0.965539477096412
0.326386344810275	0.965021471161324
0.326786328075974	0.96438812359904
0.327186311341673	0.963646922994031
0.327586294607371	0.96280441427473
0.32798627787307	0.961866014278117
0.328386261138769	0.960835917267108
0.328786244404468	0.959717130840357
0.329186227670167	0.95851152183547
0.329586210935866	0.957219906354909
0.329986194201565	0.955842312699727
0.330386177467264	0.954378403961377
0.330786160732962	0.952828034682383
0.331186143998661	0.951191913266603
0.33158612726436	0.949472212699615
0.331986110530059	0.947672965405096
0.332386093795758	0.94580012214973
0.332786077061457	0.943861307052205
0.333186060327156	0.941865303384208
0.333586043592854	0.939821398302284
0.333986026858553	0.937738879388986
0.334386010124252	0.935627022933076
0.334785993389951	0.933495475895611
0.33518597665565	0.931354826875981
0.335585959921349	0.929217285657703
0.335985943187048	0.927097176078229
0.336385926452747	0.92501084691825
0.336785909718445	0.922975886838785
0.337185892984144	0.921009904291256
0.337585876249843	0.919129115745344
0.337985859515542	0.917347083387483
0.338385842781241	0.915673856161928
0.33878582604694	0.914115798607498
0.339185809312639	0.912675938031251
0.339585792578337	0.9113547010761
0.339985775844036	0.910150862553617
0.340385759109735	0.909062459340693
0.340785742375434	0.908087327993805
0.341185725641133	0.907223465293235
0.341585708906832	0.906469249192377
0.341985692172531	0.905823639018624
0.34238567543823	0.905286345379235
0.342785658703928	0.904858164536191
0.343185641969627	0.904541230295182
0.343585625235326	0.904339105380036
0.343985608501025	0.904256575864535
0.344385591766724	0.904299009249679
0.344785575032423	0.904471384440099
0.345185558298122	0.904777301541202
0.34558554156382	0.905218093649983
0.345985524829519	0.905792273477629
0.346385508095218	0.906495526366192
0.346785491360917	0.907321185596253
0.347185474626616	0.908261092937324
0.347585457892315	0.909306697481797
0.347985441158014	0.910449928341259
0.348385424423713	0.911683660904551
0.348785407689411	0.913001891016377
0.34918539095511	0.914399618594933
0.349585374220809	0.915872454113324
0.349985357486508	0.917416200970518
0.350385340752207	0.919026767253091
0.350785324017906	0.920700285863522
0.351185307283605	0.922433336886669
0.351585290549303	0.92422312034596
0.351985273815002	0.926067352238783
0.352385257080701	0.927963861907734
0.3527852403464	0.92990999816691
0.353185223612099	0.931901972425394
0.353585206877798	0.933934453745165
0.353985190143497	0.936000536673463
0.354385173409196	0.93809217317345
0.354785156674894	0.940201001918895
0.355185139940593	0.942319267838473
0.355585123206292	0.9444405265919
0.355985106471991	0.946560107921568
0.35638508973769	0.948675252381121
0.356785073003389	0.950784871822697
0.357185056269088	0.952889123484623
0.357585039534786	0.954989024901236
0.357985022800485	0.95708610900925
0.358385006066184	0.959182160001841
0.358784989331883	0.961279061754515
0.359184972597582	0.96337864531339
0.359584955863281	0.965482611259437
0.35998493912898	0.967592600236494
0.360384922394679	0.969710226650473
0.360784905660377	0.97183706159257
0.361184888926076	0.973974741826047
0.361584872191775	0.976125069761794
0.361984855457474	0.978289886512462
0.362384838723173	0.980470855451335
0.362784821988872	0.982669189991253
0.363184805254571	0.984885391604481
0.363584788520269	0.987119045067895
0.363984771785968	0.989369010805316
0.364384755051667	0.991633809643696
0.364784738317366	0.993911995623601
0.365184721583065	0.996202502485921
0.365584704848764	0.998504877889475
0.365984688114463	1.00081913709755
0.366384671380162	1.00314545396091
0.36678465464586	1.00548378485699
0.367184637911559	1.00783352071682
0.367584621177258	1.01019327929659
0.367984604442957	1.01256110608068
0.368384587708656	1.01493492096558
0.368784570974355	1.01731289532398
0.369184554240054	1.01969361151106
0.369584537505752	1.02207599977953
0.369984520771451	1.024459063388
0.37038450403715	1.02684135244304
0.370784487302849	1.02922046196819
0.371184470568548	1.0315928460356
0.371584453834247	1.03395397330749
0.371984437099946	1.03629871762079
0.372384420365645	1.03862210281777
0.372784403631343	1.04092002971757
0.373184386897042	1.04318976593953
0.373584370162741	1.04543012701471
0.37398435342844	1.04764130175858
0.374384336694139	1.04982423950037
0.374784319959838	1.05198012718266
0.375184303225537	1.05411007568738
0.375584286491235	1.05621490087422
0.375984269756934	1.05829502529518
0.376384253022633	1.06035046425048
0.376784236288332	1.06238073846113
0.377184219554031	1.06438472698951
0.37758420281973	1.06636042986299
0.377984186085429	1.06830468566372
0.378384169351128	1.07021316228511
0.378784152616826	1.07208073725889
0.379184135882525	1.07390210245667
0.379584119148224	1.07567251524532
0.379984102413923	1.07738862167864
0.380384085679622	1.07904879722042
0.380784068945321	1.08065297652667
0.38118405221102	1.08220192362117
0.381584035476718	1.08369618389895
0.381984018742417	1.08513502340327
0.382384002008116	1.08651583241617
0.382783985273815	1.08783396190432
0.383183968539514	1.08908318398014
0.383583951805213	1.09025653941139
0.383983935070912	1.09134718719323
0.384383918336611	1.09234877361651
0.384783901602309	1.09325538872534
0.385183884868008	1.09406102142497
0.385583868133707	1.09475891030068
0.385983851399406	1.09534093909657
0.386383834665105	1.0957974314649
0.386783817930804	1.09611736289112
0.387183801196503	1.09628907818106
0.387583784462201	1.09630106547379
0.3879837677279	1.09614273578734
0.388383750993599	1.09580494737996
0.388783734259298	1.09528022913219
0.389183717524997	1.09456261991824
0.389583700790696	1.09364730718031
0.389983684056395	1.09253009471267
0.390383667322094	1.09120699335424
0.390783650587792	1.0896739143456
0.391183633853491	1.08792658600274
0.39158361711919	1.08596074338706
0.391983600384889	1.08377255807196
0.392383583650588	1.08135912560221
0.392783566916287	1.07871898156576
0.393183550181986	1.07585246823125
0.393583533447684	1.07276188651276
0.393983516713383	1.06945166390811
0.394383499979082	1.06592859366629
0.394783483244781	1.06220210359079
0.39518346651048	1.05828451177254
0.395583449776179	1.05419118469611
0.395983433041878	1.04994032347605
0.396383416307577	1.04555248618869
0.396783399573275	1.04104982917704
0.397183382838974	1.03645523606928
0.397583366104673	1.03179149665607
0.397983349370372	1.02708075205396
0.398383332636071	1.02234417233818
0.39878331590177	1.01760197416655
0.399183299167469	1.01287363309159
0.399583282433167	1.00817824957835
0.399983265698866	1.0035347392158
0.400383248964565	0.998961713354425
0.400783232230264	0.994477038530585
0.401183215495963	0.99009727901918
0.401583198761662	0.985837103149135
0.401983182027361	0.98170883942683
0.40238316529306	0.977722261075387
0.402783148558758	0.973884640538497
0.403183131824457	0.970200984837734
0.403583115090156	0.966674297769164
0.403983098355855	0.963305624108883
0.404383081621554	0.960093958194753
0.404783064887253	0.957036151158227
0.405183048152952	0.954126887461695
0.40558303141865	0.95135883773018
0.405983014684349	0.948723195365323
0.406382997950048	0.946210375723942
0.406782981215747	0.943810718643687
0.407182964481446	0.941515068196745
0.407582947747145	0.939315051488636
0.407982931012844	0.93720314795959
0.408382914278543	0.935172702820295
0.408782897544241	0.933217864568583
0.40918288080994	0.931333480160097
0.409582864075639	0.929515139486348
0.409982847341338	0.927759230054385
0.410382830607037	0.926062867028634
0.410782813872736	0.924423948528375
0.411182797138435	0.922841139171131
0.411582780404133	0.921313562576545
0.411982763669832	0.919840492904375
0.412382746935531	0.918421028322906
0.41278273020123	0.917053539214151
0.413182713466929	0.915735248589882
0.413582696732628	0.914462163742156
0.413982679998327	0.913229221310263
0.414382663264026	0.912030624184916
0.414782646529724	0.910860459480645
0.415182629795423	0.909713211665517
0.415582613061122	0.908584219407731
0.415982596326821	0.907469984619647
0.41638257959252	0.906368226068759
0.416782562858219	0.905277546742631
0.417182546123918	0.904197020470172
0.417582529389616	0.903125648069062
0.417982512655315	0.902061769494158
0.418382495921014	0.901002535118056
0.418782479186713	0.899943626957329
0.419182462452412	0.898879318700383
0.419582445718111	0.897803099947007
0.41998242898381	0.896708493162408
0.420382412249509	0.895590101201655
0.420782395515207	0.894444618359853
0.421182378780906	0.893271539803298
0.421582362046605	0.892073194540956
0.421982345312304	0.890854266990157
0.422382328578003	0.88962105198436
0.422782311843702	0.888380598795187
0.423182295109401	0.887140005826223
0.423582278375099	0.885906105072857
0.423982261640798	0.884685370099598
0.424382244906497	0.883484005824082
0.424782228172196	0.882308262597605
0.425182211437895	0.881164714207655
0.425582194703594	0.880060081362793
0.425982177969293	0.879000841994223
0.426382161234992	0.877992810908138
0.42678214450069	0.877040623875498
0.427182127766389	0.87614736116352
0.427582111032088	0.875314502452413
0.427982094297787	0.874542116303385
0.428382077563486	0.873829032970058
0.428782060829185	0.873173089726261
0.429182044094884	0.872571170906803
0.429582027360582	0.872018991672933
0.429982010626281	0.871510851546906
0.43038199389198	0.871039612271274
0.430781977157679	0.870596868235055
0.431181960423378	0.870173553856269
0.431581943689077	0.869760987513108
0.431981926954776	0.86935209867934
0.432381910220474	0.868942573884484
0.432781893486173	0.86853179176205
0.433181876751872	0.868123021991754
0.433581860017571	0.867723003518255
0.43398184328327	0.867341016973961
0.434381826548969	0.866987590167369
0.434781809814668	0.866673136765832
0.435181793080367	0.866407036724197
0.435581776346065	0.866197165536072
0.435981759611764	0.866050020306526
0.436381742877463	0.865971356125333
0.436781726143162	0.865966805442971
0.437181709408861	0.866042047444094
0.43758169267456	0.866202683772691
0.437981675940259	0.866453883775594
0.438381659205957	0.866799847282126
0.438781642471656	0.867243581003513
0.439181625737355	0.867787207192035
0.439581609003054	0.868432590043452
0.439981592268753	0.869182164712497
0.440381575534452	0.870039624069635
0.440781558800151	0.871010136471876
0.44118154206585	0.872100118265192
0.441581525331548	0.873316695526795
0.441981508597247	0.874666973352973
0.442381491862946	0.876157383570768
0.442781475128645	0.877793212849549
0.443181458394344	0.879578390165201
0.443581441660043	0.881515516795322
0.443981424925742	0.883605819796761
0.44438140819144	0.885849071705269
0.444781391457139	0.888243526455326
0.445181374722838	0.890785817264945
0.445581357988537	0.893470818687959
0.445981341254236	0.896291769359129
0.446381324519935	0.899240650026715
0.446781307785634	0.902308593310492
0.447181291051333	0.905486412290972
0.447581274317031	0.908765225051734
0.44798125758273	0.912136724802376
0.448381240848429	0.915593120660796
0.448781224114128	0.919126934558215
0.449181207379827	0.922730567566301
0.449581190645526	0.926395782021688
0.449981173911225	0.930113415567041
0.450381157176923	0.933873402028466
0.450781140442622	0.937664980256155
0.451181123708321	0.941477130375704
0.45158110697402	0.945299144484915
0.451981090239719	0.949121220272089
0.452381073505418	0.952934890730941
0.452781056771117	0.956733301876567
0.453181040036816	0.960511228918381
0.453581023302514	0.964264885957698
0.453981006568213	0.967991547787277
0.454380989833912	0.971689121771905
0.454780973099611	0.975355759335101
0.45518095636531	0.978989493993082
0.455580939631009	0.982587923958336
0.455980922896708	0.986148169703412
0.456380906162406	0.98966687909455
0.456780889428105	0.993140214981614
0.457180872693804	0.996563998116812
0.457580855959503	0.999933890756244
0.457980839225202	1.00324529526842
0.458380822490901	1.00649314160986
0.4587808057566	1.0096718400099
0.459180789022299	1.01277518452973
0.459580772287997	1.01579620642229
0.459980755553696	1.01872737457473
0.460380738819395	1.02156108452831
0.460780722085094	1.02429011427272
0.461180705350793	1.02690821102112
0.461580688616492	1.029410639526
0.461980671882191	1.03179440035355
0.462380655147889	1.03405822933349
0.462780638413588	1.03620250084228
0.463180621679287	1.03822899454773
0.463580604944986	1.04014069356358
0.463980588210685	1.04194169400801
0.464380571476384	1.04363714572286
0.464780554742083	1.04523309405521
0.465180538007782	1.04673630257068
0.46558052127348	1.04815402304903
0.465980504539179	1.0494937887734
0.466380487804878	1.05076320719227
0.466780471070577	1.05196965403442
0.467180454336276	1.05311997937613
0.467580437601975	1.05422031740597
0.467980420867674	1.05527585152771
0.468380404133372	1.05629071744944
0.468780387399071	1.05726811481069
0.46918037066477	1.05821046576293
0.469580353930469	1.05911961522424
0.469980337196168	1.0599972050985
0.470380320461867	1.06084508605188
0.470780303727566	1.0616656881356
0.471180286993265	1.06246248495179
0.471580270258963	1.06324042378861
0.471980253524662	1.0640061829956
0.472380236790361	1.06476816820828
0.47278022005606	1.06553612366985
0.473180203321759	1.06632037761843
0.473580186587458	1.06713081767678
0.473980169853157	1.06797569031546
0.474380153118855	1.06886045844979
0.474780136384554	1.06978720729869
0.475180119650253	1.07075463352133
0.475580102915952	1.07175849400902
0.475980086181651	1.07279257325049
0.47638006944735	1.07384984193987
0.476780052713049	1.074923350289
0.477180035978748	1.07600665474436
0.477580019244446	1.07709377436481
0.477980002510145	1.07817861417334
0.478379985775844	1.07925422701649
0.478779969041543	1.08031233636038
0.479179952307242	1.08134329643841
0.479579935572941	1.08233649982981
0.47997991883864	1.08328120564059
0.480379902104338	1.08416739801862
0.480779885370037	1.08498638468136
0.481179868635736	1.08573087591639
0.481579851901435	1.08639472118203
0.481979835167134	1.08697245307433
0.482379818432833	1.08745893693578
0.482779801698532	1.08784929856896
0.48317978496423	1.08813931949746
0.483579768229929	1.08832612649452
0.483979751495628	1.08840896286479
0.484379734761327	1.0883896893404
0.484779718027026	1.08827293577521
0.485179701292725	1.08806575754976
0.485579684558424	1.08777673613678
0.485979667824123	1.08741477561593
0.486379651089821	1.08698795238889
0.48677963435552	1.08650251618494
0.487179617621219	1.08596217865882
0.487579600886918	1.08536798397939
0.487979584152617	1.08471869014835
0.488379567418316	1.08401147247464
0.488779550684015	1.08324279806501
0.489179533949713	1.08240918648989
0.489579517215412	1.08150752487195
0.489979500481111	1.08053506966844
0.49037948374681	1.07948921230402
0.490779467012509	1.07836704395145
0.491179450278208	1.07716510200665
0.491579433543907	1.07587956543876
0.491979416809605	1.07450662152153
0.492379400075304	1.07304295481748
0.492779383341003	1.07148625455394
0.493179366606702	1.06983544391655
0.493579349872401	1.06809055280665
0.4939793331381	1.06625252196182
0.494379316403799	1.06432285211964
0.494779299669498	1.06230323522438
0.495179282935196	1.06019554615972
0.495579266200895	1.05800225182661
0.495979249466594	1.05572681169395
0.496379232732293	1.05337414308694
0.496779215997992	1.05095114788996
0.497179199263691	1.04846704909043
0.49757918252939	1.04593348914434
0.497979165795088	1.04336452425189
0.498379149060787	1.04077641546765
0.498779132326486	1.03818728727395
0.499179115592185	1.03561672193177
0.499579098857884	1.03308527139444
0.499979082123583	1.03061374954605
0.500379065389282	1.02822252756834
0.500779048654981	1.02593088972497
0.501179031920679	1.02375649291644
0.501579015186378	1.02171489725811
0.501978998452077	1.01981934942544
0.502378981717776	1.01808069317032
0.502778964983475	1.01650738485267
0.503178948249174	1.0151055027626
0.503578931514873	1.01387876037628
0.503978914780572	1.01282850013843
0.50437889804627	1.01195384351602
0.504778881311969	1.01125194204261
0.505178864577668	1.0107184166309
0.505578847843367	1.01034808065815
0.505978831109066	1.01013576068519
0.506378814374765	1.01007688061609
0.506778797640464	1.01016802586541
0.507178780906162	1.01040721271756
0.507578764171861	1.01079357150881
0.50797874743756	1.01132671474299
0.508378730703259	1.01200610741965
0.508778713968958	1.01283021825552
0.509178697234657	1.01379576461245
0.509578680500356	1.01489744180628
0.509978663766054	1.01612800138255
0.510378647031753	1.01747865668385
0.510778630297452	1.01893991580008
0.511178613563151	1.02050243638076
0.51157859682885	1.02215761489579
0.511978580094549	1.02389805911932
0.512378563360248	1.02571776681997
0.512778546625947	1.027611778259
0.513178529891645	1.02957563415733
0.513578513157344	1.03160481957043
0.513978496423043	1.03369417575304
0.514378479688742	1.03583745263731
0.514778462954441	1.03802719224736
0.51517844622014	1.04025489849607
0.515578429485839	1.04251140542967
0.515978412751537	1.04478741665202
0.516378396017236	1.04707411196625
0.516778379282935	1.04936375838305
0.517178362548634	1.05165023274491
0.517578345814333	1.05392926871242
0.517978329080032	1.05619829747934
0.518378312345731	1.05845600187765
0.51877829561143	1.0607016375728
0.519178278877128	1.06293427944004
0.519578262142827	1.06515216041614
0.519978245408526	1.0673522715208
0.520378228674225	1.06953017546163
0.520778211939924	1.07168000749292
0.521178195205623	1.07379460734961
0.521578178471322	1.07586578327433
0.52197816173702	1.07788448749755
0.522378145002719	1.07984100116144
0.522778128268418	1.08172521285218
0.523178111534117	1.08352708915257
0.523578094799816	1.08523726099667
0.523978078065515	1.08684783062099
0.524378061331214	1.08835316318372
0.524778044596913	1.08975034443622
0.525178027862611	1.09103924067483
0.52557801112831	1.09222219806102
0.525977994394009	1.09330323631045
0.526377977659708	1.09428700758549
0.526777960925407	1.09517791437501
0.527177944191106	1.09597953942338
0.527577927456805	1.09669443257961
0.527977910722504	1.09732430965372
0.528377893988202	1.09787059610181
0.528777877253901	1.09833511259398
0.5291778605196	1.09872051055393
0.529577843785299	1.09903042132782
0.529977827050998	1.09926946214852
0.530377810316697	1.09944294356603
0.530777793582396	1.09955630631948
0.531177776848094	1.09961466755599
0.531577760113793	1.09962252160481
0.531977743379492	1.09958350917854
0.532377726645191	1.09950049109559
0.53277770991089	1.09937589880383
0.533177693176589	1.09921192891411
0.533577676442288	1.09901055771455
0.533977659707986	1.09877358981594
0.534377642973685	1.09850244140798
0.534777626239384	1.09819783049416
0.535177609505083	1.09785972593463
0.535577592770782	1.09748744370022
0.535977576036481	1.09707980206994
0.53637755930218	1.09663547587674
0.536777542567879	1.09615338251468
0.537177525833577	1.09563290677522
0.537577509099276	1.09507409154776
0.537977492364975	1.09447783733469
0.538377475630674	1.09384599323072
0.538777458896373	1.09318137616267
0.539177442162072	1.09248778101931
0.539577425427771	1.09177000754572
0.539977408693469	1.09103380334044
0.540377391959168	1.09028583221087
0.540777375224867	1.08953362579306
0.541177358490566	1.0887854974696
0.541577341756265	1.08805029072726
0.541977325021964	1.08733693370066
0.542377308287663	1.08665379657959
0.542777291553362	1.08600790574425
0.54317727481906	1.08540428206677
0.543577258084759	1.08484565326204
0.543977241350458	1.08433247259606
0.544377224616157	1.08386322741362
0.544777207881856	1.08343502220534
0.545177191147555	1.08304392653022
0.545577174413254	1.08268492027336
0.545977157678952	1.08235164673215
0.546377140944651	1.08203612150089
0.54677712421035	1.08172837286478
0.547177107476049	1.08141643556012
0.547577090741748	1.08108681122005
0.547977074007447	1.08072521123908
0.548377057273146	1.08031733609034
0.548777040538845	1.07984958536848
0.549177023804543	1.07930938150807
0.549577007070242	1.07868527836574
0.549976990335941	1.07796700249793
0.55037697360164	1.07714557123311
0.550776956867339	1.07621356623547
0.551176940133038	1.07516565645793
0.551576923398737	1.07399906528473
0.551976906664436	1.07271390588432
0.552376889930134	1.07131326423425
0.552776873195833	1.0698029117014
0.553176856461532	1.06819081397751
0.553576839727231	1.0664864283566
0.55397682299293	1.06469982183092
0.554376806258629	1.06284073645177
0.554776789524328	1.06091787452519
0.555176772790026	1.05893825129048
0.555576756055725	1.05690666254056
0.555976739321424	1.05482539952245
0.556376722587123	1.05269425996389
0.556776705852822	1.05051075300261
0.557176689118521	1.04827062553625
0.55757667238422	1.04596835771492
0.557976655649918	1.04359759231911
0.558376638915617	1.04115148600006
0.558776622181316	1.03862306821083
0.559176605447015	1.03600554030343
0.559576588712714	1.03329275346139
0.559976571978413	1.03047974276876
0.560376555244112	1.02756319655074
0.56077653850981	1.02454180248724
0.561176521775509	1.02141652435634
0.561576505041208	1.01819065622405
0.561976488306907	1.01486977544867
0.562376471572606	1.01146171130916
0.562776454838305	1.00797637823412
0.563176438104004	1.0044253037725
0.563576421369703	1.00082108943396
0.563976404635401	0.997176610753649
0.5643763879011	0.993503993533948
0.564776371166799	0.989813747168472
0.565176354432498	0.986114182854784
0.565576337698197	0.982411120676683
0.565976320963896	0.978708168742635
0.566376304229595	0.975007497580046
0.566776287495294	0.971310553395144
0.567176270760992	0.967618713195949
0.567576254026691	0.963933845742801
0.56797623729239	0.960258567840931
0.568376220558089	0.956596313407532
0.568776203823788	0.952951339253962
0.569176187089487	0.949328563720202
0.569576170355186	0.945733469279763
0.569976153620884	0.942172111634394
0.570376136886583	0.938650921253091
0.570776120152282	0.93517635740122
0.571176103417981	0.931754689716397
0.57157608668368	0.928391683656653
0.571976069949379	0.925092361261788
0.572376053215078	0.921861136046247
0.572776036480777	0.918702172845543
0.573176019746475	0.915619733815047
0.573576003012174	0.912618545169725
0.573975986277873	0.909703901187253
0.574375969543572	0.90688134884877
0.574775952809271	0.904156209032891
0.57517593607497	0.901533160276326
0.575575919340669	0.899015904047693
0.575975902606367	0.896607060623169
0.576375885872066	0.894308453282462
0.576775869137765	0.892121437625669
0.577175852403464	0.890046913482609
0.577575835669163	0.888085106292763
0.577975818934862	0.88623520089834
0.578375802200561	0.884494852688319
0.57877578546626	0.882859937121015
0.579175768731958	0.881324759046732
0.579575751997657	0.879882653853504
0.579975735263356	0.878526782387587
0.580375718529055	0.87725093138373
0.580775701794754	0.876050138989482
0.581175685060453	0.874921019873086
0.581575668326152	0.873861717355768
0.58197565159185	0.872871561466618
0.582375634857549	0.871950548416436
0.582775618123248	0.871098775488032
0.583175601388947	0.870315886811552
0.583575584654646	0.869600687322816
0.583975567920345	0.868950980652348
0.584375551186044	0.868363685452638
0.584775534451742	0.86783527218641
0.585175517717441	0.867362334170481
0.58557550098314	0.866942100644908
0.585975484248839	0.866572812433035
0.586375467514538	0.866253782689339
0.586775450780237	0.865985042439037
0.587175434045936	0.865766903855746
0.587575417311635	0.865599654434422
0.587975400577333	0.865483419484774
0.588375383843032	0.865418346051562
0.588775367108731	0.865405099047699
0.58917535037443	0.865445275140155
0.589575333640129	0.865541533550721
0.589975316905828	0.865697490758346
0.590375300171527	0.865917179615775
0.590775283437226	0.86620416361383
0.591175266702924	0.866560745837159
0.591575249968623	0.866987320915857
0.591975233234322	0.867481867685315
0.592375216500021	0.868039817236949
0.59277519976572	0.868654261007714
0.593175183031419	0.869316265725631
0.593575166297118	0.870015472040646
0.593975149562816	0.870740763226327
0.594375132828515	0.87148071451865
0.594775116094214	0.872223945045656
0.595175099359913	0.872959417629835
0.595575082625612	0.873676539090452
0.595975065891311	0.874365247544545
0.59637504915701	0.8750162456107
0.596775032422709	0.875621191112136
0.597175015688407	0.876172914145916
0.597574998954106	0.876665695773511
0.597974982219805	0.877095320719557
0.598374965485504	0.877458837200231
0.598774948751203	0.877754261633148
0.599174932016902	0.877980154613748
0.599574915282601	0.878135070454947
0.599974898548299	0.87821708381359
0.600374881813998	0.878223573994163
0.600774865079697	0.878151011455014
0.601174848345396	0.877994877380142
0.601574831611095	0.877749822262781
0.601974814876794	0.877410086387417
0.602374798142493	0.876969988337283
0.602774781408191	0.876424701029109
0.60317476467389	0.875771074598126
0.603574747939589	0.875008256851307
0.603974731205288	0.874137972428075
0.604374714470987	0.873164540332937
0.604774697736686	0.872094427424083
0.605174681002385	0.870935463396886
0.605574664268083	0.869695914428851
0.605974647533782	0.868383650465112
0.606374630799481	0.867005621258708
0.60677461406518	0.865567861493449
0.607174597330879	0.864075889540131
0.607574580596578	0.862535345516367
0.607974563862277	0.860952674359629
0.608374547127976	0.859335507520592
0.608774530393674	0.857692570606527
0.609174513659373	0.856033208503776
0.609574496925072	0.854366609813725
0.609974480190771	0.852700940452649
0.61037446345647	0.851042645002942
0.610774446722169	0.84939605278716
0.611174429987868	0.847763335658937
0.611574413253567	0.846144807005614
0.611974396519265	0.844539464239466
0.612374379784964	0.842945541319556
0.612774363050663	0.841361068425644
0.613174346316362	0.839784363548208
0.613574329582061	0.838214342966004
0.61397431284776	0.836650566169046
0.614374296113459	0.835093092082787
0.614774279379158	0.833542220915175
0.615174262644856	0.831998175262774
0.615574245910555	0.830460683786976
0.615974229176254	0.828928687811747
0.616374212441953	0.827400288072179
0.616774195707652	0.825872787906859
0.617174178973351	0.824342699397316
0.61757416223905	0.822805946915481
0.617974145504748	0.821257931532825
0.618374128770447	0.819693353004508
0.618774112036146	0.81810589566539
0.619174095301845	0.816487903458568
0.619574078567544	0.814829991056159
0.619974061833243	0.8131210493164
0.620374045098942	0.811348739899198
0.62077402836464	0.809500175823433
0.621174011630339	0.807562809332057
0.621573994896038	0.80552540457444
0.621973978161737	0.803378532378306
0.622373961427436	0.801114582549806
0.622773944693135	0.798727493769633
0.623173927958834	0.796212173637234
0.623573911224533	0.793563890427768
0.623973894490231	0.790777976651495
0.62437387775593	0.787849811333971
0.624773861021629	0.784774912834488
0.625173844287328	0.7815492584661
0.625573827553027	0.778169527566908
0.625973810818726	0.774633382758798
0.626373794084425	0.7709398661839
0.626773777350123	0.767089857508225
0.627173760615822	0.76308648813879
0.627573743881521	0.758935545409608
0.62797372714722	0.754645564304164
0.628373710412919	0.750227524945281
0.628773693678618	0.745694379211207
0.629173676944317	0.741060470715862
0.629573660210015	0.736340946042749
0.629973643475714	0.731551405051382
0.630373626741413	0.726707684129886
0.630773610007112	0.721825763439463
0.631173593272811	0.716921773167064
0.63157357653851	0.712011903666267
0.631973559804209	0.707112257612909
0.632373543069908	0.702238762582448
0.632773526335606	0.697407053303236
0.633173509601305	0.692632308861183
0.633573492867004	0.687929298254963
0.633973476132703	0.683312369495481
0.634373459398402	0.678795247403129
0.634773442664101	0.674390855584223
0.6351734259298	0.670111159259044
0.635573409195499	0.665967004619589
0.635973392461197	0.661968236731969
0.636373375726896	0.658123956775656
0.636773358992595	0.654442725298314
0.637173342258294	0.650932992443088
0.637573325523993	0.647603563065984
0.637973308789692	0.644463644475576
0.638373292055391	0.641522627580829
0.63877327532109	0.63878974031188
0.639173258586788	0.63627333767663
0.639573241852487	0.633980028680957
0.639973225118186	0.631914114633426
0.640373208383885	0.630077387190573
0.640773191649584	0.628469446731876
0.641173174915283	0.627088424663445
0.641573158180982	0.625931759084755
0.64197314144668	0.624996832383303
0.642373124712379	0.624281508735141
0.642773107978078	0.623784337966318
0.643173091243777	0.623504466068032
0.643573074509476	0.623441474478175
0.643973057775175	0.623595224933421
0.644373041040874	0.623965652268744
0.644773024306572	0.624552488448071
0.645173007572271	0.625354858512895
0.64557299083797	0.626370822363556
0.645972974103669	0.627596985049677
0.646372957369368	0.629028300323233
0.646772940635067	0.630658076156957
0.647172923900766	0.632478205878098
0.647572907166465	0.634479461507379
0.647972890432163	0.636651686842787
0.648372873697862	0.638983950218104
0.648772856963561	0.641464500738411
0.64917284022926	0.644080751172885
0.649572823494959	0.646819438624828
0.649972806760658	0.649667095266077
0.650372790026357	0.652610670819584
0.650772773292055	0.655638284367201
0.651172756557754	0.658739923354352
0.651572739823453	0.661907954138694
0.651972723089152	0.665137243360319
0.652372706354851	0.668424954159734
0.65277268962055	0.671770023615069
0.653172672886249	0.675172551130939
0.653572656151947	0.678633108721078
0.653972639417646	0.682152069149856
0.654372622683345	0.685728938725346
0.654772605949044	0.689361951503941
0.655172589214743	0.693047867134468
0.655572572480442	0.696782006305869
0.655972555746141	0.700558508294029
0.65637253901184	0.704370681275524
0.656772522277538	0.708211421120494
0.657172505543237	0.712073625396484
0.657572488808936	0.715950482160649
0.657972472074635	0.719835698478223
0.658372455340334	0.723723716554657
0.658772438606033	0.727609877132888
0.659172421871732	0.731490358509055
0.659572405137431	0.735362034387362
0.659972388403129	0.739222138912598
0.660372371668828	0.743067741896286
0.660772354934527	0.746895262074518
0.661172338200226	0.750700195099788
0.661572321465925	0.754477075648225
0.661972304731624	0.758219784827203
0.662372287997323	0.761922169041473
0.662772271263022	0.765578550936849
0.66317225452872	0.769184009375948
0.663572237794419	0.77273442971741
0.663972221060118	0.776226263506999
0.664372204325817	0.779656198493058
0.664772187591516	0.78302102611776
0.665172170857215	0.78631768309297
0.665572154122913	0.789543533452668
0.665972137388612	0.792696930165408
0.666372120654311	0.795777813441277
0.66677210392001	0.798787876680944
0.667172087185709	0.801730432980389
0.667572070451408	0.804610022679442
0.667972053717107	0.807431713561409
0.668372036982806	0.810200230384993
0.668772020248504	0.812919371341922
0.669172003514203	0.815591586364803
0.669571986779902	0.818217700544616
0.669971970045601	0.820796864602928
0.6703719533113	0.823326689803038
0.670771936576999	0.825803324549225
0.671171919842698	0.828221670421992
0.671571903108396	0.830575797491156
0.671971886374095	0.832859416082726
0.672371869639794	0.8350664593486
0.672771852905493	0.837191799596876
0.673171836171192	0.839231791433556
0.673571819436891	0.841184580343201
0.67397180270259	0.843050201325
0.674371785968289	0.844830461398266
0.674771769233987	0.846528620587044
0.675171752499686	0.848148958348914
0.675571735765385	0.849696239486251
0.675971719031084	0.851175186988526
0.676371702296783	0.852590004490529
0.676771685562482	0.853944104880243
0.677171668828181	0.855240098154054
0.677571652093879	0.856480053716595
0.677971635359578	0.857665789919669
0.678371618625277	0.858799219007549
0.678771601890976	0.859882559445528
0.679171585156675	0.86091839835916
0.679571568422374	0.861909448837511
0.679971551688073	0.862858177146191
0.680371534953772	0.863766387331824
0.68077151821947	0.864634937249141
0.681171501485169	0.865463562302909
0.681571484750868	0.866251032507937
0.681971468016567	0.866995480897313
0.682371451282266	0.867694756435956
0.682771434547965	0.86834663370096
0.683171417813664	0.8689489920465
0.683571401079363	0.869499655807841
0.683971384345061	0.86999608537982
0.68437136761076	0.870435005022951
0.684771350876459	0.870812126067332
0.685171334142158	0.871122008532395
0.685571317407857	0.871358327195636
0.685971300673556	0.871514392406838
0.686371283939255	0.871583781127593
0.686771267204953	0.87156103548817
0.687171250470652	0.871442332035211
0.687571233736351	0.871225851296563
0.68797121700205	0.870911893173163
0.688371200267749	0.870502685695453
0.688771183533448	0.870001928398546
0.689171166799147	0.869414102155596
0.689571150064845	0.86874390455475
0.689971133330544	0.867995877836749
0.690371116596243	0.867174167754581
0.690771099861942	0.866282389881802
0.691171083127641	0.865323579147724
0.69157106639334	0.864299965418351
0.691971049659039	0.863212667426634
0.692371032924738	0.862061460174236
0.692771016190436	0.860844660946804
0.693170999456135	0.85955927576294
0.693570982721834	0.858201553593384
0.693970965987533	0.856767819707357
0.694370949253232	0.855255330791717
0.694770932518931	0.853663107670967
0.69517091578463	0.851992552937081
0.695570899050328	0.850247668383593
0.695970882316027	0.848435016482469
0.696370865581726	0.846563580772927
0.696770848847425	0.844644383442506
0.697170832113124	0.842689874215402
0.697570815378823	0.840713132488519
0.697970798644522	0.838726955458787
0.698370781910221	0.836742947533018
0.698770765175919	0.834770878977723
0.699170748441618	0.832818428813254
0.699570731707317	0.830891447443994
0.699970714973016	0.828994621341515
0.700370698238715	0.827132345583755
0.700770681504414	0.825309554000366
0.701170664770113	0.823532243899554
0.701570648035811	0.821807542692476
0.70197063130151	0.820143363212769
0.702370614567209	0.818547868927188
0.702770597832908	0.817028911788033
0.703170581098607	0.815593578979679
0.703570564364306	0.814248037153248
0.703970547630005	0.812997590965682
0.704370530895704	0.811846762103249
0.704770514161402	0.810799276366241
0.705170497427101	0.809857981578384
0.7055704806928	0.80902465012262
0.705970463958499	0.808299704918517
0.706370447224198	0.807681968685069
0.706770430489897	0.807168524685651
0.707170413755596	0.806754397165758
0.707570397021294	0.806432077611761
0.707970380286993	0.806191053035441
0.708370363552692	0.806017414227595
0.708770346818391	0.805893695971585
0.70917033008409	0.805799383966146
0.709570313349789	0.805712023016498
0.709970296615488	0.805608678604404
0.710370279881187	0.805467611142138
0.710770263146885	0.805269832802785
0.711170246412584	0.805000075759488
0.711570229678283	0.804647129242571
0.711970212943982	0.804203731983305
0.712370196209681	0.803666235304829
0.71277017947538	0.80303429859056
0.713170162741079	0.802310663686071
0.713570146006777	0.801500942089088
0.713970129272476	0.800613209475092
0.714370112538175	0.799657364184501
0.714770095803874	0.798644221491525
0.715170079069573	0.797584713165837
0.715570062335272	0.796489273334959
0.715970045600971	0.795367567743264
0.71637002886667	0.79422855218422
0.716770012132368	0.793080793223262
0.717169995398067	0.791932826113635
0.717569978663766	0.790793591004119
0.717969961929465	0.78967276739862
0.718369945195164	0.788580985464817
0.718769928460863	0.787529908881134
0.719169911726562	0.786532149029911
0.71956989499226	0.785600978170548
0.719969878257959	0.784749961896421
0.720369861523658	0.783992446447042
0.720769844789357	0.783340941407134
0.721169828055056	0.782806786852798
0.721569811320755	0.782400086968487
0.721969794586454	0.782129788740464
0.722369777852153	0.782003956856564
0.722769761117851	0.782030141524305
0.72316974438355	0.782215540342586
0.723569727649249	0.782567007944364
0.723969710914948	0.783090848472945
0.724369694180647	0.783792372737354
0.724769677446346	0.784675403596404
0.725169660712045	0.785741894340193
0.725569643977743	0.786991645555947
0.725969627243442	0.788422281930298
0.726369610509141	0.790029502003125
0.72676959377484	0.791807539534318
0.727169577040539	0.793749625958472
0.727569560306238	0.795848315846538
0.727969543571937	0.798095653166583
0.728369526837636	0.800483242302965
0.728769510103334	0.803002078312594
0.729169493369033	0.805642259736684
0.729569476634732	0.808392946832616
0.729969459900431	0.811242477949019
0.73036944316613	0.814178497571655
0.730769426431829	0.817188247328319
0.731169409697528	0.820258960916808
0.731569392963226	0.823378157004905
0.731969376228925	0.826533986440488
0.732369359494624	0.829715538718915
0.732769342760323	0.832912962314572
0.733169326026022	0.836117752823962
0.733569309291721	0.839323222360194
0.73396929255742	0.842524847979669
0.734369275823119	0.84572042624427
0.734769259088817	0.848910066274261
0.735169242354516	0.852095808335105
0.735569225620215	0.855280743917446
0.735969208885914	0.8584679683693
0.736369192151613	0.861659483325744
0.736769175417312	0.864855355885263
0.737169158683011	0.868053338389503
0.737569141948709	0.871248895598225
0.737969125214408	0.874435569507738
0.738369108480107	0.877605719728169
0.738769091745806	0.880751414444487
0.739169075011505	0.883865176162592
0.739569058277204	0.886940501224422
0.739969041542903	0.88997208581309
0.740369024808601	0.892955778876321
0.7407690080743	0.895888445826645
0.741168991339999	0.898767860808781
0.741568974605698	0.901592635553517
0.741968957871397	0.904362394349985
0.742368941137096	0.907078309677289
0.742768924402795	0.909743652555863
0.743168907668494	0.912364146078816
0.743568890934192	0.914948116658781
0.743968874199891	0.917506261351247
0.74436885746559	0.92005119232241
0.744768840731289	0.922596615802833
0.745168823996988	0.925156267015034
0.745568807262687	0.92774275684462
0.745968790528386	0.9303666454097
0.746368773794085	0.933035677627684
0.746768757059783	0.935754367347854
0.747168740325482	0.938524101935353
0.747568723591181	0.941343844809717
0.74796870685688	0.944211134263153
0.748368690122579	0.947123081038719
0.748768673388278	0.950076961636332
0.749168656653977	0.953070259343483
0.749568639919675	0.95610018650168
0.749968623185374	0.959162838604338
0.750368606451073	0.962252224605249
0.750768589716772	0.965359772772017
0.751168572982471	0.968474400482936
0.75156855624817	0.971583107536203
0.751968539513869	0.974671931604573
0.752368522779567	0.97772691959502
0.752768506045266	0.980734834877958
0.753168489310965	0.983683575932791
0.753568472576664	0.986562330396562
0.753968455842363	0.989361483104288
0.754368439108062	0.992072538365486
0.754768422373761	0.994688259740264
0.75516840563946	0.997202778823665
0.755568388905158	0.999611629632651
0.755968372170857	1.00191171363357
0.756368355436556	1.00410110509294
0.756768338702255	1.00617869191855
0.757168321967954	1.0081439658769
0.757568305233653	1.00999687377669
0.757968288499352	1.01173760938271
0.758368271765051	1.01336651149704
0.758768255030749	1.01488402861352
0.759168238296448	1.01629046162389
0.759568221562147	1.01758565022989
0.759968204827846	1.01876874058965
0.760368188093545	1.01983794620119
0.760768171359244	1.02079039629562
0.761168154624943	1.02162226088629
0.761568137890641	1.02232903990527
0.76196812115634	1.02290607174225
0.762368104422039	1.02334932521181
0.762768087687738	1.02365609315501
0.763168070953437	1.0238254542542
0.763568054219136	1.02385871287101
0.763968037484835	1.02375960807715
0.764368020750533	1.02353405590047
0.764768004016232	1.02318975951229
0.765167987281931	1.02273576409104
0.76556797054763	1.02218187735447
0.765967953813329	1.02153814766746
0.766367937079028	1.0208144843203
0.766767920344727	1.0200202437103
0.767167903610426	1.01916396353336
0.767567886876124	1.01825323235279
0.767967870141823	1.01729459084537
0.768367853407522	1.01629347077922
0.768767836673221	1.01525432175108
0.76916781993892	1.01418072122679
0.769567803204619	1.01307549380928
0.769967786470318	1.01194084026035
0.770367769736017	1.01077861372545
0.770767753001715	1.00959066146949
0.771167736267414	1.0083791910762
0.771567719533113	1.00714703741986
0.771967702798812	1.00589778180352
0.772367686064511	1.00463561136292
0.77276766933021	1.00336512620693
0.773167652595909	1.00209113288099
0.773567635861607	1.00081846325085
0.773967619127306	0.999551876455666
0.774367602393005	0.99829625346804
0.774767585658704	0.99705682828886
0.775167568924403	0.995839466820759
0.775567552190102	0.994650843414462
0.775967535455801	0.993498413662983
0.776367518721499	0.992390152098782
0.776767501987198	0.991334149367839
0.777167485252897	0.990338043574158
0.777567468518596	0.989408584433591
0.777967451784295	0.988551443661395
0.778367435049994	0.987771217503381
0.778767418315693	0.987071543252637
0.779167401581392	0.98645536020272
0.77956738484709	0.985925005941626
0.779967368112789	0.985482134371728
0.780367351378488	0.985127372244772
0.780767334644187	0.984859761788571
0.781167317909886	0.984676215784981
0.781567301175585	0.984571314592228
0.781967284441284	0.984537347937833
0.782367267706982	0.984564625146342
0.782767250972681	0.98464210975393
0.78316723423838	0.984758177471133
0.783567217504079	0.984901333720456
0.783967200769778	0.985060903006991
0.784367184035477	0.985227536053075
0.784767167301176	0.985393541036909
0.785167150566874	0.985553024360546
0.785567133832573	0.985701863882908
0.785967117098272	0.985837688668723
0.786367100363971	0.985959957190468
0.78676708362967	0.98607005388165
0.787167066895369	0.986171404731779
0.787567050161068	0.986269531606707
0.787967033426767	0.986371915998906
0.788367016692465	0.986487514294501
0.788766999958164	0.98662604179212
0.789166983223863	0.986797124493428
0.789566966489562	0.987009416819957
0.789966949755261	0.987269960758037
0.79036693302096	0.987583857161575
0.790766916286659	0.98795410166959
0.791166899552358	0.988381543349587
0.791566882818056	0.988865026819816
0.791966866083755	0.989401663795387
0.792366849349454	0.989987231307218
0.792766832615153	0.990616768521001
0.793166815880852	0.991285317710195
0.793566799146551	0.991988463240251
0.79396678241225	0.992722567346457
0.794366765677949	0.993484681342049
0.794766748943647	0.994272046945686
0.795166732209346	0.995081328643725
0.795566715475045	0.995907990020301
0.795966698740744	0.996745953581778
0.796366682006443	0.997587598299266
0.796766665272142	0.998424115007208
0.797166648537841	0.999246019566098
0.797566631803539	1.00004361650796
0.797966615069238	1.00080730308496
0.798366598334937	1.00152778150029
0.798766581600636	1.00219621607524
0.799166564866335	1.00280431045388
0.799566548132034	1.00334440683219
0.799966531397733	1.00380962274131
0.800366514663431	1.00419395865433
0.80076649792913	1.00449229467938
0.801166481194829	1.00470038746739
0.801566464460528	1.00481497778341
0.801966447726227	1.00483395142888
0.802366430991926	1.0047566837281
0.802766414257625	1.00458473480704
0.803166397523324	1.00432239578083
0.803566380789022	1.00397672558825
0.803966364054721	1.00355705274565
0.80436634732042	1.00307387506605
0.804766330586119	1.00253723962738
0.805166313851818	1.00195529192972
0.805566297117517	1.00133326018397
0.805966280383216	1.00067300137977
0.806366263648914	0.999973369525655
0.806766246914613	0.999231239228631
0.807166230180312	0.998442571022629
0.807566213446011	0.997603277369566
0.80796619671171	0.996709905902739
0.808366179977409	0.995759883354886
0.808766163243108	0.994751512768804
0.809166146508806	0.99368387365214
0.809566129774505	0.992556533966955
0.809966113040204	0.991369008160606
0.810366096305903	0.9901202125
0.810766079571602	0.988807834746936
0.811166062837301	0.987428048820458
0.811566046103	0.985975614651277
0.811966029368699	0.984444337242616
0.812366012634397	0.982827698296032
0.812765995900096	0.981119568170143
0.813165979165795	0.979314512252667
0.813565962431494	0.97740793429946
0.813965945697193	0.975396151602006
0.814365928962892	0.973276433556219
0.814765912228591	0.97104700363898
0.81516589549429	0.968707261199636
0.815565878759988	0.966257969033562
0.815965862025687	0.963701256191876
0.816365845291386	0.961040315933407
0.816765828557085	0.958278763513611
0.817165811822784	0.955419908985345
0.817565795088483	0.95246627205139
0.817965778354182	0.949419405547231
0.81836576161988	0.946280072423277
0.818765744885579	0.943048722308534
0.819165728151278	0.939726057431997
0.819565711416977	0.936313648086067
0.819965694682676	0.932814291104457
0.820365677948375	0.929231978649397
0.820765661214074	0.925571708558121
0.821165644479772	0.921839215333894
0.821565627745471	0.918040475700491
0.82196561101117	0.914181388105539
0.822365594276869	0.910267887275391
0.822765577542568	0.906306421249245
0.823165560808267	0.902304493870873
0.823565544073966	0.89827125842335
0.823965527339665	0.89421788721865
0.824365510605363	0.890157462566858
0.824765493871062	0.886104299435059
0.825165477136761	0.882072932284161
0.82556546040246	0.878077032339093
0.825965443668159	0.87412860241192
0.826365426933858	0.870237578735835
0.826765410199557	0.866411926116711
0.827165393465256	0.862658021203907
0.827565376730954	0.858981234994902
0.827965359996653	0.855386471144613
0.828365343262352	0.851878339177838
0.828765326528051	0.848460954291999
0.82916530979375	0.845137889493894
0.829565293059449	0.841912282552594
0.829965276325147	0.838786996057821
0.830365259590846	0.835764876248051
0.830765242856545	0.832849125950167
0.831165226122244	0.830043600170497
0.831565209387943	0.827352891146391
0.831965192653642	0.8247821780308
0.832365175919341	0.82233688842242
0.83276515918504	0.820022385730832
0.833165142450738	0.817843763700266
0.833565125716437	0.815805610729489
0.833965108982136	0.813911821006339
0.834365092247835	0.812165639399845
0.834765075513534	0.810569841303093
0.835165058779233	0.809126887949417
0.835565042044932	0.807839075753318
0.835965025310631	0.806708632662819
0.836365008576329	0.805737791394283
0.836764991842028	0.804928826229346
0.837164975107727	0.804283918475069
0.837564958373426	0.803804913960676
0.837964941639125	0.803493191028518
0.838364924904824	0.803349627244617
0.838764908170523	0.803374420934538
0.839164891436222	0.80356685912828
0.83956487470192	0.803925175099585
0.839964857967619	0.804446531154724
0.840364841233318	0.805127257033642
0.840764824499017	0.805963224703562
0.841164807764716	0.806950259308159
0.841564791030415	0.808084369349105
0.841964774296113	0.80936169577521
0.842364757561812	0.810778144175511
0.842764740827511	0.812328863572469
0.84316472409321	0.814007826569252
0.843564707358909	0.815807916595727
0.843964690624608	0.817721574389587
0.844364673890307	0.819741740303188
0.844764657156006	0.821862902440884
0.845164640421704	0.824081927260675
0.845564623687403	0.826398100590233
0.845964606953102	0.828812391675905
0.846364590218801	0.831326377875098
0.8467645734845	0.833941189148016
0.847164556750199	0.836656617748126
0.847564540015898	0.839470910125033
0.847964523281597	0.842381006102968
0.848364506547295	0.845382890333643
0.848764489812994	0.848471899038638
0.849164473078693	0.851643034144424
0.849564456344392	0.854890936367412
0.849964439610091	0.85820960581319
0.85036442287579	0.861592208649551
0.850764406141489	0.865031025913269
0.851164389407187	0.868517269603673
0.851564372672886	0.872040992163984
0.851964355938585	0.875591127738179
0.852364339204284	0.879155597856007
0.852764322469983	0.882721551512596
0.853164305735682	0.886276062826606
0.853564289001381	0.889806990345417
0.853964272267079	0.893303798598794
0.854364255532778	0.896758324440542
0.854764238798477	0.900165338145494
0.855164222064176	0.903522525056463
0.855564205329875	0.906830184738425
0.855964188595574	0.910090944941245
0.856364171861273	0.913309303387831
0.856764155126972	0.916491036495
0.85716413839267	0.919642625122971
0.857564121658369	0.922770683959304
0.857964104924068	0.92588139367612
0.858364088189767	0.928980087849942
0.858764071455466	0.932070875628422
0.859164054721165	0.935156376313573
0.859564037986864	0.938237660702084
0.859964021252563	0.941314290828493
0.860364004518261	0.944384258739709
0.86076398778396	0.947443969710584
0.861163971049659	0.950488253791919
0.861563954315358	0.953510423366622
0.861963937581057	0.956502420191446
0.862363920846756	0.959455092666279
0.862763904112455	0.962358332598989
0.863163887378153	0.965201304675006
0.863563870643852	0.967972758655954
0.863963853909551	0.970661410743594
0.86436383717525	0.973256190039565
0.864763820440949	0.975746480908822
0.865163803706648	0.978122195881766
0.865563786972347	0.980373645054691
0.865963770238045	0.982491211536809
0.866363753503744	0.984465201188504
0.866763736769443	0.986285896548965
0.867163720035142	0.987943953205849
0.867563703300841	0.989431157514781
0.86796368656654	0.990741362920539
0.868363669832239	0.991871070795753
0.868763653097938	0.992819697849369
0.869163636363636	0.993589382760126
0.869563619629335	0.994184177517056
0.869963602895034	0.994608850236014
0.870363586160733	0.994867890797471
0.870763569426432	0.994964813056222
0.871163552692131	0.994901876104606
0.87156353595783	0.994680294987955
0.871963519223529	0.994300819012019
0.872363502489227	0.993764391300913
0.872763485754926	0.993072743477337
0.873163469020625	0.992228718950059
0.873563452286324	0.991236299991095
0.873963435552023	0.990100444950658
0.874363418817722	0.988826893847036
0.874763402083421	0.987422004518992
0.875163385349119	0.985892644022736
0.875563368614818	0.98424610727851
0.875963351880517	0.982490079620591
0.876363335146216	0.980632508544125
0.876763318411915	0.978681376757776
0.877163301677614	0.97664441493223
0.877563284943313	0.974528907796894
0.877963268209011	0.972341541175332
0.87836325147471	0.970088351070979
0.878763234740409	0.96777481572711
0.879163218006108	0.965406107173319
0.879563201271807	0.96298741922743
0.879963184537506	0.960524332073842
0.880363167803205	0.958023093553483
0.880763151068904	0.955490744755999
0.881163134334602	0.952935029751242
0.881563117600301	0.950364149745173
0.881963100866	0.947786345215805
0.882363084131699	0.945209435872073
0.882763067397398	0.942640495176201
0.883163050663097	0.940085751385167
0.883563033928796	0.937550591250472
0.883963017194495	0.935039788488827
0.884363000460193	0.932557818947913
0.884762983725892	0.930109049639111
0.885162966991591	0.927697843678387
0.88556295025729	0.92532864686228
0.885962933522989	0.92300605408433
0.886362916788688	0.92073487574922
0.886762900054387	0.918520139560425
0.887162883320085	0.916366895618324
0.887562866585784	0.914279841779196
0.887962849851483	0.912262884038366
0.888362833117182	0.910318643505303
0.888762816382881	0.908448106754265
0.88916279964858	0.906650621748299
0.889562782914279	0.90492422612898
0.889962766179977	0.903266230944956
0.890362749445676	0.901673875152264
0.890762732711375	0.900144878370617
0.891162715977074	0.898677739442413
0.891562699242773	0.897271823336358
0.891962682508472	0.895927128939397
0.892362665774171	0.894643985398112
0.89276264903987	0.893422867779107
0.893162632305568	0.892264397455972
0.893562615571267	0.891169474904562
0.893962598836966	0.890139498847854
0.894362582102665	0.889176609687104
0.894762565368364	0.888283948595659
0.895162548634063	0.887465815585729
0.895562531899762	0.886727710227682
0.89596251516546	0.88607615084518
0.896362498431159	0.885518294712406
0.896762481696858	0.885061369305399
0.897162464962557	0.884712011344123
0.897562448228256	0.884475450215303
0.897962431493955	0.884354693271657
0.898362414759654	0.884350007246053
0.898762398025353	0.884458835551765
0.899162381291051	0.884675985577104
0.89956236455675	0.884994118774564
0.899962347822449	0.885404463459842
0.900362331088148	0.88589741300114
0.900762314353847	0.886462929972269
0.901162297619546	0.887090852873297
0.901562280885245	0.887770941636921
0.901962264150943	0.888492714042426
0.902362247416642	0.88924539950231
0.902762230682341	0.890017929669128
0.90316221394804	0.890798963295081
0.903562197213739	0.891577053734104
0.903962180479438	0.892341049053207
0.904362163745137	0.89308050352206
0.904762147010836	0.893786113185392
0.905162130276534	0.894450116779701
0.905562113542233	0.89506654817536
0.905962096807932	0.895631156980116
0.906362080073631	0.896141162063125
0.90676206333933	0.896594804915483
0.907162046605029	0.896991004781747
0.907562029870728	0.897328990069478
0.907962013136426	0.897608090295016
0.908361996402125	0.896934496878882
0.908761979667824	0.895876075601601
0.909161962933523	0.894485178206835
0.909561946199222	0.892818718473336
0.909961929464921	0.890932921484133
0.91036191273062	0.888879862449361
0.910761895996319	0.886705577661406
0.911161879262017	0.884449365732711
0.911561862527716	0.882143876436818
0.911961845793415	0.879815650454152
0.912361829059114	0.877485856256533
0.912761812324813	0.875171078206147
0.913161795590512	0.87288406956477
0.913561778856211	0.870634425984942
0.913961762121909	0.868429168849664
0.914361745387608	0.866273250695039
0.914761728653307	0.864169988957788
0.915161711919006	0.86212143991304
0.915561695184705	0.860128720749312
0.915961678450404	0.858192278160949
0.916361661716103	0.856312092890515
0.916761644981802	0.85448782631201
0.9171616282475	0.85271891638617
0.917561611513199	0.851004627379982
0.917961594778898	0.849344066272003
0.918361578044597	0.847736188548296
0.918761561310296	0.846179805348467
0.919161544575995	0.844673596685424
0.919561527841694	0.843216133066655
0.919961511107392	0.841805905302797
0.920361494373091	0.840441356133289
0.92076147763879	0.839120909355353
0.921161460904489	0.837842992338784
0.921561444170188	0.836606049569915
0.921961427435887	0.835408547114986
0.922361410701586	0.834248973626221
0.922761393967285	0.833125839530123
0.923161377232983	0.832037673923612
0.923561360498682	0.830983019327274
0.923961343764381	0.829960428122289
0.92436132703008	0.8289684598355
0.924761310295779	0.828005681425392
0.925161293561478	0.827070666892296
0.925561276827177	0.826161998655541
0.925961260092875	0.825278271069565
0.926361243358574	0.824418096279617
0.926761226624273	0.823580110459516
0.927161209889972	0.822762983658421
0.927561193155671	0.821965433300917
0.92796117642137	0.821186240457772
0.928361159687069	0.820424265142345
0.928761142952768	0.819678458529289
0.929161126218466	0.818947869210703
0.929561109484165	0.818231644926452
0.929961092749864	0.817529027934168
0.930361076015563	0.816839345724258
0.930761059281262	0.816162000452861
0.931161042546961	0.815496460349364
0.93156102581266	0.814842250571644
0.931961009078358	0.814198945331177
0.932360992344057	0.81356616214376
0.932760975609756	0.812943555520576
0.933160958875455	0.812330811847907
0.933560942141154	0.811727647402276
0.933960925406853	0.811133808593448
0.934360908672552	0.810549073408084
0.934760891938251	0.809973253963213
0.935160875203949	0.809406197645446
0.935560858469648	0.808847784854767
0.935960841735347	0.808297924793177
0.936360825001046	0.807756550103656
0.936760808266745	0.807223611971142
0.937160791532444	0.806699077516179
0.937560774798143	0.806182931417315
0.937960758063841	0.805675181058042
0.93836074132954	0.805175862295437
0.938760724595239	0.804685045179176
0.939160707860938	0.804202838259628
0.939560691126637	0.803729390345502
0.939960674392336	0.803264887391488
0.940360657658035	0.802809547789624
0.940760640923734	0.802363618343713
0.941160624189432	0.80192737151061
0.941560607455131	0.801501104737635
0.94196059072083	0.801085142333822
0.942360573986529	0.800679838593613
0.942760557252228	0.800285582004521
0.943160540517927	0.79990280027711
0.943560523783626	0.799531965218152
0.943960507049324	0.799173595301822
0.944360490315023	0.798828257174867
0.944760473580722	0.798496566136677
0.945160456846421	0.798179185594792
0.94556044011212	0.797876822594171
0.945960423377819	0.797590221384785
0.946360406643518	0.797320157328848
0.946760389909217	0.797067432164281
0.947160373174915	0.796832868075532
0.947560356440614	0.796617303607485
0.947960339706313	0.796421592930448
0.948360322972012	0.796246606087309
0.948760306237711	0.796093230410032
0.94916028950341	0.795962374018766
0.949560272769109	0.795854967166939
0.949960256034807	0.795771959160094
0.950360239300506	0.795714312446606
0.950760222566205	0.79568298943482
0.951160205831904	0.795678932376596
0.951560189097603	0.795703042026109
0.951960172363302	0.79575615938487
0.952360155629001	0.795839052696839
0.952760138894699	0.795952412232923
0.953160122160398	0.796096854971454
0.953560105426097	0.796272938239873
0.953960088691796	0.79648117685105
0.954360071957495	0.796722059752916
0.954760055223194	0.796996063073159
0.955160038488893	0.797303661126601
0.955560021754592	0.797645330563268
0.95596000502029	0.798021550257037
