0	0.527468521258193
0.000399983265698866	0.526083410115591
0.000799966531397733	0.52474176507415
0.0011999497970966	0.523443430907309
0.00159993306279547	0.522188288243703
0.00199991632849433	0.520976243928585
0.0023998995941932	0.519807222017759
0.00279988285989206	0.518681156063892
0.00319986612559093	0.517597984606007
0.0035998493912898	0.516557646506774
0.00399983265698866	0.515560071433374
0.00439981592268753	0.514605164871369
0.0047997991883864	0.51369278866869
0.00519978245408526	0.51282273349952
0.00559976571978413	0.511994690473661
0.00599974898548299	0.511208230778369
0.00639973225118186	0.51046279648451
0.00679971551688073	0.509757703994072
0.00719969878257959	0.5090921630305
0.00759968204827846	0.508465305416999
0.00799966531397733	0.507876217646189
0.00839964857967619	0.50732397050043
0.00879963184537506	0.506807639968078
0.00919961511107393	0.506326317392214
0.00959959837677279	0.50587911228243
0.00999958164247166	0.50546514961605
0.0103995649081705	0.505083564949654
0.0107995481738694	0.504733502364422
0.0111995314395683	0.504414116460055
0.0115995147052671	0.504124576956297
0.011999497970966	0.50386407505365
0.0123994812366649	0.503631828275501
0.0127994645023637	0.503427082535567
0.0131994477680626	0.503249112898909
0.0135994310337615	0.503097222778781
0.0139994142994603	0.502970741611342
0.0143993975651592	0.502869022623336
0.0147993808308581	0.502791442124853
0.0151993640965569	0.502737399316567
0.0155993473622558	0.502706315369076
0.0159993306279547	0.502697631513545
0.0163993138936535	0.502710806433966
0.0167992971593524	0.502745313491199
0.0171992804250513	0.502800639163229
0.0175992636907501	0.502876283063538
0.017999246956449	0.502971759588829
0.0183992302221479	0.503086601277507
0.0187992134878467	0.503220363499545
0.0191991967535456	0.503372628660439
0.0195991800192445	0.503543009819653
0.0199991632849433	0.503731154345172
0.0203991465506422	0.50393674741859
0.020799129816341	0.504159515130902
0.0211991130820399	0.504399226974675
0.0215990963477388	0.504655697112663
0.0219990796134376	0.504928784421328
0.0223990628791365	0.505218393028071
0.0227990461448354	0.505524471043697
0.0231990294105342	0.505847008656888
0.0235990126762331	0.506186037770477
0.023998995941932	0.506541632880942
0.0243989792076308	0.506913911540623
0.0247989624733297	0.507303037411248
0.0251989457390286	0.507709225852399
0.0255989290047274	0.508132751167549
0.0259989122704263	0.508573954451046
0.0263988955361252	0.509033250926008
0.026798878801824	0.509511133051734
0.0271988620675229	0.510008170591525
0.0275988453332218	0.510525008613694
0.0279988285989206	0.511062364947831
0.0283988118646195	0.511621030835327
0.0287987951303184	0.512201878792112
0.0291987783960172	0.512805874483634
0.0295987616617161	0.513434086536333
0.029998744927415	0.514087692251581
0.0303987281931138	0.514767975997498
0.0307987114588127	0.515476319768515
0.0311986947245116	0.516214188760993
0.0315986779902104	0.516983118502592
0.0319986612559093	0.517784705924697
0.0323986445216082	0.518620606657463
0.032798627787307	0.519492538791233
0.0331986110530059	0.520402292152341
0.0335985943187048	0.52135174093854
0.0339985775844036	0.522342857981146
0.0343985608501025	0.523377727695471
0.0347985441158014	0.524458555214769
0.0351985273815002	0.525587673166372
0.0355985106471991	0.526767546158963
0.035998493912898	0.528000773891148
0.0363984771785968	0.529290093718251
0.0367984604442957	0.530638388322355
0.0371984437099946	0.532048701377533
0.0375984269756934	0.53352426354744
0.0379984102413923	0.535068523454481
0.0383983935070912	0.53668517814629
0.03879837677279	0.538378197088343
0.0391983600384889	0.54015183654055
0.0395983433041878	0.54201064147806
0.0399983265698866	0.543959441153144
0.0403983098355855	0.546003339396575
0.0407982931012844	0.548147695563119
0.0411982763669832	0.550398090069348
0.0415982596326821	0.552760269333
0.041998242898381	0.555240052839427
0.0423982261640798	0.557843186422108
0.0427982094297787	0.560575127436735
0.0431981926954776	0.563440732600352
0.0435981759611764	0.566443816420301
0.0439981592268753	0.569586537529748
0.0443981424925742	0.572868556414864
0.044798125758273	0.576285905044477
0.0451981090239719	0.579829529352853
0.0455980922896708	0.583483480012633
0.0459980755553696	0.587222783606998
0.0463980588210685	0.591011141457305
0.0467980420867674	0.594798759335595
0.0471980253524662	0.59852081363026
0.0475980086181651	0.602097312044046
0.047997991883864	0.605435277158779
0.0483979751495628	0.606821809557088
0.0487979584152617	0.607964112360425
0.0491979416809606	0.608855658465939
0.0495979249466594	0.60949302228453
0.0499979082123583	0.609875891380419
0.0503978914780572	0.610006964391685
0.050797874743756	0.609891878019623
0.0511978580094549	0.60953928129457
0.0515978412751538	0.608960957027355
0.0519978245408526	0.608171849147309
0.0523978078065515	0.607190012265491
0.0527977910722504	0.606036322044193
0.0531977743379492	0.604733757568479
0.0535977576036481	0.603306375121058
0.053997740869347	0.601778190277884
0.0543977241350458	0.600172112401886
0.0547977074007447	0.598509190689407
0.0551976906664435	0.596808392202703
0.0555976739321424	0.595086835765961
0.0559976571978413	0.593360377263648
0.0563976404635401	0.591644326702965
0.056797623729239	0.589954015758987
0.0571976069949379	0.588305033269316
0.0575975902606367	0.586713123263744
0.0579975735263356	0.585193759889043
0.0583975567920345	0.58376153948352
0.0587975400577333	0.582429692898332
0.0591975233234322	0.581209769869018
0.0595975065891311	0.580111475722548
0.0599974898548299	0.579142745430664
0.0603974731205288	0.578309929701518
0.0607974563862277	0.577618020880747
0.0611974396519265	0.577070938002841
0.0615974229176254	0.57667182852167
0.0619974061833243	0.576423324374899
0.0623973894490231	0.576327791278886
0.062797372714722	0.57638761545164
0.0631973559804209	0.576605443868982
0.0635973392461197	0.576984320473001
0.0639973225118186	0.577527723835859
0.0643973057775175	0.578239421447873
0.0647972890432163	0.579123026873856
0.0651972723089152	0.580181398530283
0.0655972555746141	0.581416054870969
0.0659972388403129	0.582826586619533
0.0663972221060118	0.584410231561312
0.0667972053717107	0.586161773692762
0.0671971886374095	0.588073733135837
0.0675971719031084	0.590136752311442
0.0679971551688073	0.592340206128459
0.0683971384345061	0.594672865805898
0.068797121700205	0.597123463977845
0.0691971049659039	0.599681155312411
0.0695970882316027	0.60233580212181
0.0699970714973016	0.6050779930005
0.0703970547630005	0.607899033697904
0.0707970380286993	0.610790842809029
0.0711970212943982	0.613745747955794
0.0715970045600971	0.616756177080596
0.0719969878257959	0.619814378620209
0.0723969710914948	0.622912109475709
0.0727969543571937	0.62604043843201
0.0731969376228925	0.629189629124861
0.0735969208885914	0.632349216386659
0.0739969041542903	0.635508259945159
0.0743968874199891	0.638655729111329
0.074796870685688	0.641780813271559
0.0751968539513869	0.644873217484441
0.0755968372170857	0.647923353904884
0.0759968204827846	0.650922440919471
0.0763968037484835	0.653862594043945
0.0767967870141823	0.656737072615069
0.0771967702798812	0.659540535740872
0.0775967535455801	0.662269193252505
0.0779967368112789	0.664920728874808
0.0783967200769778	0.667493998306105
0.0787967033426767	0.669988482315549
0.0791966866083755	0.672403620888492
0.0795966698740744	0.674738220447269
0.0799966531397733	0.676990079322029
0.0803966364054721	0.679155820128938
0.080796619671171	0.681230992342248
0.0811966029368699	0.6832103676994
0.0815965862025687	0.685088367833993
0.0819965694682676	0.686859489167399
0.0823965527339665	0.688518743421298
0.0827965359996653	0.69006191864534
0.0831965192653642	0.691485680984784
0.0835965025310631	0.692787466632556
0.0839964857967619	0.693965331485833
0.0843964690624608	0.695017685514087
0.0847964523281597	0.695943019159731
0.0851964355938585	0.696739781559333
0.0855964188595574	0.697406548216433
0.0859964021252562	0.697942202529304
0.0863963853909551	0.698346053989281
0.086796368656654	0.698617869858632
0.0871963519223529	0.698757701516898
0.0875963351880517	0.698765476214269
0.0879963184537506	0.698640724535337
0.0883963017194495	0.698382557867859
0.0887962849851483	0.69798982844585
0.0891962682508472	0.697461521821012
0.0895962515165461	0.69679730946325
0.0899962347822449	0.695997912132934
0.0903962180479438	0.695065159052772
0.0907962013136426	0.694001958100517
0.0911961845793415	0.692812168746942
0.0915961678450404	0.691500531658147
0.0919961511107392	0.690072720452622
0.0923961343764381	0.688535496749851
0.092796117642137	0.686896790396474
0.0931961009078359	0.685165626095719
0.0935960841735347	0.683351831564104
0.0939960674392336	0.681465530980521
0.0943960507049325	0.679516574143794
0.0947960339706313	0.677514171505349
0.0951960172363302	0.675466816518645
0.095596000502029	0.673382438467582
0.0959959837677279	0.671268713983105
0.0963959670334268	0.669133429954144
0.0967959502991256	0.666984608264348
0.0971959335648245	0.664830360400136
0.0975959168305234	0.662678583053674
0.0979959000962222	0.660536500962708
0.0983958833619211	0.658410169446268
0.09879586662762	0.656304118039862
0.0991958498933188	0.65422121693713
0.0995958331590177	0.65216269540665
0.0999958164247166	0.65012836658134
0.100395799690415	0.64811698779736
0.100795782956114	0.646126689303665
0.101195766221813	0.64415540421919
0.101595749487512	0.642201193142538
0.101995732753211	0.640262419600956
0.10239571601891	0.638337775763849
0.102795699284609	0.636426185059926
0.103195682550308	0.634526604746951
0.103595665816006	0.632637794598486
0.103995649081705	0.630758183293192
0.104395632347404	0.628886022140401
0.104795615613103	0.627019741135521
0.105195598878802	0.625158366896632
0.105595582144501	0.623301993588095
0.1059955654102	0.621452147419464
0.106395548675898	0.619611891069196
0.106795531941597	0.617785769377439
0.107195515207296	0.61597958321768
0.107595498472995	0.614199979163115
0.107995481738694	0.612454088784214
0.108395465004393	0.6107490781553
0.108795448270092	0.609091514112776
0.109195431535791	0.607486793621669
0.109595414801489	0.605938754951753
0.109995398067188	0.604449344086362
0.110395381332887	0.60301860446974
0.110795364598586	0.601645133290431
0.111195347864285	0.600326732637628
0.111595331129984	0.599061103123147
0.111995314395683	0.597846554168116
0.112395297661381	0.596682407089492
0.11279528092708	0.595569095916869
0.113195264192779	0.59450812275662
0.113595247458478	0.593501949750017
0.113995230724177	0.592553811339873
0.114395213989876	0.591667658947308
0.114795197255575	0.590848101181661
0.115195180521273	0.590100263686209
0.115595163786972	0.589429523097863
0.115995147052671	0.588841182322587
0.11639513031837	0.588340116113661
0.116795113584069	0.587930508593547
0.117195096849768	0.587615748967909
0.117595080115467	0.58739854241883
0.117995063381166	0.587281083488621
0.118395046646864	0.587265194330475
0.118795029912563	0.587352264369994
0.119195013178262	0.587543081712511
0.119594996443961	0.587837545495128
0.11999497970966	0.588234453155763
0.120394962975359	0.588731472236945
0.120794946241058	0.589325416842214
0.121194929506756	0.590012754622439
0.121594912772455	0.590790373914654
0.121994896038154	0.591656367740414
0.122394879303853	0.59261057176568
0.122794862569552	0.593654645477574
0.123194845835251	0.594791736999401
0.12359482910095	0.596025803310132
0.123994812366649	0.597360798501998
0.124394795632347	0.598799817404001
0.124794778898046	0.600344416135807
0.125194762163745	0.601994204887102
0.125594745429444	0.603746736464741
0.125994728695143	0.60559760750679
0.126394711960842	0.607540873609293
0.126794695226541	0.609569691055573
0.127194678492239	0.611677067908983
0.127594661757938	0.613856548191425
0.127994645023637	0.616102756650012
0.128394628289336	0.618411581801045
0.128794611555035	0.620779952469806
0.129194594820734	0.623205245301169
0.129594578086433	0.62568440282515
0.129994561352132	0.628212879749109
0.13039454461783	0.630783810032281
0.130794527883529	0.633387627581575
0.131194511149228	0.636012068369624
0.131594494414927	0.638642506641382
0.131994477680626	0.641262705066608
0.132394460946325	0.64385572056589
0.132794444212024	0.646404751021587
0.133194427477722	0.648893876160187
0.133594410743421	0.651308556549307
0.13399439400912	0.65363578925996
0.134394377274819	0.655864090540907
0.134794360540518	0.657983429611419
0.135194343806217	0.659984961786117
0.135594327071916	0.661860699873799
0.135994310337615	0.663603352247259
0.136394293603313	0.665206334239325
0.136794276869012	0.666663822193502
0.137194260134711	0.667971016111981
0.13759424340041	0.669124605313178
0.137994226666109	0.670123242725101
0.138394209931808	0.670967872942526
0.138794193197507	0.671661858820695
0.139194176463205	0.672210782586808
0.139594159728904	0.672622060308354
0.139994142994603	0.67290447930636
0.140394126260302	0.673067660636613
0.140794109526001	0.673121479094533
0.1411940927917	0.673075708205742
0.141594076057399	0.672939856141199
0.141994059323098	0.672723037606506
0.142394042588796	0.672433895602414
0.142794025854495	0.672080717468989
0.143194009120194	0.671671604824993
0.143593992385893	0.671214624102731
0.143993975651592	0.670717930060502
0.144393958917291	0.670189791061427
0.14479394218299	0.66963844556965
0.145193925448688	0.669071833269701
0.145593908714387	0.66849730513163
0.145993891980086	0.66792142626052
0.146393875245785	0.66734985740444
0.146793858511484	0.666787343674166
0.147193841777183	0.666237638245463
0.147593825042882	0.665703380941485
0.147993808308581	0.665185972629083
0.148393791574279	0.664685552845992
0.148793774839978	0.664200995801346
0.149193758105677	0.663730172971689
0.149593741371376	0.663270414237266
0.149993724637075	0.662818909565081
0.150393707902774	0.662372961437127
0.150793691168473	0.661930214418502
0.151193674434171	0.661488645085833
0.15159365769987	0.661046440221692
0.151993640965569	0.66060197416621
0.152393624231268	0.660153871513937
0.152793607496967	0.659701085875236
0.153193590762666	0.659243245360824
0.153593574028365	0.658781004524846
0.153993557294064	0.658316223270198
0.154393540559762	0.657852149375536
0.154793523825461	0.657393638117154
0.15519350709116	0.656947180396386
0.155593490356859	0.656520709706397
0.155993473622558	0.656123321890997
0.156393456888257	0.65576474514598
0.156793440153956	0.655454737596254
0.157193423419654	0.655202489532645
0.157593406685353	0.655016103507821
0.157993389951052	0.654902234495277
0.158393373216751	0.654866021438537
0.15879335648245	0.654911165411188
0.159193339748149	0.655040153823696
0.159593323013848	0.655254631328777
0.159993306279547	0.655555957295804
0.160393289545245	0.655945808685826
0.160793272810944	0.656426667853087
0.161193256076643	0.657001986676379
0.161593239342342	0.657676076725029
0.161993222608041	0.658453657086464
0.16239320587374	0.65933915814222
0.162793189139439	0.660335957023012
0.163193172405137	0.661445875634792
0.163593155670836	0.662669050735322
0.163993138936535	0.66400417798449
0.164393122202234	0.665449043401369
0.164793105467933	0.667001204600157
0.165193088733632	0.668658657166209
0.165593071999331	0.670420176722609
0.16599305526503	0.67228527256029
0.166393038530728	0.674253900400035
0.166793021796427	0.676326063620953
0.167193005062126	0.678501447922715
0.167592988327825	0.680779194002066
0.167992971593524	0.683157897359157
0.168392954859223	0.685635791220815
0.168792938124922	0.688210993390062
0.16919292139062	0.690881586478605
0.169592904656319	0.693645478287027
0.169992887922018	0.696500157704492
0.170392871187717	0.699442424287317
0.170792854453416	0.70246810830683
0.171192837719115	0.705571990970559
0.171592820984814	0.708748024751288
0.171992804250512	0.71198975051705
0.172392787516211	0.715290740045185
0.17279277078191	0.718645005057786
0.173192754047609	0.722047247064178
0.173592737313308	0.725492952757148
0.173992720579007	0.728978259051174
0.174392703844706	0.732499664304153
0.174792687110405	0.736053626742655
0.175192670376103	0.739636107215329
0.175592653641802	0.743242119536058
0.175992636907501	0.746865332552085
0.1763926201732	0.750497706694276
0.176792603438899	0.754129295391798
0.177192586704598	0.757748220058412
0.177592569970297	0.761340749921757
0.177992553235995	0.764891453603067
0.178392536501694	0.768383597691965
0.178792519767393	0.77179972353839
0.179192503033092	0.775122339250586
0.179592486298791	0.778334578742715
0.17999246956449	0.78142086331196
0.180392452830189	0.784367498787736
0.180792436095888	0.787163080507826
0.181192419361586	0.789798688392085
0.181592402627285	0.792267943356343
0.181992385892984	0.79456679668044
0.182392369158683	0.796693131976777
0.182792352424382	0.79864628665504
0.183192335690081	0.800426485789745
0.18359231895578	0.802034229455117
0.183992302221478	0.803469964072129
0.184392285487177	0.804734017787326
0.184792268752876	0.805826708138889
0.185192252018575	0.806748647077092
0.185592235284274	0.80750122914543
0.185992218549973	0.808086994989888
0.186392201815672	0.808509705741503
0.186792185081371	0.808774239287633
0.187192168347069	0.808886340915454
0.187592151612768	0.808852264253483
0.187992134878467	0.80867832804225
0.188392118144166	0.808370555953311
0.188792101409865	0.807934478934545
0.189192084675564	0.807374927995346
0.189592067941263	0.8066959468391
0.189992051206961	0.805900759320156
0.19039203447266	0.804991665305152
0.190792017738359	0.803969927416943
0.191192001004058	0.80283586810871
0.191591984269757	0.801589061464621
0.191991967535456	0.800228778456997
0.192391950801155	0.798754854628877
0.192791934066854	0.797168578942936
0.193191917332552	0.79547323370555
0.193591900598251	0.793674450867241
0.19399188386395	0.791780062985097
0.194391867129649	0.789799259656751
0.194791850395348	0.787741449713066
0.195191833661047	0.785615365589647
0.195591816926746	0.783428405958839
0.195991800192444	0.781186528588257
0.196391783458143	0.77889468791947
0.196791766723842	0.776557419843774
0.197191749989541	0.774179312741081
0.19759173325524	0.771765327733535
0.197991716520939	0.769320772307006
0.198391699786638	0.76685089743395
0.198791683052337	0.764360551348703
0.199191666318035	0.761853989646941
0.199591649583734	0.759334736298375
0.199991632849433	0.756805664699874
0.200391616115132	0.754269416865713
0.200791599380831	0.75172883324797
0.20119158264653	0.749187338834264
0.201591565912229	0.746649268578966
0.201991549177927	0.74411995159717
0.202391532443626	0.741605497948949
0.202791515709325	0.739112572887108
0.203191498975024	0.736648136517738
0.203591482240723	0.734219242826822
0.203991465506422	0.731833173302861
0.204391448772121	0.729497722829268
0.20479143203782	0.727221292262593
0.205191415303518	0.725012901682539
0.205591398569217	0.722881967132677
0.205991381834916	0.720837676893626
0.206391365100615	0.718888342814186
0.206791348366314	0.717041026897676
0.207191331632013	0.715301379565066
0.207591314897712	0.713673751265211
0.20799129816341	0.712161593355251
0.208391281429109	0.710767797449082
0.208791264694808	0.709494848592376
0.209191247960507	0.708344892518277
0.209591231226206	0.707319639720352
0.209991214491905	0.706420209834064
0.210391197757604	0.705647134695065
0.210791181023303	0.705000450137309
0.211191164289001	0.704479754886985
0.2115911475547	0.704084245597714
0.211991130820399	0.703812634672084
0.212391114086098	0.703662898455441
0.212791097351797	0.703632055152669
0.213191080617496	0.703716072007494
0.213591063883195	0.703909847622725
0.213991047148893	0.704207288818924
0.214391030414592	0.704601502056065
0.214791013680291	0.705084893057328
0.21519099694599	0.705649132102494
0.215590980211689	0.706285108796673
0.215990963477388	0.706982794161027
0.216390946743087	0.70773104607391
0.216790930008786	0.70851765828216
0.217190913274484	0.709329679499451
0.217590896540183	0.710153880592475
0.217990879805882	0.710977327878282
0.218390863071581	0.711787999895091
0.21879084633728	0.71257517980488
0.219190829602979	0.713329543066159
0.219590812868678	0.714043087111394
0.219990796134376	0.714708953288656
0.220390779400075	0.715321143678705
0.220790762665774	0.715874223189647
0.221190745931473	0.716363007331542
0.221590729197172	0.716782236005624
0.221990712462871	0.71712626205131
0.22239069572857	0.717388901154587
0.222790678994269	0.717563428213473
0.223190662259967	0.717642825168004
0.223590645525666	0.717620309419808
0.223990628791365	0.717489995476095
0.224390612057064	0.717247523565445
0.224790595322763	0.71689052279997
0.225190578588462	0.716418790314184
0.225590561854161	0.715834164843953
0.225990545119859	0.71514020563631
0.226390528385558	0.714341751331103
0.226790511651257	0.713444470543685
0.227190494916956	0.71245451505772
0.227590478182655	0.711378233560331
0.227990461448354	0.710222003675194
0.228390444714053	0.708992216193084
0.228790427979752	0.707695397649886
0.22919041124545	0.706338324285068
0.229590394511149	0.704928085836101
0.229990377776848	0.703472067376819
0.230390361042547	0.701977825879654
0.230790344308246	0.700452961160798
0.231190327573945	0.698904926254263
0.231590310839644	0.697340873168672
0.231990294105342	0.695767563183909
0.232390277371041	0.694191298532567
0.23279026063674	0.692617732325574
0.233190243902439	0.691051607300951
0.233590227168138	0.689496506416613
0.233990210433837	0.687954706008785
0.234390193699536	0.686427078011651
0.234790176965235	0.684913150505743
0.235190160230933	0.683411277041855
0.235590143496632	0.681918834645448
0.235990126762331	0.680432320360286
0.23639011002803	0.678947371777549
0.236790093293729	0.677458603189762
0.237190076559428	0.67595953121527
0.237590059825127	0.674442658884483
0.237990043090825	0.67289971631755
0.238390026356524	0.671321971151494
0.238790009622223	0.66970083979283
0.239189992887922	0.668028511321481
0.239589976153621	0.666298424374089
0.23998995941932	0.664505596930112
0.240389942685019	0.662646789660142
0.240789925950718	0.660720425791191
0.241189909216416	0.65872644765687
0.241589892482115	0.656666131084324
0.241989875747814	0.654541905259516
0.242389859013513	0.652357263380097
0.242789842279212	0.65011679324387
0.243189825544911	0.647826046683083
0.24358980881061	0.645491242599049
0.243989792076308	0.643118890100553
0.244389775342007	0.64071538365026
0.244789758607706	0.6382865709266
0.245189741873405	0.635837629629462
0.245589725139104	0.633373178207627
0.245989708404803	0.630897447835894
0.246389691670502	0.628414414370599
0.246789674936201	0.625927933927207
0.247189658201899	0.623441634460791
0.247589641467598	0.620958643779892
0.247989624733297	0.618481365995164
0.248389607998996	0.616011296866217
0.248789591264695	0.613548810428424
0.249189574530394	0.611093190575916
0.249589557796093	0.60864282170914
0.249989541061791	0.606195324634356
0.25038952432749	0.603747880785727
0.250789507593189	0.601297731411735
0.251189490858888	0.598842629983942
0.251589474124587	0.596381231139457
0.251989457390286	0.593913544115809
0.252389440655985	0.591441151490632
0.252789423921684	0.588967270842666
0.253189407187382	0.586496689263627
0.253589390453081	0.584035661819632
0.25398937371878	0.581591716383926
0.254389356984479	0.579173593702713
0.254789340250178	0.57679111470069
0.255189323515877	0.574455008412411
0.255589306781576	0.572176688036685
0.255989290047274	0.569968118524783
0.256389273312973	0.567841618893147
0.256789256578672	0.565809729877777
0.257189239844371	0.563884989325837
0.25758922311007	0.562079641061592
0.257989206375769	0.560405280412938
0.258389189641468	0.558872529315023
0.258789172907167	0.557490647966199
0.259189156172865	0.55626723068597
0.259589139438564	0.55520805050817
0.259989122704263	0.554317025720664
0.260389105969962	0.55359630037701
0.260789089235661	0.553046549140304
0.26118907250136	0.552667480264406
0.261589055767059	0.552458228628327
0.261989039032757	0.552417582675324
0.262389022298456	0.552544045222036
0.262789005564155	0.552835644687435
0.263188988829854	0.553289440153696
0.263588972095553	0.553901062729895
0.263988955361252	0.554664433945155
0.264388938626951	0.555571694122747
0.26478892189265	0.556613332382753
0.265188905158348	0.557778487317704
0.265588888424047	0.559055180320882
0.265988871689746	0.560430467744365
0.266388854955445	0.561890587233105
0.266788838221144	0.563420989355984
0.267188821486843	0.565006282285762
0.267588804752542	0.566630401316527
0.26798878801824	0.568277025188911
0.268388771283939	0.56993009364607
0.268788754549638	0.571574355243173
0.269188737815337	0.573195875173663
0.269588721081036	0.574782429685144
0.269988704346735	0.576323712975648
0.270388687612434	0.577811379534103
0.270788670878132	0.579238914116973
0.271188654143831	0.580601485602461
0.27158863740953	0.581895756211554
0.271988620675229	0.583119601407976
0.272388603940928	0.584271770966334
0.272788587206627	0.585351586552092
0.273188570472326	0.586358539526493
0.273588553738025	0.587291829020717
0.273988537003723	0.588149952056455
0.274388520269422	0.588930371350954
0.274788503535121	0.58962934766048
0.27518848680082	0.590242182956033
0.275588470066519	0.590763634647501
0.275988453332218	0.591188360928044
0.276388436597917	0.591511448039598
0.276788419863615	0.591728987055778
0.277188403129314	0.591838460468351
0.277588386395013	0.591839004256053
0.277988369660712	0.591731402949231
0.278388352926411	0.591517765176239
0.27878833619211	0.591200976252537
0.279188319457809	0.590784194227445
0.279588302723508	0.590270305259243
0.279988285989206	0.589661578242704
0.280388269254905	0.588959513475395
0.280788252520604	0.588164908172937
0.281188235786303	0.587278028539069
0.281588219052002	0.586298946723015
0.281988202317701	0.585227841525473
0.2823881855834	0.584065322888596
0.282788168849098	0.582812818294907
0.283188152114797	0.581472948618485
0.283588135380496	0.580049689318356
0.283988118646195	0.578548365652907
0.284388101911894	0.576975437578337
0.284788085177593	0.575338146174267
0.285188068443292	0.573644057545438
0.285588051708991	0.571900892577559
0.285988034974689	0.570116557461316
0.286388018240388	0.5682993137271
0.286788001506087	0.566457961684573
0.287187984771786	0.564601955625095
0.287587968037485	0.562741223728272
0.287987951303184	0.560885850170384
0.288387934568883	0.559045838323521
0.288787917834581	0.557230955559309
0.28918790110028	0.555450598688668
0.289587884365979	0.553713927336984
0.289987867631678	0.552030040602002
0.290387850897377	0.550407861218288
0.290787834163076	0.548855754080491
0.291187817428775	0.547381226462583
0.291587800694474	0.54599063623806
0.291987783960172	0.544689069454432
0.292387767225871	0.543480608298451
0.29278775049157	0.542368761328452
0.293187733757269	0.541356683194655
0.293587717022968	0.540447205387602
0.293987700288667	0.539642654959393
0.294387683554366	0.538944273198304
0.294787666820064	0.538351503723587
0.295187650085763	0.53786151068189
0.295587633351462	0.53746899014517
0.295987616617161	0.537166321122522
0.29638759988286	0.536944238403958
0.296787583148559	0.536792665874884
0.297187566414258	0.536701544426387
0.297587549679957	0.536661523836397
0.297987532945655	0.536664380589105
0.298387516211354	0.536703048632321
0.298787499477053	0.536771469460382
0.299187482742752	0.536864360528781
0.299587466008451	0.536976967365863
0.29998744927415	0.537104992406893
0.300387432539849	0.537244787043254
0.300787415805547	0.537393620104644
0.301187399071246	0.537549936803551
0.301587382336945	0.537713402059419
0.301987365602644	0.537884648854568
0.302387348868343	0.538064857578502
0.302787332134042	0.538255345415159
0.303187315399741	0.53845718823396
0.30358729866544	0.538671031340723
0.303987281931138	0.538897257412019
0.304387265196837	0.539136287518376
0.304787248462536	0.539388937246908
0.305187231728235	0.539656691933688
0.305587214993934	0.53994179092451
0.305987198259633	0.540247143021201
0.306387181525332	0.540576152843189
0.30678716479103	0.540932470136045
0.307187148056729	0.541319842054649
0.307587131322428	0.541742234237977
0.307987114588127	0.542204007161657
0.308387097853826	0.542709983953844
0.308787081119525	0.543265489758159
0.309187064385224	0.543876288575343
0.309587047650923	0.544548343004824
0.309987030916621	0.545287501929198
0.31038701418232	0.546099205676935
0.310786997448019	0.546988259471372
0.311186980713718	0.547958751648111
0.311586963979417	0.549014035170005
0.311986947245116	0.550156620092764
0.312386930510815	0.551388058969178
0.312786913776513	0.55270894776687
0.313186897042212	0.554119118023471
0.313586880307911	0.555617963402085
0.31398686357361	0.55720485764087
0.314386846839309	0.558879671793734
0.314786830105008	0.560643209109585
0.315186813370707	0.562497255771911
0.315586796636406	0.564444312037738
0.315986779902104	0.566487158769357
0.316386763167803	0.568628368486349
0.316786746433502	0.570869914474597
0.317186729699201	0.573212902973362
0.3175867129649	0.575657369667133
0.317986696230599	0.578202165914999
0.318386679496298	0.580844948100584
0.318786662761996	0.58358214097968
0.319186646027695	0.586408897633318
0.319586629293394	0.589319302039654
0.319986612559093	0.592306718351974
0.320386595824792	0.595364223033375
0.320786579090491	0.598484987035124
0.32118656235619	0.60166255559266
0.321586545621888	0.604891042897696
0.321986528887587	0.60816523697042
0.322386512153286	0.611480531644725
0.322786495418985	0.614832770451234
0.323186478684684	0.618218059498227
0.323586461950383	0.621632516472248
0.323986445216082	0.625072090715817
0.324386428481781	0.628532525546344
0.324786411747479	0.632009348440777
0.325186395013178	0.635497920805134
0.325586378278877	0.638993543751443
0.325986361544576	0.642491423471984
0.326386344810275	0.645986371948941
0.326786328075974	0.649472433539219
0.327186311341673	0.652942584824224
0.327586294607371	0.656388535488574
0.32798627787307	0.659800800078986
0.328386261138769	0.663169044422154
0.328786244404468	0.666482642404381
0.329186227670167	0.669731315993392
0.329586210935866	0.672905794476611
0.329986194201565	0.675998372212575
0.330386177467264	0.679003324102321
0.330786160732962	0.681917290269037
0.331186143998661	0.684739565327544
0.33158612726436	0.687472069922166
0.331986110530059	0.690118998732054
0.332386093795758	0.69268627834463
0.332786077061457	0.69518081744764
0.333186060327156	0.697609689981462
0.333586043592854	0.699979528117946
0.333986026858553	0.702296295365698
0.334386010124252	0.704565231277963
0.334785993389951	0.706790993893158
0.33518597665565	0.708977819416313
0.335585959921349	0.711129573503573
0.335985943187048	0.713249624055442
0.336385926452747	0.715340686952609
0.336785909718445	0.717404608197691
0.337185892984144	0.719442221894101
0.337585876249843	0.721453437106041
0.337985859515542	0.723437570061248
0.338385842781241	0.725393655045319
0.33878582604694	0.727320743827924
0.339185809312639	0.729218218469367
0.339585792578337	0.731085994069281
0.339985775844036	0.732924581515414
0.340385759109735	0.734735218209108
0.340785742375434	0.736520060374481
0.341185725641133	0.738282336754285
0.341585708906832	0.740026429199004
0.341985692172531	0.741757845051332
0.34238567543823	0.743482996994774
0.342785658703928	0.745208753821631
0.343185641969627	0.746942055331752
0.343585625235326	0.748689601317473
0.343985608501025	0.750457658683896
0.344385591766724	0.752251952306947
0.344785575032423	0.754077642045712
0.345185558298122	0.755939256192691
0.34558554156382	0.757840677732522
0.345985524829519	0.759785107917936
0.346385508095218	0.761775073405541
0.346785491360917	0.763812437589645
0.347185474626616	0.765898427721079
0.347585457892315	0.768033552697421
0.347985441158014	0.770217436817254
0.348385424423713	0.772448588447712
0.348785407689411	0.774724268060488
0.34918539095511	0.777040425392017
0.349585374220809	0.779391738059954
0.349985357486508	0.781771691499582
0.350385340752207	0.784172813423574
0.350785324017906	0.786587028290612
0.351185307283605	0.789006067524234
0.351585290549303	0.79142183914201
0.351985273815002	0.793826871994567
0.352385257080701	0.796214694354649
0.3527852403464	0.798580058157276
0.353185223612099	0.80091891869945
0.353585206877798	0.80322823810094
0.353985190143497	0.805505645782164
0.354385173409196	0.807749188627027
0.354785156674894	0.809957149375233
0.355185139940593	0.812127944061516
0.355585123206292	0.814260021928299
0.355985106471991	0.816351853006645
0.35638508973769	0.818401799079029
0.356785073003389	0.820407924599322
0.357185056269088	0.822367915301335
0.357585039534786	0.824279168539854
0.357985022800485	0.826138906153929
0.358385006066184	0.82794447208732
0.358784989331883	0.829693742895582
0.359184972597582	0.831385450418037
0.359584955863281	0.833019409514145
0.35998493912898	0.834596719178598
0.360384922394679	0.836119723610292
0.360784905660377	0.837591731117074
0.361184888926076	0.839016508541227
0.361584872191775	0.840397632322335
0.361984855457474	0.841737804196573
0.362384838723173	0.843038370124498
0.362784821988872	0.844299063492079
0.363184805254571	0.845517883725076
0.363584788520269	0.846691204210704
0.363984771785968	0.847814128584072
0.364384755051667	0.848880977913589
0.364784738317366	0.849885866873645
0.365184721583065	0.850823351747798
0.365584704848764	0.851689093023847
0.365984688114463	0.852480352106071
0.366384671380162	0.853196350525954
0.36678465464586	0.85383833635872
0.367184637911559	0.854409496748843
0.367584621177258	0.854914718104531
0.367984604442957	0.855360177816951
0.368384587708656	0.855752798304295
0.368784570974355	0.856099812649552
0.369184554240054	0.856408373122515
0.369584537505752	0.856685170442639
0.369984520771451	0.856936205050848
0.37038450403715	0.857166728570241
0.370784487302849	0.8573811669987
0.371184470568548	0.857583234038553
0.371584453834247	0.857776129253789
0.371984437099946	0.857962635370784
0.372384420365645	0.858145131084685
0.372784403631343	0.858325763007122
0.373184386897042	0.85850656484074
0.373584370162741	0.858689560898747
0.37398435342844	0.858876880920483
0.374384336694139	0.859070726284437
0.374784319959838	0.859273049746335
0.375184303225537	0.859485173286165
0.375584286491235	0.859707389974981
0.375984269756934	0.859938636257613
0.376384253022633	0.860176352050224
0.376784236288332	0.860416692475673
0.377184219554031	0.860654999645912
0.37758420281973	0.860886429446422
0.377984186085429	0.86110658674144
0.378384169351128	0.861312049226217
0.378784152616826	0.861500610610331
0.379184135882525	0.861671242034387
0.379584119148224	0.861823781752725
0.379984102413923	0.861958467878544
0.380384085679622	0.862075433272885
0.380784068945321	0.862174122314997
0.38118405221102	0.862252646556872
0.381584035476718	0.8623073182942
0.381984018742417	0.862332358467672
0.382384002008116	0.862319703256189
0.382783985273815	0.86225915583551
0.383183968539514	0.862138932613692
0.383583951805213	0.861946338291322
0.383983935070912	0.861668540173142
0.384383918336611	0.861293483423827
0.384783901602309	0.860810606883677
0.385183884868008	0.860211165953168
0.385583868133707	0.859488389585359
0.385983851399406	0.858637491980643
0.386383834665105	0.857655420218588
0.386783817930804	0.856540568069277
0.387183801196503	0.855292604196172
0.387583784462201	0.85391238925638
0.3879837677279	0.852401962178115
0.388383750993599	0.85076472182409
0.388783734259298	0.849005741017146
0.389183717524997	0.847132104306358
0.389583700790696	0.84515293919228
0.389983684056395	0.843079149472537
0.390383667322094	0.840922836997244
0.390783650587792	0.838696442928245
0.391183633853491	0.836411865236634
0.39158361711919	0.83407994930202
0.391983600384889	0.831710249129658
0.392383583650588	0.829311214836619
0.392783566916287	0.826890727357214
0.393183550181986	0.824456643176229
0.393583533447684	0.822016927214754
0.393983516713383	0.819579622334012
0.394383499979082	0.817152594984202
0.394783483244781	0.814742925433956
0.39518346651048	0.812356296039908
0.395583449776179	0.809996723404859
0.395983433041878	0.807666585870295
0.396383416307577	0.805367077548212
0.396783399573275	0.803099045959262
0.397183382838974	0.800863840488433
0.397583366104673	0.79866395517834
0.397983349370372	0.796503384758142
0.398383332636071	0.794387474925606
0.39878331590177	0.792322401490528
0.399183299167469	0.790314573931856
0.399583282433167	0.788370182275689
0.399983265698866	0.786495047099794
0.400383248964565	0.784694752103171
0.400783232230264	0.782975014659351
0.401183215495963	0.781341952924695
0.401583198761662	0.779802083386286
0.401983182027361	0.778362027104066
0.40238316529306	0.777028039192839
0.402783148558758	0.775805426168248
0.403183131824457	0.774698071681828
0.403583115090156	0.77370832555893
0.403983098355855	0.77283720973171
0.404383081621554	0.772084696256722
0.404783064887253	0.771450115896068
0.405183048152952	0.770932617381381
0.40558303141865	0.770531489986047
0.405983014684349	0.770246295046124
0.406382997950048	0.770076897132028
0.406782981215747	0.770023357526171
0.407182964481446	0.770085795318206
0.407582947747145	0.770264205339519
0.407982931012844	0.770558171762855
0.408382914278543	0.77096648434266
0.408782897544241	0.771486856158002
0.40918288080994	0.772115814372203
0.409582864075639	0.772848712204028
0.409982847341338	0.773679983581616
0.410382830607037	0.774603621176104
0.410782813872736	0.775613656615036
0.411182797138435	0.776704376756299
0.411582780404133	0.777870230590937
0.411982763669832	0.779105363699032
0.412382746935531	0.780402896951148
0.41278273020123	0.781754293724041
0.413182713466929	0.783148976083701
0.413582696732628	0.784574289050963
0.413982679998327	0.786015866963161
0.414382663264026	0.787458284338511
0.414782646529724	0.788885751982191
0.415182629795423	0.790282658070819
0.415582613061122	0.791634034348871
0.415982596326821	0.792925884824464
0.41638257959252	0.79414541451701
0.416782562858219	0.795281184144905
0.417182546123918	0.796323278286786
0.417582529389616	0.797263464147454
0.417982512655315	0.798095270255519
0.418382495921014	0.798814008965824
0.418782479186713	0.799416744266871
0.419182462452412	0.799902154528654
0.419582445718111	0.800270447993948
0.41998242898381	0.800523421006054
0.420382412249509	0.800664652937761
0.420782395515207	0.800699758916924
0.421182378780906	0.800636822297422
0.421582362046605	0.800486759810519
0.421982345312304	0.800263463795097
0.422382328578003	0.799983647658904
0.422782311843702	0.799666395981223
0.423182295109401	0.799332430302
0.423582278375099	0.799003213928549
0.423982261640798	0.798700068085973
0.424382244906497	0.798443336252804
0.424782228172196	0.798251725684442
0.425182211437895	0.798141950834319
0.425582194703594	0.798128529083314
0.425982177969293	0.798223625921938
0.426382161234992	0.798437088534967
0.42678214450069	0.798776524863817
0.427182127766389	0.7992473497561
0.427582111032088	0.799852911401473
0.427982094297787	0.800594747982647
0.428382077563486	0.801472862988341
0.428782060829185	0.802486146851024
0.429182044094884	0.803632871298533
0.429582027360582	0.804911122925858
0.429982010626281	0.806319226773747
0.43038199389198	0.807856084634854
0.430781977157679	0.809521194186057
0.431181960423378	0.81131449050806
0.431581943689077	0.813236084914089
0.431981926954776	0.815285849649543
0.432381910220474	0.817463012921487
0.432781893486173	0.819765895506835
0.433181876751872	0.82219159636426
0.433581860017571	0.824735804892252
0.43398184328327	0.827392846652073
0.434381826548969	0.830155743594052
0.434781809814668	0.833016148484341
0.435181793080367	0.835964286891426
0.435581776346065	0.838988845807995
0.435981759611764	0.842076877513972
0.436381742877463	0.845213891110062
0.436781726143162	0.848384168323055
0.437181709408861	0.851571154356949
0.43758169267456	0.854758006092638
0.437981675940259	0.85792811921683
0.438381659205957	0.861065531109996
0.438781642471656	0.864154980652764
0.439181625737355	0.867181926994286
0.439581609003054	0.870132511560629
0.439981592268753	0.872993583018995
0.440381575534452	0.875752708311492
0.440781558800151	0.878398340085852
0.44118154206585	0.880920000585256
0.441581525331548	0.88330855060194
0.441981508597247	0.885556429306407
0.442381491862946	0.887657776168963
0.442781475128645	0.889608434803286
0.443181458394344	0.891405998645744
0.443581441660043	0.893049724055588
0.443981424925742	0.894540283149039
0.44438140819144	0.895879509995051
0.444781391457139	0.897070328075111
0.445181374722838	0.898116663679122
0.445581357988537	0.899023285551375
0.445981341254236	0.899795580747684
0.446381324519935	0.900439197523627
0.446781307785634	0.900959560822153
0.447181291051333	0.901361442109599
0.447581274317031	0.901648547864114
0.44798125758273	0.901823170409207
0.448381240848429	0.901885982939796
0.448781224114128	0.901836059776364
0.449181207379827	0.901671024460463
0.449581190645526	0.901387304280516
0.449981173911225	0.900980287311083
0.450381157176923	0.900444538542534
0.450781140442622	0.899773984130857
0.451181123708321	0.89896208142937
0.45158110697402	0.898001973375661
0.451981090239719	0.896886888739218
0.452381073505418	0.895610458701482
0.452781056771117	0.894166909010983
0.453181040036816	0.892551150842514
0.453581023302514	0.890758785309836
0.453981006568213	0.888785797066568
0.454380989833912	0.886628441085843
0.454780973099611	0.884283465888226
0.45518095636531	0.881748655761307
0.455580939631009	0.879023662568423
0.455980922896708	0.876111221484295
0.456380906162406	0.873018164504973
0.456780889428105	0.869755791567016
0.457180872693804	0.866339464641591
0.457580855959503	0.862787573418549
0.457980839225202	0.859120129278996
0.458380822490901	0.855357361212956
0.4587808057566	0.851518772760868
0.459180789022299	0.84762260772409
0.459580772287997	0.843685662621555
0.459980755553696	0.839723423228773
0.460380738819395	0.835750292711973
0.460780722085094	0.831779663754314
0.461180705350793	0.827823962866119
0.461580688616492	0.823894712406099
0.461980671882191	0.820002487023241
0.462380655147889	0.816156942736111
0.462780638413588	0.812366991923192
0.463180621679287	0.808640970397878
0.463580604944986	0.804986958024316
0.463980588210685	0.801413031583639
0.464380571476384	0.797927253182247
0.464780554742083	0.794537345663637
0.465180538007782	0.791250342648391
0.46558052127348	0.788071959572672
0.465980504539179	0.785005908699264
0.466380487804878	0.782053491626914
0.466780471070577	0.779213580685029
0.467180454336276	0.776482997971121
0.467580437601975	0.773857345455104
0.467980420867674	0.771332005977767
0.468380404133372	0.768903100952384
0.468780387399071	0.766568252961258
0.46918037066477	0.764327010516222
0.469580353930469	0.762180792200139
0.469980337196168	0.760132623415761
0.470380320461867	0.758186731960209
0.470780303727566	0.756348082675533
0.471180286993265	0.754621757606104
0.471580270258963	0.753012351176256
0.471980253524662	0.751523444524737
0.472380236790361	0.750157238498655
0.47278022005606	0.748914426597677
0.473180203321759	0.747794296855414
0.473580186587458	0.746794949560637
0.473980169853157	0.745913672588933
0.474380153118855	0.745147338902749
0.474780136384554	0.744492602996248
0.475180119650253	0.743945848645552
0.475580102915952	0.743503134487912
0.475980086181651	0.743160126540982
0.47638006944735	0.742912261672079
0.476780052713049	0.742755137536079
0.477180035978748	0.742684843819437
0.477580019244446	0.742698106418512
0.477980002510145	0.742792182834805
0.478379985775844	0.742964291406114
0.478779969041543	0.743210803959258
0.479179952307242	0.743526735732807
0.479579935572941	0.743905542235873
0.47997991883864	0.744339192229691
0.480379902104338	0.744818727287725
0.480779885370037	0.745335083200916
0.481179868635736	0.745879815261427
0.481579851901435	0.746445745256957
0.481979835167134	0.747027366746756
0.482379818432833	0.74762077233404
0.482779801698532	0.748223308579275
0.48317978496423	0.748833196588639
0.483579768229929	0.749449018063971
0.483979751495628	0.75006927805012
0.484379734761327	0.750692328004346
0.484779718027026	0.751316718377713
0.485179701292725	0.751942013891384
0.485579684558424	0.752569691864986
0.485979667824123	0.753203839212115
0.486379651089821	0.753851342523285
0.48677963435552	0.75452151559936
0.487179617621219	0.75522526056387
0.487579600886918	0.755974251788158
0.487979584152617	0.756780387048176
0.488379567418316	0.75765569150256
0.488779550684015	0.758612696680133
0.489179533949713	0.759665046372257
0.489579517215412	0.760827867488931
0.489979500481111	0.762117847853952
0.49037948374681	0.763552937133463
0.490779467012509	0.765151486941106
0.491179450278208	0.766931109405131
0.491579433543907	0.768907691370961
0.491979416809605	0.771094593742883
0.492379400075304	0.773502169171552
0.492779383341003	0.776137744600966
0.493179366606702	0.779005812869214
0.493579349872401	0.782108354881208
0.4939793331381	0.785445264816882
0.494379316403799	0.789014666143545
0.494779299669498	0.792812952126491
0.495179282935196	0.796834751039692
0.495579266200895	0.801072794126618
0.495979249466594	0.805517720479833
0.496379232732293	0.810158056552063
0.496779215997992	0.814980467570098
0.497179199263691	0.819970047066145
0.49757918252939	0.825110567262257
0.497979165795088	0.830384681732966
0.498379149060787	0.83577404051348
0.498779132326486	0.841259354222932
0.499179115592185	0.846820487698793
0.499579098857884	0.852436724613548
0.499979082123583	0.858087259773858
0.500379065389282	0.863751727345265
0.500779048654981	0.869410710791272
0.501179031920679	0.875046151120415
0.501579015186378	0.880641457382776
0.501978998452077	0.886181203826036
0.502378981717776	0.891650606471041
0.502778964983475	0.897034976173151
0.503178948249174	0.90231935510207
0.503578931514873	0.907488553911105
0.503978914780572	0.91252753335671
0.50437889804627	0.917421971667056
0.504778881311969	0.922158913124043
0.505178864577668	0.926727258747252
0.505578847843367	0.931117955196822
0.505978831109066	0.935324011912182
0.506378814374765	0.939340361144284
0.506778797640464	0.943163522227697
0.507178780906162	0.946791187298562
0.507578764171861	0.95022178337628
0.50797874743756	0.953454009607816
0.508378730703259	0.956486307910675
0.508778713968958	0.959316330126621
0.509178697234657	0.961940537935138
0.509578680500356	0.964354080692014
0.509978663766054	0.966551034766595
0.510378647031753	0.968524958687674
0.510778630297452	0.970269754740751
0.511178613563151	0.971780578558978
0.51157859682885	0.973054693323064
0.511978580094549	0.974092133665807
0.512378563360248	0.974896102936765
0.512778546625947	0.975473133207601
0.513178529891645	0.975833097542454
0.513578513157344	0.975988973798352
0.513978496423043	0.975956303650454
0.514378479688742	0.975752524597059
0.514778462954441	0.9753961956007
0.51517844622014	0.974905942741185
0.515578429485839	0.974299368082194
0.515978412751537	0.973592177041595
0.516378396017236	0.972797567780425
0.516778379282935	0.971925882864437
0.517178362548634	0.970984860077929
0.517578345814333	0.969980270886655
0.517978329080032	0.968916616443478
0.518378312345731	0.967797894223698
0.51877829561143	0.966628296156247
0.519178278877128	0.965412456692374
0.519578262142827	0.964155492748779
0.519978245408526	0.962863060281386
0.520378228674225	0.961541233981235
0.520778211939924	0.960196369639616
0.521178195205623	0.958835370368461
0.521578178471322	0.957466044157401
0.52197816173702	0.956097314995071
0.522378145002719	0.954739477830401
0.522778128268418	0.953404205340406
0.523178111534117	0.952104086735771
0.523578094799816	0.950852007948358
0.523978078065515	0.949660529678739
0.524378061331214	0.948541215427667
0.524778044596913	0.947504265305062
0.525178027862611	0.946558598315573
0.52557801112831	0.945712212498712
0.525977994394009	0.944972700645418
0.526377977659708	0.9443478479364
0.526777960925407	0.943845919758155
0.527177944191106	0.943475668708725
0.527577927456805	0.943245997164391
0.527977910722504	0.943165461185182
0.528377893988202	0.94324176837748
0.528777877253901	0.943481489912667
0.5291778605196	0.943889901528868
0.529577843785299	0.944471046948768
0.529977827050998	0.945227824534679
0.530377810316697	0.946162093817543
0.530777793582396	0.947274688839892
0.531177776848094	0.948565232166385
0.531577760113793	0.950031714141632
0.531977743379492	0.951670199076303
0.532377726645191	0.953474706448556
0.53277770991089	0.9554372464764
0.533177693176589	0.957548151643358
0.533577676442288	0.959796736830841
0.533977659707986	0.962171976869807
0.534377642973685	0.964663126920165
0.534777626239384	0.967260150591085
0.535177609505083	0.969953769553019
0.535577592770782	0.972735246546207
0.535977576036481	0.975596173590927
0.53637755930218	0.97852815685525
0.536777542567879	0.981522537004657
0.537177525833577	0.984570384657697
0.537577509099276	0.987662723703828
0.537977492364975	0.990790687780232
0.538377475630674	0.993945485945533
0.538777458896373	0.997118234420574
0.539177442162072	1.00029966887046
0.539577425427771	1.00347978397238
0.539977408693469	1.00664760000842
0.540377391959168	1.00979116107318
0.540777375224867	1.01289790184326
0.541177358490566	1.01595529637309
0.541577341756265	1.01895166561637
0.541977325021964	1.02187696887753
0.542377308287663	1.02472347339382
0.542777291553362	1.02748608938953
0.54317727481906	1.0301623937066
0.543577258084759	1.0327523493875
0.543977241350458	1.03525783341866
0.544377224616157	1.03768192344424
0.544777207881856	1.04002820689416
0.545177191147555	1.04230019527472
0.545577174413254	1.04450090262384
0.545977157678952	1.04663245532934
0.546377140944651	1.0486959652997
0.54677712421035	1.05069160655108
0.547177107476049	1.05261876687066
0.547577090741748	1.05447613779353
0.547977074007447	1.05626193385006
0.548377057273146	1.05797399392833
0.548777040538845	1.05960969789402
0.549177023804543	1.06116571604034
0.549577007070242	1.06263772253525
0.549976990335941	1.06401993501908
0.55037697360164	1.06530482894094
0.550776956867339	1.06648295490395
0.551176940133038	1.06754291743935
0.551576923398737	1.06847147816977
0.551976906664436	1.06925407341543
0.552376889930134	1.06987552293498
0.552776873195833	1.07032076236516
0.553176856461532	1.07057546664953
0.553576839727231	1.07062654271624
0.55397682299293	1.07046223466621
0.554376806258629	1.07007181543604
0.554776789524328	1.06944504570892
0.555176772790026	1.06857165866358
0.555576756055725	1.06744103869841
0.555976739321424	1.06604225414645
0.556376722587123	1.06436442528012
0.556776705852822	1.06239743304153
0.557176689118521	1.06013267833285
0.55757667238422	1.05756361544588
0.557976655649918	1.05468599509655
0.558376638915617	1.05149802826044
0.558776622181316	1.04800035201116
0.559176605447015	1.04419590545237
0.559576588712714	1.04009004861157
0.559976571978413	1.035690701378
0.560376555244112	1.03100841546569
0.56077653850981	1.02605649340537
0.561176521775509	1.02085108402824
0.561576505041208	1.01541091306652
0.561976488306907	1.00975679521174
0.562376471572606	1.00391094470134
0.562776454838305	0.997896045301549
0.563176438104004	0.991734341204537
0.563576421369703	0.985446975402739
0.563976404635401	0.979053696205184
0.5643763879011	0.972572955791813
0.564776371166799	0.966022120995135
0.565176354432498	0.959417600033623
0.565576337698197	0.952774740994449
0.565976320963896	0.946107443722923
0.566376304229595	0.9394275926816
0.566776287495294	0.932744838448093
0.567176270760992	0.926066733065285
0.567576254026691	0.919399165341382
0.56797623729239	0.912747127588206
0.568376220558089	0.906115568105202
0.568776203823788	0.899509974158212
0.569176187089487	0.892936732747298
0.569576170355186	0.886403311335646
0.569976153620884	0.879918229334264
0.570376136886583	0.873491030900061
0.570776120152282	0.867132419881573
0.571176103417981	0.860854342172739
0.57157608668368	0.854669965425002
0.571976069949379	0.848593495433246
0.572376053215078	0.842639957897266
0.572776036480777	0.836824993245685
0.573176019746475	0.831164514050612
0.573576003012174	0.825674327525828
0.573975986277873	0.820369812444315
0.574375969543572	0.815265555765142
0.574775952809271	0.810374955338929
0.57517593607497	0.805710144919781
0.575575919340669	0.80128225914981
0.575975902606367	0.797101681804431
0.576375885872066	0.793178256013495
0.576775869137765	0.789521439912132
0.577175852403464	0.786140294623254
0.577575835669163	0.783043404866941
0.577975818934862	0.780238886543675
0.578375802200561	0.777734327354271
0.57877578546626	0.775536645713691
0.579175768731958	0.77365198622046
0.579575751997657	0.772085469409015
0.579975735263356	0.7708406897117
0.580375718529055	0.769919170849909
0.580775701794754	0.769320092815499
0.581175685060453	0.769040415269209
0.581575668326152	0.769075261599427
0.58197565159185	0.769418571502254
0.582375634857549	0.770063675383928
0.582775618123248	0.771003553601369
0.583175601388947	0.772230637695358
0.583575584654646	0.773736432324683
0.583975567920345	0.77551119609514
0.584375551186044	0.777543900422005
0.584775534451742	0.779822478942309
0.585175517717441	0.782334313176515
0.58557550098314	0.785066671962665
0.585975484248839	0.788006904684602
0.586375467514538	0.791142408638095
0.586775450780237	0.794460392381666
0.587175434045936	0.797947483431696
0.587575417311635	0.801589563729209
0.587975400577333	0.805371863395506
0.588375383843032	0.809279227249441
0.588775367108731	0.813296552495734
0.58917535037443	0.817409388684094
0.589575333640129	0.821604451513256
0.589975316905828	0.825870131816134
0.590375300171527	0.830197076190855
0.590775283437226	0.83457862777552
0.591175266702924	0.839011000061812
0.591575249968623	0.84349314197041
0.591975233234322	0.848026171744668
0.592375216500021	0.852612530685324
0.59277519976572	0.857255047673393
0.593175183031419	0.861956090692565
0.593575166297118	0.866716861230034
0.593975149562816	0.871537004938623
0.594375132828515	0.876414415656353
0.594775116094214	0.881345188830337
0.595175099359913	0.886323650874267
0.595575082625612	0.891342529295357
0.595975065891311	0.896393332591361
0.59637504915701	0.90146688336658
0.596775032422709	0.906553891374358
0.597175015688407	0.911645465664878
0.597574998954106	0.916733367952169
0.597974982219805	0.921809878244811
0.598374965485504	0.92686733766442
0.598774948751203	0.931897580994416
0.599174932016902	0.936891485619636
0.599574915282601	0.941838831213159
0.599974898548299	0.946728463120663
0.600374881813998	0.951548576751176
0.600774865079697	0.956287039537856
0.601174848345396	0.960931541587218
0.601574831611095	0.965469601429412
0.601974814876794	0.969888523711851
0.602374798142493	0.97417550573324
0.602774781408191	0.97831787965797
0.60317476467389	0.98230357282305
0.603574747939589	0.986121665573845
0.603974731205288	0.989762947531464
0.604374714470987	0.993220135022384
0.604774697736686	0.996487602471831
0.605174681002385	0.999560719202306
0.605574664268083	1.00243481259734
0.605974647533782	1.00510404341232
0.606374630799481	1.00756052710299
0.60677461406518	1.00979383340275
0.607174597330879	1.01179086742087
0.607574580596578	1.01353628411733
0.607974563862277	1.01501326562652
0.608374547127976	1.01620449289976
0.608774530393674	1.01709327580446
0.609174513659373	1.01766467602383
0.609574496925072	1.01790636692365
0.609974480190771	1.01780926613909
0.61037446345647	1.01736797659558
0.610774446722169	1.01658097173453
0.611174429987868	1.01545042683709
0.611574413253567	1.01398181650661
0.611974396519265	1.01218332405908
0.612374379784964	1.01006519557115
0.612774363050663	1.00763895838533
0.613174346316362	1.00491673151228
0.613574329582061	1.00191082624689
0.61397431284776	0.998633535868208
0.614374296113459	0.995097117540126
0.614774279379158	0.991314012415158
0.615174262644856	0.987297028213969
0.615574245910555	0.983059416136655
0.615974229176254	0.978614769691574
0.616374212441953	0.97397661885603
0.616774195707652	0.969157864983384
0.617174178973351	0.964170338034688
0.61757416223905	0.959024452894913
0.617974145504748	0.953729017223125
0.618374128770447	0.948291175964338
0.618774112036146	0.942716446283735
0.619174095301845	0.937008764399159
0.619574078567544	0.931170638578263
0.619974061833243	0.925203154990597
0.620374045098942	0.91910599959541
0.62077402836464	0.912877638376935
0.621174011630339	0.906515629995164
0.621573994896038	0.900017044697731
0.621973978161737	0.893379150433304
0.622373961427436	0.886600182584056
0.622773944693135	0.879680110002842
0.623173927958834	0.872621396414764
0.623573911224533	0.865429582231792
0.623973894490231	0.858113600923405
0.62437387775593	0.850685900327702
0.624773861021629	0.843162372755712
0.625173844287328	0.83556224308965
0.625573827553027	0.827907854003972
0.625973810818726	0.820224300755763
0.626373794084425	0.812538968919378
0.626773777350123	0.804881032926755
0.627173760615822	0.797280671371058
0.627573743881521	0.78976811900347
0.62797372714722	0.782372892328626
0.628373710412919	0.77512321314469
0.628773693678618	0.768045628786887
0.629173676944317	0.761165069905528
0.629573660210015	0.754505165228983
0.629973643475714	0.748088582835689
0.630373626741413	0.74193733021202
0.630773610007112	0.736072908847339
0.631173593272811	0.730516033650209
0.63157357653851	0.725286194043115
0.631973559804209	0.720401258250343
0.632373543069908	0.715877040998907
0.632773526335606	0.711726905597318
0.633173509601305	0.707961752720843
0.633573492867004	0.704590221789673
0.633973476132703	0.701618833791912
0.634373459398402	0.699052057310919
0.634773442664101	0.696892177553979
0.6351734259298	0.695138920111027
0.635573409195499	0.693788981578375
0.635973392461197	0.692835648103874
0.636373375726896	0.692268502680471
0.636773358992595	0.69207343770339
0.637173342258294	0.692233024799968
0.637573325523993	0.692727165170236
0.637973308789692	0.693533868604826
0.638373292055391	0.69463016791926
0.63877327532109	0.695992923362107
0.639173258586788	0.697599346367334
0.639573241852487	0.699427247111775
0.639973225118186	0.701455110465787
0.640373208383885	0.703661925496327
0.640773191649584	0.70602695865111
0.641173174915283	0.708529538318324
0.641573158180982	0.711148824520555
0.64197314144668	0.713863640229635
0.642373124712379	0.716652592291526
0.642773107978078	0.719494491655145
0.643173091243777	0.722368951814034
0.643573074509476	0.72525696935996
0.643973057775175	0.728141317657391
0.644373041040874	0.731006580943298
0.644773024306572	0.733838899797096
0.645173007572271	0.736625464230259
0.64557299083797	0.739353922261547
0.645972974103669	0.742012074705832
0.646372957369368	0.744588168011028
0.646772940635067	0.74707135995049
0.647172923900766	0.749452190061315
0.647572907166465	0.751722884954998
0.647972890432163	0.753877477226096
0.648372873697862	0.75591153578548
0.648772856963561	0.757821895364371
0.64917284022926	0.7596065991805
0.649572823494959	0.761265123577237
0.649972806760658	0.76279866441418
0.650372790026357	0.764210409931777
0.650772773292055	0.765505276045329
0.651172756557754	0.766689241253861
0.651572739823453	0.767768682067486
0.651972723089152	0.768749786475079
0.652372706354851	0.769638053148286
0.65277268962055	0.770438385188271
0.653172672886249	0.771155600303432
0.653572656151947	0.771794902649113
0.653972639417646	0.772362194458948
0.654372622683345	0.772864320574473
0.654772605949044	0.773308861455413
0.655172589214743	0.773703709401719
0.655572572480442	0.774056653251394
0.655972555746141	0.774374853863895
0.65637253901184	0.774664286929536
0.656772522277538	0.774929666469983
0.657172505543237	0.775174600291993
0.657572488808936	0.775401840220126
0.657972472074635	0.775613781052402
0.658372455340334	0.775813122648866
0.658772438606033	0.77600328940517
0.659172421871732	0.776188754480442
0.659572405137431	0.776375240624755
0.659972388403129	0.776569883653728
0.660372371668828	0.776781383259903
0.660772354934527	0.777020086826326
0.661172338200226	0.777297733894443
0.661572321465925	0.777626969880814
0.661972304731624	0.778020469314792
0.662372287997323	0.77848977919171
0.662772271263022	0.779044276763525
0.66317225452872	0.779690605138627
0.663572237794419	0.78043265250746
0.663972221060118	0.781272159021603
0.664372204325817	0.782209498803976
0.664772187591516	0.783244230122879
0.665172170857215	0.784375353793148
0.665572154122913	0.785601335448599
0.665972137388612	0.78691980331659
0.666372120654311	0.788327290809568
0.66677210392001	0.789819360178228
0.667172087185709	0.791391035870291
0.667572070451408	0.793037389664492
0.667972053717107	0.794754103331405
0.668372036982806	0.796537845290148
0.668772020248504	0.798386349859821
0.669172003514203	0.800298131265117
0.669571986779902	0.802271960465315
0.669971970045601	0.804306462317888
0.6703719533113	0.806399790342822
0.670771936576999	0.808549294126696
0.671171919842698	0.810751250735249
0.671571903108396	0.813000788103418
0.671971886374095	0.815291741983684
0.672371869639794	0.817616597676818
0.672771852905493	0.819966634763947
0.673171836171192	0.822332244198931
0.673571819436891	0.824703311666446
0.67397180270259	0.827069894718212
0.674371785968289	0.829423011026294
0.674771769233987	0.831755213519521
0.675171752499686	0.834060879391148
0.675571735765385	0.836336296058864
0.675971719031084	0.838579316560747
0.676371702296783	0.840788708896509
0.676771685562482	0.842963702535453
0.677171668828181	0.845103868160688
0.677571652093879	0.847209118356326
0.677971635359578	0.849279902310248
0.678371618625277	0.851317555897257
0.678771601890976	0.853324489894821
0.679171585156675	0.855304159388475
0.679571568422374	0.857261055009519
0.679971551688073	0.85920076791038
0.680371534953772	0.861130204871177
0.68077151821947	0.863058065784633
0.681171501485169	0.864995439451758
0.681571484750868	0.866956094306099
0.681971468016567	0.868956162569671
0.682371451282266	0.871013278932534
0.682771434547965	0.873145387150502
0.683171417813664	0.875369319503395
0.683571401079363	0.877699606071104
0.683971384345061	0.880147848867539
0.68437136761076	0.882722659230339
0.684771350876459	0.885429856476557
0.685171334142158	0.888272902425877
0.685571317407857	0.891253289302004
0.685971300673556	0.894370819653632
0.686371283939255	0.897623830518352
0.686771267204953	0.901009475091652
0.687171250470652	0.904523985702559
0.687571233736351	0.908163043392049
0.68797121700205	0.911922141648473
0.688371200267749	0.915796671230125
0.688771183533448	0.919781624792732
0.689171166799147	0.923871124925763
0.689571150064845	0.928057799424906
0.689971133330544	0.932332211042196
0.690371116596243	0.936682410122322
0.690771099861942	0.941093831828103
0.691171083127641	0.945549511850143
0.69157106639334	0.950030611788625
0.691971049659039	0.954517214116105
0.692371032924738	0.958989357883216
0.692771016190436	0.963428182352974
0.693170999456135	0.967817040131336
0.693570982721834	0.972142293774979
0.693970965987533	0.976393565959943
0.694370949253232	0.98056359103016
0.694770932518931	0.984647822018115
0.69517091578463	0.988643874242003
0.695570899050328	0.992550972462323
0.695970882316027	0.996369657616859
0.696370865581726	1.00010162531965
0.696770848847425	1.00374956919118
0.697170832113124	1.00731682547707
0.697570815378823	1.01080669655905
0.697970798644522	1.01422144655265
0.698370781910221	1.01756139882816
0.698770765175919	1.02082425410678
0.699170748441618	1.02400493978822
0.699570731707317	1.02709608564216
0.699970714973016	1.03008916526208
0.700370698238715	1.0329758391012
0.700770681504414	1.03574922812222
0.701170664770113	1.03840481571576
0.701570648035811	1.04094082695143
0.70197063130151	1.04335803797296
0.702370614567209	1.04565925735569
0.702770597832908	1.0478484459294
0.703170581098607	1.04992982188192
0.703570564364306	1.05190706637994
0.703970547630005	1.05378269583254
0.704370530895704	1.05555745708709
0.704770514161402	1.05722993960682
0.705170497427101	1.05879634233477
0.7055704806928	1.06025047873097
0.705970463958499	1.0615841083712
0.706370447224198	1.06278765781924
0.706770430489897	1.06385110300001
0.707170413755596	1.064764963555
0.707570397021294	1.06552113702448
0.707970380286993	1.06611343869026
0.708370363552692	1.06653782493965
0.708770346818391	1.06679227522811
0.70917033008409	1.06687624723885
0.709570313349789	1.06679000564086
0.709970296615488	1.06653399847346
0.710370279881187	1.06610828318831
0.710770263146885	1.06551209379166
0.711170246412584	1.06474359164257
0.711570229678283	1.06379984957046
0.711970212943982	1.06267697102221
0.712370196209681	1.0613703970998
0.71277017947538	1.05987553009876
0.713170162741079	1.05818866584612
0.713570146006777	1.05630808631246
0.713970129272476	1.05423501836286
0.714370112538175	1.05197413037526
0.714770095803874	1.04953354411287
0.715170079069573	1.04692442546774
0.715570062335272	1.04416035887512
0.715970045600971	1.04125652358482
0.71637002886667	1.03822905285253
0.716770012132368	1.03509474766404
0.717169995398067	1.03187102550065
0.717569978663766	1.02857580030962
0.717969961929465	1.0252273197364
0.718369945195164	1.02184388487058
0.718769928460863	1.01844351660129
0.719169911726562	1.01504351437234
0.71956989499226	1.01166011535844
0.719969878257959	1.00830839845839
0.720369861523658	1.00500237591825
0.720769844789357	1.00175501995109
0.721169828055056	0.998578446224563
0.721569811320755	0.995484102437199
0.721969794586454	0.992483035101786
0.722369777852153	0.989586178117523
0.722769761117851	0.986804699832058
0.72316974438355	0.984150055987412
0.723569727649249	0.981633928215125
0.723969710914948	0.979268034637843
0.724369694180647	0.97706382239716
0.724769677446346	0.975032109037494
0.725169660712045	0.973183013171498
0.725569643977743	0.971526004119626
0.725969627243442	0.970069992498832
0.726369610509141	0.968823500186125
0.72676959377484	0.967794837730971
0.727169577040539	0.966992126773034
0.727569560306238	0.9664232955164
0.727969543571937	0.966096026336637
0.728369526837636	0.966017681765951
0.728769510103334	0.966195269042932
0.729169493369033	0.96663555304199
0.729569476634732	0.967345210767811
0.729969459900431	0.968330874356835
0.73036944316613	0.969599078845709
0.730769426431829	0.971155971542173
0.731169409697528	0.97300687915701
0.731569392963226	0.975155716004627
0.731969376228925	0.977604416447543
0.732369359494624	0.980352414819462
0.732769342760323	0.983396292709716
0.733169326026022	0.986729470768916
0.733569309291721	0.990342091640643
0.73396929255742	0.994220984089659
0.734369275823119	0.998349807913495
0.734769259088817	1.00270927655572
0.735169242354516	1.00727746091235
0.735569225620215	1.01203018055387
0.735969208885914	1.0169416360595
0.736369192151613	1.0219850587248
0.736769175417312	1.02713335873794
0.737169158683011	1.03235976174978
0.737569141948709	1.03763836033564
0.737969125214408	1.04294446690161
0.738369108480107	1.04825494532469
0.738769091745806	1.0535485830568
0.739169075011505	1.05880644023159
0.739569058277204	1.06401223397416
0.739969041542903	1.06915265870252
0.740369024808601	1.07421745390278
0.7407690080743	1.07919931087179
0.741168991339999	1.08409372461711
0.741568974605698	1.08889849533676
0.741968957871397	1.09361303728229
0.742368941137096	1.09823781506712
0.742768924402795	1.10277392118189
0.743168907668494	1.10722256111987
0.743568890934192	1.11158461578503
0.743968874199891	1.11586038057305
0.74436885746559	1.12004933225139
0.744768840731289	1.12414996697841
0.745168823996988	1.12815989173463
0.745568807262687	1.13207596911403
0.745968790528386	1.13589434287231
0.746368773794085	1.13961043363861
0.746768757059783	1.14321876717048
0.747168740325482	1.14671254413851
0.747568723591181	1.15008335239679
0.74796870685688	1.15332126617022
0.748368690122579	1.15641524307958
0.748768673388278	1.15935377205185
0.749168656653977	1.1621258228252
0.749568639919675	1.16472186601078
0.749968623185374	1.16713462289475
0.750368606451073	1.16935944835687
0.750768589716772	1.17139431631109
0.751168572982471	1.17323950164622
0.75156855624817	1.17489708759218
0.751968539513869	1.17637043997949
0.752368522779567	1.17766368497253
0.752768506045266	1.17878137432482
0.753168489310965	1.17972826758867
0.753568472576664	1.18050912886007
0.753968455842363	1.18112843632297
0.754368439108062	1.18159009136676
0.754768422373761	1.18189716708764
0.75516840563946	1.18205184804078
0.755568388905158	1.18205554634109
0.755968372170857	1.1819092195582
0.756368355436556	1.18161391166585
0.756768338702255	1.18117135513756
0.757168321967954	1.18058425414037
0.757568305233653	1.17985629866324
0.757968288499352	1.17899194037138
0.758368271765051	1.17799583790135
0.758768255030749	1.17687211260829
0.759168238296448	1.1756237567876
0.759568221562147	1.17425231306786
0.759968204827846	1.17275792815101
0.760368188093545	1.17113971956496
0.760768171359244	1.16939621700015
0.761168154624943	1.16752582716113
0.761568137890641	1.16552733007051
0.76196812115634	1.16340023674859
0.762368104422039	1.16114489710804
0.762768087687738	1.15876253254166
0.763168070953437	1.15625519395344
0.763568054219136	1.15362560088249
0.763968037484835	1.1508769536568
0.764368020750533	1.14801277000576
0.764768004016232	1.14503672952763
0.765167987281931	1.14195257149253
0.76556797054763	1.13876413188852
0.765967953813329	1.13547561292502
0.766367937079028	1.13209199291983
0.766767920344727	1.12861925759204
0.767167903610426	1.12506423842583
0.767567886876124	1.12143397250108
0.767967870141823	1.1177346821944
0.768367853407522	1.11397059850521
0.768767836673221	1.11014291053562
0.76916781993892	1.10624913802765
0.769567803204619	1.10228313280416
0.769967786470318	1.09823561375049
0.770367769736017	1.0940951013443
0.770767753001715	1.08984905325448
0.771167736267414	1.08548477676587
0.771567719533113	1.08099000492135
0.771967702798812	1.07635317415744
0.772367686064511	1.07156345603968
0.77276766933021	1.06661081754431
0.773167652595909	1.0614863827568
0.773567635861607	1.05618285790648
0.773967619127306	1.05069484451663
0.774367602393005	1.04501909765449
0.774767585658704	1.03915456326562
0.775167568924403	1.03310190020386
0.775567552190102	1.02686283742594
0.775967535455801	1.020439615442
0.776367518721499	1.01383474348917
0.776767501987198	1.00705114561901
0.777167485252897	1.00009273749008
0.777567468518596	0.992965116112149
0.777967451784295	0.985676025964665
0.778367435049994	0.978235292649086
0.778767418315693	0.970654314220772
0.779167401581392	0.962945376409538
0.77956738484709	0.955120953672257
0.779967368112789	0.947193302803295
0.780367351378488	0.93917454931673
0.780767334644187	0.93107702962915
0.781167317909886	0.922913757150834
0.781567301175585	0.914698899979116
0.781967284441284	0.906447989854333
0.782367267706982	0.89817780893986
0.782767250972681	0.889906140426374
0.78316723423838	0.881651584648812
0.783567217504079	0.873433562646792
0.783967200769778	0.865272644326592
0.784367184035477	0.857190958650372
0.784767167301176	0.849212544754731
0.785167150566874	0.841363393032544
0.785567133832573	0.833671108762047
0.785967117098272	0.826164196276149
0.786367100363971	0.818870975380174
0.78676708362967	0.811818253124495
0.787167066895369	0.805030088848834
0.787567050161068	0.798526777811893
0.787967033426767	0.792324196403325
0.788367016692465	0.786433620629078
0.788766999958164	0.780862170589503
0.789166983223863	0.775613756794087
0.789566966489562	0.770690396873676
0.789966949755261	0.766093511424271
0.79036693302096	0.761824997239059
0.790766916286659	0.757887931773191
0.791166899552358	0.754286805124318
0.791566882818056	0.751027026887501
0.791966866083755	0.748114063472136
0.792366849349454	0.7455525123208
0.792766832615153	0.743345331467317
0.793166815880852	0.741493319625187
0.793566799146551	0.739994960964997
0.79396678241225	0.738846420702045
0.794366765677949	0.738041729426486
0.794766748943647	0.737572992044582
0.795166732209346	0.737430621798059
0.795566715475045	0.737603460377379
0.795966698740744	0.738079031500641
0.796366682006443	0.738843884340546
0.796766665272142	0.73988393036525
0.797166648537841	0.741184685646749
0.797566631803539	0.742731653643369
0.797966615069238	0.744510682597541
0.798366598334937	0.746508345651704
0.798766581600636	0.748712193553537
0.799166564866335	0.751111029767831
0.799566548132034	0.753694901233081
0.799966531397733	0.756454881574196
0.800366514663431	0.759382471955595
0.80076649792913	0.762468756868411
0.801166481194829	0.765703411878213
0.801566464460528	0.769074031098627
0.801966447726227	0.772565887106237
0.802366430991926	0.776162133634153
0.802766414257625	0.779844482901215
0.803166397523324	0.783594234283022
0.803566380789022	0.787393182804601
0.803966364054721	0.791224388489546
0.80436634732042	0.795072893709223
0.804766330586119	0.798926317453962
0.805166313851818	0.802775128488209
0.805566297117517	0.806612715955611
0.805966280383216	0.810435297193437
0.806366263648914	0.814241556279851
0.806766246914613	0.818032163244674
0.807166230180312	0.821809123453485
0.807566213446011	0.825575076949937
0.80796619671171	0.829332622335876
0.808366179977409	0.833083900989649
0.808766163243108	0.836830414545574
0.809166146508806	0.840573212646604
0.809566129774505	0.844313562680149
0.809966113040204	0.848053772835408
0.810366096305903	0.851797798853101
0.810766079571602	0.855551473463331
0.811166062837301	0.859322313266788
0.811566046103	0.863118823354941
0.811966029368699	0.866949543417357
0.812366012634397	0.870822224359556
0.812765995900096	0.874743411787376
0.813165979165795	0.878718565365384
0.813565962431494	0.882752607630682
0.813965945697193	0.886850492681015
0.814365928962892	0.891017592146175
0.814765912228591	0.895259867765111
0.81516589549429	0.899583673392744
0.815565878759988	0.903995290127844
0.815965862025687	0.908500588673317
0.816365845291386	0.913104879547477
0.816765828557085	0.917812718745846
0.817165811822784	0.922627766415753
0.817565795088483	0.927552638067995
0.817965778354182	0.93258869467181
0.81836576161988	0.937735783246474
0.818765744885579	0.942992079037219
0.819165728151278	0.948353916951358
0.819565711416977	0.953815819372672
0.819965694682676	0.959370625881659
0.820365677948375	0.965009620230445
0.820765661214074	0.970722579993949
0.821165644479772	0.976497922408761
0.821565627745471	0.982322832574693
0.82196561101117	0.988183286487067
0.822365594276869	0.994064047900096
0.822765577542568	0.999948656325953
0.823165560808267	1.00581936221816
0.823565544073966	1.01165707833193
0.823965527339665	1.01744133529275
0.824365510605363	1.02315024370732
0.824765493871062	1.02876049038471
0.825165477136761	1.03424745013087
0.82556546040246	1.03958552190155
0.825965443668159	1.04474867772245
0.826365426933858	1.04971121179368
0.826765410199557	1.05444865737246
0.827165393465256	1.05893885821922
0.827565376730954	1.06316275939202
0.827965359996653	1.0671049132927
0.828365343262352	1.07075368990474
0.828765326528051	1.07410116092524
0.82916530979375	1.07714258745154
0.829565293059449	1.07987580807462
0.829965276325147	1.08230058852035
0.830365259590846	1.08441805015415
0.830765242856545	1.08623028090661
0.831165226122244	1.08774007696066
0.831565209387943	1.08895063462989
0.831965192653642	1.08986541277814
0.832365175919341	1.090488110975
0.83276515918504	1.09082264103333
0.833165142450738	1.0908730708991
0.833565125716437	1.09064369394699
0.833965108982136	1.09013908387859
0.834365092247835	1.08936409926688
0.834765075513534	1.08832383128502
0.835165058779233	1.0870234675229
0.835565042044932	1.08546806062009
0.835965025310631	1.08366230235466
0.836365008576329	1.08161033303478
0.836764991842028	1.07931555667172
0.837164975107727	1.07678065624274
0.837564958373426	1.07400786392507
0.837964941639125	1.07099933852237
0.838364924904824	1.06775751828583
0.838764908170523	1.06428551683626
0.839164891436222	1.06058727745513
0.83956487470192	1.05666733700999
0.839964857967619	1.05253030354125
0.840364841233318	1.04818028038969
0.840764824499017	1.04362026448981
0.841164807764716	1.03885189983935
0.841564791030415	1.03387571287923
0.841964774296113	1.02869166120785
0.842364757561812	1.02329979129207
0.842764740827511	1.01770103283205
0.84316472409321	1.01189775239794
0.843564707358909	1.00589404776466
0.843964690624608	0.999695828378091
0.844364673890307	0.993310853026817
0.844764657156006	0.986748655117471
0.845164640421704	0.980020498533929
0.845564623687403	0.97313937385041
0.845964606953102	0.966119967930596
0.846364590218801	0.958978539287224
0.8467645734845	0.951732733847503
0.847164556750199	0.944401250996527
0.847564540015898	0.937003462498611
0.847964523281597	0.92955903410015
0.848364506547295	0.922087576395822
0.848764489812994	0.914608306695084
0.849164473078693	0.907139796591773
0.849564456344392	0.899699722646637
0.849964439610091	0.892304676285827
0.85036442287579	0.884970045045415
0.850764406141489	0.877710019295959
0.851164389407187	0.870537740159785
0.851564372672886	0.863465692857233
0.851964355938585	0.856506228692255
0.852364339204284	0.849672017997496
0.852764322469983	0.842976270369322
0.853164305735682	0.836432657589705
0.853564289001381	0.83005480112197
0.853964272267079	0.823855581397497
0.854364255532778	0.817846430808349
0.854764238798477	0.812036740938262
0.855164222064176	0.806433513733745
0.855564205329875	0.801041381116571
0.855964188595574	0.79586276442929
0.856364171861273	0.79089805588589
0.856764155126972	0.786145847012129
0.85716413839267	0.781603183607812
0.857564121658369	0.777265819351629
0.857964104924068	0.773128418461084
0.858364088189767	0.769184649317083
0.858764071455466	0.765427169979966
0.859164054721165	0.761847474307431
0.859564037986864	0.758435599818929
0.859964021252563	0.755179957470411
0.860364004518261	0.752067553065241
0.86076398778396	0.749084518078908
0.861163971049659	0.746216846959273
0.861563954315358	0.74345127773156
0.861963937581057	0.740775974411835
0.862363920846756	0.738180801866611
0.862763904112455	0.735657281120012
0.863163887378153	0.733198268401073
0.863563870643852	0.730797358149071
0.863963853909551	0.728448491548844
0.86436383717525	0.726145983093427
0.864763820440949	0.723884761877846
0.865163803706648	0.721660809695776
0.865563786972347	0.719471920037739
0.865963770238045	0.717318322018878
0.866363753503744	0.715202939593876
0.866763736769443	0.71313144446641
0.867163720035142	0.711111844943524
0.867563703300841	0.709153499795733
0.86796368656654	0.707266101545686
0.868363669832239	0.705458873570059
0.868763653097938	0.703739984274795
0.869163636363636	0.702116461525688
0.869563619629335	0.700594420824884
0.869963602895034	0.699179219038493
0.870363586160733	0.697875513932063
0.870763569426432	0.696687239388049
0.871163552692131	0.695617363354501
0.87156353595783	0.694667738971821
0.871963519223529	0.693839219229681
0.872363502489227	0.693132117639053
0.872763485754926	0.692546823149791
0.873163469020625	0.692084474675581
0.873563452286324	0.691747388225872
0.873963435552023	0.691539162443149
0.874363418817722	0.691464312307058
0.874763402083421	0.691527747122508
0.875163385349119	0.691734379586553
0.875563368614818	0.692088911846017
0.875963351880517	0.692595764789827
0.876363335146216	0.693259236726773
0.876763318411915	0.694083620714083
0.877163301677614	0.69507328721844
0.877563284943313	0.696232817116087
0.877963268209011	0.697567069331158
0.87836325147471	0.699081139874196
0.878763234740409	0.700780313926973
0.879163218006108	0.702669995507509
0.879563201271807	0.704755577240143
0.879963184537506	0.707042280116361
0.880363167803205	0.709534998692799
0.880763151068904	0.712238325224239
0.881163134334602	0.715156467119814
0.881563117600301	0.71829311075878
0.881963100866	0.721651435944529
0.882363084131699	0.725234150068901
0.882763067397398	0.729043249204926
0.883163050663097	0.733079792553582
0.883563033928796	0.737343612850502
0.883963017194495	0.74183295946442
0.884363000460193	0.746544187777218
0.884762983725892	0.751471636435386
0.885162966991591	0.756607465146564
0.88556295025729	0.76194183087999
0.885962933522989	0.767463461494411
0.886362916788688	0.773160309208678
0.886762900054387	0.779020153167215
0.887162883320085	0.785031391372329
0.887562866585784	0.791183595095715
0.887962849851483	0.797467670918885
0.888362833117182	0.803875733642617
0.888762816382881	0.810400669927137
0.88916279964858	0.817035519958259
0.889562782914279	0.823772983403816
0.889962766179977	0.830605061719501
0.890362749445676	0.83752283271615
0.890762732711375	0.844516457276956
0.891162715977074	0.851575383133942
0.891562699242773	0.85868853827759
0.891962682508472	0.865844526615497
0.892362665774171	0.873031850412481
0.89276264903987	0.88023910688999
0.893162632305568	0.887455164597471
0.893562615571267	0.894669419523947
0.893962598836966	0.901872094420236
0.894362582102665	0.909054699563105
0.894762565368364	0.916210454807981
0.895162548634063	0.923334530079705
0.895562531899762	0.930424017087541
0.89596251516546	0.937477491638736
0.896362498431159	0.944494119786176
0.896762481696858	0.951472698625467
0.897162464962557	0.958410807621178
0.897562448228256	0.96530419640075
0.897962431493955	0.972146675764546
0.898362414759654	0.978930328174589
0.898762398025353	0.985645781638482
0.899162381291051	0.992282454475106
0.89956236455675	0.9988287022499
0.899962347822449	1.00527175165962
0.900362331088148	1.01159781740565
0.900762314353847	1.01779270546774
0.901162297619546	1.02384277953294
0.901562280885245	1.02973596931059
0.901962264150943	1.03546277981256
0.902362247416642	1.04101691445728
0.902762230682341	1.04639536094075
0.90316221394804	1.05159792333753
0.903562197213739	1.05662653893124
0.903962180479438	1.06148445478192
0.904362163745137	1.06617560621236
0.904762147010836	1.0707042844186
0.905162130276534	1.0750749801179
0.905562113542233	1.07929231610642
0.905962096807932	1.08336109854592
0.906362080073631	1.08728637444849
0.90676206333933	1.09107337517223
0.907162046605029	1.0947274683447
0.907562029870728	1.09825416753954
0.907962013136426	1.10165910787173
0.908361996402125	1.1038468895307
0.908761979667824	1.10580937738529
0.909161962933523	1.10757684666407
0.909561946199222	1.10917589150191
0.909961929464921	1.11062953637259
0.91036191273062	1.11195730084489
0.910761895996319	1.11317535373852
0.911161879262017	1.11429676387442
0.911561862527716	1.11533181165993
0.911961845793415	1.11628834586431
0.912361829059114	1.11717216713541
0.912761812324813	1.11798740125192
0.913161795590512	1.11873684157301
0.913561778856211	1.11942225729569
0.913961762121909	1.12004465403541
0.914361745387608	1.12060448071076
0.914761728653307	1.12110178711166
0.915161711919006	1.12153633272069
0.915561695184705	1.12190764873748
0.915961678450404	1.12221507547636
0.916361661716103	1.12245778834605
0.916761644981802	1.12263481730895
0.9171616282475	1.12274506530518
0.917561611513199	1.12278732427413
0.917961594778898	1.12276027917116
0.918361578044597	1.12266250149722
0.918761561310296	1.12249243322738
0.919161544575995	1.1222483740882
0.919561527841694	1.12192848361244
0.919961511107392	1.12153080059378
0.920361494373091	1.12105327839366
0.92076147763879	1.12049382905499
0.921161460904489	1.11985036628313
0.921561444170188	1.11912083628255
0.921961427435887	1.11830323353204
0.922361410701586	1.11739560054518
0.922761393967285	1.11639602556979
0.923161377232983	1.11530264291761
0.923561360498682	1.11411363808161
0.923961343764381	1.11282725752889
0.92436132703008	1.11144182437968
0.924761310295779	1.1099557496918
0.925161293561478	1.10836754115301
0.925561276827177	1.1066758110433
0.925961260092875	1.10487928189326
0.926361243358574	1.10297678779485
0.926761226624273	1.10096727617502
0.927161209889972	1.09884980689971
0.927561193155671	1.09662354861242
0.92796117642137	1.09428777195539
0.928361159687069	1.09184184094008
0.928761142952768	1.08928520448264
0.929161126218466	1.08661738497024
0.929561109484165	1.08383796352669
0.929961092749864	1.08094656774879
0.930361076015563	1.07794286145731
0.930761059281262	1.07482653478556
0.931161042546961	1.07159729817031
0.93156102581266	1.06825487975668
0.931961009078358	1.06479902389054
0.932360992344057	1.06122949187984
0.932760975609756	1.05754606389114
0.933160958875455	1.05374853611164
0.933560942141154	1.04983671771213
0.933960925406853	1.04581043093259
0.934360908672552	1.04166951058384
0.934760891938251	1.03741380158737
0.935160875203949	1.03304316013436
0.935560858469648	1.02855745779116
0.935960841735347	1.02395658475765
0.936360825001046	1.01924045384198
0.936760808266745	1.01440900392448
0.937160791532444	1.00946220263867
0.937560774798143	1.00440004920613
0.937960758063841	0.999222577445629
0.93836074132954	0.993929857021829
0.938760724595239	0.988521993421092
0.939160707860938	0.982999127553656
0.939560691126637	0.9773614337776
0.939960674392336	0.971609116573894
0.940360657658035	0.965742407043244
0.940760640923734	0.95976156081536
0.941160624189432	0.953666857503469
0.941560607455131	0.947458601317015
0.94196059072083	0.941137122647824
0.942360573986529	0.934702781948976
0.942760557252228	0.928155973366933
0.943160540517927	0.921497126581794
0.943560523783626	0.914726708086387
0.943960507049324	0.907845219547789
0.944360490315023	0.900853190493328
0.944760473580722	0.893751169711131
0.945160456846421	0.886539716577317
0.94556044011212	0.879219390616721
0.945960423377819	0.871790742226737
0.946360406643518	0.864254304809665
0.946760389909217	0.856610584928924
0.947160373174915	0.848860051820119
0.947560356440614	0.841003127723816
0.947960339706313	0.833040175957766
0.948360322972012	0.824971490764266
0.948760306237711	0.816797295223601
0.94916028950341	0.808517748346293
0.949560272769109	0.80013295783906
0.949960256034807	0.79164300060742
0.950360239300506	0.783047946381162
0.950760222566205	0.774347878782339
0.951160205831904	0.765542909298183
0.951560189097603	0.756633185026067
0.951960172363302	0.747618888864747
0.952360155629001	0.738500236278592
0.952760138894699	0.729277471894738
0.953160122160398	0.719950865082989
0.953560105426097	0.710520702173797
0.953960088691796	0.700987277729819
0.954360071957495	0.69135088437801
0.954760055223194	0.681611800173835
0.955160038488893	0.671770277884212
0.955560021754592	0.661826543693703
0.95596000502029	0.65178080417588
