0	0.845140831974217
0.000399983288071861	0.834922488902494
0.000799966576143723	0.824817272905858
0.00119994986421558	0.81482512276469
0.00159993315228745	0.804945973955343
0.00199991644035931	0.795179747137677
0.00239989972843117	0.785526340799633
0.00279988301650303	0.775985625875051
0.00319986630457489	0.766557439081725
0.00359984959264675	0.757241586949818
0.00399983288071861	0.748037856590676
0.00439981616879047	0.738946025532587
0.00479979945686234	0.729965869083056
0.0051997827449342	0.721097161153633
0.00559976603300606	0.712339671140062
0.00599974932107792	0.703693157984817
0.00639973260914978	0.695157368063518
0.00679971589722164	0.686732035147672
0.0071996991852935	0.678416884972812
0.00759968247336537	0.670211643024806
0.00799966576143723	0.662116043446836
0.00839964904950909	0.654129835219082
0.00879963233758095	0.646252785943944
0.00919961562565281	0.638484682029613
0.00959959891372467	0.63082532643954
0.00999958220179653	0.623274534670533
0.0103995654898684	0.615832130234419
0.0107995487779403	0.608497940825512
0.0111995320660121	0.601271795869052
0.011599515354084	0.594153522751473
0.0119994986421558	0.587142942698736
0.0123994819302277	0.580239868200807
0.0127994652182996	0.57344410156486
0.0131994485063714	0.566755434136885
0.0135994317944433	0.560173649136857
0.0139994150825151	0.553698527075503
0.014399398370587	0.547329851072998
0.0147993816586589	0.541067411788971
0.0151993649467307	0.534911010743857
0.0155993482348026	0.528860459463915
0.0159993315228745	0.522915577169381
0.0163993148109463	0.517076188331112
0.0167992980990182	0.511342120047818
0.01719928138709	0.505713199897322
0.0175992646751619	0.500189256233153
0.0179992479632338	0.494770118139799
0.0183992312513056	0.489455614750521
0.0187992145393775	0.484245573686828
0.0191991978274493	0.479139819048402
0.0195991811155212	0.47413816806403
0.0199991644035931	0.469240428764746
0.0203991476916649	0.464446399223661
0.0207991309797368	0.459755866683716
0.0211991142678087	0.455168606173327
0.0215990975558805	0.450684380152855
0.0219990808439524	0.446302938496754
0.0223990641320242	0.442024018317393
0.0227990474200961	0.437847345564007
0.023199030708168	0.433772638319464
0.0235990139962398	0.42979961014218
0.0239989972843117	0.425927974192877
0.0243989805723835	0.422157448423763
0.0247989638604554	0.418487760299765
0.0251989471485273	0.41491865253834
0.0255989304365991	0.411449889406125
0.025998913724671	0.408081262149008
0.0263988970127428	0.404812590546973
0.0267988803008147	0.401643723031811
0.0271988635888866	0.398574534632355
0.0275988468769584	0.395604923972998
0.0279988301650303	0.392734810503928
0.0283988134531022	0.389964134454516
0.028798796741174	0.387292858218634
0.0291987800292459	0.384720968777973
0.0295987633173177	0.382248479670678
0.0299987466053896	0.379875431978392
0.0303987298934615	0.377601894239186
0.0307987131815333	0.375427964400355
0.0311986964696052	0.373353773300104
0.0315986797576771	0.371379489241009
0.0319986630457489	0.369505323096857
0.0323986463338208	0.367731533210916
0.0327986296218926	0.366058427065973
0.0331986129099645	0.364486361435102
0.0335985961980364	0.363015743618932
0.0339985794861082	0.361647034786099
0.0343985627741801	0.360380759889798
0.0347985460622519	0.359217525461493
0.0351985293503238	0.358158033831339
0.0355985126383957	0.357203089326405
0.0359984959264675	0.356353596807628
0.0363984792145394	0.355610551161311
0.0367984625026112	0.354975019342177
0.0371984457906831	0.354448128282909
0.037598429078755	0.354031065580259
0.0379984123668268	0.353725095718068
0.0383983956548987	0.353531587816564
0.0387983789429706	0.353452046501417
0.0391983622310424	0.353488132546978
0.0395983455191143	0.353641672459326
0.0399983288071861	0.3539146505003
0.040398312095258	0.354309185845428
0.0407982953833299	0.354827503512755
0.0411982786714017	0.355471912835061
0.0415982619594736	0.356244791518547
0.0419982452475454	0.357148575359904
0.0423982285356173	0.358185743752662
0.0427982118236892	0.359358787418143
0.043198195111761	0.360670140458909
0.0435981783998329	0.362122062072061
0.0439981616879047	0.363716449847843
0.0443981449759766	0.365454578086381
0.0447981282640485	0.367336751497625
0.0451981115521203	0.369361876275459
0.0455980948401922	0.371526954191897
0.0459980781282641	0.373826541713144
0.0463980614163359	0.376252262538418
0.0467980447044078	0.378792544336489
0.0471980279924796	0.381432865896662
0.0475980112805515	0.38415695574072
0.0479979945686234	0.386949551358456
0.0483979778566952	0.389662553988963
0.0487979611447671	0.392403731870274
0.0491979444328389	0.395167444241329
0.0495979277209108	0.397948785755045
0.0499979110089827	0.400743554911534
0.0503978942970545	0.403548180604208
0.0507978775851264	0.40635956897378
0.0511978608731983	0.40917493476738
0.0515978441612701	0.411991971242968
0.051997827449342	0.414809224749746
0.0523978107374138	0.41762647829975
0.0527977940254857	0.420445127739633
0.0531977773135576	0.423268347596557
0.0535977606016294	0.426100981964431
0.0539977438897013	0.428949152439559
0.0543977271777731	0.431819664161876
0.054797710465845	0.434719179588274
0.0551976937539169	0.437653432592796
0.0555976770419887	0.440626596151047
0.0559976603300606	0.443641008517576
0.0563976436181325	0.446697295029478
0.0567976269062043	0.449794737852792
0.0571976101942762	0.452931690874796
0.057597593482348	0.456106036885938
0.0579975767704199	0.459315498547363
0.0583975600584918	0.462557754574646
0.0587975433465636	0.465830555746614
0.0591975266346355	0.469131944930724
0.0595975099227073	0.472460371103887
0.0599974932107792	0.475814816942765
0.0603974764988511	0.479194932934618
0.0607974597869229	0.482600977559228
0.0611974430749948	0.486033534475874
0.0615974263630666	0.489493371815451
0.0619974096511385	0.492981419472002
0.0623973929392104	0.49649882415991
0.0627973762272822	0.500047207259023
0.0631973595153541	0.503629006481321
0.063597342803426	0.507247604796263
0.0639973260914978	0.510907340729203
0.0643973093795697	0.514613403595403
0.0647972926676415	0.518371620631046
0.0651972759557134	0.522188208563051
0.0655972592437853	0.526069718463149
0.0659972425318571	0.53002296080244
0.066397225819929	0.534054801788574
0.0667972091080009	0.538171854536153
0.0671971923960727	0.542380070391505
0.0675971756841446	0.546684173958992
0.0679971589722164	0.551087210042404
0.0683971422602883	0.555590405030521
0.0687971255483601	0.56019327688064
0.069197108836432	0.564893960910957
0.0695970921245039	0.569689618541906
0.0699970754125757	0.574576710638649
0.0703970587006476	0.579550951666618
0.0707970419887195	0.584606969486856
0.0711970252767913	0.589737773196035
0.0715970085648632	0.594934160872634
0.0719969918529351	0.600184235336403
0.0723969751410069	0.605473347161366
0.0727969584290788	0.610784533814043
0.0731969417171506	0.61609937808752
0.0735969250052225	0.621399038080887
0.0739969082932943	0.626665323906067
0.0743968915813662	0.631881301023298
0.0747968748694381	0.637031426441932
0.0751968581575099	0.64210137641704
0.0755968414455818	0.647077695462046
0.0759968247336537	0.651947387324149
0.0763968080217255	0.656697958540493
0.0767967913097974	0.661317768977853
0.0771967745978692	0.665796463816172
0.0775967578859411	0.67012546695744
0.077996741174013	0.674298456249937
0.0783967244620848	0.678311450064677
0.0787967077501567	0.682162634351088
0.0791966910382285	0.685852018778548
0.0795966743263004	0.68938100663022
0.0799966576143723	0.692751966188442
0.0803966409024441	0.695967967401664
0.080796624190516	0.699032503091953
0.0811966074785879	0.701949285837075
0.0815965907666597	0.70472219125138
0.0819965740547316	0.7073553528734
0.0823965573428034	0.709853381222907
0.0827965406308753	0.712221844170099
0.0831965239189472	0.714467612938471
0.083596507207019	0.716598903241847
0.0839964904950909	0.718624982024235
0.0843964737831627	0.720555691236293
0.0847964570712346	0.72240086885991
0.0851964403593065	0.724169890273424
0.0855964236473783	0.725871425165875
0.0859964069354502	0.727513544133494
0.0863963902235221	0.729104090677894
0.0867963735115939	0.730651150130312
0.0871963567996658	0.732163294310703
0.0875963400877376	0.733649692478488
0.0879963233758095	0.735119951699745
0.0883963066638814	0.736583661987636
0.0887962899519532	0.73804972386532
0.0891962732400251	0.739525809688425
0.0895962565280969	0.741017970372747
0.0899962398161688	0.742530410379335
0.0903962231042407	0.744065532703885
0.0907962063923125	0.745624180966284
0.0911961896803844	0.747205927813369
0.0915961729684562	0.748809366295275
0.0919961562565281	0.750432238533335
0.0923961395446	0.752071411919537
0.0927961228326718	0.753722780075009
0.0931961061207437	0.75538121434095
0.0935960894088156	0.75704039577639
0.0939960726968874	0.758692708079189
0.0943960559849593	0.760329346849544
0.0947960392730311	0.761940500953963
0.095196022561103	0.763515569247814
0.0955960058491749	0.765043587867875
0.0959959891372467	0.766513789871389
0.0963959724253186	0.767916150516994
0.0967959557133904	0.769241935109444
0.0971959390014623	0.770484116924432
0.0975959222895342	0.771637546386558
0.097995905577606	0.772699014175211
0.0983958888656779	0.773667109156651
0.0987958721537498	0.77454192943247
0.0991958554418216	0.775324916624859
0.0995958387298935	0.776018751514733
0.0999958220179653	0.776627110874988
0.100395805306037	0.777154287156189
0.100795788594109	0.777604778486168
0.101195771882181	0.777982834913823
0.101595755170253	0.778292234030514
0.101995738458325	0.778536278559744
0.102395721746397	0.778717932203141
0.102795705034468	0.778839939047014
0.10319568832254	0.778904880571146
0.103595671610612	0.778914968734996
0.103995654898684	0.778871734358835
0.104395638186756	0.778775780206589
0.104795621474828	0.778626815832532
0.1051956047629	0.778424028775271
0.105595588050971	0.77816690760219
0.105995571339043	0.777856267879226
0.106395554627115	0.777495265783338
0.106795537915187	0.777089971345107
0.107195521203259	0.776649351153855
0.107595504491331	0.776184606081609
0.107995487779403	0.775708108089073
0.108395471067474	0.775232195876453
0.108795454355546	0.774768196855944
0.109195437643618	0.774325745101448
0.10959542093169	0.773912519486951
0.109995404219762	0.773534459819965
0.110395387507834	0.773196258087603
0.110795370795906	0.772901904668659
0.111195354083977	0.772655272276209
0.111595337372049	0.772460582152311
0.111995320660121	0.772322589363591
0.112395303948193	0.772246588753971
0.112795287236265	0.772238230647612
0.113195270524337	0.772303166233759
0.113595253812409	0.772446679548356
0.11399523710048	0.772673482837206
0.114395220388552	0.772987586226476
0.114795203676624	0.773392351067846
0.115195186964696	0.773890750528698
0.115595170252768	0.774485665109865
0.11599515354084	0.775180063118734
0.116395136828912	0.775976994060616
0.116795120116984	0.776879367002747
0.117195103405055	0.777889721771445
0.117595086693127	0.779010027629454
0.117995069981199	0.780241489934481
0.118395053269271	0.78158449735623
0.118795036557343	0.783038739478009
0.119195019845415	0.784603360692587
0.119595003133487	0.786277076999647
0.119994986421558	0.788058176783333
0.12039496970963	0.789944316448077
0.120794952997702	0.791932384387409
0.121194936285774	0.794018484095184
0.121594919573846	0.796198030025083
0.121994902861918	0.798465985969994
0.12239488614999	0.800817284023432
0.122794869438061	0.803247282676818
0.123194852726133	0.805752091550745
0.123594836014205	0.80832862765201
0.123994819302277	0.810974371062192
0.124394802590349	0.813687017830728
0.124794785878421	0.816464150670095
0.125194769166493	0.819302985821651
0.125594752454564	0.82220043330005
0.125994735742636	0.825153471255941
0.126394719030708	0.828159431730559
0.12679470231878	0.831216122592894
0.127194685606852	0.834321566830221
0.127594668894924	0.837473330949801
0.127994652182996	0.840667664292478
0.128394635471067	0.843898918421719
0.128794618759139	0.847159312824528
0.129194602047211	0.850439222135914
0.129594585335283	0.853728016588015
0.129994568623355	0.857015157052955
0.130394551911427	0.860291011724776
0.130794535199499	0.863547201046575
0.131194518487571	0.866776325321709
0.131594501775642	0.869971229737443
0.131994485063714	0.873124049204666
0.132394468351786	0.876225558096203
0.132794451639858	0.879264928951907
0.13319443492793	0.882229881714154
0.133594418216002	0.885107116187299
0.133994401504074	0.88788290980735
0.134394384792145	0.890543714532591
0.134794368080217	0.893076568086139
0.135194351368289	0.895469495339708
0.135594334656361	0.89771189649351
0.135994317944433	0.899794874482494
0.136394301232505	0.901711448055811
0.136794284520577	0.903456557224598
0.137194267808648	0.905026755812721
0.13759425109672	0.906419681232333
0.137994234384792	0.907633479365083
0.138394217672864	0.908666367357402
0.138794200960936	0.909516460496733
0.139194184249008	0.910182096181347
0.13959416753708	0.91066243425283
0.139994150825151	0.910958177784806
0.140394134113223	0.911072193997604
0.140794117401295	0.911009980522649
0.141194100689367	0.910779803140601
0.141594083977439	0.91039246035447
0.141994067265511	0.909860643447691
0.142394050553583	0.909198140673689
0.142794033841655	0.908419056690431
0.143194017129726	0.907537105657828
0.143594000417798	0.906565130886499
0.14399398370587	0.905514944221636
0.144393966993942	0.904397313451417
0.144793950282014	0.903222104951801
0.145193933570086	0.901998449144555
0.145593916858158	0.900734767100245
0.145993900146229	0.899438621666178
0.146393883434301	0.898116529136313
0.146793866722373	0.896773717118843
0.147193850010445	0.895413994632255
0.147593833298517	0.894039925019999
0.147993816586589	0.892653182201402
0.148393799874661	0.891254924483829
0.148793783162732	0.889846330209738
0.149193766450804	0.888429138995478
0.149593749738876	0.887006083346413
0.149993733026948	0.885581271458774
0.15039371631502	0.88416037465123
0.150793699603092	0.882750366887005
0.151193682891164	0.881359085081673
0.151593666179235	0.879994624895599
0.151993649467307	0.878664626374492
0.152393632755379	0.877375768880637
0.152793616043451	0.876133596879316
0.153193599331523	0.874942511326283
0.153593582619595	0.873806047491032
0.153993565907667	0.872727280812789
0.154393549195738	0.871708950397888
0.15479353248381	0.870753313865013
0.155193515771882	0.869862027574371
0.155593499059954	0.869035805748142
0.155993482348026	0.868274100381519
0.156393465636098	0.867574978027548
0.15679344892417	0.866934997404236
0.157193432212242	0.866348919897416
0.157593415500313	0.865809547157133
0.157993398788385	0.865307470445228
0.158393382076457	0.864830860195326
0.158793365364529	0.864365646989658
0.159193348652601	0.863896016076096
0.159593331940673	0.863404869234257
0.159993315228745	0.862874536077118
0.160393298516816	0.862287578666317
0.160793281804888	0.861627484411169
0.16119326509296	0.860879104057555
0.161593248381032	0.860029074131239
0.161993231669104	0.859065994298878
0.162393214957176	0.857980471990077
0.162793198245248	0.856765045049979
0.163193181533319	0.855414047260283
0.163593164821391	0.853923384920133
0.163993148109463	0.852290484245284
0.164393131397535	0.850514436202193
0.164793114685607	0.848596322557667
0.165193097973679	0.846539645745912
0.165593081261751	0.844350845610453
0.165993064549822	0.84203973753229
0.166393047837894	0.839619666539105
0.166793031125966	0.837107263587075
0.167193014414038	0.83452198203661
0.16759299770211	0.831885312661198
0.167992980990182	0.82921970263976
0.168392964278254	0.826547505571933
0.168792947566325	0.823890245420894
0.169192930854397	0.821268248161512
0.169592914142469	0.818700688128977
0.169992897430541	0.816206039142477
0.170392880718613	0.813802500458173
0.170792864006685	0.811508164201669
0.171192847294757	0.809340967659097
0.171592830582829	0.807318318923015
0.1719928138709	0.80545639319885
0.172392797158972	0.803769623473209
0.172792780447044	0.802270428510357
0.173192763735116	0.800969105960168
0.173592747023188	0.799874073382807
0.17399273031126	0.798992432788906
0.174392713599332	0.798330482980053
0.174792696887403	0.797894096479122
0.175192680175475	0.797688836001719
0.175592663463547	0.797719798163722
0.175992646751619	0.79799126912129
0.176392630039691	0.798506365235842
0.176792613327763	0.799266594851534
0.177192596615835	0.800271558733385
0.177592579903906	0.801518912996279
0.177992563191978	0.803004557094349
0.17839254648005	0.804722940261917
0.178792529768122	0.806667485529717
0.179192513056194	0.808830830944644
0.179592496344266	0.811204839868454
0.179992479632338	0.813780405483724
0.180392462920409	0.816547040882019
0.180792446208481	0.819492414665283
0.181192429496553	0.822602069060846
0.181592412784625	0.825859253595011
0.181992396072697	0.829244896355947
0.182392379360769	0.832737868953954
0.182792362648841	0.836315555609023
0.183192345936912	0.839954452418518
0.183592329224984	0.84363085392264
0.183992312513056	0.847321512553421
0.184392295801128	0.851004010533644
0.1847922790892	0.854656883410644
0.185192262377272	0.858259683360049
0.185592245665344	0.861792869382807
0.185992228953416	0.86523765530302
0.186392212241487	0.868576083257345
0.186792195529559	0.871791266887686
0.187192178817631	0.874867721638884
0.187592162105703	0.877791883109754
0.187992145393775	0.880552517313738
0.188392128681847	0.88314098138627
0.188792111969919	0.885551447415243
0.18919209525799	0.887780893816632
0.189592078546062	0.889828651619094
0.189992061834134	0.891695772871441
0.190392045122206	0.893384385103837
0.190792028410278	0.894896903155274
0.19119201169835	0.896235363092548
0.191591994986422	0.897401134769096
0.191991978274493	0.898395011794822
0.192391961562565	0.899217636325606
0.192791944850637	0.899870112376131
0.193191928138709	0.900354459556298
0.193591911426781	0.900673841434295
0.193991894714853	0.900832554280891
0.194391878002925	0.900835816595947
0.194791861290996	0.900689422097031
0.195191844579068	0.900399612237408
0.19559182786714	0.899973115898684
0.195991811155212	0.899417399169523
0.196391794443284	0.898740727459881
0.196791777731356	0.897951996270823
0.197191761019428	0.897060372496816
0.1975917443075	0.896074950895152
0.197991727595571	0.895004452256131
0.198391710883643	0.893857131612195
0.198791694171715	0.892640842071796
0.199191677459787	0.891363202757641
0.199591660747859	0.890031579926674
0.199991644035931	0.888652978451562
0.200391627324003	0.887233661623182
0.200791610612074	0.885778796875429
0.201191593900146	0.884292342862144
0.201591577188218	0.882777500345472
0.20199156047629	0.881237562561941
0.202391543764362	0.879677073859827
0.202791527052434	0.878102881828471
0.203191510340506	0.876524752465401
0.203591493628577	0.874955324823429
0.203991476916649	0.873409462712196
0.204391460204721	0.871903253435508
0.204791443492793	0.870453114340214
0.205191426780865	0.869075122742096
0.205591410068937	0.867784654369737
0.205991393357009	0.866596178324764
0.20639137664508	0.865523136004714
0.206791359933152	0.864577769922963
0.207191343221224	0.863771035874771
0.207591326509296	0.863112619141696
0.207991309797368	0.862610977129501
0.20839129308544	0.862273523550095
0.208791276373512	0.862106929853348
0.209191259661584	0.862117267714789
0.209591242949655	0.862309874772229
0.209991226237727	0.862689149737475
0.210391209525799	0.86325836531921
0.210791192813871	0.864019581604361
0.211191176101943	0.864973831391993
0.211591159390015	0.866121575717833
0.211991142678087	0.867463185836126
0.212391125966158	0.868999226348629
0.21279110925423	0.870730493560727
0.213191092542302	0.872657859355381
0.213591075830374	0.874781898118199
0.213991059118446	0.877102580637162
0.214391042406518	0.879619151500554
0.21479102569459	0.882330061914848
0.215191008982661	0.885232828835117
0.215590992270733	0.888323891408294
0.215990975558805	0.891598255024704
0.216390958846877	0.895048956018025
0.216790942134949	0.89866667107408
0.217190925423021	0.902439634264134
0.217590908711093	0.906353784292578
0.217990891999164	0.910393333209353
0.218390875287236	0.914541598830772
0.218790858575308	0.918781827519152
0.21919084186338	0.923097886755508
0.219590825151452	0.927474773608773
0.219990808439524	0.931898784288032
0.220390791727596	0.936357617211109
0.220790775015667	0.940840445674533
0.221190758303739	0.945337982502302
0.221590741591811	0.949842654304573
0.221990724879883	0.954348943984218
0.222390708167955	0.958853514508395
0.222790691456027	0.963355064956738
0.223190674744099	0.967853909386933
0.223590658032171	0.972351284788871
0.223990641320242	0.976848468631673
0.224390624608314	0.981346128495376
0.224790607896386	0.9858440537959
0.225190591184458	0.990341287072572
0.22559057447253	0.994836736027301
0.225990557760602	0.999330157811448
0.226390541048674	1.00382321937923
0.226790524336745	1.00832018249546
0.227190507624817	1.01282802894563
0.227590490912889	1.01735604100711
0.227990474200961	1.02191484297725
0.228390457489033	1.0265150964024
0.228790440777105	1.0311662130976
0.229190424065177	1.035875282397
0.229590407353248	1.04064638444896
0.22999039064132	1.04548029405045
0.230390373929392	1.05037462660583
0.230790357217464	1.05532426113673
0.231190340505536	1.06032203044044
0.231590323793608	1.0653595316235
0.23199030708168	1.07042798707607
0.232390290369751	1.07551885946107
0.232790273657823	1.08062431511282
0.233190256945895	1.08573759334576
0.233590240233967	1.09085302634098
0.233990223522039	1.09596559112048
0.234390206810111	1.10107032646485
0.234790190098183	1.10616179547645
0.235190173386254	1.11123364980436
0.235590156674326	1.1162784948471
0.235990139962398	1.12128821887442
0.23639012325047	1.1262545411733
0.236790106538542	1.13116969889829
0.237190089826614	1.1360271612373
0.237590073114686	1.14082199315627
0.237990056402757	1.14555081816161
0.238390039690829	1.150211621778
0.238790022978901	1.15480334495939
0.239190006266973	1.15932521319725
0.239589989555045	1.16377604257256
0.239989972843117	1.1681537804625
0.240389956131189	1.17245520822533
0.240789939419261	1.17667590222446
0.241189922707332	1.18081031590675
0.241589905995404	1.18485186971197
0.241989889283476	1.18879298306618
0.242389872571548	1.19262510406435
0.24278985585962	1.19633858839732
0.243189839147692	1.19992265272364
0.243589822435764	1.20336569837532
0.243989805723835	1.20665601548635
0.244389789011907	1.2097826207412
0.244789772299979	1.21273627949606
0.245189755588051	1.21551019026166
0.245589738876123	1.21810024068727
0.245989722164195	1.22050477656263
0.246389705452267	1.22272400683039
0.246789688740338	1.22475896093927
0.24718967202841	1.22661065806842
0.247589655316482	1.22827951509567
0.247989638604554	1.2297648510602
0.248389621892626	1.23106448762073
0.248789605180698	1.23217469955031
0.24918958846877	1.23309033295841
0.249589571756841	1.2338051981227
0.249989555044913	1.23431273519798
0.250389538332985	1.234606777594
0.250789521621057	1.23468211677164
0.251189504909129	1.23453510114715
0.251589488197201	1.23416390198132
0.251989471485273	1.23356854277467
0.252389454773345	1.23275071609237
0.252789438061416	1.23171355362774
0.253189421349488	1.23046125854942
0.25358940463756	1.22899888031537
0.253989387925632	1.22733197191787
0.254389371213704	1.2254661669979
0.254789354501776	1.22340684423927
0.255189337789848	1.22115894283359
0.255589321077919	1.21872674500292
0.255989304365991	1.21611397155497
0.256389287654063	1.21332420397336
0.256789270942135	1.21036156932138
0.257189254230207	1.2072313378096
0.257589237518279	1.20394043525478
0.257989220806351	1.20049759262456
0.258389204094422	1.19691329517513
0.258789187382494	1.19319942983096
0.259189170670566	1.18936882036157
0.259589153958638	1.18543477001997
0.25998913724671	1.18141076789037
0.260389120534782	1.17731033543165
0.260789103822854	1.17314701828339
0.261189087110925	1.16893421044778
0.261589070398997	1.16468488185681
0.261989053687069	1.16041131363351
0.262389036975141	1.15612488622405
0.262789020263213	1.15183592136947
0.263189003551285	1.14755388105816
0.263588986839357	1.14328777842125
0.263988970127429	1.1390466448034
0.2643889534155	1.13483990270657
0.264788936703572	1.13067761925927
0.265188919991644	1.12657046973798
0.265588903279716	1.12252946843077
0.265988886567788	1.11856544032139
0.26638886985586	1.11468842480374
0.266788853143932	1.1109070098002
0.267188836432003	1.10722780862195
0.267588819720075	1.10365518173221
0.267988803008147	1.100191216835
0.268388786296219	1.09683590292555
0.268788769584291	1.09358752428277
0.269188752872363	1.09044317212833
0.269588736160435	1.08739928121031
0.269988719448506	1.08445215392609
0.270388702736578	1.08159847727076
0.27078868602465	1.07883571510163
0.271188669312722	1.07616234052298
0.271588652600794	1.07357782863788
0.271988635888866	1.07108247419741
0.272388619176938	1.06867710173163
0.272788602465009	1.06636271633936
0.273188585753081	1.06414020316038
0.273588569041153	1.06201032214505
0.273988552329225	1.05997380650078
0.274388535617297	1.05803150793529
0.274788518905369	1.0561845583328
0.275188502193441	1.05443420769218
0.275588485481512	1.05278132355642
0.275988468769584	1.0512260296218
0.276388452057656	1.04976737251558
0.276788435345728	1.04840310406483
0.2771884186338	1.04713003018474
0.277588401921872	1.04594480470815
0.277988385209944	1.04484472185623
0.278388368498016	1.04382857766005
0.278788351786087	1.042897495226
0.279188335074159	1.04205524739119
0.279588318362231	1.04130823505929
0.279988301650303	1.04066520272115
0.280388284938375	1.04013647155167
0.280788268226447	1.03973301607696
0.281188251514519	1.03946574131257
0.28158823480259	1.03934477868342
0.281988218090662	1.0393790986378
0.282388201378734	1.03957652066614
0.282788184666806	1.03994366970652
0.283188167954878	1.04048585601607
0.28358815124295	1.04120704386456
0.283988134531022	1.04210965633738
0.284388117819093	1.04319444709619
0.284788101107165	1.04446077689897
0.285188084395237	1.04590712791038
0.285588067683309	1.04753176621191
0.285988050971381	1.04933358000067
0.286388034259453	1.05131270596128
0.286788017547525	1.05347072999487
0.287188000835596	1.05581061887828
0.287587984123668	1.05833637960382
0.28798796741174	1.06105264649825
0.288387950699812	1.06396439334638
0.288787933987884	1.06707669539683
0.289187917275956	1.07039447566364
0.289587900564028	1.07392228689107
0.2899878838521	1.07766393325844
0.290387867140171	1.08162208808514
0.290787850428243	1.08579803665925
0.291187833716315	1.09019159315235
0.291587817004387	1.09480122186387
0.291987800292459	1.09962456467032
0.292387783580531	1.10465900432159
0.292787766868603	1.10990214133127
0.293187750156674	1.11535221674021
0.293587733444746	1.12100837390276
0.293987716732818	1.12687065775676
0.29438770002089	1.13294000960523
0.294787683308962	1.13921825298367
0.295187666597034	1.14570809297731
0.295587649885106	1.15241296234223
0.295987633173177	1.1593368661616
0.296387616461249	1.16648392591085
0.296787599749321	1.17385752082034
0.297187583037393	1.18145921382764
0.297587566325465	1.18928778732964
0.297987549613537	1.19733840991098
0.298387532901609	1.20560227713037
0.29878751618968	1.21406686558889
0.299187499477752	1.22271656195277
0.299587482765824	1.23153344791871
0.299987466053896	1.24049808630758
0.300387449341968	1.24959004559822
0.30078743263004	1.25878830865509
0.301187415918112	1.26807177126822
0.301587399206183	1.2774199544539
0.301987382494255	1.28681367243854
0.302387365782327	1.29623560786002
0.302787349070399	1.30567061203736
0.303187332358471	1.31510566860566
0.303587315646543	1.32452941389464
0.303987298934615	1.33393126369828
0.304387282222687	1.34330057408046
0.304787265510758	1.35262619744055
0.30518724879883	1.36189629452278
0.305587232086902	1.37109833248353
0.305987215374974	1.38021930337755
0.306387198663046	1.38924604724169
0.306787181951118	1.3981655396824
0.30718716523919	1.40696520158609
0.307587148527261	1.41563327201184
0.307987131815333	1.42415920246207
0.308387115103405	1.43253410374989
0.308787098391477	1.44075122171324
0.309187081679549	1.4488063533683
0.309587064967621	1.45669805290559
0.309987048255693	1.46442792434063
0.310387031543764	1.47200092440786
0.310787014831836	1.47942540670538
0.311186998119908	1.48671274516261
0.31158698140798	1.49387681163035
0.311986964696052	1.50093299215814
0.312386947984124	1.50789686296075
0.312786931272196	1.51478299109837
0.313186914560267	1.52160412355519
0.313586897848339	1.52837060576657
0.313986881136411	1.5350903055438
0.314386864424483	1.54176885535653
0.314786847712555	1.54840981089353
0.315186831000627	1.55501469402181
0.315586814288699	1.56158314562148
0.31598679757677	1.56811296319746
0.316386780864842	1.57460009857446
0.316786764152914	1.58103883232266
0.317186747440986	1.58742210938376
0.317586730729058	1.59374177221133
0.31798671401713	1.59998875120203
0.318386697305202	1.60615306768779
0.318786680593274	1.61222360536125
0.319186663881345	1.6181878472953
0.319586647169417	1.62403174259273
0.319986630457489	1.62973969739416
0.320386613745561	1.63529474523754
0.320786597033633	1.64067894377712
0.321186580321705	1.64587388523833
0.321586563609777	1.65086128081368
0.321986546897848	1.65562363649081
0.32238653018592	1.66014512163945
0.322786513473992	1.6644123984356
0.323186496762064	1.66841523015192
0.323586480050136	1.67214673999952
0.323986463338208	1.67560334597807
0.32438644662628	1.67878420535509
0.324786429914351	1.68169042210265
0.325186413202423	1.68432424888192
0.325586396490495	1.68668839137857
0.325986379778567	1.68878534708671
0.326386363066639	1.69061705378685
0.326786346354711	1.69218461725459
0.327186329642783	1.69348803472385
0.327586312930854	1.69452601289683
0.327986296218926	1.69529604134885
0.328386279506998	1.69579440410338
0.32878626279507	1.69601648512907
0.329186246083142	1.69595749031873
0.329586229371214	1.69561316633812
0.329986212659286	1.69498012997042
0.330386195947357	1.6940560491693
0.330786179235429	1.69283958289338
0.331186162523501	1.69133003691366
0.331586145811573	1.68952695298442
0.331986129099645	1.68742994218353
0.332386112387717	1.68503864693258
0.332786095675789	1.68235298206111
0.333186078963861	1.67937366347456
0.333586062251932	1.67610272145629
0.333986045540004	1.67254381730537
0.334386028828076	1.66870259966517
0.334786012116148	1.66458691234153
0.33518599540422	1.66020668771655
0.335585978692292	1.65557369214108
0.335985961980364	1.65070146561762
0.336385945268435	1.64560528909755
0.336785928556507	1.64030216374983
0.337185911844579	1.63481060895964
0.337585895132651	1.62915031593805
0.337985878420723	1.62334165378133
0.338385861708795	1.61740511944541
0.338785844996867	1.61136061510025
0.339185828284938	1.60522680437983
0.33958581157301	1.59902074805093
0.339985794861082	1.59275789550839
0.340385778149154	1.58645233367343
0.340785761437226	1.58011721899955
0.341185744725298	1.57376510215524
0.34158572801337	1.56740828885279
0.341985711301441	1.56105905486947
0.342385694589513	1.5547297309651
0.342785677877585	1.54843273702299
0.343185661165657	1.54218079674764
0.343585644453729	1.53598697298309
0.343985627741801	1.52986454623594
0.344385611029873	1.52382676392683
0.344785594317944	1.51788651392153
0.345185577606016	1.51205603624783
0.345585560894088	1.50634694125334
0.34598554418216	1.50077040366497
0.346385527470232	1.49533762503548
0.346785510758304	1.49006040482892
0.347185494046376	1.48495157354699
0.347585477334448	1.48002491602764
0.347985460622519	1.47529481394893
0.348385443910591	1.47077547456962
0.348785427198663	1.46647991513463
0.349185410486735	1.46241908254951
0.349585393774807	1.45860143770304
0.349985377062879	1.45503288948737
0.350385360350951	1.4517169806831
0.350785343639022	1.44865519642088
0.351185326927094	1.44584728593657
0.351585310215166	1.44329158765349
0.351985293503238	1.44098519099308
0.35238527679131	1.43892386630259
0.352785260079382	1.4371020444444
0.353185243367454	1.43551279011532
0.353585226655525	1.43414774657008
0.353985209943597	1.43299721105249
0.354385193231669	1.43205042115801
0.354785176519741	1.43129588556732
0.355185159807813	1.43072175487142
0.355585143095885	1.43031616695915
0.355985126383957	1.43006719142765
0.356385109672028	1.42996257007392
0.3567850929601	1.42998943498119
0.357185076248172	1.43013384037236
0.357585059536244	1.43038042036272
0.357985042824316	1.43071260347395
0.358385026112388	1.4311130924613
0.35878500940046	1.43156444022798
0.359184992688531	1.4320497763788
0.359584975976603	1.43255351677987
0.359984959264675	1.43306190398838
0.360384942552747	1.43356365631161
0.360784925840819	1.43405053866327
0.361184909128891	1.43451769359419
0.361584892416963	1.43496377963865
0.361984875705035	1.43539072398601
0.362384858993106	1.43580282959947
0.362784842281178	1.43620560166827
0.36318482556925	1.43660465547414
0.363584808857322	1.43700482293869
0.363984792145394	1.43740960193464
0.364384775433466	1.43782100875355
0.364784758721538	1.43823964910302
0.365184742009609	1.4386648572198
0.365584725297681	1.43909473793823
0.365984708585753	1.43952621248417
0.366384691873825	1.43995513267598
0.366784675161897	1.44037651320768
0.367184658449969	1.44078491916474
0.367584641738041	1.44117491721285
0.367984625026112	1.44154138843111
0.368384608314184	1.44187986990991
0.368784591602256	1.44218702999773
0.369184574890328	1.44246112355594
0.3695845581784	1.44270242642584
0.369984541466472	1.44291368915406
0.370384524754544	1.44310030328705
0.370784508042615	1.44327010044807
0.371184491330687	1.44343252736771
0.371584474618759	1.44359741824843
0.371984457906831	1.44377364480352
0.372384441194903	1.44396805777594
0.372784424482975	1.44418482041453
0.373184407771047	1.44442556054773
0.373584391059119	1.44469015808428
0.37398437434719	1.44497780061718
0.374384357635262	1.44528804058766
0.374784340923334	1.44562172189671
0.375184324211406	1.44598130504156
0.375584307499478	1.44637080718454
0.37598429078755	1.44679554872895
0.376384274075622	1.44726168675214
0.376784257363693	1.44777565466847
0.377184240651765	1.44834392830805
0.377584223939837	1.44897299458383
0.377984207227909	1.44966952330924
0.378384190515981	1.45044066840138
0.378784173804053	1.45129402732639
0.379184157092125	1.45223723782603
0.379584140380196	1.45327718470096
0.379984123668268	1.45441891731304
0.38038410695634	1.45566454966775
0.380784090244412	1.45701248468947
0.381184073532484	1.45845704322699
0.381584056820556	1.45998869431609
0.381984040108628	1.46159492897848
0.382384023396699	1.46326145009856
0.382784006684771	1.46497347964317
0.383183989972843	1.46671702555623
0.383583973260915	1.46847988509349
0.383983956548987	1.47025237759142
0.384383939837059	1.4720278211543
0.384783923125131	1.47380267766825
0.385183906413202	1.47557632990472
0.385583889701274	1.47735048366987
0.385983872989346	1.4791283004724
0.386383856277418	1.48091343778185
0.38678383956549	1.48270918311607
0.387183822853562	1.48451782779726
0.387583806141634	1.48634040914686
0.387983789429706	1.48817664653799
0.388383772717777	1.4900248851462
0.388783756005849	1.49188205512995
0.389183739293921	1.49374361428085
0.389583722581993	1.49560346014499
0.389983705870065	1.49745390603951
0.390383689158137	1.49928581080734
0.390783672446209	1.50108888439842
0.39118365573428	1.50285235047387
0.391583639022352	1.50456562931957
0.391983622310424	1.50621906381248
0.392383605598496	1.50780474032221
0.392783588886568	1.50931695933014
0.39318357217464	1.51075216940177
0.393583555462712	1.51210866505418
0.393983538750783	1.51338603665063
0.394383522038855	1.51458441379316
0.394783505326927	1.51570401812849
0.395183488614999	1.51674502811377
0.395583471903071	1.51770761080654
0.395983455191143	1.51859221112053
0.396383438479215	1.5193998582914
0.396783421767286	1.52013223459122
0.397183405055358	1.520791633725
0.39758338834343	1.52138097374213
0.397983371631502	1.52190381794439
0.398383354919574	1.52236445950825
0.398783338207646	1.52276810831512
0.399183321495718	1.52312098963069
0.39958330478379	1.52343028202413
0.399983288071861	1.52370376482031
0.400383271359933	1.52394929139742
0.400783254648005	1.52417456324737
0.401183237936077	1.52438728938141
0.401583221224149	1.52459552410375
0.401983204512221	1.52480798586652
0.402383187800293	1.5250342426747
0.402783171088364	1.52528436838345
0.403183154376436	1.525568066816
0.403583137664508	1.52589362082095
0.40398312095258	1.52626689195076
0.404383104240652	1.52669075285965
0.404783087528724	1.52716522047697
0.405183070816796	1.52768825647165
0.405583054104867	1.52825686825077
0.405983037392939	1.52886843856187
0.406383020681011	1.52952211595924
0.406783003969083	1.53021985393191
0.407182987257155	1.53096682283769
0.407582970545227	1.53177138627059
0.407982953833299	1.53264459450647
0.40838293712137	1.53359927947621
0.408782920409442	1.53464912284306
0.409182903697514	1.53580773938508
0.409582886985586	1.53708784493755
0.409982870273658	1.53850071690431
0.41038285356173	1.54005580369425
0.410782836849802	1.54176024291658
0.411182820137873	1.54361863427254
0.411582803425945	1.54563318164985
0.411982786714017	1.54780413622493
0.412382770002089	1.55013036439107
0.412782753290161	1.55261020209604
0.413182736578233	1.55524233240921
0.413582719866305	1.55802640498441
0.413982703154377	1.5609632111526
0.414382686442448	1.56405435749615
0.41478266973052	1.56730158679607
0.415182653018592	1.57070608728289
0.415582636306664	1.57426782408911
0.415982619594736	1.57798507162046
0.416382602882808	1.58185420603888
0.41678258617088	1.58586975318871
0.417182569458951	1.59002463592992
0.417582552747023	1.5943104910946
0.417982536035095	1.59871800188868
0.418382519323167	1.60323742950437
0.418782502611239	1.60785920328705
0.419182485899311	1.61257443124328
0.419582469187383	1.6173754007411
0.419982452475454	1.62225602959766
0.420382435763526	1.62721206606774
0.420782419051598	1.63224103047652
0.42118240233967	1.63734205645917
0.421582385627742	1.64251559535066
0.421982368915814	1.64776296795234
0.422382352203886	1.65308614614332
0.422782335491957	1.65848757329506
0.423182318780029	1.66396997792626
0.423582302068101	1.66953635150697
0.423982285356173	1.67518997601185
0.424382268644245	1.6809341775926
0.424782251932317	1.68677202347096
0.425182235220389	1.69270609318621
0.425582218508461	1.69873821902386
0.425982201796532	1.70486922537011
0.426382185084604	1.71109887650205
0.426782168372676	1.71742589869391
0.427182151660748	1.72384794053957
0.42758213494882	1.73036161763986
0.427982118236892	1.73696269740711
0.428382101524964	1.7436462790212
0.428782084813035	1.75040710775796
0.429182068101107	1.75724009431704
0.429582051389179	1.76414086353799
0.429982034677251	1.77110619432019
0.430382017965323	1.77813437114442
0.430782001253395	1.78522541434773
0.431181984541467	1.79238097375847
0.431581967829538	1.79960391968852
0.43198195111761	1.80689770300581
0.432381934405682	1.81426546238312
0.432781917693754	1.82170894398378
0.433181900981826	1.82922730397176
0.433581884269898	1.83681608233233
0.43398186755797	1.84446673797031
0.434381850846041	1.85216682858028
0.434781834134113	1.85990076987514
0.435181817422185	1.86765118059486
0.435581800710257	1.87540047109227
0.435981783998329	1.88313212972116
0.436381767286401	1.89083170901515
0.436781750574473	1.89848718066033
0.437181733862544	1.9060885348443
0.437581717150616	1.91362710058706
0.437981700438688	1.9210951152955
0.43838168372676	1.92848535076416
0.438781667014832	1.93579106531331
0.439181650302904	1.94300642003836
0.439581633590976	1.95012669306527
0.439981616879048	1.95714797205766
0.440381600167119	1.96406663524737
0.440781583455191	1.97087857331252
0.441181566743263	1.97757818373784
0.441581550031335	1.98415778459303
0.441981533319407	1.99060775126176
0.442381516607479	1.99691718869347
0.442781499895551	2.00307527731258
0.443181483183622	2.00907301040726
0.443581466471694	2.01490454346891
0.443981449759766	2.02056786169166
0.444381433047838	2.02606484518314
0.44478141633591	2.031400545929
0.445181399623982	2.03658177422281
0.445581382912054	2.04161555653137
0.445981366200125	2.04650770532762
0.446381349488197	2.05126169895272
0.446781332776269	2.05587823712196
0.447181316064341	2.06035567507247
0.447581299352413	2.06469115436329
0.447981282640485	2.06888211729168
0.448381265928557	2.07292781697183
0.448781249216628	2.07683037969116
0.4491812325047	2.08059520640998
0.449581215792772	2.08423066334854
0.449981199080844	2.08774725594452
0.450381182368916	2.09115665279077
0.450781165656988	2.09447069877195
0.45118114894506	2.09770061643258
0.451581132233131	2.10085639767217
0.451981115521203	2.10394615892925
0.452381098809275	2.10697551048137
0.452781082097347	2.10994715829564
0.453181065385419	2.11286048912476
0.453581048673491	2.11571143310526
0.453981031961563	2.1184930658825
0.454381015249635	2.12119657584505
0.454780998537706	2.12381228982435
0.455180981825778	2.1263307649519
0.45558096511385	2.12874368897194
0.455980948401922	2.13104419152563
0.456380931689994	2.13322707962909
0.456780914978066	2.13528885722973
0.457180898266138	2.13722741638447
0.457580881554209	2.13904180760135
0.457980864842281	2.14073219893904
0.458380848130353	2.1422993007241
0.458780831418425	2.14374378250425
0.459180814706497	2.14506606416955
0.459580797994569	2.14626625999872
0.459980781282641	2.14734416738734
0.460380764570712	2.14829972257994
0.460780747858784	2.14913354353856
0.461180731146856	2.14984735109066
0.461580714434928	2.15044409157632
0.461980697723	2.15092786079954
0.462380681011072	2.1513033448688
0.462780664299144	2.15157512826378
0.463180647587215	2.15174706928623
0.463580630875287	2.15182181965328
0.463980614163359	2.15180044919954
0.464380597451431	2.15168237612707
0.464780580739503	2.15146564450867
0.465180564027575	2.15114738165952
0.465580547315647	2.15072427816467
0.465980530603718	2.15019325079773
0.46638051389179	2.14955213856751
0.466780497179862	2.14880028952967
0.467180480467934	2.14793890706966
0.467580463756006	2.14697130010983
0.467980447044078	2.14590274029552
0.46838043033215	2.1447401337639
0.468780413620221	2.14349160211283
0.469180396908293	2.14216607622457
0.469580380196365	2.14077283280803
0.469980363484437	2.13932127363131
0.470380346772509	2.13782092633157
0.470780330060581	2.1362814229577
0.471180313348653	2.13471237377879
0.471580296636725	2.13312323232512
0.471980279924796	2.13152297470402
0.472380263212868	2.12991961499892
0.47278024650094	2.12831972804868
0.473180229789012	2.1267282992339
0.473580213077084	2.12514896457867
0.473980196365156	2.1235846260324
0.474380179653228	2.12203833677968
0.474780162941299	2.12051405795774
0.475180146229371	2.11901718867511
0.475580129517443	2.11755463354321
0.475980112805515	2.11613450674049
0.476380096093587	2.11476552759668
0.476780079381659	2.11345658144779
0.477180062669731	2.11221642076267
0.477580045957802	2.11105352840849
0.477980029245874	2.10997604682019
0.478380012533946	2.10899185055693
0.478779995822018	2.10810826493816
0.47917997911009	2.1073314828871
0.479579962398162	2.10666593108732
0.479979945686234	2.1061137953991
0.480379928974306	2.1056747583654
0.480779912262377	2.10534637260847
0.481179895550449	2.10512470943897
0.481579878838521	2.10500514660376
0.481979862126593	2.10498313641872
0.482379845414665	2.10505471729954
0.482779828702737	2.1052164132149
0.483179811990809	2.10546491928091
0.48357979527888	2.10579676386564
0.483979778566952	2.10620783511335
0.484379761855024	2.10669319718969
0.484779745143096	2.10724736525548
0.485179728431168	2.10786481099651
0.48557971171924	2.10854056294161
0.485979695007312	2.10927101967107
0.486379678295383	2.11005440122235
0.486779661583455	2.11089083359117
0.487179644871527	2.11178233392693
0.487579628159599	2.11273247049988
0.487979611447671	2.11374566216451
0.488379594735743	2.11482660048967
0.488779578023815	2.11597973302399
0.489179561311886	2.11720861261258
0.489579544599958	2.11851538542605
0.48997952788803	2.1199006932266
0.490379511176102	2.12136365017553
0.490779494464174	2.12290228787077
0.491179477752246	2.124514485392
0.491579461040318	2.12619907662501
0.49197944432839	2.12795701878327
0.492379427616461	2.12979237425096
0.492779410904533	2.13171275345379
0.493179394192605	2.13372915246746
0.493579377480677	2.1358554001033
0.493979360768749	2.13810730952185
0.494379344056821	2.14050175847702
0.494779327344893	2.14305576469319
0.495179310632964	2.14578560580727
0.495579293921036	2.14870608256893
0.495979277209108	2.15182999242809
0.49637926049718	2.15516751681124
0.496779243785252	2.15872578545241
0.497179227073324	2.16250886861122
0.497579210361396	2.16651809539244
0.497979193649467	2.17075255683534
0.498379176937539	2.17520985948248
0.498779160225611	2.17988678118575
0.499179143513683	2.18477964398982
0.499579126801755	2.18988449769786
0.499979110089827	2.1951969450383
0.500379093377899	2.20071190082336
0.50077907666597	2.20642348801276
0.501179059954042	2.21232504915817
0.501579043242114	2.21840926582706
0.501979026530186	2.22466846684091
0.502379009818258	2.23109510721908
0.50277899310633	2.23768234591673
0.503178976394402	2.24442439404785
0.503578959682473	2.25131658927509
0.503978942970545	2.25835515698079
0.504378926258617	2.26553695047474
0.504778909546689	2.27285919910293
0.505178892834761	2.28031935605228
0.505578876122833	2.28791504844021
0.505978859410905	2.2956440405474
0.506378842698976	2.30350402863888
0.506778825987048	2.3114922462663
0.50717880927512	2.31960505233261
0.507578792563192	2.32783751050345
0.507978775851264	2.33618319893252
0.508378759139336	2.34463444951819
0.508778742427408	2.353183109797
0.50917872571548	2.36182166521561
0.509578709003551	2.37054439225195
0.509978692291623	2.37934808551069
0.510378675579695	2.38823212514144
0.510778658867767	2.3971979441129
0.511178642155839	2.4062480696415
0.511578625443911	2.41538480045171
0.511978608731983	2.42460920933008
0.512378592020054	2.43392068363829
0.512778575308126	2.44331682872988
0.513178558596198	2.45279379326365
0.51357854188427	2.46234687012109
0.513978525172342	2.47197082579328
0.514378508460414	2.48166006336444
0.514778491748486	2.49140878364741
0.515178475036557	2.50121092631054
0.515578458324629	2.5110600835423
0.515978441612701	2.52094954780651
0.516378424900773	2.53087224074393
0.516778408188845	2.54082046334471
0.517178391476917	2.55078564700803
0.517578374764989	2.56075829145737
0.51797835805306	2.57072815068131
0.518378341341132	2.58068489451781
0.518778324629204	2.59061895167784
0.519178307917276	2.60052231659871
0.519578291205348	2.61038911110092
0.51997827449342	2.62021561803103
0.520378257781492	2.62999976457075
0.520778241069563	2.63974031617291
0.521178224357635	2.64943589009768
0.521578207645707	2.65908413031398
0.521978190933779	2.66868134629836
0.522378174221851	2.67822237210595
0.522778157509923	2.68770042822415
0.523178140797995	2.69710707211837
0.523578124086067	2.70643225941049
0.523978107374138	2.71566457510979
0.52437809066221	2.72479163103395
0.524778073950282	2.73380073283355
0.525178057238354	2.74267961341263
0.525578040526426	2.75141710605059
0.525978023814498	2.76000386464499
0.52637800710257	2.76843304224266
0.526777990390641	2.77670085622729
0.527177973678713	2.78480719065697
0.527577956966785	2.79275624720639
0.527977940254857	2.80055677744205
0.528377923542929	2.80822170226853
0.528777906831001	2.81576730906143
0.529177890119073	2.82321202390293
0.529577873407144	2.8305749208414
0.529977856695216	2.83787449102556
0.530377839983288	2.84512782986295
0.53077782327136	2.85235023185064
0.531177806559432	2.85955533229078
0.531577789847504	2.86675559347665
0.531977773135576	2.87396248014332
0.532377756423647	2.88118665815138
0.532777739711719	2.88843796672997
0.533177722999791	2.89572497733815
0.533577706287863	2.9030544413692
0.533977689575935	2.91043124193051
0.534377672864007	2.91785844788806
0.534777656152079	2.92533753931403
0.535177639440151	2.9328689176352
0.535577622728222	2.9404523113693
0.535977606016294	2.94808674374638
0.536377589304366	2.95577037829579
0.536777572592438	2.96350021019678
0.53717755588051	2.97127150840712
0.537577539168582	2.97907741890182
0.537977522456654	2.98690914513794
0.538377505744725	2.99475633491548
0.538777489032797	3.00260777895267
0.539177472320869	3.01045248130071
0.539577455608941	3.01828070150782
0.539977438897013	3.02608463588982
0.540377422185085	3.03385908333327
0.540777405473157	3.04160194014652
0.541177388761228	3.04931407671042
0.5415773720493	3.05699871011009
0.541977355337372	3.06466038444782
0.542377338625444	3.07230348630198
0.542777321913516	3.07993075788499
0.543177305201588	3.08754249386047
0.54357728848966	3.09513651025882
0.543977271777731	3.10270898015428
0.544377255065803	3.11025608653978
0.544777238353875	3.1177756870606
0.545177221641947	3.12526854445146
0.545577204930019	3.13273884390275
0.545977188218091	3.14019377840138
0.546377171506163	3.14764243946631
0.546777154794234	3.15509445528836
0.547177138082306	3.16255873599789
0.547577121370378	3.17004263816813
0.54797710465845	3.17755169473435
0.548377087946522	3.1850895283723
0.548777071234594	3.19265810520823
0.549177054522666	3.20025817341642
0.549577037810738	3.2078897170667
0.549977021098809	3.21555243430632
0.550377004386881	3.22324629558635
0.550776987674953	3.23097181647807
0.551176970963025	3.23873005866273
0.551576954251097	3.24652256355469
0.551976937539169	3.2543509510236
0.552376920827241	3.26221630123201
0.552776904115312	3.27011886723708
0.553176887403384	3.27805804506243
0.553576870691456	3.28603258055854
0.553976853979528	3.29404095884416
0.5543768372676	3.30208186143582
0.554776820555672	3.31015444414156
0.555176803843744	3.31825858611621
0.555576787131815	3.32639502144988
0.555976770419887	3.33456540994524
0.556376753707959	3.34277241000854
0.556776736996031	3.35101985794549
0.557176720284103	3.35931289919697
0.557576703572175	3.36765791123175
0.557976686860247	3.3760622238485
0.558376670148318	3.38453379468629
0.55877665343639	3.39308078951765
0.559176636724462	3.40171117857953
0.559576620012534	3.41043225903426
0.559976603300606	3.41925013018456
0.560376586588678	3.42816887931867
0.56077656987675	3.43718958424125
0.561176553164822	3.44630924400963
0.561576536452893	3.45552005087822
0.561976519740965	3.46480924460429
0.562376503029037	3.47415964154298
0.562776486317109	3.48355076039623
0.563176469605181	3.49296039298408
0.563576452893253	3.50236609422214
0.563976436181325	3.51174619349476
0.564376419469396	3.52108040270964
0.564776402757468	3.53035003759253
0.56517638604554	3.53953784525591
0.565576369333612	3.54862762030247
0.565976352621684	3.55760385969152
0.566376335909756	3.56645159158098
0.566776319197828	3.57515623939548
0.567176302485899	3.5837037013481
0.567576285773971	3.59208064747978
0.567976269062043	3.60027495374828
0.568376252350115	3.6082761646537
0.568776235638187	3.61607598535714
0.569176218926259	3.62366849585954
0.569576202214331	3.63104989395629
0.569976185502402	3.63821795731834
0.570376168790474	3.64517155630656
0.570776152078546	3.65191007519112
0.571176135366618	3.65843309931535
0.57157611865469	3.66474050912093
0.571976101942762	3.67083287320686
0.572376085230834	3.67671170322979
0.572776068518906	3.68237999810634
0.573176051806977	3.68784286075236
0.573576035095049	3.69310797584835
0.573976018383121	3.698185830718
0.574376001671193	3.70308992875078
0.574775984959265	3.70783648203767
0.575175968247337	3.71244358443359
0.575575951535409	3.71692996635432
0.57597593482348	3.72131360303763
0.576375918111552	3.72561024171298
0.576775901399624	3.7298325031658
0.577175884687696	3.73398957392943
0.577575867975768	3.73808771891137
0.57797585126384	3.74213136368196
0.578375834551912	3.74612435903257
0.578775817839983	3.75007088661671
0.579175801128055	3.75397601913748
0.579575784416127	3.75784580804353
0.579975767704199	3.76168704085952
0.580375750992271	3.76550695293242
0.580775734280343	3.76931287435933
0.581175717568415	3.77311175021027
0.581575700856486	3.77690974979932
0.581975684144558	3.78071199670295
0.58237566743263	3.7845220740511
0.582775650720702	3.78834177665642
0.583175634008774	3.79217143829933
0.583575617296846	3.79601065109976
0.583975600584918	3.79985917606658
0.584375583872989	3.80371803337267
0.584775567161061	3.80759035068314
0.585175550449133	3.81148161098103
0.585575533737205	3.81539920454661
0.585975517025277	3.81935156882957
0.586375500313349	3.82334703897563
0.586775483601421	3.82739281925147
0.587175466889493	3.8314942760157
0.587575450177564	3.83565482847139
0.587975433465636	3.83987639579488
0.588375416753708	3.84416007285029
0.58877540004178	3.84850664950638
0.589175383329852	3.85291699055965
0.589575366617924	3.85739224503187
0.589975349905996	3.86193378286469
0.590375333194067	3.86654319634462
0.590775316482139	3.87122234125057
0.591175299770211	3.87597352652154
0.591575283058283	3.88079992288558
0.591975266346355	3.88570617136446
0.592375249634427	3.89069857399589
0.592775232922499	3.89578473834415
0.59317521621057	3.90097284588028
0.593575199498642	3.90627049794909
0.593975182786714	3.91168334168264
0.594375166074786	3.91721425282359
0.594775149362858	3.92286316104912
0.59517513265093	3.92862735828735
0.595575115939002	3.93450236355702
0.595975099227073	3.94048288263232
0.596375082515145	3.94656341559212
0.596775065803217	3.9527386144605
0.597175049091289	3.95900335483132
0.597575032379361	3.96535241666608
0.597975015667433	3.97178037434938
0.598374998955505	3.9782817949079
0.598774982243577	3.98485165429178
0.599174965531648	3.99148586402675
0.59957494881972	3.99818187802554
0.599974932107792	4.00493865001045
0.600374915395864	4.01175629415189
0.600774898683936	4.01863572179989
0.601174881972008	4.02557822648519
0.60157486526008	4.03258502702246
0.601974848548151	4.0396571152942
0.602374831836223	4.0467952298404
0.602774815124295	4.05399988032328
0.603174798412367	4.06127119037513
0.603574781700439	4.06860847985639
0.603974764988511	4.07600963512733
0.604374748276583	4.08347056365135
0.604774731564654	4.09098471055399
0.605174714852726	4.09854296360844
0.605574698140798	4.10613392719774
0.60597468142887	4.11374436311558
0.606374664716942	4.12135975133271
0.606774648005014	4.12896479895765
0.607174631293086	4.13654346831783
0.607574614581157	4.14407868213722
0.607974597869229	4.1515522244443
0.608374581157301	4.15894480856289
0.608774564445373	4.16623624714687
0.609174547733445	4.1734062199438
0.609574531021517	4.18043535484011
0.609974514309589	4.18730589428747
0.61037449759766	4.19400201372213
0.610774480885732	4.20051036441601
0.611174464173804	4.20682038681167
0.611574447461876	4.21292448520902
0.611974430749948	4.21881838454725
0.61237441403802	4.22450129457986
0.612774397326092	4.22997539660741
0.613174380614164	4.23524502641909
0.613574363902235	4.24031567530944
0.613974347190307	4.24519284242344
0.614374330478379	4.24988124953803
0.614774313766451	4.25438482415089
0.615174297054523	4.25870703498907
0.615574280342595	4.26285136393364
0.615974263630667	4.26682190870095
0.616374246918738	4.27062382191244
0.61677423020681	4.27426328223401
0.617174213494882	4.27774710367747
0.617574196782954	4.28108218533617
0.617974180071026	4.28427505418112
0.618374163359098	4.2873312531098
0.61877414664717	4.29025459802592
0.619174129935241	4.29304668394177
0.619574113223313	4.29570677997414
0.619974096511385	4.2982323144993
0.620374079799457	4.30062005355783
0.620774063087529	4.30286784952348
0.621174046375601	4.30497633534548
0.621574029663673	4.30695013978671
0.621974012951744	4.30879840427265
0.622373996239816	4.31053440346326
0.622773979527888	4.31217443931803
0.62317396281596	4.31373661609959
0.623573946104032	4.31523958699912
0.623973929392104	4.3167012837067
0.624373912680176	4.31813788104996
0.624773895968247	4.31956305666663
0.625173879256319	4.32098727885342
0.625573862544391	4.32241747715902
0.625973845832463	4.32385714271013
0.626373829120535	4.32530673448546
0.626773812408607	4.32676438140745
0.627173795696679	4.32822694211998
0.62757377898475	4.32969112535027
0.627973762272822	4.33115425748534
0.628373745560894	4.332614911905
0.628773728848966	4.33407316088425
0.629173712137038	4.33553043663156
0.62957369542511	4.33698920790972
0.629973678713182	4.33845276677345
0.630373662001254	4.33992483125321
0.630773645289325	4.34140918601598
0.631173628577397	4.34290941192365
0.631573611865469	4.34442870540604
0.631973595153541	4.3459694983703
0.632373578441613	4.34753319563904
0.632773561729685	4.34911996471844
0.633173545017757	4.35072865769899
0.633573528305828	4.35235684003271
0.6339735115939	4.35400128146185
0.634373494881972	4.35565856850924
0.634773478170044	4.35732580653407
0.635173461458116	4.35900111832559
0.635573444746188	4.36068375281961
0.63597342803426	4.36237378666776
0.636373411322331	4.36407189819331
0.636773394610403	4.36577924248421
0.637173377898475	4.36749753223783
0.637573361186547	4.36922939293924
0.637973344474619	4.37097894179675
0.638373327762691	4.37275208490512
0.638773311050763	4.37455641853404
0.639173294338834	4.37640067961929
0.639573277626906	4.37829398404086
0.639973260914978	4.38024509543146
0.64037324420305	4.38226218913048
0.640773227491122	4.38435295760879
0.641173210779194	4.38652512688708
0.641573194067266	4.38878708796156
0.641973177355337	4.39114826328116
0.642373160643409	4.39361874563981
0.642773143931481	4.39620847479207
0.643173127219553	4.39892586938018
0.643573110507625	4.40177653322738
0.643973093795697	4.40476233791012
0.644373077083769	4.40788108035184
0.64477306037184	4.4111267122129
0.645173043659912	4.41449035338588
0.645573026947984	4.41796161563427
0.645973010236056	4.42152994942156
0.646372993524128	4.42518582955325
0.6467729768122	4.42892151953137
0.647172960100272	4.43273111802039
0.647572943388344	4.4366102224165
0.647972926676415	4.44055519442771
0.648372909964487	4.44456213357167
0.648772893252559	4.44862590163574
0.649172876540631	4.45273950681234
0.649572859828703	4.45689376075661
0.649972843116775	4.46107692882675
0.650372826404847	4.46527455552529
0.650772809692918	4.4694693530373
0.65117279298099	4.47364116007063
0.651572776269062	4.47776683509143
0.651972759557134	4.48182076282478
0.652372742845206	4.48577580442032
0.652772726133278	4.48960448650837
0.65317270942135	4.49328030071825
0.653572692709421	4.49677874288836
0.653972675997493	4.50007749116809
0.654372659285565	4.50315625148493
0.654772642573637	4.50599656328927
0.655172625861709	4.50858154373839
0.655572609149781	4.5108958247959
0.655972592437853	4.51292589753095
0.656372575725924	4.51466013332742
0.656772559013996	4.51608841850702
0.657172542302068	4.51720170514136
0.65757252559014	4.51799154164062
0.657972508878212	4.51844984497516
0.658372492166284	4.51856929311466
0.658772475454356	4.51834422858133
0.659172458742427	4.51777170384211
0.659572442030499	4.51685254117416
0.659972425318571	4.51559189956683
0.660372408606643	4.51399949046958
0.660772391894715	4.51208960387524
0.661172375182787	4.509880949202
0.661572358470859	4.50739624726034
0.661972341758931	4.50466151092162
0.662372325047002	4.50170479495934
0.662772308335074	4.49855429934657
0.663172291623146	4.49523632349805
0.663572274911218	4.49177335792775
0.66397225819929	4.48818271725705
0.664372241487362	4.4844759933481
0.664772224775434	4.48065940668536
0.665172208063505	4.47673457118985
0.665572191351577	4.47269939735619
0.665972174639649	4.46854892352764
0.666372157927721	4.46427608097074
0.666772141215793	4.45987229142964
0.667172124503865	4.45532819682349
0.667572107791937	4.45063440606893
0.667972091080008	4.44578206615885
0.66837207436808	4.44076306801544
0.668772057656152	4.43557041154696
0.669172040944224	4.4301985893861
0.669572024232296	4.42464379950316
0.669972007520368	4.41890433099596
0.67037199080844	4.41298112621187
0.670771974096511	4.40687798164886
0.671171957384583	4.40060162292572
0.671571940672655	4.39416172668875
0.671971923960727	4.38757059623136
0.672371907248799	4.38084253828272
0.672771890536871	4.37399322132209
0.673171873824943	4.36703872656516
0.673571857113014	4.35999443318163
0.673971840401086	4.35287422941037
0.674371823689158	4.34569004865279
0.67477180697723	4.33845153806974
0.675171790265302	4.33116628942923
0.675571773553374	4.32384064749832
0.675971756841446	4.31648093802083
0.676371740129518	4.30909466673969
0.676771723417589	4.30169143639548
0.677171706705661	4.29428322978099
0.677571689993733	4.2868841359542
0.677971673281805	4.27950935788782
0.678371656569877	4.27217380274126
0.678771639857949	4.26489080505054
0.679171623146021	4.25767136845795
0.679571606434092	4.25052405250808
0.679971589722164	4.24345564551314
0.680371573010236	4.23647247523474
0.680771556298308	4.22958199274946
0.68117153958638	4.22279419448975
0.681571522874452	4.21612245916324
0.681971506162524	4.20958371574535
0.682371489450595	4.20319815537842
0.682771472738667	4.19698850705135
0.683171456026739	4.19097875633448
0.683571439314811	4.18519287609015
0.683971422602883	4.17965377187374
0.684371405890955	4.17438239807437
0.684771389179027	4.16939687240814
0.685171372467098	4.16471185968303
0.68557135575517	4.16033816019712
0.685971339043242	4.15628257468032
0.686371322331314	4.15254802631648
0.686771305619386	4.1491339400092
0.687171288907458	4.14603675593269
0.68757127219553	4.14325066701838
0.687971255483601	4.14076838812247
0.688371238771673	4.1385817106426
0.688771222059745	4.13668179970434
0.689171205347817	4.13505942905077
0.689571188635889	4.13370511496348
0.689971171923961	4.13260900742412
0.690371155212033	4.13176113034189
0.690771138500105	4.13115214840688
0.691171121788176	4.13077418855464
0.691571105076248	4.13062163203054
0.69197108836432	4.13069183343593
0.692371071652392	4.13098505927255
0.692771054940464	4.13150367316858
0.693171038228536	4.1322511011477
0.693571021516608	4.13323055308606
0.693971004804679	4.13444383236214
0.694370988092751	4.13589086192534
0.694770971380823	4.13756999308993
0.695170954668895	4.13947898432774
0.695570937956967	4.14161668259185
0.695970921245039	4.14398448860311
0.696370904533111	4.14658715882328
0.696770887821182	4.14943284483787
0.697170871109254	4.1525321983882
0.697570854397326	4.15589648720939
0.697970837685398	4.1595357179085
0.69837082097347	4.16345726275147
0.698770804261542	4.16766528998689
0.699170787549614	4.17216085295694
0.699570770837685	4.17694260896683
0.699970754125757	4.18200772340884
0.700370737413829	4.18735272771282
0.700770720701901	4.19297366479791
0.701170703989973	4.19886578124777
0.701570687278045	4.20502284405675
0.701970670566117	4.2114365319633
0.702370653854189	4.21809623753023
0.70277063714226	4.22498946085348
0.703170620430332	4.23210229558037
0.703570603718404	4.23942022868996
0.703970587006476	4.24692923650453
0.704370570294548	4.2546165331177
0.70477055358262	4.2624708281548
0.705170536870692	4.27048259685871
0.705570520158763	4.27864389385538
0.705970503446835	4.28694745049491
0.706370486734907	4.29538538827812
0.706770470022979	4.30394828452907
0.707170453311051	4.31262460315167
0.707570436599123	4.32140083610022
0.707970419887195	4.33026240848706
0.708370403175266	4.33919499272514
0.708770386463338	4.34818586037345
0.70917036975141	4.35722506359963
0.709570353039482	4.36630609637883
0.709970336327554	4.37542576168416
0.710370319615626	4.38458366086977
0.710770302903698	4.39378182950871
0.711170286191769	4.40302434479198
0.711570269479841	4.41231695891213
0.711970252767913	4.42166709831533
0.712370236055985	4.43108382219624
0.712770219344057	4.44057720020377
0.713170202632129	4.45015732903482
0.713570185920201	4.45983323122179
0.713970169208272	4.46961153761807
0.714370152496344	4.47949509766586
0.714770135784416	4.48948147222366
0.715170119072488	4.49956154599694
0.71557010236056	4.50971847652463
0.715970085648632	4.51992742617792
0.716370068936704	4.53015599137025
0.716770052224776	4.54036563651016
0.717170035512847	4.55051412500499
0.717570018800919	4.56055839482768
0.717970002088991	4.57045705103269
0.718369985377063	4.58017220003496
0.718769968665135	4.58967046052746
0.719169951953207	4.59892312157506
0.719569935241279	4.60790561845303
0.71996991852935	4.61659675657882
0.720369901817422	4.62497800651395
0.720769885105494	4.63303295902661
0.721169868393566	4.64074686053807
0.721569851681638	4.64810610808655
0.72196983496971	4.65509773373159
0.722369818257782	4.66170921848178
0.722769801545853	4.66792875637687
0.723169784833925	4.67374586896533
0.723569768121997	4.67915244090095
0.723969751410069	4.68414377422956
0.724369734698141	4.68871928744044
0.724769717986213	4.69288242277523
0.725169701274285	4.69664000472148
0.725569684562356	4.70000113881041
0.725969667850428	4.70297606040956
0.7263696511385	4.70557513463875
0.726769634426572	4.70780849255944
0.727169617714644	4.70968622988493
0.727569601002716	4.71121915463646
0.727969584290788	4.71241975614546
0.72836956757886	4.71330322600149
0.728769550866931	4.71388803434887
0.729169534155003	4.71419601963756
0.729569517443075	4.71425197005323
0.729969500731147	4.71408280374571
0.730369484019219	4.71371633995198
0.730769467307291	4.71318014907892
0.731169450595363	4.71250031149307
0.731569433883434	4.7116998673427
0.731969417171506	4.71079737346009
0.732369400459578	4.70980596349258
0.73276938374765	4.70873279942604
0.733169367035722	4.70757915888512
0.733569350323794	4.70634161082891
0.733969333611866	4.70501408369572
0.734369316899937	4.70359031090781
0.734769300188009	4.70206625418079
0.735169283476081	4.70044175295881
0.735569266764153	4.698720831163
0.735969250052225	4.69691090168232
0.736369233340297	4.69502133495109
0.736769216628369	4.69306171741047
0.73716919991644	4.69104045125506
0.737569183204512	4.68896428158232
0.737969166492584	4.68683856454959
0.738369149780656	4.68466790581705
0.738769133068728	4.68245704041706
0.7391691163568	4.68021149049355
0.739569099644872	4.6779376481107
0.739969082932944	4.6756422279109
0.740369066221015	4.67333146930449
0.740769049509087	4.67101006529601
0.741169032797159	4.66868040511609
0.741569016085231	4.66634239761015
0.741968999373303	4.66399371223052
0.742368982661375	4.66163020293825
0.742768965949447	4.65924667049757
0.743168949237518	4.65683753467795
0.74356893252559	4.65439729977881
0.743968915813662	4.65192091703255
0.744368899101734	4.64940423626052
0.744768882389806	4.64684431257909
0.745168865677878	4.64423976794886
0.74556884896595	4.64159112856299
0.745968832254021	4.63890066199966
0.746368815542093	4.63617160587322
0.746768798830165	4.63340714775402
0.747168782118237	4.63060922582403
0.747568765406309	4.6277774161432
0.747968748694381	4.62490861733296
0.748368731982453	4.62199758354333
0.748768715270524	4.61903782316895
0.749168698558596	4.61602278128655
0.749568681846668	4.61294696149342
0.74996866513474	4.60980634526196
0.750368648422812	4.60659814202525
0.750768631710884	4.60332041901855
0.751168614998956	4.59997155890628
0.751568598287027	4.59654975640696
0.751968581575099	4.5930530157821
0.752368564863171	4.58947910165539
0.752768548151243	4.58582507610549
0.753168531439315	4.58208677057355
0.753568514727387	4.5782581850117
0.753968498015459	4.57433078123309
0.754368481303531	4.57029320538042
0.754768464591602	4.56613174126937
0.755168447879674	4.56183109741901
0.755568431167746	4.55737545189394
0.755968414455818	4.55274956334413
0.75636839774389	4.54793974150611
0.756768381031962	4.54293451446933
0.757168364320034	4.53772517959865
0.757568347608105	4.53230631919985
0.757968330896177	4.52667611300648
0.758368314184249	4.52083635538201
0.758768297472321	4.51479218479715
0.759168280760393	4.50855156304815
0.759568264048465	4.50212431376168
0.759968247336537	4.49552094241935
0.760368230624608	4.48875153697951
0.76076821391268	4.48182457835454
0.761168197200752	4.47474588051375
0.761568180488824	4.46751818796766
0.761968163776896	4.46014137913051
0.762368147064968	4.45261314668831
0.76276813035304	4.44493032308512
0.763168113641111	4.43709048880288
0.763568096929183	4.4290931531755
0.763968080217255	4.42094032897817
0.764368063505327	4.41263651238828
0.764768046793399	4.40418831934936
0.765168030081471	4.39560403133329
0.765568013369543	4.38689319134054
0.765967996657615	4.37806663542222
0.766367979945686	4.36913691842769
0.766767963233758	4.36011831387718
0.76716794652183	4.35102628177203
0.767567929809902	4.34187669911711
0.767967913097974	4.33268477708704
0.768367896386046	4.32346395327984
0.768767879674118	4.31422536808509
0.769167862962189	4.30497759176417
0.769567846250261	4.29572631968237
0.769967829538333	4.28647443633906
0.770367812826405	4.27722232807649
0.770767796114477	4.2679680308427
0.771167779402549	4.25870781214427
0.771567762690621	4.24943752016722
0.771967745978692	4.24015406301817
0.772367729266764	4.23085657267393
0.772767712554836	4.22154720928564
0.773167695842908	4.21223112729019
0.77356767913098	4.20291534513246
0.773967662419052	4.19360678836963
0.774367645707124	4.18431014528482
0.774767628995195	4.17502611666196
0.775167612283267	4.1657504151659
0.775567595571339	4.15647362962945
0.775967578859411	4.1471818248658
0.776367562147483	4.13785756488048
0.776767545435555	4.12848115110207
0.777167528723627	4.1190318868014
0.777567512011698	4.109489203646
0.77796749529977	4.09983382291933
0.778367478587842	4.09004893077129
0.778767461875914	4.08012110440416
0.779167445163986	4.07004062443135
0.779567428452058	4.05980140687794
0.77996741174013	4.04940051090687
0.780367395028202	4.03883739856208
0.780767378316273	4.02811323260554
0.781167361604345	4.0172304236694
0.781567344892417	4.00619234420807
0.781967328180489	3.99500358139532
0.782367311468561	3.98367036794558
0.782767294756633	3.97220089774933
0.783167278044705	3.96060558822513
0.783567261332776	3.94889723744561
0.783967244620848	3.93709045739431
0.78436722790892	3.9252007256985
0.784767211196992	3.91324329307823
0.785167194485064	3.90123187162021
0.785567177773136	3.88917745122029
0.785967161061208	3.87708766409135
0.786367144349279	3.86496660967658
0.786767127637351	3.85281540437026
0.787167110925423	3.8406335133815
0.787567094213495	3.8284201979889
0.787967077501567	3.81617580745671
0.788367060789639	3.80390274276368
0.788767044077711	3.79160576530161
0.789167027365782	3.77929162018084
0.789567010653854	3.76696843109268
0.789966993941926	3.75464489277365
0.790366977229998	3.74232963355912
0.79076696051807	3.73003116310804
0.791166943806142	3.71775846204529
0.791566927094214	3.70552212101912
0.791966910382286	3.69333588417665
0.792366893670357	3.68121798438819
0.792766876958429	3.66919188290771
0.793166860246501	3.6572863026003
0.793566843534573	3.64553449849107
0.793966826822645	3.63397303992218
0.794366810110717	3.62264076020116
0.794766793398789	3.61157806320672
0.79516677668686	3.60082655451493
0.795566759974932	3.590429015068
0.795966743263004	3.58042930329109
0.796366726551076	3.57087173784974
0.796766709839148	3.56179972231484
0.79716669312722	3.55325377405515
0.797566676415292	3.54526914152107
0.797966659703363	3.5378737540368
0.798366642991435	3.53108705009623
0.798766626279507	3.52491989775941
0.799166609567579	3.51937560058422
0.799566592855651	3.51445180817794
0.799966576143723	3.51014281748945
0.800366559431795	3.5064418141312
0.800766542719866	3.50334273296277
0.801166526007938	3.50084161075096
0.80156650929601	3.49893705432058
0.801966492584082	3.49762983792518
0.802366475872154	3.49692164516123
0.802766459160226	3.49681350368125
0.803166442448298	3.49730424152142
0.803566425736369	3.49838931151873
0.803966409024441	3.50006002312211
0.804366392312513	3.50230332778388
0.804766375600585	3.50510212015456
0.805166358888657	3.50843583360969
0.805566342176729	3.51228103302305
0.805966325464801	3.51661196599395
0.806366308752873	3.52140095375271
0.806766292040944	3.52661873349981
0.807166275329016	3.53223470382782
0.807566258617088	3.53821732910202
0.80796624190516	3.54453464690871
0.808366225193232	3.55115491345243
0.808766208481304	3.55804719503469
0.809166191769376	3.56518185810074
0.809566175057447	3.57253097060637
0.809966158345519	3.58006846493228
0.810366141633591	3.58776998412093
0.810766124921663	3.59561223925969
0.811166108209735	3.60357207088847
0.811566091497807	3.61162541804034
0.811966074785879	3.61974660506525
0.81236605807395	3.62790802059175
0.812766041362022	3.63608035433011
0.813166024650094	3.64423336266766
0.813566007938166	3.65233682375679
0.813965991226238	3.66036139380457
0.81436597451431	3.66827930640443
0.814765957802382	3.67606466171981
0.815165941090453	3.68369304251667
0.815565924378525	3.69114089900064
0.815965907666597	3.69838516610979
0.816365890954669	3.70540296041549
0.816765874242741	3.7121715175749
0.817165857530813	3.71866870710798
0.817565840818885	3.7248735504951
0.817965824106957	3.73076651974707
0.818365807395028	3.73632991624948
0.8187657906831	3.74154806945539
0.819165773971172	3.74640716972199
0.819565757259244	3.75089529757896
0.819965740547316	3.75500243280532
0.820365723835388	3.75872008443837
0.82076570712346	3.76204082204545
0.821165690411531	3.76495795201365
0.821565673699603	3.76746506876371
0.821965656987675	3.76955557317097
0.822365640275747	3.77122237296741
0.822765623563819	3.77245779155486
0.823165606851891	3.77325380084206
0.823565590139963	3.77360263623232
0.823965573428034	3.77349780463682
0.824365556716106	3.77293553059292
0.824765540004178	3.77191651688999
0.82516552329225	3.77044738524817
0.825565506580322	3.76854159112658
0.825965489868394	3.7662195644492
0.826365473156466	3.76350802924831
0.826765456444537	3.76043875369512
0.827165439732609	3.75704693396019
0.827565423020681	3.75336918860467
0.827965406308753	3.74944160810654
0.828365389596825	3.74529826626612
0.828765372884897	3.74097008497286
0.829165356172969	3.73648410168902
0.82956533946104	3.73186347796669
0.829965322749112	3.72712826315024
0.830365306037184	3.72229677080402
0.830765289325256	3.71738724087555
0.831165272613328	3.71241941315021
0.8315652559014	3.70741531969667
0.831965239189472	3.70239932508668
0.832365222477544	3.6973974337794
0.832765205765615	3.69243596039219
0.833165189053687	3.68753998572981
0.833565172341759	3.68273216622019
0.833965155629831	3.67803193890755
0.834365138917903	3.67345522302436
0.834765122205975	3.66901458502781
0.835165105494047	3.66471998176514
0.835565088782118	3.66057974847168
0.83596507207019	3.65660156202154
0.836365055358262	3.6527930456403
0.836765038646334	3.64916195510274
0.837165021934406	3.64571592812914
0.837565005222478	3.64246210374353
0.83796498851055	3.63940666315353
0.838364971798621	3.63655444799548
0.838764955086693	3.63390886372743
0.839164938374765	3.63147194366161
0.839564921662837	3.62924449262806
0.839964904950909	3.62722613327799
0.840364888238981	3.62541518450273
0.840764871527053	3.62380860973914
0.841164854815124	3.62240212990932
0.841564838103196	3.62119054743382
0.841964821391268	3.62016813509245
0.84236480467934	3.61932898234713
0.842764787967412	3.61866712078882
0.843164771255484	3.61817612180249
0.843564754543556	3.61784847389584
0.843964737831628	3.61767509602749
0.844364721119699	3.61764491097442
0.844764704407771	3.61774450714782
0.845164687695843	3.61795790222574
0.845564670983915	3.61826637541576
0.845964654271987	3.61864827368052
0.846364637560059	3.61907887748931
0.846764620848131	3.61953040172365
0.847164604136202	3.61997246862687
0.847564587424274	3.6203730112659
0.847964570712346	3.62069979142037
0.848364554000418	3.62092216837416
0.84876453728849	3.62101251345943
0.849164520576562	3.62094701419266
0.849564503864634	3.62070589628632
0.849964487152705	3.62027274610549
0.850364470440777	3.61963324247832
0.850764453728849	3.61877403276245
0.851164437016921	3.61768210801761
0.851564420304993	3.61634447969774
0.851964403593065	3.61474844588212
0.852364386881137	3.61288246569574
0.852764370169208	3.61073702214457
0.85316435345728	3.60830541427819
0.853564336745352	3.60558446459922
0.853964320033424	3.60257481113666
0.854364303321496	3.59928084913854
0.854764286609568	3.59571072949629
0.85516426989764	3.59187618609296
0.855564253185711	3.58779209765186
0.855964236473783	3.5834759062573
0.856364219761855	3.57894692538741
0.856764203049927	3.57422532367263
0.857164186337999	3.56933090298567
0.857564169626071	3.56428197573251
0.857964152914143	3.55909444767531
0.858364136202215	3.5537811011537
0.858764119490286	3.5483512587637
0.859164102778358	3.5428108210976
0.85956408606643	3.53716252654722
0.859964069354502	3.53140647251406
0.860364052642574	3.52554086675934
0.860764035930646	3.5195628514854
0.861164019218718	3.51346934998629
0.861564002506789	3.50725793062599
0.861963985794861	3.50092766013746
0.862363969082933	3.49447999396676
0.862763952371005	3.48791941522857
0.863163935659077	3.48125373086323
0.863563918947149	3.47449400801172
0.863963902235221	3.46765405438401
0.864363885523292	3.46074941279813
0.864763868811364	3.45379623943327
0.865163852099436	3.44680995839213
0.865563835387508	3.43980369357257
0.86596381867558	3.43278694182419
0.866363801963652	3.42576464576764
0.866763785251724	3.41873648726133
0.867163768539795	3.41169685425708
0.867563751827867	3.40463584283099
0.867963735115939	3.39754072969738
0.868363718404011	3.39039781687066
0.868763701692083	3.38319467682251
0.869163684980155	3.37592212046948
0.869563668268227	3.36857510907249
0.869963651556299	3.36115290132862
0.87036363484437	3.35365829613001
0.870763618132442	3.34609624281537
0.871163601420514	3.33847237328869
0.871563584708586	3.33079196296144
0.871963567996658	3.32305904575874
0.87236355128473	3.31527585898437
0.872763534572802	3.30744262543162
0.873163517860873	3.29955748314901
0.873563501148945	3.29161620257785
0.873963484437017	3.2836123069855
0.874363467725089	3.27553751398575
0.874763451013161	3.26738228943483
0.875163434301233	3.25913626653036
0.875563417589305	3.25078872180319
0.875963400877376	3.24232865268843
0.876363384165448	3.23374456564416
0.87676336745352	3.22502427587853
0.877163350741592	3.21615481693632
0.877563334029664	3.20712250368276
0.877963317317736	3.19791351356813
0.878363300605808	3.18851482755906
0.878763283893879	3.17891499648259
0.879163267181951	3.16910502898103
0.879563250470023	3.15907943497438
0.879963233758095	3.1488367034408
0.880363217046167	3.13837930048569
0.880763200334239	3.1277134766248
0.881163183622311	3.11684872275792
0.881563166910383	3.1057970078732
0.881963150198454	3.09457227826914
0.882363133486526	3.08319007466494
0.882763116774598	3.07166726226344
0.88316310006267	3.06002228200388
0.883563083350742	3.04827542495104
0.883963066638814	3.0364487382322
0.884363049926886	3.02456574832862
0.884763033214957	3.01265113720454
0.885163016503029	3.0007300726509
0.885562999791101	2.98882740040692
0.885962983079173	2.97696704356139
0.886362966367245	2.96517151238717
0.886762949655317	2.95346159085639
0.887162932943389	2.94185620738293
0.88756291623146	2.93037239702442
0.887962899519532	2.91902537246215
0.888362882807604	2.90782860312599
0.888762866095676	2.8967939665943
0.889162849383748	2.88593191134211
0.88956283267182	2.87525181761897
0.889962815959892	2.86476271567958
0.890362799247963	2.85447457451769
0.890762782536035	2.84439987269927
0.891162765824107	2.83455511419783
0.891562749112179	2.82496207260775
0.891962732400251	2.81564836434406
0.892362715688323	2.80664686509098
0.892762698976395	2.79799407233142
0.893162682264466	2.78972783776919
0.893562665552538	2.78188483406803
0.89396264884061	2.77449810154657
0.894362632128682	2.76759524126052
0.894762615416754	2.76119729678345
0.895162598704826	2.75531843277756
0.895562581992898	2.74996623547836
0.89596256528097	2.74514246614064
0.896362548569041	2.74084404526277
0.896762531857113	2.73706420303456
0.897162515145185	2.73379389833873
0.897562498433257	2.73102327355493
0.897962481721329	2.72874278776324
0.898362465009401	2.72694387980416
0.898762448297473	2.72561929731381
0.899162431585544	2.72476286185728
0.899562414873616	2.72436871073863
0.899962398161688	2.72443033945077
0.90036238144976	2.72493977431734
0.900762364737832	2.72588693124033
0.901162348025904	2.72725942824927
0.901562331313976	2.72904278972242
0.901962314602047	2.73122103644415
0.902362297890119	2.73377742189153
0.902762281178191	2.73669507962546
0.903162264466263	2.7399571539053
0.903562247754335	2.7435465983731
0.903962231042407	2.7474455856022
0.904362214330479	2.75163481276717
0.90476219761855	2.75609300787623
0.905162180906622	2.76079672449503
0.905562164194694	2.76572038273065
0.905962147482766	2.77083666439474
0.906362130770838	2.77611698494554
0.90676211405891	2.78153165939663
0.907162097346982	2.78704973580538
0.907562080635054	2.79263876497416
0.907962063923125	2.79826463030156
0.908362047211197	2.80389179080937
0.908762030499269	2.80948412070287
0.909162013787341	2.81500617720992
0.909561997075413	2.8162739879394
0.909961980363485	2.81715512690445
0.910361963651557	2.81765594196592
0.910761946939628	2.81779174427884
0.9111619302277	2.81758464996654
0.911561913515772	2.8170608908675
0.911961896803844	2.81624839603662
0.912361880091916	2.81517494571525
0.912761863379988	2.8138669293316
0.91316184666806	2.8123486053567
0.913561829956131	2.81064172458137
0.913961813244203	2.80876540831524
0.914361796532275	2.80673619863853
0.914761779820347	2.80456821185361
0.915161763108419	2.80227335679757
0.915561746396491	2.79986159661403
0.915961729684563	2.79734121967535
0.916361712972634	2.79471910692184
0.916761696260706	2.79200098869469
0.917161679548778	2.78919167365189
0.91756166283685	2.78629522739583
0.917961646124922	2.78331511328768
0.918361629412994	2.78025428845899
0.918761612701066	2.77711526532103
0.919161595989137	2.773900150638
0.919561579277209	2.77061068012846
0.919961562565281	2.76724824484351
0.920361545853353	2.76381392205309
0.920761529141425	2.76030851227848
0.921161512429497	2.75673257919087
0.921561495717569	2.75308647445974
0.921961479005641	2.74937036101127
0.922361462293712	2.7455842354811
0.922761445581784	2.74172794887125
0.923161428869856	2.73780122093789
0.923561412157928	2.73380365798505
0.923961395446	2.72973476626521
0.924361378734072	2.72559396256652
0.924761362022144	2.72138058262521
0.925161345310215	2.71709388578831
0.925561328598287	2.71273305845537
0.925961311886359	2.70829722253878
0.926361295174431	2.70378544802496
0.926761278462503	2.69919676106479
0.927161261750575	2.6945301544153
0.927561245038647	2.68978460099467
0.927961228326718	2.68495906226257
0.92836121161479	2.68005248965587
0.928761194902862	2.67506382592855
0.929161178190934	2.6699920092845
0.929561161479006	2.66483598504787
0.929961144767078	2.65959472471016
0.93036112805515	2.65426724964481
0.930761111343221	2.64885265612438
0.931161094631293	2.6433501418584
0.931561077919365	2.63775902367712
0.931961061207437	2.63207874224571
0.932361044495509	2.62630885702448
0.932761027783581	2.62044903543787
0.933161011071653	2.61449903664328
0.933560994359724	2.60845869212543
0.933960977647796	2.60232788901281
0.934360960935868	2.59610655383545
0.93476094422394	2.58979463740181
0.935160927512012	2.58339210080697
0.935560910800084	2.57689890282546
0.935960894088156	2.57031498975871
0.936360877376228	2.56364029135693
0.936760860664299	2.5568747225652
0.937160843952371	2.55001818990753
0.937560827240443	2.54307060325843
0.937960810528515	2.53603189349254
0.938360793816587	2.52890203293271
0.938760777104659	2.52168105528058
0.939160760392731	2.51436906902461
0.939560743680802	2.50696626293838
0.939960726968874	2.49947290286497
0.940360710256946	2.49188931935486
0.940760693545018	2.48421588728594
0.94116067683309	2.47645300556325
0.941560660121162	2.4686010814732
0.941960643409234	2.46066051798053
0.942360626697305	2.45263170669106
0.942760609985377	2.44451502576009
0.943160593273449	2.43631083826616
0.943560576561521	2.42801948828522
0.943960559849593	2.41964129938026
0.944360543137665	2.41117657262553
0.944760526425737	2.40262558450357
0.945160509713808	2.39398859065688
0.94556049300188	2.385265836293
0.945960476289952	2.37645756671592
0.946360459578024	2.36756403846825
0.946760442866096	2.35858553306963
0.947160426154168	2.34952236791542
0.94756040944224	2.34037490120217
0.947960392730311	2.33114353505517
0.948360376018383	2.32182871552116
0.948760359306455	2.31243092855607
0.949160342594527	2.30295069430538
0.949560325882599	2.29338856265527
0.949960309170671	2.28374510937185
0.950360292458743	2.2740209367439
0.950760275746814	2.26421667916001
0.951160259034886	2.25433300945106
0.951560242322958	2.24437064111682
0.95196022561103	2.23433032664489
0.952360208899102	2.22421285001036
0.952760192187174	2.21401901294229
0.953160175475246	2.20374961622084
0.953560158763318	2.19340544145528
0.953960142051389	2.18298723837136
0.954360125339461	2.17249572262259
0.954760108627533	2.16193157858951
0.955160091915605	2.15129546021713
0.955560075203677	2.14058798971427
0.955960058491749	2.12980975393473
0.956360041779821	2.11896129524674
0.956760025067892	2.10804310346264
0.957160008355964	2.09705562157836
