0	0.721638890069598
0.000399983265698866	0.721900487782189
0.000799966531397733	0.722177735440888
0.0011999497970966	0.722470237339035
0.00159993306279547	0.722777563900795
0.00199991632849433	0.723099271051786
0.0023998995941932	0.723434913754685
0.00279988285989206	0.723784051388835
0.00319986612559093	0.724146240757516
0.0035998493912898	0.724521037833919
0.00399983265698866	0.724908000442593
0.00439981592268753	0.725306693567775
0.0047997991883864	0.725716697416524
0.00519978245408526	0.72613761319552
0.00559976571978413	0.72656906541289
0.00599974898548299	0.727010705932295
0.00639973225118186	0.72746221698665
0.00679971551688073	0.727923310061926
0.00719969878257959	0.728393723344462
0.00759968204827846	0.728873220719984
0.00799966531397733	0.729361587057914
0.00839964857967619	0.72985862193706
0.00879963184537506	0.730364134708918
0.00919961511107393	0.730877940257515
0.00959959837677279	0.731399853950898
0.00999958164247166	0.731929690668028
0.0103995649081705	0.732467267668506
0.0107995481738694	0.733012409039813
0.0111995314395683	0.733564952738453
0.0115995147052671	0.734124757451106
0.011999497970966	0.734691704620059
0.0123994812366649	0.735265697382668
0.0127994645023637	0.735846656773583
0.0131994477680626	0.736434515159937
0.0135994310337615	0.737029209063147
0.0139994142994603	0.737630674502807
0.0143993975651592	0.73823884523366
0.0147993808308581	0.73885365344255
0.0151993640965569	0.739475030692323
0.0155993473622558	0.740102907342533
0.0159993306279547	0.740737211824468
0.0163993138936535	0.741377868964952
0.0167992971593524	0.742024797691
0.0171992804250513	0.742677910794923
0.0175992636907501	0.743337118226578
0.017999246956449	0.744002332069244
0.0183992302221479	0.744673473457477
0.0187992134878467	0.745350479718123
0.0191991967535456	0.74603330817737
0.0195991800192445	0.746721938537766
0.0199991632849433	0.747416374987665
0.0203991465506422	0.748116645960013
0.020799129816341	0.748822803999162
0.0211991130820399	0.74953492974791
0.0215990963477388	0.750253137087395
0.0219990796134376	0.750977577668178
0.0223990628791365	0.75170844502917
0.0227990461448354	0.752445977418729
0.0231990294105342	0.753190457763965
0.0235990126762331	0.753942212996253
0.023998995941932	0.754701611933928
0.0243989792076308	0.755469061547261
0.0247989624733297	0.756245004055205
0.0251989457390286	0.757029914647676
0.0255989290047274	0.757824298466177
0.0259989122704263	0.758628687860573
0.0263988955361252	0.759443639010083
0.026798878801824	0.760269728571953
0.0271988620675229	0.76110755330594
0.0275988453332218	0.761957730426592
0.0279988285989206	0.762820897550283
0.0283988118646195	0.763697715720071
0.0287987951303184	0.76458887388597
0.0291987783960172	0.765495090419298
0.0295987616617161	0.766417117664655
0.029998744927415	0.767355747339418
0.0303987281931138	0.76831181185346
0.0307987114588127	0.769286182018564
0.0311986947245116	0.770279761202457
0.0315986779902104	0.771293467404485
0.0319986612559093	0.772328209188283
0.0323986445216082	0.77338486240133
0.032798627787307	0.77446424755665
0.0331986110530059	0.775567112022311
0.0335985943187048	0.776694128456957
0.0339985775844036	0.777845908845436
0.0343985608501025	0.779023026197915
0.0347985441158014	0.780226041683573
0.0351985273815002	0.781455528221661
0.0355985106471991	0.78271207452299
0.035998493912898	0.783996266296664
0.0363984771785968	0.785308650501969
0.0367984604442957	0.786649684030448
0.0371984437099946	0.788019675059776
0.0375984269756934	0.789418734975312
0.0379984102413923	0.790846744019761
0.0383983935070912	0.792303329210237
0.03879837677279	0.793787851336314
0.0391983600384889	0.795299393233847
0.0395983433041878	0.796836733839556
0.0399983265698866	0.798398309993701
0.0403983098355855	0.799982163913113
0.0407982931012844	0.801585873505033
0.0411982763669832	0.803206471564213
0.0415982596326821	0.804840366036733
0.041998242898381	0.806483250636133
0.0423982261640798	0.808130008817345
0.0427982094297787	0.809774611907722
0.0431981926954776	0.811410013812983
0.0435981759611764	0.813028041702173
0.0439981592268753	0.814619297405289
0.0443981424925742	0.816173080529375
0.044798125758273	0.817677360092677
0.0451981090239719	0.819118846688842
0.0455980922896708	0.820483244398527
0.0459980755553696	0.821755787684919
0.0463980588210685	0.822922203127601
0.0467980420867674	0.823970248049819
0.0471980253524662	0.824891929304663
0.0475980086181651	0.8256863995297
0.047997991883864	0.82636336912467
0.0483979751495628	0.827210076232042
0.0487979584152617	0.828056325168115
0.0491979416809606	0.828892726698956
0.0495979249466594	0.829708752508431
0.0499979082123583	0.830493361987862
0.0503978914780572	0.831235749065839
0.050797874743756	0.831926037266475
0.0511978580094549	0.832555512471764
0.0515978412751538	0.833116847155038
0.0519978245408526	0.833604063857694
0.0523978078065515	0.834012383218099
0.0527977910722504	0.834338201061918
0.0531977743379492	0.834579254820771
0.0535977576036481	0.834734909175631
0.053997740869347	0.834806749029696
0.0543977241350458	0.834799173502293
0.0547977074007447	0.834719767241414
0.0551976906664435	0.834579331440543
0.0555976739321424	0.834391750748688
0.0559976571978413	0.834173386655573
0.0563976404635401	0.833942203488244
0.056797623729239	0.833716870522031
0.0571976069949379	0.833515984885309
0.0575975902606367	0.833357359311973
0.0579975735263356	0.833257622875758
0.0583975567920345	0.833232202093609
0.0587975400577333	0.833295526433999
0.0591975233234322	0.833461357241964
0.0595975065891311	0.833743101572978
0.0599974898548299	0.834153898876173
0.0603974731205288	0.83470658017963
0.0607974563862277	0.835413584629805
0.0611974396519265	0.836286838741043
0.0615974229176254	0.837337593405397
0.0619974061833243	0.838576376986868
0.0623973894490231	0.84001305047503
0.062797372714722	0.841656829995985
0.0631973559804209	0.843516293752741
0.0635973392461197	0.84559935737907
0.0639973225118186	0.847913213274426
0.0643973057775175	0.85046419555357
0.0647972890432163	0.853257514765917
0.0651972723089152	0.856296932489456
0.0655972555746141	0.859584358775188
0.0659972388403129	0.863119426917917
0.0663972221060118	0.866899134184907
0.0667972053717107	0.870917659868862
0.0671971886374095	0.875166363911271
0.0675971719031084	0.879634084379802
0.0679971551688073	0.884307605621994
0.0683971384345061	0.889172098927035
0.068797121700205	0.894211505081854
0.0691971049659039	0.899409074681553
0.0695970882316027	0.904747791583375
0.0699970714973016	0.910210702139337
0.0703970547630005	0.915781274379581
0.0707970380286993	0.921443783241915
0.0711970212943982	0.927183562165092
0.0715970045600971	0.93298736881439
0.0719969878257959	0.938843709100818
0.0723969710914948	0.944742793032257
0.0727969543571937	0.9506762518255
0.0731969376228925	0.956636762147619
0.0735969208885914	0.962617451889998
0.0739969041542903	0.968611288887694
0.0743968874199891	0.974610759866109
0.074796870685688	0.980607845696951
0.0751968539513869	0.986594300110303
0.0755968372170857	0.992562118552104
0.0759968204827846	0.998504000001422
0.0763968037484835	1.0044136261806
0.0767967870141823	1.01028573833858
0.0771967702798812	1.01611586701251
0.0775967535455801	1.02190005776866
0.0779967368112789	1.02763468049328
0.0783967200769778	1.03331642203998
0.0787967033426767	1.03894248614647
0.0791966866083755	1.0445109964781
0.0795966698740744	1.0500211995616
0.0799966531397733	1.055473527936
0.0803966364054721	1.06086953866158
0.080796619671171	1.06621160098266
0.0811966029368699	1.07150234305176
0.0815965862025687	1.0767443131864
0.0819965694682676	1.08193987418692
0.0823965527339665	1.08709129373106
0.0827965359996653	1.09220115095412
0.0831965192653642	1.09727295245184
0.0835965025310631	1.10231149827597
0.0839964857967619	1.10732289157744
0.0843964690624608	1.11231422251553
0.0847964523281597	1.11729287978124
0.0851964355938585	1.12226562719389
0.0855964188595574	1.12723786881964
0.0859964021252562	1.13221311181336
0.0863963853909551	1.13719270438625
0.086796368656654	1.14217576354876
0.0871963519223529	1.14715917843352
0.0875963351880517	1.1521374081929
0.0879963184537506	1.15710237159457
0.0883963017194495	1.16204338588844
0.0887962849851483	1.16694719104851
0.0891962682508472	1.17179824324981
0.0895962515165461	1.17657938274992
0.0899962347822449	1.18127248656013
0.0903962180479438	1.18585912402527
0.0907962013136426	1.1903211074116
0.0911961845793415	1.19464094657085
0.0915961678450404	1.198802223097
0.0919961511107392	1.20279006911802
0.0923961343764381	1.20659144710318
0.092796117642137	1.21019517755984
0.0931961009078359	1.21359168977351
0.0935960841735347	1.21677250953689
0.0939960674392336	1.21972956648616
0.0943960507049325	1.2224547159164
0.0947960339706313	1.22493986268067
0.0951960172363302	1.22717762738929
0.095596000502029	1.22916220053682
0.0959959837677279	1.2308901848351
0.0963959670334268	1.23236107136369
0.0967959502991256	1.23357707222308
0.0971959335648245	1.23454237860162
0.0975959168305234	1.23526219142801
0.0979959000962222	1.23574177286706
0.0983958833619211	1.23598586058142
0.09879586662762	1.23599870291231
0.0991958498933188	1.23578438155288
0.0995958331590177	1.23534718301521
0.0999958164247166	1.2346920182816
0.100395799690415	1.23382474843985
0.100795782956114	1.23275231162207
0.101195766221813	1.2314826731283
0.101595749487512	1.23002469967879
0.101995732753211	1.22838785732812
0.10239571601891	1.22658176221675
0.102795699284609	1.22461564541097
0.103195682550308	1.2224977556418
0.103595665816006	1.22023484885284
0.103995649081705	1.21783179865835
0.104395632347404	1.21529150885377
0.104795615613103	1.21261509320949
0.105195598878802	1.20980233809405
0.105595582144501	1.20685245631298
0.1059955654102	1.20376491435687
0.106395548675898	1.20054010574889
0.106795531941597	1.19717976271968
0.107195515207296	1.19368716227952
0.107595498472995	1.19006696775382
0.107995481738694	1.18632484773891
0.108395465004393	1.1824670835071
0.108795448270092	1.17850028078809
0.109195431535791	1.17443121559956
0.109595414801489	1.1702667011081
0.109995398067188	1.1660134850079
0.110395381332887	1.16167817547131
0.110795364598586	1.15726714889359
0.111195347864285	1.15278645149751
0.111595331129984	1.14824186977246
0.111995314395683	1.14363914974068
0.112395297661381	1.1389841586042
0.11279528092708	1.13428290767601
0.113195264192779	1.12954132526989
0.113595247458478	1.12476483560397
0.113995230724177	1.11995805726681
0.114395213989876	1.11512476614236
0.114795197255575	1.11026807284869
0.115195180521273	1.10539075760415
0.115595163786972	1.10049581231102
0.115995147052671	1.09558688683539
0.11639513031837	1.09066848708646
0.116795113584069	1.08574591060277
0.117195096849768	1.08082512711976
0.117595080115467	1.07591274776747
0.117995063381166	1.07101605299967
0.118395046646864	1.06614304967213
0.118795029912563	1.06130249924755
0.119195013178262	1.05650394817606
0.119594996443961	1.05175781853769
0.11999497970966	1.04707554112415
0.120394962975359	1.04246949241505
0.120794946241058	1.03795281582114
0.121194929506756	1.03353923210843
0.121594912772455	1.02924249003902
0.121994896038154	1.02507556491679
0.122394879303853	1.02105000355094
0.122794862569552	1.01717548647347
0.123194845835251	1.01345978633429
0.12359482910095	1.00990922451835
0.123994812366649	1.00652927618882
0.124394795632347	1.00332507990787
0.124794778898046	1.00030195705556
0.125194762163745	0.997465585091979
0.125594745429444	0.994821740259738
0.125994728695143	0.992376075825963
0.126394711960842	0.990134082050419
0.126794695226541	0.988100982577476
0.127194678492239	0.986281782025612
0.127594661757938	0.984681484486983
0.127994645023637	0.983305326773541
0.128394628289336	0.982158935156417
0.128794611555035	0.981248587031989
0.129194594820734	0.980581300232343
0.129594578086433	0.980164775922044
0.129994561352132	0.980007112415707
0.13039454461783	0.980116340332306
0.130794527883529	0.980499618873248
0.131194511149228	0.981162413355383
0.131594494414927	0.982107897470014
0.131994477680626	0.983336728210154
0.132394460946325	0.984846972373097
0.132794444212024	0.986634477959788
0.133194427477722	0.988693457742484
0.133594410743421	0.991016909137264
0.13399439400912	0.993596679509967
0.134394377274819	0.996423297882542
0.134794360540518	0.99948541987843
0.135194343806217	1.00276922318253
0.135594327071916	1.00625802217922
0.135994310337615	1.00993226747458
0.136394293603313	1.01377005207294
0.136794276869012	1.01774806737557
0.137194260134711	1.02184276061283
0.13759424340041	1.02603121051855
0.137994226666109	1.0302914681677
0.138394209931808	1.03460242640654
0.138794193197507	1.0389434625079
0.139194176463205	1.04329406953754
0.139594159728904	1.04763391561778
0.139994142994603	1.05194371357043
0.140394126260302	1.05620669261038
0.140794109526001	1.06040997560092
0.1411940927917	1.06454551744922
0.141594076057399	1.06861037770407
0.141994059323098	1.07260613888149
0.142394042588796	1.07653775202017
0.142794025854495	1.08041233321873
0.143194009120194	1.08423807596908
0.143593992385893	1.08802358707372
0.143993975651592	1.09177757191428
0.144393958917291	1.09550858863406
0.14479394218299	1.09922477867601
0.145193925448688	1.10293348501359
0.145593908714387	1.10664093078135
0.145993891980086	1.11035223528092
0.146393875245785	1.11407175294218
0.146793858511484	1.11780376943375
0.147193841777183	1.12155336010288
0.147593825042882	1.12532690749779
0.147993808308581	1.12913201798892
0.148393791574279	1.13297717383365
0.148793774839978	1.13687115033502
0.149193758105677	1.14082218286939
0.149593741371376	1.14483736917554
0.149993724637075	1.14892256555971
0.150393707902774	1.15308246260036
0.150793691168473	1.15732102057541
0.151193674434171	1.16164212462456
0.15159365769987	1.16605013121957
0.151993640965569	1.17055028579476
0.152393624231268	1.17514909497432
0.152793607496967	1.1798542871692
0.153193590762666	1.18467463182118
0.153593574028365	1.18961968570701
0.153993557294064	1.19469933798951
0.154393540559762	1.19992336525408
0.154793523825461	1.20530117985307
0.15519350709116	1.21084147398178
0.155593490356859	1.21655185034516
0.155993473622558	1.22243847257434
0.156393456888257	1.22850559034807
0.156793440153956	1.23475499418067
0.157193423419654	1.24118575493736
0.157593406685353	1.2477941381493
0.157993389951052	1.25457375477557
0.158393373216751	1.26151605155614
0.15879335648245	1.26861095732499
0.159193339748149	1.27584749312932
0.159593323013848	1.28321430365051
0.159993306279547	1.29069986949813
0.160393289545245	1.29829234682877
0.160793272810944	1.30597924817934
0.161193256076643	1.3137472149279
0.161593239342342	1.32158197536769
0.161993222608041	1.32946864159187
0.16239320587374	1.33739233700782
0.162793189139439	1.34533897406691
0.163193172405137	1.3532958989397
0.163593155670836	1.3612523275549
0.163993138936535	1.36919946495037
0.164393122202234	1.3771301983626
0.164793105467933	1.38503851349427
0.165193088733632	1.39291892161622
0.165593071999331	1.40076579989617
0.16599305526503	1.40857279298851
0.166393038530728	1.41633250260803
0.166793021796427	1.42403636696647
0.167193005062126	1.43167464189324
0.167592988327825	1.43923674167474
0.167992971593524	1.44671181734101
0.168392954859223	1.4540892066078
0.168792938124922	1.4613587354804
0.16919292139062	1.46851099505702
0.169592904656319	1.47553743585095
0.169992887922018	1.48243038159699
0.170392871187717	1.48918334159693
0.170792854453416	1.49579153121843
0.171192837719115	1.50225237859241
0.171592820984814	1.5085658933789
0.171992804250512	1.51473487788061
0.172392787516211	1.52076475825574
0.17279277078191	1.52666316624583
0.173192754047609	1.53243936444237
0.173592737313308	1.538103497194
0.173992720579007	1.54366562995678
0.174392703844706	1.5491348821344
0.174792687110405	1.55451868783667
0.175192670376103	1.55982217873666
0.175592653641802	1.56504794813525
0.175992636907501	1.57019636939127
0.1763926201732	1.57526629391942
0.176792603438899	1.58025602019047
0.177192586704598	1.58516430344248
0.177592569970297	1.58999124999462
0.177992553235995	1.59473892292348
0.178392536501694	1.59941158664475
0.178792519767393	1.60401570098894
0.179192503033092	1.60855971912853
0.179592486298791	1.61305384078921
0.17999246956449	1.617509654849
0.180392452830189	1.62193962405676
0.180792436095888	1.62635638474595
0.181192419361586	1.63077222793606
0.181592402627285	1.63519885701455
0.181992385892984	1.63964731328426
0.182392369158683	1.64412817251456
0.182792352424382	1.64865195443817
0.183192335690081	1.65322945607701
0.18359231895578	1.65787176268354
0.183992302221478	1.66259005146484
0.184392285487177	1.66739518994421
0.184792268752876	1.67229713581827
0.185192252018575	1.67730454297885
0.185592235284274	1.68242453353255
0.185992218549973	1.6876625767896
0.186392201815672	1.69302245572393
0.186792185081371	1.69850621900161
0.187192168347069	1.70411411479915
0.187592151612768	1.7098446249698
0.187992134878467	1.71569478862127
0.188392118144166	1.72166073306157
0.188792101409865	1.7277383185679
0.189192084675564	1.73392366064962
0.189592067941263	1.7402133504847
0.189992051206961	1.7466043207627
0.19039203447266	1.75309328326662
0.190792017738359	1.75967605558609
0.191192001004058	1.76634700914065
0.191591984269757	1.77309879058788
0.191991967535456	1.77992229451737
0.192391950801155	1.78680696425712
0.192791934066854	1.7937412280726
0.193191917332552	1.80071276776303
0.193591900598251	1.80770860400563
0.19399188386395	1.81471508322644
0.194391867129649	1.82171770162799
0.194791850395348	1.82870103549033
0.195191833661047	1.83564872670219
0.195591816926746	1.84254350778757
0.195991800192444	1.8493672323462
0.196391783458143	1.85610118646049
0.196791766723842	1.86272648947148
0.197191749989541	1.86922449373125
0.19759173325524	1.87557713875004
0.197991716520939	1.88176735517211
0.198391699786638	1.88777918398175
0.198791683052337	1.8935977418986
0.199191666318035	1.89920904147084
0.199591649583734	1.90459970421272
0.199991632849433	1.90975644885274
0.200391616115132	1.91466561889698
0.200791599380831	1.9193127703599
0.20119158264653	1.92368253946653
0.201591565912229	1.92775887144836
0.201991549177927	1.93152559284466
0.202391532443626	1.93496715289987
0.202791515709325	1.93806948930527
0.203191498975024	1.94082089083876
0.203591482240723	1.94321266671362
0.203991465506422	1.94523942498866
0.204391448772121	1.94689890859801
0.20479143203782	1.94819161220246
0.205191415303518	1.94912037620604
0.205591398569217	1.94968995415319
0.205991381834916	1.94990661943927
0.206391365100615	1.94977809065706
0.206791348366314	1.94931365234569
0.207191331632013	1.9485241452968
0.207591314897712	1.94742196523057
0.20799129816341	1.94602108380115
0.208391281429109	1.94433669454454
0.208791264694808	1.94238446055609
0.209191247960507	1.94017968828899
0.209591231226206	1.9377364916695
0.209991214491905	1.93506701365355
0.210391197757604	1.9321812559041
0.210791181023303	1.92908746929701
0.211191164289001	1.92579262397413
0.2115911475547	1.92230300381185
0.211991130820399	1.918624979608
0.212391114086098	1.91476547476776
0.212791097351797	1.91073203686477
0.213191080617496	1.90653295713787
0.213591063883195	1.90217738438689
0.213991047148893	1.89767539547299
0.214391030414592	1.89303823210362
0.214791013680291	1.88827848669939
0.21519099694599	1.88341018588425
0.215590980211689	1.8784488684381
0.215990963477388	1.87341170853206
0.216390946743087	1.86831751130798
0.216790930008786	1.86318660400208
0.217190913274484	1.85804068232648
0.217590896540183	1.85290232954745
0.217990879805882	1.84779431824112
0.218390863071581	1.84273873303625
0.21879084633728	1.83775608207782
0.219190829602979	1.83286465069293
0.219590812868678	1.82808022834131
0.219990796134376	1.82341584409951
0.220390779400075	1.81888167642702
0.220790762665774	1.81448527142322
0.221190745931473	1.81023177368187
0.221590729197172	1.80612390472653
0.221990712462871	1.8021620384484
0.22239069572857	1.79834429274932
0.222790678994269	1.79466651483093
0.223190662259967	1.79112219337281
0.223590645525666	1.78770252733835
0.223990628791365	1.78439656349584
0.224390612057064	1.78119156498511
0.224790595322763	1.77807362574379
0.225190578588462	1.77502814445795
0.225590561854161	1.7720401690389
0.225990545119859	1.76909475884219
0.226390528385558	1.76617709281819
0.226790511651257	1.7632723048071
0.227190494916956	1.76036533341288
0.227590478182655	1.75744101857564
0.227990461448354	1.75448437824608
0.228390444714053	1.75148087067768
0.228790427979752	1.74841657631912
0.22919041124545	1.74527839165054
0.229590394511149	1.74205421672957
0.229990377776848	1.73873305324853
0.230390361042547	1.73530502675389
0.230790344308246	1.73176133322336
0.231190327573945	1.72809411494034
0.231590310839644	1.72429625436442
0.231990294105342	1.72036100278915
0.232390277371041	1.7162818259961
0.23279026063674	1.71205258194819
0.233190243902439	1.70766817951215
0.233590227168138	1.70312529367672
0.233990210433837	1.69842288055639
0.234390193699536	1.69356231957759
0.234790176965235	1.68854721473136
0.235190160230933	1.68338281187961
0.235590143496632	1.67807520172993
0.235990126762331	1.67263079637698
0.23639011002803	1.66705645695097
0.236790093293729	1.66135993361099
0.237190076559428	1.6555504175781
0.237590059825127	1.64963915888981
0.237990043090825	1.64363982896583
0.238390026356524	1.63756839208663
0.238790009622223	1.63144279721718
0.239189992887922	1.62528251788196
0.239589976153621	1.61910805851485
0.23998995941932	1.61294053997913
0.240389942685019	1.60680115477635
0.240789925950718	1.60071052858307
0.241189909216416	1.59468790841318
0.241589892482115	1.58875049499932
0.241989875747814	1.58291299481156
0.242389859013513	1.57718730662564
0.242789842279212	1.57158243549117
0.243189825544911	1.56610495560662
0.24358980881061	1.56075949534552
0.243989792076308	1.5555489768434
0.244389775342007	1.55047496951396
0.244789758607706	1.54553821324309
0.245189741873405	1.5407387954077
0.245589725139104	1.53607640878404
0.245989708404803	1.53155070441009
0.246389691670502	1.52716139731414
0.246789674936201	1.52290824269927
0.247189658201899	1.51879112138214
0.247589641467598	1.51480973903765
0.247989624733297	1.5109633859723
0.248389607998996	1.50725112875538
0.248789591264695	1.50367203011634
0.249189574530394	1.50022536821921
0.249589557796093	1.49691103535354
0.249989541061791	1.49372978473388
0.25038952432749	1.49068323664266
0.250789507593189	1.48777382103422
0.251189490858888	1.48500459348581
0.251589474124587	1.48237904022616
0.251989457390286	1.47990106629905
0.252389440655985	1.4775748954535
0.252789423921684	1.47540470709794
0.253189407187382	1.47339408440982
0.253589390453081	1.47154536765574
0.25398937371878	1.46985894504723
0.254389356984479	1.46833275510602
0.254789340250178	1.46696226424254
0.255189323515877	1.46574097176251
0.255589306781576	1.4646611901857
0.255989290047274	1.46371467825724
0.256389273312973	1.46289293178337
0.256789256578672	1.4621870063458
0.257189239844371	1.46158675988766
0.25758922311007	1.46107998662154
0.257989206375769	1.46065186190043
0.258389189641468	1.46028494906064
0.258789172907167	1.45995985964564
0.259189156172865	1.45965640567432
0.259589139438564	1.45935483243221
0.259989122704263	1.45903694955054
0.260389105969962	1.4586870129651
0.260789089235661	1.4582921958129
0.26118907250136	1.45784272784579
0.261589055767059	1.45733175968802
0.261989039032757	1.45675501881868
0.262389022298456	1.45611032413824
0.262789005564155	1.45539694260421
0.263188988829854	1.45461487463514
0.263588972095553	1.45376415285342
0.263988955361252	1.45284428118334
0.264388938626951	1.45185384823923
0.26478892189265	1.450790364378
0.265188905158348	1.44965035432336
0.265588888424047	1.44842956659151
0.265988871689746	1.4471232258247
0.266388854955445	1.4457265270672
0.266788838221144	1.44423526219665
0.267188821486843	1.44264633611796
0.267588804752542	1.44095807046178
0.26798878801824	1.43917046554922
0.268388771283939	1.43728522290098
0.268788754549638	1.43530564693508
0.269188737815337	1.43323672165758
0.269588721081036	1.43108522621086
0.269988704346735	1.42885959290855
0.270388687612434	1.42656961918108
0.270788670878132	1.42422587870971
0.271188654143831	1.42183856948402
0.27158863740953	1.41941614161586
0.271988620675229	1.41696411744714
0.272388603940928	1.41448417903124
0.272788587206627	1.41197388609813
0.273188570472326	1.40942717855126
0.273588553738025	1.40683551730896
0.273988537003723	1.40418939690592
0.274388520269422	1.40147986486995
0.274788503535121	1.39869985124133
0.27518848680082	1.39584517211829
0.275588470066519	1.39291519549782
0.275988453332218	1.38991304357829
0.276388436597917	1.38684546096379
0.276788419863615	1.38372222687535
0.277188403129314	1.3805553736851
0.277588386395013	1.37735847102811
0.277988369660712	1.37414585108269
0.278388352926411	1.37093182698172
0.27878833619211	1.36773026028261
0.279188319457809	1.36455450017067
0.279588302723508	1.36141747855369
0.279988285989206	1.35833206220171
0.280388269254905	1.35531162921629
0.280788252520604	1.35237043960988
0.281188235786303	1.34952381285732
0.281588219052002	1.34678813133678
0.281988202317701	1.34418058624435
0.2823881855834	1.34171863868046
0.282788168849098	1.33941934437146
0.283188152114797	1.33729867977412
0.283588135380496	1.33537093961129
0.283988118646195	1.33364842013124
0.284388101911894	1.33214144098948
0.284788085177593	1.33085860583414
0.285188068443292	1.32980710517463
0.285588051708991	1.32899303747249
0.285988034974689	1.32842165729253
0.286388018240388	1.32809734062883
0.286788001506087	1.32802323914239
0.287187984771786	1.32820081340377
0.287587968037485	1.32862946737221
0.287987951303184	1.3293062492465
0.288387934568883	1.3302258878123
0.288787917834581	1.33138107489478
0.28918790110028	1.33276284967498
0.289587884365979	1.33436094625287
0.289987867631678	1.3361641662165
0.290387850897377	1.33816053876412
0.290787834163076	1.3403373581238
0.291187817428775	1.34268118699235
0.291587800694474	1.34517788878885
0.291987783960172	1.34781262305271
0.292387767225871	1.35057004619563
0.29278775049157	1.3534345435628
0.293187733757269	1.35639049601476
0.293587717022968	1.35942250372193
0.293987700288667	1.36251573818764
0.294387683554366	1.36565618750784
0.294787666820064	1.36883106084803
0.295187650085763	1.37202920542674
0.295587633351462	1.37524137992023
0.295987616617161	1.37846028725661
0.29638759988286	1.38168022990385
0.296787583148559	1.38489635595776
0.297187566414258	1.38810364473429
0.297587549679957	1.39129586635582
0.297987532945655	1.39446468730647
0.298387516211354	1.39759922220033
0.298787499477053	1.4006862300632
0.299187482742752	1.40371076236987
0.299587466008451	1.40665702803222
0.29998744927415	1.4095092199721
0.300387432539849	1.41225202032275
0.300787415805547	1.41487083528863
0.301187399071246	1.41735183462486
0.301587382336945	1.41968193516539
0.301987365602644	1.42184867274223
0.302387348868343	1.42384030418307
0.302787332134042	1.42564614737682
0.303187315399741	1.42725679624099
0.30358729866544	1.42866423446564
0.303987281931138	1.42986209892332
0.304387265196837	1.43084583540085
0.304787248462536	1.43161256543604
0.305187231728235	1.43216114730541
0.305587214993934	1.43249240404933
0.305987198259633	1.43260905248005
0.306387181525332	1.43251561766931
0.30678716479103	1.43221849084239
0.307187148056729	1.43172568463577
0.307587131322428	1.43104638828662
0.307987114588127	1.43019078459936
0.308387097853826	1.42916978619164
0.308787081119525	1.42799458187149
0.309187064385224	1.42667639400949
0.309587047650923	1.4252262541239
0.309987030916621	1.42365448874138
0.31038701418232	1.42197026432681
0.310786997448019	1.42018114092619
0.311186980713718	1.41829262370072
0.311586963979417	1.41630781591071
0.311986947245116	1.41422743395099
0.312386930510815	1.41205000740548
0.312786913776513	1.4097723014722
0.313186897042212	1.40738988429679
0.313586880307911	1.40489770849032
0.31398686357361	1.40229070172356
0.314386846839309	1.39956432717154
0.314786830105008	1.39671494013551
0.315186813370707	1.39374008744775
0.315586796636406	1.39063878911615
0.315986779902104	1.38741158275552
0.316386763167803	1.38406040449708
0.316786746433502	1.38058858002246
0.317186729699201	1.37700084526253
0.3175867129649	1.37330327524198
0.317986696230599	1.36950323010959
0.318386679496298	1.36560919315961
0.318786662761996	1.36163040619693
0.319186646027695	1.35757629862306
0.319586629293394	1.35345576579408
0.319986612559093	1.3492764638415
0.320386595824792	1.34504436000685
0.320786579090491	1.34076351452046
0.32118656235619	1.33643594126459
0.321586545621888	1.33206157565797
0.321986528887587	1.32763831337699
0.322386512153286	1.32316207232019
0.322786495418985	1.31862691897175
0.323186478684684	1.31402526963726
0.323586461950383	1.30934826384247
0.323986445216082	1.30458641201292
0.324386428481781	1.29973025673072
0.324786411747479	1.29477076292176
0.325186395013178	1.28969949481828
0.325586378278877	1.28450868808877
0.325986361544576	1.27919100709262
0.326386344810275	1.27373919834663
0.326786328075974	1.26814581595327
0.327186311341673	1.26240293763197
0.327586294607371	1.25650193911075
0.32798627787307	1.25043339521392
0.328386261138769	1.24418706711222
0.328786244404468	1.23775195662974
0.329186227670167	1.23111664358732
0.329586210935866	1.22426980589254
0.329986194201565	1.21720072344756
0.330386177467264	1.20989984780447
0.330786160732962	1.20235936581919
0.331186143998661	1.19457348268496
0.33158612726436	1.18653828947664
0.331986110530059	1.17825144839653
0.332386093795758	1.16971175030969
0.332786077061457	1.16091869675415
0.333186060327156	1.15187237265338
0.333586043592854	1.14257371299761
0.333986026858553	1.1330250134354
0.334386010124252	1.12323056529763
0.334785993389951	1.11319731439252
0.33518597665565	1.10293539786382
0.335585959921349	1.09245849760317
0.335985943187048	1.08178408009014
0.336385926452747	1.07093324031791
0.336785909718445	1.05993032457368
0.337185892984144	1.04880224299751
0.337585876249843	1.03757763748004
0.337985859515542	1.02628601816143
0.338385842781241	1.01495698546774
0.33878582604694	1.00361953808222
0.339185809312639	0.992301826705253
0.339585792578337	0.981031227808693
0.339985775844036	0.969834297425726
0.340385759109735	0.958736611631309
0.340785742375434	0.947762703938207
0.341185725641133	0.93693578561739
0.341585708906832	0.9262774893952
0.341985692172531	0.915807874652262
0.34238567543823	0.905545519842232
0.342785658703928	0.895507547792269
0.343185641969627	0.885709722281148
0.343585625235326	0.876166287153
0.343985608501025	0.866889558611139
0.344385591766724	0.857889701871848
0.344785575032423	0.849174657215205
0.345185558298122	0.840750196658884
0.34558554156382	0.832620117260553
0.345985524829519	0.824786592277418
0.346385508095218	0.817250444433697
0.346785491360917	0.810011334379816
0.347185474626616	0.80306784685439
0.347585457892315	0.79641755237274
0.347985441158014	0.790057209461997
0.348385424423713	0.783983195379028
0.348785407689411	0.778192017139682
0.34918539095511	0.772680789713468
0.349585374220809	0.767447590134072
0.349985357486508	0.762491544433132
0.350385340752207	0.757812558700464
0.350785324017906	0.753410867125194
0.351185307283605	0.749286546332969
0.351585290549303	0.745439143858652
0.351985273815002	0.741867463700616
0.352385257080701	0.738569682304216
0.3527852403464	0.735543659548424
0.353185223612099	0.732787175624876
0.353585206877798	0.73029809932124
0.353985190143497	0.728074399369052
0.354385173409196	0.726113880987871
0.354785156674894	0.724413770632943
0.355185139940593	0.722970327801024
0.355585123206292	0.721778471267099
0.355985106471991	0.720831509131101
0.35638508973769	0.720121217072181
0.356785073003389	0.719638152220405
0.357185056269088	0.719372070683573
0.357585039534786	0.719312297408986
0.357985022800485	0.719447972864762
0.358385006066184	0.719767981040713
0.358784989331883	0.720260632464682
0.359184972597582	0.72091316583692
0.359584955863281	0.721711135368947
0.35998493912898	0.722637986335178
0.360384922394679	0.723674996780694
0.360784905660377	0.724801578882043
0.361184888926076	0.725995914770855
0.361584872191775	0.727235788011841
0.361984855457474	0.72849936838019
0.362384838723173	0.729765888890343
0.362784821988872	0.731016009752305
0.363184805254571	0.732231805294145
0.363584788520269	0.733396535323241
0.363984771785968	0.734494562261002
0.364384755051667	0.735511274364676
0.364784738317366	0.736433126866737
0.365184721583065	0.737248031974582
0.365584704848764	0.737946122056409
0.365984688114463	0.738520356994681
0.366384671380162	0.738966911012769
0.36678465464586	0.739285216789626
0.367184637911559	0.739477692443604
0.367584621177258	0.739549026344463
0.367984604442957	0.739505393817373
0.368384587708656	0.739353666559401
0.368784570974355	0.739100841639015
0.369184554240054	0.738753773617006
0.369584537505752	0.738319320220091
0.369984520771451	0.737804522298293
0.37038450403715	0.737216710344977
0.370784487302849	0.736563570588492
0.371184470568548	0.735853211687156
0.371584453834247	0.735094051165522
0.371984437099946	0.734294740066678
0.372384420365645	0.733464371179891
0.372784403631343	0.732612820647363
0.373184386897042	0.731750913347961
0.373584370162741	0.73089055162116
0.37398435342844	0.730044541089953
0.374384336694139	0.729225930509057
0.374784319959838	0.728447082925489
0.375184303225537	0.727718809378296
0.375584286491235	0.727049560315953
0.375984269756934	0.726445030071199
0.376384253022633	0.725908383988859
0.376784236288332	0.725440829992896
0.377184219554031	0.725042205693041
0.37758420281973	0.72471166504638
0.377984186085429	0.724448181282741
0.378384169351128	0.724250712027527
0.378784152616826	0.724118165971323
0.379184135882525	0.724049382501259
0.379584119148224	0.724043017546787
0.379984102413923	0.724097475968726
0.380384085679622	0.724210842374577
0.380784068945321	0.724380789494837
0.38118405221102	0.724604342632885
0.381584035476718	0.724877589586258
0.381984018742417	0.725195414298336
0.382384002008116	0.725551405949754
0.382783985273815	0.725937902451767
0.383183968539514	0.726346311129721
0.383583951805213	0.726767718764966
0.383983935070912	0.727193584222055
0.384383918336611	0.727616409886776
0.384783901602309	0.728030167861531
0.385183884868008	0.728430328135266
0.385583868133707	0.728813547267999
0.385983851399406	0.729177200199017
0.386383834665105	0.729518791451877
0.386783817930804	0.729835353809389
0.387183801196503	0.730123105646559
0.387583784462201	0.730377430980928
0.3879837677279	0.730593116674519
0.388383750993599	0.730764790670329
0.388783734259298	0.730887320806856
0.389183717524997	0.73095612926461
0.389583700790696	0.73096726534693
0.389983684056395	0.730917243364964
0.390383667322094	0.7308026328174
0.390783650587792	0.730619809266846
0.391183633853491	0.730364809635147
0.39158361711919	0.730033348359445
0.391983600384889	0.729621067669267
0.392383583650588	0.729123945817328
0.392783566916287	0.728538669173418
0.393183550181986	0.727862911939249
0.393583533447684	0.727095362287963
0.393983516713383	0.726235544625325
0.394383499979082	0.725283634760651
0.394783483244781	0.724240527110599
0.39518346651048	0.723107982705132
0.395583449776179	0.721888866630676
0.395983433041878	0.720587338500615
0.396383416307577	0.719208876831274
0.396783399573275	0.71776006595118
0.397183382838974	0.716248334940637
0.397583366104673	0.714681587630244
0.397983349370372	0.713067787742587
0.398383332636071	0.711414638475555
0.39878331590177	0.709729395766269
0.399183299167469	0.708018533547434
0.399583282433167	0.706287423754634
0.399983265698866	0.704540110485826
0.400383248964565	0.702779050244522
0.400783232230264	0.701004838110573
0.401183215495963	0.699216284277994
0.401583198761662	0.697410746667714
0.401983182027361	0.695584591339002
0.40238316529306	0.693733881691697
0.402783148558758	0.691855194361726
0.403183131824457	0.689946210221854
0.403583115090156	0.688006195186574
0.403983098355855	0.686036337656749
0.404383081621554	0.6840397648177
0.404783064887253	0.682021311756443
0.405183048152952	0.679987243029572
0.40558303141865	0.677944923402526
0.405983014684349	0.67590237331651
0.406382997950048	0.673867956710641
0.406782981215747	0.671850052804327
0.407182964481446	0.669856750248692
0.407582947747145	0.667895435723887
0.407982931012844	0.665972300414834
0.408382914278543	0.664091759067939
0.408782897544241	0.66225596465918
0.40918288080994	0.660464410218273
0.409582864075639	0.658713845665409
0.409982847341338	0.656998606673091
0.410382830607037	0.655311269944655
0.410782813872736	0.653643433674438
0.411182797138435	0.651986621791588
0.411582780404133	0.65033296718112
0.411982763669832	0.648675537806049
0.412382746935531	0.647008398580604
0.41278273020123	0.645326570806167
0.413182713466929	0.643625805818283
0.413582696732628	0.641902536408659
0.413982679998327	0.640153940002081
0.414382663264026	0.638377870165063
0.414782646529724	0.636572707096256
0.415182629795423	0.634737315862518
0.415582613061122	0.632870870101846
0.415982596326821	0.630972820469963
0.41638257959252	0.629043159855348
0.416782562858219	0.627082762519097
0.417182546123918	0.625093627786842
0.417582529389616	0.623079166371198
0.417982512655315	0.621044183129175
0.418382495921014	0.618994532881279
0.418782479186713	0.616936636223074
0.419182462452412	0.614876927268071
0.419582445718111	0.612821212726076
0.41998242898381	0.610774255943248
0.420382412249509	0.608739587042345
0.420782395515207	0.60671941046092
0.421182378780906	0.604714709324263
0.421582362046605	0.602725530012823
0.421982345312304	0.600751165628812
0.422382328578003	0.598790259063114
0.422782311843702	0.596840946865486
0.423182295109401	0.594900848229486
0.423582278375099	0.592967000315167
0.423982261640798	0.59103597822605
0.424382244906497	0.589104209314778
0.424782228172196	0.587168234371861
0.425182211437895	0.585225021323683
0.425582194703594	0.583272256354308
0.425982177969293	0.581308459876072
0.426382161234992	0.579333018436779
0.42678214450069	0.577346162233918
0.427182127766389	0.575348714130597
0.427582111032088	0.573341686328907
0.427982094297787	0.571325988056403
0.428382077563486	0.569302087215909
0.428782060829185	0.567269681180964
0.429182044094884	0.565227673193771
0.429582027360582	0.56317442137321
0.429982010626281	0.561108156223551
0.43038199389198	0.559027538039554
0.430781977157679	0.556932263292091
0.431181960423378	0.55482354702515
0.431581943689077	0.552704484134798
0.431981926954776	0.550580196688126
0.432381910220474	0.548457675687548
0.432781893486173	0.546345551047155
0.433181876751872	0.544253593124412
0.433581860017571	0.542191890733872
0.43398184328327	0.54016999749765
0.434381826548969	0.53819620666896
0.434781809814668	0.536276963141672
0.435181793080367	0.534416665905825
0.435581776346065	0.532617938545693
0.435981759611764	0.530882025806227
0.436381742877463	0.529209316427345
0.436781726143162	0.527599952487135
0.437181709408861	0.526054205734802
0.43758169267456	0.524572666861463
0.437981675940259	0.523156523199568
0.438381659205957	0.521807744814048
0.438781642471656	0.520529152974017
0.439181625737355	0.51932451016922
0.439581609003054	0.518198500046153
0.439981592268753	0.517156408940518
0.440381575534452	0.516203811382507
0.440781558800151	0.515346218758189
0.44118154206585	0.514588862643436
0.441581525331548	0.513936577665789
0.441981508597247	0.513393876335812
0.442381491862946	0.512965040977572
0.442781475128645	0.512654304313531
0.443181458394344	0.51246586914263
0.443581441660043	0.512403767127358
0.443981424925742	0.512471570791633
0.44438140819144	0.512672171475207
0.444781391457139	0.513007478467829
0.445181374722838	0.513478291247712
0.445581357988537	0.514084349804323
0.445981341254236	0.514824503016081
0.446381324519935	0.515696714469783
0.446781307785634	0.516697994739278
0.447181291051333	0.51782410034889
0.447581274317031	0.519069096329543
0.44798125758273	0.520424955472754
0.448381240848429	0.521881408266114
0.448781224114128	0.523425985126796
0.449181207379827	0.525044414361564
0.449581190645526	0.526721384480168
0.449981173911225	0.52844139027001
0.450381157176923	0.530189327729946
0.450781140442622	0.531950919005988
0.451181123708321	0.533712898068246
0.45158110697402	0.53546296188827
0.451981090239719	0.537189604045613
0.452381073505418	0.538882115666975
0.452781056771117	0.540530791757619
0.453181040036816	0.542127302530936
0.453581023302514	0.543665023920619
0.453981006568213	0.545139238396872
0.454380989833912	0.546547047062475
0.454780973099611	0.547887120665067
0.45518095636531	0.549159202695515
0.455580939631009	0.550363414243978
0.455980922896708	0.551499490351829
0.456380906162406	0.552566182449824
0.456780889428105	0.553560855711537
0.457180872693804	0.554479356522841
0.457580855959503	0.555316169155437
0.457980839225202	0.556064887147867
0.458380822490901	0.556718913512025
0.4587808057566	0.55727214341057
0.459180789022299	0.557719441865696
0.459580772287997	0.558056955510261
0.459980755553696	0.558282259866672
0.460380738819395	0.558394273362535
0.460780722085094	0.558393058905843
0.461180705350793	0.55827972389051
0.461580688616492	0.558056562064324
0.461980671882191	0.557727253878714
0.462380655147889	0.557296940823092
0.462780638413588	0.556772030636995
0.463180621679287	0.556159900124312
0.463580604944986	0.555468401044541
0.463980588210685	0.554705308589837
0.464380571476384	0.553877947103552
0.464780554742083	0.552993119510905
0.465180538007782	0.55205708103656
0.46558052127348	0.551075590672697
0.465980504539179	0.550053893522395
0.466380487804878	0.548996506638395
0.466780471070577	0.547906910982563
0.467180454336276	0.546787394547515
0.467580437601975	0.545638992248031
0.467980420867674	0.544461685511481
0.468380404133372	0.543255063976415
0.468780387399071	0.542019243103765
0.46918037066477	0.540755512463479
0.469580353930469	0.539466724854555
0.469980337196168	0.538157387817483
0.470380320461867	0.536833269979208
0.470780303727566	0.535500592337865
0.471180286993265	0.534165222985353
0.471580270258963	0.532831925091243
0.471980253524662	0.53150377463829
0.472380236790361	0.530181964752457
0.47278022005606	0.528865954310601
0.473180203321759	0.52755380279612
0.473580186587458	0.526242718517407
0.473980169853157	0.524929709506467
0.474380153118855	0.523612078821845
0.474780136384554	0.522287776417795
0.475180119650253	0.520955803320648
0.475580102915952	0.519616470527038
0.475980086181651	0.51827141941134
0.47638006944735	0.516923456281927
0.476780052713049	0.515576281202051
0.477180035978748	0.514234050805819
0.477580019244446	0.512900856276737
0.477980002510145	0.511580200940735
0.478379985775844	0.510274610121858
0.478779969041543	0.508985460897671
0.479179952307242	0.50771312277198
0.479579935572941	0.50645730121747
0.47997991883864	0.505217432991298
0.480379902104338	0.503993082658757
0.480779885370037	0.502784190950229
0.481179868635736	0.501591048090403
0.481579851901435	0.50041415322803
0.481979835167134	0.499254066196165
0.482379818432833	0.498111312519901
0.482779801698532	0.496986343273309
0.48317978496423	0.495879552398603
0.483579768229929	0.494791320899527
0.483979751495628	0.493722036541432
0.484379734761327	0.492672120098812
0.484779718027026	0.491641982889181
0.485179701292725	0.490632057457842
0.485579684558424	0.489642902405452
0.485979667824123	0.488675435164064
0.486379651089821	0.487731091917131
0.48677963435552	0.486811916877445
0.487179617621219	0.485920470059487
0.487579600886918	0.485059580247107
0.487979584152617	0.484231996395085
0.488379567418316	0.483440059538365
0.488779550684015	0.482685452283069
0.489179533949713	0.481969120032633
0.489579517215412	0.481291279241763
0.489979500481111	0.480651546573557
0.49037948374681	0.48004898950898
0.490779467012509	0.479482140939717
0.491179450278208	0.478948950561895
0.491579433543907	0.478446759912316
0.491979416809605	0.477972305245501
0.492379400075304	0.477521868691742
0.492779383341003	0.477091584834185
0.493179366606702	0.476677919595689
0.493579349872401	0.476278078450129
0.4939793331381	0.475890312567531
0.494379316403799	0.475514028858085
0.494779299669498	0.475149589287338
0.495179282935196	0.474797734614151
0.495579266200895	0.474458954351661
0.495979249466594	0.474132872993604
0.496379232732293	0.473817738692766
0.496779215997992	0.473510162961611
0.497179199263691	0.473205200541036
0.49757918252939	0.472896583896979
0.497979165795088	0.472577023640411
0.498379149060787	0.472238596399372
0.498779132326486	0.471873054365261
0.499179115592185	0.47147205619189
0.499579098857884	0.471027475612437
0.499979082123583	0.470531561539904
0.500379065389282	0.46997697199078
0.500779048654981	0.469356847699863
0.501179031920679	0.468664872824328
0.501579015186378	0.46789527421151
0.501978998452077	0.467042911790653
0.502378981717776	0.466103616568005
0.502778964983475	0.465074663038016
0.503178948249174	0.46395539746194
0.503578931514873	0.46274766685681
0.503978914780572	0.461455764066287
0.50437889804627	0.460085926214419
0.504778881311969	0.45864546382948
0.505178864577668	0.457141547743176
0.505578847843367	0.455580068353023
0.505978831109066	0.45396498356682
0.506378814374765	0.452298089934409
0.506778797640464	0.450579230240941
0.507178780906162	0.448806913596959
0.507578764171861	0.446978992213528
0.50797874743756	0.445093220537721
0.508378730703259	0.443147714893221
0.508778713968958	0.441141299970534
0.509178697234657	0.439073610542186
0.509578680500356	0.436945177008258
0.509978663766054	0.434757496025391
0.510378647031753	0.432512883146842
0.510778630297452	0.430214131349087
0.511178613563151	0.427864115628128
0.51157859682885	0.42546536622133
0.511978580094549	0.4230196814809
0.512378563360248	0.420527982432466
0.512778546625947	0.417990431268521
0.513178529891645	0.415406628055228
0.513578513157344	0.41277596879754
0.513978496423043	0.410098131081843
0.514378479688742	0.407373451976768
0.514778462954441	0.404603163707004
0.51517844622014	0.401789549917611
0.515578429485839	0.398935962889881
0.515978412751537	0.39604660336337
0.516378396017236	0.393126263484122
0.516778379282935	0.390180024659901
0.517178362548634	0.387212951248278
0.517578345814333	0.384229735267335
0.517978329080032	0.381234409111496
0.518378312345731	0.378230023701944
0.51877829561143	0.37521842132503
0.519178278877128	0.372200115162476
0.519578262142827	0.369174338427051
0.519978245408526	0.36613923910176
0.520378228674225	0.363092343145988
0.520778211939924	0.360031083752244
0.521178195205623	0.356953384924524
0.521578178471322	0.353858191987622
0.52197816173702	0.350745963829757
0.522378145002719	0.347618923657209
0.522778128268418	0.344480981302331
0.523178111534117	0.341337337675681
0.523578094799816	0.338193882672651
0.523978078065515	0.335056473859327
0.524378061331214	0.331930267404863
0.524778044596913	0.328819297548138
0.525178027862611	0.325726389486989
0.52557801112831	0.32265339051242
0.525977994394009	0.319601651935526
0.526377977659708	0.316572594352848
0.526777960925407	0.313568216913041
0.527177944191106	0.310591524446179
0.527577927456805	0.307646812824055
0.527977910722504	0.304739706282106
0.528377893988202	0.30187704698355
0.528777877253901	0.299066712171707
0.5291778605196	0.296317177100713
0.529577843785299	0.293636858664913
0.529977827050998	0.291033516840899
0.530377810316697	0.288513845883636
0.530777793582396	0.286083258685133
0.531177776848094	0.28374596745891
0.531577760113793	0.281505331864526
0.531977743379492	0.279364293185384
0.532377726645191	0.277325742244255
0.53277770991089	0.275392731659198
0.533177693176589	0.273568483831031
0.533577676442288	0.271856275765074
0.533977659707986	0.270259324324092
0.534377642973685	0.268780750913147
0.534777626239384	0.267423638245137
0.535177609505083	0.266191180148203
0.535577592770782	0.265086833923772
0.535977576036481	0.264114376529781
0.53637755930218	0.26327779179884
0.536777542567879	0.262581002537109
0.537177525833577	0.262027511624525
0.537577509099276	0.261619977524323
0.537977492364975	0.261359866499741
0.538377475630674	0.261247248047219
0.538777458896373	0.261280690850888
0.539177442162072	0.261457191256579
0.539577425427771	0.261772188276862
0.539977408693469	0.262219634581832
0.540377391959168	0.262792179856161
0.540777375224867	0.263481493889291
0.541177358490566	0.264278778258149
0.541577341756265	0.26517538605173
0.541977325021964	0.266163521759381
0.542377308287663	0.267236709685444
0.542777291553362	0.26838994131864
0.54317727481906	0.269619496204407
0.543577258084759	0.270922420122015
0.543977241350458	0.272295716134756
0.544377224616157	0.273735601286435
0.544777207881856	0.275237003156463
0.545177191147555	0.276793316234518
0.545577174413254	0.278396459715541
0.545977157678952	0.280037199065283
0.546377140944651	0.281705461840539
0.54677712421035	0.283390635258445
0.547177107476049	0.285081857924969
0.547577090741748	0.286768279728319
0.547977074007447	0.288439255724405
0.548377057273146	0.29008466141999
0.548777040538845	0.291695304861891
0.549177023804543	0.293263261857918
0.549577007070242	0.294782089610631
0.549976990335941	0.296246932673651
0.55037697360164	0.297654385113372
0.550776956867339	0.299002173615281
0.551176940133038	0.300288844192261
0.551576923398737	0.301513529624177
0.551976906664436	0.302675718254773
0.552376889930134	0.303775147140856
0.552776873195833	0.304811857235912
0.553176856461532	0.305786334818856
0.553576839727231	0.306699627557404
0.55397682299293	0.307553469603503
0.554376806258629	0.308350301642791
0.554776789524328	0.309093154768074
0.555176772790026	0.309785408158949
0.555576756055725	0.31043055898532
0.555976739321424	0.311031985941742
0.556376722587123	0.311592792573642
0.556776705852822	0.31211575570075
0.557176689118521	0.312603435124022
0.55757667238422	0.313058303646496
0.557976655649918	0.313482889528143
0.558376638915617	0.31387986786126
0.558776622181316	0.314252062209976
0.559176605447015	0.314602361874121
0.559576588712714	0.314933728499942
0.559976571978413	0.315249244785829
0.560376555244112	0.315552242667824
0.56077653850981	0.315846563544663
0.561176521775509	0.316136734425539
0.561576505041208	0.31642790967664
0.561976488306907	0.316725602851512
0.562376471572606	0.317035235115053
0.562776454838305	0.317361487633187
0.563176438104004	0.317707754432845
0.563576421369703	0.318075858741738
0.563976404635401	0.318466092930049
0.5643763879011	0.318877558182203
0.564776371166799	0.319308713594804
0.565176354432498	0.319757782322725
0.565576337698197	0.320222976542956
0.565976320963896	0.320702550350255
0.566376304229595	0.321194668616618
0.566776287495294	0.321697111767893
0.567176270760992	0.322207114481186
0.567576254026691	0.3227213338674
0.56797623729239	0.323235961022925
0.568376220558089	0.323746916365361
0.568776203823788	0.324249973527097
0.569176187089487	0.324740786486258
0.569576170355186	0.325214884776773
0.569976153620884	0.325667616644171
0.570376136886583	0.326094031887727
0.570776120152282	0.326488884262815
0.571176103417981	0.326846819005588
0.57157608668368	0.327162636980002
0.571976069949379	0.327431583738172
0.572376053215078	0.327649639093329
0.572776036480777	0.327813637918751
0.573176019746475	0.327921245994508
0.573576003012174	0.327970879966846
0.573975986277873	0.327961542682637
0.574375969543572	0.327892681284963
0.574775952809271	0.327764291461492
0.57517593607497	0.327577200870536
0.575575919340669	0.327333319442925
0.575975902606367	0.327035761390517
0.576375885872066	0.326688801551723
0.576775869137765	0.326297579139319
0.577175852403464	0.325867621058428
0.577575835669163	0.325404344760769
0.577975818934862	0.324912607804541
0.578375802200561	0.324396445407142
0.57877578546626	0.323859053563871
0.579175768731958	0.323302877550684
0.579575751997657	0.322729679306719
0.579975735263356	0.322140608126762
0.580375718529055	0.321536196329035
0.580775701794754	0.320916225588856
0.581175685060453	0.320279573462458
0.581575668326152	0.319624148132088
0.58197565159185	0.318946900225147
0.582375634857549	0.318243971386941
0.582775618123248	0.317510970885204
0.583175601388947	0.316743298529226
0.583575584654646	0.315936504516957
0.583975567920345	0.315086773684857
0.584375551186044	0.314191297299686
0.584775534451742	0.313248436517145
0.585175517717441	0.312257684897357
0.58557550098314	0.311219475943258
0.585975484248839	0.310134876076818
0.586375467514538	0.309005271179516
0.586775450780237	0.307832080241847
0.587175434045936	0.306616548815226
0.587575417311635	0.305359649699102
0.587975400577333	0.304062084050843
0.588375383843032	0.302724339853972
0.588775367108731	0.301346862638604
0.58917535037443	0.299930319070603
0.589575333640129	0.298475880558304
0.589975316905828	0.296985503842763
0.590375300171527	0.295462191407122
0.590775283437226	0.293910145420528
0.591175266702924	0.292334759870125
0.591575249968623	0.290742456423925
0.591975233234322	0.289140318724395
0.592375216500021	0.287535665814563
0.59277519976572	0.285935716881342
0.593175183031419	0.284347431495149
0.593575166297118	0.282777470087217
0.593975149562816	0.28123225092306
0.594375132828515	0.279718096620225
0.594775116094214	0.278241389847847
0.595175099359913	0.276808698616415
0.595575082625612	0.275426928972359
0.595975065891311	0.27410335124699
0.59637504915701	0.272845481867718
0.596775032422709	0.271660897578857
0.597175015688407	0.270556987841817
0.597574998954106	0.269540602594939
0.597974982219805	0.26861775900686
0.598374965485504	0.267793482742848
0.598774948751203	0.267071819164626
0.599174932016902	0.266456022826162
0.599574915282601	0.26594879592789
0.599974898548299	0.26555245502501
0.600374881813998	0.265269003131386
0.600774865079697	0.265100061261131
0.601174848345396	0.265046653219639
0.601574831611095	0.265108973823184
0.601974814876794	0.265286341902517
0.602374798142493	0.265577247080116
0.602774781408191	0.265979441501889
0.60317476467389	0.266490009335997
0.603574747939589	0.267105382025098
0.603974731205288	0.267821265547174
0.604374714470987	0.26863249767042
0.604774697736686	0.269532890185674
0.605174681002385	0.270515085371024
0.605574664268083	0.271570469997104
0.605974647533782	0.272689193156097
0.606374630799481	0.27386028042905
0.60677461406518	0.275071820338734
0.607174597330879	0.276311272391761
0.607574580596578	0.277565942397973
0.607974563862277	0.278823397640994
0.608374547127976	0.280071790296139
0.608774530393674	0.28130010236832
0.609174513659373	0.282498182053912
0.609574496925072	0.283656564146255
0.609974480190771	0.28476628623803
0.61037446345647	0.28581879483792
0.610774446722169	0.28680587723749
0.611174429987868	0.287719695212845
0.611574413253567	0.288552943690027
0.611974396519265	0.289298982827133
0.612374379784964	0.289951954971905
0.612774363050663	0.290506974560722
0.613174346316362	0.290960355965886
0.613574329582061	0.291309764497226
0.61397431284776	0.291554368550651
0.614374296113459	0.291694896083558
0.614774279379158	0.291733502994198
0.615174262644856	0.291673428165848
0.615574245910555	0.291518557662673
0.615974229176254	0.291272929946307
0.616374212441953	0.290940258851143
0.616774195707652	0.290523589538602
0.617174178973351	0.290025205425433
0.61757416223905	0.289446736890704
0.617974145504748	0.288789467966105
0.618374128770447	0.288054771508934
0.618774112036146	0.287244549002482
0.619174095301845	0.286361496114291
0.619574078567544	0.285409222716025
0.619974061833243	0.284392178499644
0.620374045098942	0.283315407923521
0.62077402836464	0.282184252311549
0.621174011630339	0.281004165426441
0.621573994896038	0.279780595507986
0.621973978161737	0.278518963368737
0.622373961427436	0.277224730440786
0.622773944693135	0.275903443438702
0.623173927958834	0.274560726490068
0.623573911224533	0.273202307261887
0.623973894490231	0.271834050520131
0.62437387775593	0.2704620000712
0.624773861021629	0.269092403891102
0.625173844287328	0.267731659815443
0.625573827553027	0.266386080750772
0.625973810818726	0.265061581937114
0.626373794084425	0.263763352383517
0.626773777350123	0.262495536403324
0.627173760615822	0.261261031625674
0.627573743881521	0.260061490007987
0.62797372714722	0.2588974885647
0.628373710412919	0.257768738352136
0.628773693678618	0.256674247756866
0.629173676944317	0.255612423966539
0.629573660210015	0.254581094763222
0.629973643475714	0.253577470554681
0.630373626741413	0.252598163551847
0.630773610007112	0.251639282255694
0.631173593272811	0.25069653938121
0.63157357653851	0.249765374501487
0.631973559804209	0.248841105226103
0.632373543069908	0.247919023963806
0.632773526335606	0.246994449936966
0.633173509601305	0.246062838125418
0.633573492867004	0.245119852264955
0.633973476132703	0.244161417745229
0.634373459398402	0.243183826094722
0.634773442664101	0.242183793229911
0.6351734259298	0.24115835400739
0.635573409195499	0.240104719436445
0.635973392461197	0.239020101952916
0.636373375726896	0.237901523536971
0.636773358992595	0.236745726514276
0.637173342258294	0.235549299639775
0.637573325523993	0.234308863938586
0.637973308789692	0.23302126646344
0.638373292055391	0.231683724661985
0.63877327532109	0.230293917864077
0.639173258586788	0.228850051428968
0.639573241852487	0.227350905732867
0.639973225118186	0.225795848348571
0.640373208383885	0.224184859220748
0.640773191649584	0.222518641769388
0.641173174915283	0.220798669151666
0.641573158180982	0.219027117676671
0.64197314144668	0.217206681420371
0.642373124712379	0.215340320898355
0.642773107978078	0.213431020386268
0.643173091243777	0.211481664995188
0.643573074509476	0.209494963759948
0.643973057775175	0.20747348760992
0.644373041040874	0.205419868515757
0.644773024306572	0.203337187636638
0.645173007572271	0.20122915585368
0.64557299083797	0.199100143770006
0.645972974103669	0.196955070651171
0.646372957369368	0.194799086042915
0.646772940635067	0.192636966015434
0.647172923900766	0.190472624316238
0.647572907166465	0.188308805542692
0.647972890432163	0.186146975183626
0.648372873697862	0.183987487887066
0.648772856963561	0.181830060050018
0.64917284022926	0.179674209562072
0.649572823494959	0.177519675748417
0.649972806760658	0.175366800028483
0.650372790026357	0.173216753187033
0.650772773292055	0.171071488381016
0.651172756557754	0.168933664276086
0.651572739823453	0.166806579117882
0.651972723089152	0.16469408328205
0.652372706354851	0.162600461309592
0.65277268962055	0.160530337968782
0.653172672886249	0.158488658030528
0.653572656151947	0.15648067033232
0.653972639417646	0.154511880283189
0.654372622683345	0.152587981078589
0.654772605949044	0.150714755080226
0.655172589214743	0.148897955348173
0.655572572480442	0.147143217414021
0.655972555746141	0.145456051578398
0.65637253901184	0.143841819922447
0.656772522277538	0.14230572527091
0.657172505543237	0.140852860312853
0.657572488808936	0.139488312237003
0.657972472074635	0.138217176210591
0.658372455340334	0.137044523679456
0.658772438606033	0.135975360254528
0.659172421871732	0.135014521270647
0.659572405137431	0.134166492237838
0.659972388403129	0.133435353904838
0.660372371668828	0.132824823625563
0.660772354934527	0.132338310844738
0.661172338200226	0.131978994043227
0.661572321465925	0.131749977158252
0.661972304731624	0.131654319171303
0.662372287997323	0.131694971844342
0.662772271263022	0.131874707950476
0.66317225452872	0.132196038844845
0.663572237794419	0.132661177774655
0.663972221060118	0.133272174350066
0.664372204325817	0.134031094331738
0.664772187591516	0.134940042597954
0.665172170857215	0.136001055278195
0.665572154122913	0.137215824719249
0.665972137388612	0.138585179744399
0.666372120654311	0.140108513647367
0.66677210392001	0.141783398460011
0.667172087185709	0.143605410304733
0.667572070451408	0.145568232182346
0.667972053717107	0.14766404521417
0.668372036982806	0.149884089907073
0.668772020248504	0.152219214540557
0.669172003514203	0.1546603106456
0.669571986779902	0.157198509324185
0.669971970045601	0.15982514790034
0.6703719533113	0.162531602877126
0.670771936576999	0.165309100582368
0.671171919842698	0.168148552212815
0.671571903108396	0.171040463358832
0.671971886374095	0.173974922533748
0.672371869639794	0.176941717260392
0.672771852905493	0.179930448359221
0.673171836171192	0.182930647086477
0.673571819436891	0.185931943238671
0.67397180270259	0.188924325376061
0.674371785968289	0.19189840969033
0.674771769233987	0.194845724226592
0.675171752499686	0.197758996534631
0.675571735765385	0.200632298699641
0.675971719031084	0.20346110396101
0.676371702296783	0.20624218958305
0.676771685562482	0.208973339437924
0.677171668828181	0.211652908677801
0.677571652093879	0.214279422298173
0.677971635359578	0.216851170542362
0.678371618625277	0.219365949678641
0.678771601890976	0.221821081117061
0.679171585156675	0.224213706255714
0.679571568422374	0.2265412443057
0.679971551688073	0.228802062736312
0.680371534953772	0.230996092620392
0.68077151821947	0.233125270560351
0.681171501485169	0.235193673169112
0.681571484750868	0.23720740228575
0.681971468016567	0.239174150465923
0.682371451282266	0.241102648731004
0.682771434547965	0.243002070943948
0.683171417813664	0.244881435579484
0.683571401079363	0.246749062270868
0.683971384345061	0.248612179643757
0.68437136761076	0.250476681324002
0.684771350876459	0.252347085970888
0.685171334142158	0.25422672420197
0.685571317407857	0.256118051344536
0.685971300673556	0.258023017845786
0.686371283939255	0.259943445074753
0.686771267204953	0.261881267602728
0.687171250470652	0.263838644443477
0.687571233736351	0.265817978981817
0.68797121700205	0.267821808190782
0.688371200267749	0.269852566833894
0.688771183533448	0.271912420365099
0.689171166799147	0.274003209659927
0.689571150064845	0.276126341373937
0.689971133330544	0.278282671673518
0.690371116596243	0.280472463787719
0.690771099861942	0.282695365414671
0.691171083127641	0.284950403576926
0.69157106639334	0.287236096997604
0.691971049659039	0.289550617079987
0.692371032924738	0.291891936133521
0.692771016190436	0.294258021837531
0.693170999456135	0.296647001313076
0.693570982721834	0.299057210596521
0.693970965987533	0.301487190232625
0.694370949253232	0.303935677187646
0.694770932518931	0.306401582451927
0.69517091578463	0.308883880099927
0.695570899050328	0.31138144587971
0.695970882316027	0.313892845562274
0.696370865581726	0.316416085710551
0.696770848847425	0.318948331571379
0.697170832113124	0.321485713456593
0.697570815378823	0.324023275974764
0.697970798644522	0.326555084199924
0.698370781910221	0.329074502850287
0.698770765175919	0.331574550623545
0.699170748441618	0.33404820184122
0.699570731707317	0.336488689261078
0.699970714973016	0.338889733114308
0.700370698238715	0.341245611978774
0.700770681504414	0.343551115287256
0.701170664770113	0.345801387628593
0.701570648035811	0.34799161805224
0.70197063130151	0.35011670322289
0.702370614567209	0.352170967345634
0.702770597832908	0.354147955851045
0.703170581098607	0.356040493713823
0.703570564364306	0.357841086959383
0.703970547630005	0.359542437588825
0.704370530895704	0.361137911542748
0.704770514161402	0.3626219113905
0.705170497427101	0.363989997070164
0.7055704806928	0.365238753555312
0.705970463958499	0.366365586026518
0.706370447224198	0.367368584108822
0.706770430489897	0.368246481792367
0.707170413755596	0.368998725819474
0.707570397021294	0.369625586984413
0.707970380286993	0.370128221532893
0.708370363552692	0.370508549649868
0.708770346818391	0.370769012914046
0.70917033008409	0.370912311252135
0.709570313349789	0.370941170922843
0.709970296615488	0.370858230458441
0.710370279881187	0.370666174070945
0.710770263146885	0.37036806171392
0.711170246412584	0.369967662348602
0.711570229678283	0.369469698421258
0.711970212943982	0.368879918678243
0.712370196209681	0.368204864903539
0.71277017947538	0.367451388995249
0.713170162741079	0.366626126995805
0.713570146006777	0.365735029824897
0.713970129272476	0.364783053543167
0.714370112538175	0.363774183614512
0.714770095803874	0.362711732476877
0.715170079069573	0.361598683529551
0.715570062335272	0.360437998046647
0.715970045600971	0.359232813729112
0.71637002886667	0.35798643762687
0.716770012132368	0.356702181882286
0.717169995398067	0.355383223125456
0.717569978663766	0.354032527378361
0.717969961929465	0.352652868449424
0.718369945195164	0.351246956073278
0.718769928460863	0.349817571135843
0.719169911726562	0.348367643902175
0.71956989499226	0.346900291943957
0.719969878257959	0.345418816521368
0.720369861523658	0.34392660528964
0.720769844789357	0.34242700343289
0.721169828055056	0.340923222560055
0.721569811320755	0.339418226762341
0.721969794586454	0.337914609066541
0.722369777852153	0.336414554250698
0.722769761117851	0.334919844974219
0.72316974438355	0.333431889699271
0.723569727649249	0.331951824446549
0.723969710914948	0.330480666691827
0.724369694180647	0.329019455091148
0.724769677446346	0.327569394875999
0.725169660712045	0.326131883383405
0.725569643977743	0.324708376211592
0.725969627243442	0.323300183485186
0.726369610509141	0.321908231680117
0.72676959377484	0.320532823375049
0.727169577040539	0.319173470056736
0.727569560306238	0.317828860401304
0.727969543571937	0.316496945163744
0.728369526837636	0.315175181753763
0.728769510103334	0.31386082629839
0.729169493369033	0.312551181720456
0.729569476634732	0.311243777725441
0.729969459900431	0.309936447370098
0.73036944316613	0.308627242143826
0.730769426431829	0.307314260934842
0.731169409697528	0.30599545338198
0.731569392963226	0.304668462825784
0.731969376228925	0.303330555118121
0.732369359494624	0.301978708444803
0.732769342760323	0.300609749208856
0.733169326026022	0.299220525077814
0.733569309291721	0.2978080575319
0.73396929255742	0.296369535802514
0.734369275823119	0.294902092291623
0.734769259088817	0.293402492551386
0.735169242354516	0.2918669046807
0.735569225620215	0.290290793391921
0.735969208885914	0.288668988083404
0.736369192151613	0.286995940463541
0.736769175417312	0.285266124342255
0.737169158683011	0.283474398354955
0.737569141948709	0.281616281765772
0.737969125214408	0.279688086817765
0.738369108480107	0.277686885602242
0.738769091745806	0.27561043014047
0.739169075011505	0.27345721224733
0.739569058277204	0.271226547182892
0.739969041542903	0.268918688439685
0.740369024808601	0.266535056177663
0.7407690080743	0.264078607983911
0.741168991339999	0.261553969429297
0.741568974605698	0.258967383489876
0.741968957871397	0.256326523071669
0.742368941137096	0.253640086751532
0.742768924402795	0.250917146886394
0.743168907668494	0.248166648878865
0.743568890934192	0.245397033758689
0.743968874199891	0.242615973639462
0.74436885746559	0.239830330723239
0.744768840731289	0.237046368480026
0.745168823996988	0.234269891854844
0.745568807262687	0.231506393759933
0.745968790528386	0.228761261171548
0.746368773794085	0.226039996520384
0.746768757059783	0.223348319033891
0.747168740325482	0.22069234274954
0.747568723591181	0.218078767057774
0.74796870685688	0.21551499550352
0.748368690122579	0.213009147186569
0.748768673388278	0.210569921226765
0.749168656653977	0.208206310818033
0.749568639919675	0.205927224797384
0.749968623185374	0.203741133905148
0.750368606451073	0.201655771969525
0.750768589716772	0.19967792220212
0.751168572982471	0.197813357440959
0.75156855624817	0.196066900016952
0.751968539513869	0.194442565915122
0.752368522779567	0.192943702446821
0.752768506045266	0.191573058348061
0.753168489310965	0.190332756984391
0.753568472576664	0.189224235181709
0.753968455842363	0.188248154016069
0.754368439108062	0.187404289602537
0.754768422373761	0.186691457163724
0.75516840563946	0.186107518590167
0.755568388905158	0.185649392783263
0.755968372170857	0.185313035594443
0.756368355436556	0.185093430862194
0.756768338702255	0.18498464132766
0.757168321967954	0.184979877375502
0.757568305233653	0.185071703378181
0.757968288499352	0.185252353127128
0.758368271765051	0.185514015991479
0.758768255030749	0.185849078455023
0.759168238296448	0.18625036175141
0.759568221562147	0.186711319795731
0.759968204827846	0.187226133123977
0.760368188093545	0.187789699974658
0.760768171359244	0.188397575979679
0.761168154624943	0.189045868172272
0.761568137890641	0.189731048991874
0.76196812115634	0.190449731092735
0.762368104422039	0.191198430426561
0.762768087687738	0.191973371764156
0.763168070953437	0.192770298397674
0.763568054219136	0.193584347724716
0.763968037484835	0.194410030075539
0.764368020750533	0.195241296843647
0.764768004016232	0.196071736393773
0.765167987281931	0.196894886749407
0.76556797054763	0.197704576866815
0.765967953813329	0.198495302456145
0.766367937079028	0.199262620490245
0.766767920344727	0.200003415966294
0.767167903610426	0.200715951169134
0.767567886876124	0.201399786720566
0.767967870141823	0.202055575570414
0.768367853407522	0.202684850190411
0.768767836673221	0.203289791548124
0.76916781993892	0.203873040511528
0.769567803204619	0.204437504756942
0.769967786470318	0.204986224456493
0.770367769736017	0.205522268863395
0.770767753001715	0.206048696730053
0.771167736267414	0.206568569374053
0.771567719533113	0.207085025433963
0.771967702798812	0.207601403423099
0.772367686064511	0.208121383106932
0.77276766933021	0.208649019325386
0.773167652595909	0.209188651401542
0.773567635861607	0.209744644551359
0.773967619127306	0.210321000717534
0.774367602393005	0.210920949197277
0.774767585658704	0.211546650338345
0.775167568924403	0.212199059240594
0.775567552190102	0.212878008785677
0.775967535455801	0.213582495491546
0.776367518721499	0.214310968519649
0.776767501987198	0.215061603385678
0.777167485252897	0.215832534875982
0.777567468518596	0.216621993065602
0.777967451784295	0.217428322443273
0.778367435049994	0.218250012769845
0.778767418315693	0.219085727427732
0.779167401581392	0.21993429320791
0.77956738484709	0.22079467683969
0.779967368112789	0.221665919686186
0.780367351378488	0.222547031143725
0.780767334644187	0.223436888614032
0.781167317909886	0.224334183773653
0.781567301175585	0.225237356785121
0.781967284441284	0.226144575492847
0.782367267706982	0.227053790028565
0.782767250972681	0.227962784511906
0.78316723423838	0.228869236747325
0.783567217504079	0.229770831513615
0.783967200769778	0.230665383911252
0.784367184035477	0.231550908769541
0.784767167301176	0.232425654641492
0.785167150566874	0.233288101817696
0.785567133832573	0.23413686769055
0.785967117098272	0.234970523549214
0.786367100363971	0.235787406975812
0.78676708362967	0.236585472258976
0.787167066895369	0.23736216659757
0.787567050161068	0.238114370724802
0.787967033426767	0.238838402719059
0.788367016692465	0.239530026472194
0.788766999958164	0.240184522015903
0.789166983223863	0.240796853144626
0.789566966489562	0.241361845529211
0.789966949755261	0.24187435542483
0.79036693302096	0.242329477310725
0.790766916286659	0.24272276152116
0.791166899552358	0.243050337791496
0.791566882818056	0.243309005058344
0.791966866083755	0.243496269448939
0.792366849349454	0.243610314522638
0.792766832615153	0.243649910607808
0.793166815880852	0.243614366126773
0.793566799146551	0.243503480548003
0.79396678241225	0.243317548737592
0.794366765677949	0.243057406154079
0.794766748943647	0.242724451825711
0.795166732209346	0.242320599802271
0.795566715475045	0.241848243159245
0.795966698740744	0.24131017148848
0.796366682006443	0.240709487169758
0.796766665272142	0.240049548936547
0.797166648537841	0.239333926665742
0.797566631803539	0.238566327815531
0.797966615069238	0.237750545431728
0.798366598334937	0.236890370469578
0.798766581600636	0.235989416848568
0.799166564866335	0.235050912703573
0.799566548132034	0.234077565046512
0.799966531397733	0.233071494561709
0.800366514663431	0.232034256023395
0.80076649792913	0.230966895652149
0.801166481194829	0.229870020604677
0.801566464460528	0.228743879636431
0.801966447726227	0.227588411793721
0.802366430991926	0.226403278114086
0.802766414257625	0.225187883837011
0.803166397523324	0.223941414300524
0.803566380789022	0.222662912444754
0.803966364054721	0.221351464554439
0.80436634732042	0.220006368717897
0.804766330586119	0.218627275963943
0.805166313851818	0.217214341776298
0.805566297117517	0.21576832183144
0.805966280383216	0.214290523590264
0.806366263648914	0.212782732624529
0.806766246914613	0.211247197621241
0.807166230180312	0.20968670307417
0.807566213446011	0.2081047009552
0.80796619671171	0.206505472917852
0.808366179977409	0.204894170046451
0.808766163243108	0.2032766632391
0.809166146508806	0.201659196191464
0.809566129774505	0.200047905052702
0.809966113040204	0.198448321138238
0.810366096305903	0.196865063375908
0.810766079571602	0.195301829083989
0.811166062837301	0.193761525208535
0.811566046103	0.19224644292726
0.811966029368699	0.190758402709494
0.812366012634397	0.189298769045407
0.812765995900096	0.187868323003627
0.813165979165795	0.186467152141362
0.813565962431494	0.185094635352328
0.813965945697193	0.1837495681878
0.814365928962892	0.182430457575303
0.814765912228591	0.18113590237522
0.81516589549429	0.179864902412357
0.815565878759988	0.178617065081856
0.815965862025687	0.177392665251195
0.816365845291386	0.176192458328808
0.816765828557085	0.175017358525939
0.817165811822784	0.173868149193526
0.817565795088483	0.172745193809501
0.817965778354182	0.171648181345864
0.81836576161988	0.170576048397624
0.818765744885579	0.169527104497868
0.819165728151278	0.168499271420442
0.819565711416977	0.167490380352715
0.819965694682676	0.166498373098709
0.820365677948375	0.165521348042182
0.820765661214074	0.16455754978579
0.821165644479772	0.163605275564177
0.821565627745471	0.162662734801809
0.82196561101117	0.161728067273271
0.822365594276869	0.160799534873476
0.822765577542568	0.159875749098049
0.823165560808267	0.158955873942155
0.823565544073966	0.158039789665297
0.823965527339665	0.157128097175858
0.824365510605363	0.156222063818405
0.824765493871062	0.155323550245931
0.825165477136761	0.154434880327847
0.82556546040246	0.153558738505523
0.825965443668159	0.152698185691267
0.826365426933858	0.151856682644171
0.826765410199557	0.151038024997216
0.827165393465256	0.150246280408637
0.827565376730954	0.149485725524304
0.827965359996653	0.148760775312486
0.828365343262352	0.148075965388211
0.828765326528051	0.147435991718984
0.82916530979375	0.146845742216538
0.829565293059449	0.146310315999068
0.829965276325147	0.145834972602391
0.830365259590846	0.145424965432938
0.830765242856545	0.1450852591997
0.831165226122244	0.144820304197775
0.831565209387943	0.144633921391231
0.831965192653642	0.14452925823569
0.832365175919341	0.144508783063032
0.83276515918504	0.144574345604325
0.833165142450738	0.144727195395335
0.833565125716437	0.144967934823562
0.833965108982136	0.145296488293097
0.834365092247835	0.14571205709453
0.834765075513534	0.146213039841455
0.835165058779233	0.146797028489889
0.835565042044932	0.147460866536996
0.835965025310631	0.148200669225089
0.836365008576329	0.14901189338349
0.836764991842028	0.149889565356652
0.837164975107727	0.150828540711533
0.837564958373426	0.151823780550005
0.837964941639125	0.152870676171995
0.838364924904824	0.153965289568934
0.838764908170523	0.155104361197056
0.839164891436222	0.156285198935174
0.83956487470192	0.157505477582213
0.839964857967619	0.158762976837766
0.840364841233318	0.160055398514135
0.840764824499017	0.161380304014474
0.841164807764716	0.162735037692527
0.841564791030415	0.164116612006912
0.841964774296113	0.165521593667811
0.842364757561812	0.166946018368365
0.842764740827511	0.16838529021125
0.84316472409321	0.169834204760368
0.843564707358909	0.171287113061749
0.843964690624608	0.172738201141785
0.844364673890307	0.174181810478396
0.844764657156006	0.175612714672958
0.845164640421704	0.177026228888162
0.845564623687403	0.178418119154508
0.845964606953102	0.17978439292286
0.846364590218801	0.181121045605821
0.8467645734845	0.182423852693119
0.847164556750199	0.183688335762977
0.847564540015898	0.184909953725023
0.847964523281597	0.186084434143944
0.848364506547295	0.187208168610269
0.848764489812994	0.18827855425497
0.849164473078693	0.189294147758157
0.849564456344392	0.1902545796725
0.849964439610091	0.191160326286463
0.85036442287579	0.192012417196168
0.850764406141489	0.192812177436124
0.851164389407187	0.193561136787951
0.851564372672886	0.194261098285611
0.851964355938585	0.194914156519208
0.852364339204284	0.195522639626245
0.852764322469983	0.196088999421317
0.853164305735682	0.196615628148403
0.853564289001381	0.19710462064528
0.853964272267079	0.197557674359361
0.854364255532778	0.197976078568978
0.854764238798477	0.198360816889834
0.855164222064176	0.198712788956955
0.855564205329875	0.199033086908672
0.855964188595574	0.199323193936868
0.856364171861273	0.199585107566962
0.856764155126972	0.199821435290974
0.85716413839267	0.200035375107966
0.857564121658369	0.200230597879433
0.857964104924068	0.200411158679491
0.858364088189767	0.200581373431236
0.858764071455466	0.200745688990499
0.859164054721165	0.200908565386861
0.859564037986864	0.201074417104371
0.859964021252563	0.20124758790591
0.860364004518261	0.201432329092042
0.86076398778396	0.201632735799735
0.861163971049659	0.201852654630328
0.861563954315358	0.202095608399378
0.861963937581057	0.202364759553427
0.862363920846756	0.202662869978384
0.862763904112455	0.202992269406456
0.863163887378153	0.203354827938164
0.863563870643852	0.203751907697001
0.863963853909551	0.204184256241864
0.86436383717525	0.20465194034027
0.864763820440949	0.20515434940518
0.865163803706648	0.205690345708231
0.865563786972347	0.206258489633103
0.865963770238045	0.20685723181361
0.866363753503744	0.207485016540605
0.866763736769443	0.208140330379581
0.867163720035142	0.208821617544428
0.867563703300841	0.209527082790995
0.86796368656654	0.210254474008624
0.868363669832239	0.211000968141116
0.868763653097938	0.211763125866457
0.869163636363636	0.212536958883321
0.869563619629335	0.213318057230563
0.869963602895034	0.214101737033097
0.870363586160733	0.214883229257196
0.870763569426432	0.215657882158827
0.871163552692131	0.216421293805949
0.87156353595783	0.21716943985472
0.871963519223529	0.217898839078042
0.872363502489227	0.218606659852362
0.872763485754926	0.2192907578909
0.873163469020625	0.219949670546024
0.873563452286324	0.220582505244866
0.873963435552023	0.221188719206691
0.874363418817722	0.2217678693397
0.874763402083421	0.22231936065796
0.875163385349119	0.222842262696197
0.875563368614818	0.223335282067575
0.875963351880517	0.223796908784447
0.876363335146216	0.224225694329625
0.876763318411915	0.224620600368072
0.877163301677614	0.224981259339843
0.877563284943313	0.22530805864867
0.877963268209011	0.225602046991998
0.87836325147471	0.225864695353828
0.878763234740409	0.226097566958865
0.879163218006108	0.22630205390268
0.879563201271807	0.226479205080308
0.879963184537506	0.226629649158733
0.880363167803205	0.226753624056824
0.880763151068904	0.226851049095458
0.881163134334602	0.226921574681995
0.881563117600301	0.226964665888903
0.881963100866	0.226979708032331
0.882363084131699	0.22696611337703
0.882763067397398	0.226923484492224
0.883163050663097	0.226851794508907
0.883563033928796	0.226751482650131
0.883963017194495	0.226623462579067
0.884363000460193	0.22646904381408
0.884762983725892	0.226289769908811
0.885162966991591	0.226087276388492
0.88556295025729	0.225863197583966
0.885962933522989	0.225619099897948
0.886362916788688	0.225356445085503
0.886762900054387	0.225076567460203
0.887162883320085	0.22478058830469
0.887562866585784	0.224469331658155
0.887962849851483	0.224143268623186
0.888362833117182	0.223802493510884
0.888762816382881	0.223446742359075
0.88916279964858	0.223075495567978
0.889562782914279	0.222688093961333
0.889962766179977	0.222283870394598
0.890362749445676	0.221862231388977
0.890762732711375	0.221422655501648
0.891162715977074	0.220964625305921
0.891562699242773	0.22048756240506
0.891962682508472	0.219990699438528
0.892362665774171	0.219472946765627
0.89276264903987	0.21893279430165
0.893162632305568	0.218368274191747
0.893562615571267	0.217777015083697
0.893962598836966	0.217156351167863
0.894362582102665	0.216503478682434
0.894762565368364	0.215815603051308
0.895162548634063	0.215089960869316
0.895562531899762	0.214323695024943
0.89596251516546	0.213513676986919
0.896362498431159	0.212656372348613
0.896762481696858	0.211747791079867
0.897162464962557	0.210783584836063
0.897562448228256	0.209759299061848
0.897962431493955	0.208670673445662
0.898362414759654	0.207513981293224
0.898762398025353	0.206286289878424
0.899162381291051	0.204985493500685
0.89956236455675	0.203610117065267
0.899962347822449	0.202159021500789
0.900362331088148	0.200631022626815
0.900762314353847	0.199024491988841
0.901162297619546	0.197337135063865
0.901562280885245	0.195566015869067
0.901962264150943	0.193707761527698
0.902362247416642	0.191758858305638
0.902762230682341	0.189716004598302
0.90316221394804	0.187576368222386
0.903562197213739	0.185337690428172
0.903962180479438	0.182998350019037
0.904362163745137	0.180557359376473
0.904762147010836	0.178014294764397
0.905162130276534	0.17536932570556
0.905562113542233	0.172623346152172
0.905962096807932	0.169778111141839
0.906362080073631	0.166836287208231
0.90676206333933	0.163801535351549
0.907162046605029	0.160678469312644
0.907562029870728	0.157472473650607
0.907962013136426	0.154189420100112
0.908361996402125	0.149835252565316
0.908761979667824	0.145554800146247
0.909161962933523	0.141385856590729
0.909561946199222	0.137363986800938
0.909961929464921	0.133518018489091
0.91036191273062	0.129868638132564
0.910761895996319	0.126428743771824
0.911161879262017	0.123204631263502
0.911561862527716	0.120197436674715
0.911961845793415	0.11740451932366
0.912361829059114	0.11482064803775
0.912761812324813	0.112438949783108
0.913161795590512	0.110251631561342
0.913561778856211	0.10825050949892
0.913961762121909	0.106427378930201
0.914361745387608	0.104774258033352
0.914761728653307	0.103283538442109
0.915161711919006	0.101948068703348
0.915561695184705	0.100761189640908
0.915961678450404	0.099716741024798
0.916361661716103	0.0988090540863117
0.916761644981802	0.0980329356475803
0.9171616282475	0.0973836479592913
0.917561611513199	0.0968568862679305
0.917961594778898	0.0964487525576011
0.918361578044597	0.0961557273575087
0.918761561310296	0.0959746406120388
0.919161544575995	0.0959026418660909
0.919561527841694	0.0959371707155616
0.919961511107392	0.0960759305658968
0.920361494373091	0.0963168652787606
0.92076147763879	0.0966581387684329
0.921161460904489	0.0970981148163054
0.921561444170188	0.0976353369494771
0.921961427435887	0.0982685090217057
0.922361410701586	0.0989964767227608
0.922761393967285	0.0998182099763488
0.923161377232983	0.100732788893975
0.923561360498682	0.101739393569096
0.923961343764381	0.102837297215711
0.92436132703008	0.10402586219636
0.924761310295779	0.10530453786738
0.925161293561478	0.106672857575644
0.925561276827177	0.108130434931207
0.925961260092875	0.109676959292286
0.926361243358574	0.111312190184957
0.926761226624273	0.113035951254081
0.927161209889972	0.114848125977455
0.927561193155671	0.116748652823159
0.92796117642137	0.118737519545436
0.928361159687069	0.120814757122231
0.928761142952768	0.122980433560969
0.929161126218466	0.125234647615851
0.929561109484165	0.127577524315568
0.929961092749864	0.130009212569763
0.930361076015563	0.132529884582767
0.930761059281262	0.13513973682625
0.931161042546961	0.13783899189329
0.93156102581266	0.140627899447365
0.931961009078358	0.14350673638404
0.932360992344057	0.146475806189093
0.932760975609756	0.149535437321224
0.933160958875455	0.152685980887016
0.933560942141154	0.155927808928992
0.933960925406853	0.15926131298838
0.934360908672552	0.162686902762831
0.934760891938251	0.166205004853697
0.935160875203949	0.169816061598076
0.935560858469648	0.17352052998143
0.935960841735347	0.177318880627063
0.936360825001046	0.181211596859274
0.936760808266745	0.185199173837401
0.937160791532444	0.189282117758406
0.937560774798143	0.19346094512605
0.937960758063841	0.197736182085021
0.93836074132954	0.202108363818792
0.938760724595239	0.206578034010233
0.939160707860938	0.211145744498362
0.939560691126637	0.215812055355323
0.939960674392336	0.220577534344332
0.940360657658035	0.225442755673093
0.940760640923734	0.230408298282255
0.941160624189432	0.235474744025771
0.941560607455131	0.240642676185214
0.94196059072083	0.245912677616741
0.942360573986529	0.251285328998876
0.942760557252228	0.256761206794107
0.943160540517927	0.262340879884777
0.943560523783626	0.268024904558074
0.943960507049324	0.273813819424017
0.944360490315023	0.279708141197308
0.944760473580722	0.285708362892732
0.945160456846421	0.291814954934962
0.94556044011212	0.298028368983389
0.945960423377819	0.304349043213418
0.946360406643518	0.31077740897273
0.946760389909217	0.317313897323194
0.947160373174915	0.32395894277733
0.947560356440614	0.330712983283447
0.947960339706313	0.337576457477235
0.948360322972012	0.344549798491938
0.948760306237711	0.351633425131728
0.94916028950341	0.358827733420191
0.949560272769109	0.366133091485683
0.949960256034807	0.373549839302812
0.950360239300506	0.381078292854828
0.950760222566205	0.388718751210095
0.951160205831904	0.396471502345608
0.951560189097603	0.404336824915714
0.951960172363302	0.412314985811008
0.952360155629001	0.420406233130768
0.952760138894699	0.428610786685308
0.953160122160398	0.436928833323225
0.953560105426097	0.445360529957457
0.953960088691796	0.453906014086813
0.954360071957495	0.462565417006682
0.954760055223194	0.471338876943384
0.955160038488893	0.480226547748715
0.955560021754592	0.489228600468812
0.95596000502029	0.498345216151123
