0	0.83215186616613
0.000399983243265888	0.833347579241793
0.000799966486531775	0.834548695135531
0.00119994972979766	0.835755377049999
0.00159993297306355	0.836967838724392
0.00199991621632944	0.838186322786076
0.00239989945959533	0.839411080646967
0.00279988270286121	0.840642352689942
0.0031998659461271	0.841880345782682
0.00359984918939299	0.843125215564607
0.00399983243265888	0.844377059455425
0.00439981567592476	0.845635918970325
0.00479979891919065	0.846901791095523
0.00519978216245654	0.848174644348501
0.00559976540572243	0.849454428446181
0.00599974864898831	0.850741078974728
0.0063997318922542	0.852034516651613
0.00679971513552009	0.853334639783372
0.00719969837878598	0.854641313892771
0.00759968162205186	0.855954365601549
0.00799966486531775	0.857273579411868
0.00839964810858364	0.858598696590047
0.00879963135184953	0.859929416320573
0.00919961459511541	0.861265396820402
0.0095995978383813	0.862606258094674
0.00999958108164719	0.863951586784819
0.0103995643249131	0.86530094211099
0.010799547568179	0.866653863151363
0.0111995308114449	0.868009876277939
0.0115995140547107	0.869368499767313
0.0119994972979766	0.870729244045875
0.0123994805412425	0.872091610354112
0.0127994637845084	0.873455085966395
0.0131994470277743	0.87481913965757
0.0135994302710402	0.876183220283924
0.0139994135143061	0.877546758710863
0.014399396757572	0.878909172941585
0.0147993800008378	0.880269876422088
0.0151993632441037	0.881628285912077
0.0155993464873696	0.882983828802446
0.0159993297306355	0.88433594946855
0.0163993129739014	0.885684113943841
0.0167992962171673	0.88702780969175
0.0171992794604332	0.88836654399233
0.0175992627036991	0.889699838915276
0.0179992459469649	0.891027223392841
0.0183992291902308	0.892348222648737
0.0187992124334967	0.893662349522952
0.0191991956767626	0.894969097202549
0.0195991789200285	0.89626793565644
0.0199991621632944	0.897558311274735
0.0203991454065603	0.898839649809839
0.0207991286498262	0.900111359405404
0.021199111893092	0.901372835505899
0.0215990951363579	0.902623465355868
0.0219990783796238	0.903862632901061
0.0223990616228897	0.905089723368438
0.0227990448661556	0.906304131213672
0.0231990281094215	0.90750526677004
0.0235990113526874	0.908692563935409
0.0239989945959533	0.909865486803172
0.0243989778392191	0.911023533998338
0.024798961082485	0.912166237981531
0.0251989443257509	0.913293160481907
0.0255989275690168	0.914403883609902
0.0259989108122827	0.915497998999977
0.0263988940555486	0.916575097676314
0.0267988772988145	0.917634765623278
0.0271988605420804	0.918676585641095
0.0275988437853462	0.919700146102486
0.0279988270286121	0.920705053282364
0.028398810271878	0.921690943580138
0.0287987935151439	0.922657492363198
0.0291987767584098	0.923604418250912
0.0295987600016757	0.924531484648942
0.0299987432449416	0.925438500929296
0.0303987264882075	0.926325326950691
0.0307987097314733	0.927191882821949
0.0311986929747392	0.928038163942273
0.0315986762180051	0.928864254934293
0.031998659461271	0.929670341003123
0.0323986427045369	0.930456713988965
0.0327986259478028	0.931223772692197
0.0331986091910687	0.931972022027209
0.0335985924343346	0.932702075605981
0.0339985756776004	0.933414664526488
0.0343985589208663	0.934110657410408
0.0347985421641322	0.934791091997366
0.0351985254073981	0.935457209315378
0.035598508650664	0.936110487779931
0.0359984918939299	0.936752671113174
0.0363984751371958	0.937385780634629
0.0367984583804617	0.938012112173537
0.0371984416237275	0.938634231504308
0.0375984248669934	0.939254971455877
0.0379984081102593	0.939877442870882
0.0383983913535252	0.940505068345831
0.0387983745967911	0.941141629052125
0.039198357840057	0.941791314935109
0.0395983410833229	0.942458784130159
0.0399983243265888	0.943149220751998
0.0403983075698546	0.943868388761908
0.0407982908131205	0.944622691791483
0.0411982740563864	0.945419246868093
0.0415982572996523	0.946265953982175
0.0419982405429182	0.947171559690603
0.0423982237861841	0.948145696678889
0.04279820702945	0.949198864451208
0.0431981902727159	0.950342323250814
0.0435981735159817	0.951587880438924
0.0439981567592476	0.952947525393098
0.0443981400025135	0.954432863459725
0.0447981232457794	0.95605429166177
0.0451981064890453	0.957819818229446
0.0455980897323112	0.959733439848036
0.0459980729755771	0.96179303611164
0.046398056218843	0.963987830107692
0.0467980394621088	0.966295629679091
0.0471980227053747	0.968680338739636
0.0475980059486406	0.971090533648973
0.0479979891919065	0.971463587063303
0.0483979724351724	0.971744778001533
0.0487979556784383	0.971934111381563
0.0491979389217042	0.972034135044325
0.0495979221649701	0.972049838192075
0.0499979054082359	0.971988199213335
0.0503978886515018	0.971857603491992
0.0507978718947677	0.971667161037352
0.0511978551380336	0.971425936499011
0.0515978383812995	0.971142379123376
0.0519978216245654	0.970824189864701
0.0523978048678313	0.970478506679695
0.0527977881110972	0.970112359803065
0.053197771354363	0.969733130266711
0.0535977545976289	0.969348941051148
0.0539977378408948	0.9689687980281
0.0543977210841607	0.968602447654823
0.0547977043274266	0.968259837657623
0.0551976875706925	0.967950353750315
0.0555976708139584	0.9676818985633
0.0559976540572243	0.967460003480567
0.0563976373004901	0.967287143859276
0.056797620543756	0.967162413125251
0.0571976037870219	0.967081721684706
0.0575975870302878	0.967038453700779
0.0579975702735537	0.967024424900622
0.0583975535168196	0.967030872657775
0.0587975367600855	0.967049182506042
0.0591975200033514	0.967071191061213
0.0595975032466172	0.967089081540068
0.0599974864898831	0.967094998255652
0.060397469733149	0.967080559573785
0.0607974529764149	0.967036573672369
0.0611974362196808	0.966953062351445
0.0615974194629467	0.966819332632637
0.0619974027062126	0.966624214166985
0.0623973859494785	0.966356383141629
0.0627973691927443	0.966004667948811
0.0631973524360102	0.965558487995833
0.0635973356792761	0.965008553801795
0.063997318922542	0.964347599435591
0.0643973021658079	0.963570928578351
0.0647972854090738	0.962676816606109
0.0651972686523397	0.961666562773928
0.0655972518956056	0.960544148707648
0.0659972351388714	0.959315504025522
0.0663972183821373	0.957987656378632
0.0667972016254032	0.956567864871217
0.0671971848686691	0.955062884302643
0.067597168111935	0.953478436289873
0.0679971513552009	0.951819038454086
0.0683971345984668	0.950087932974875
0.0687971178417327	0.948287266057548
0.0691971010849985	0.946418462720423
0.0695970843282644	0.944482795447046
0.0699970675715303	0.942481907485783
0.0703970508147962	0.940418596038069
0.0707970340580621	0.938297399772905
0.071197017301328	0.936125014455106
0.0715970005445939	0.933910498708059
0.0719969837878598	0.931665333964211
0.0723969670311257	0.929403105377344
0.0727969502743915	0.9271389828678
0.0731969335176574	0.924889014935672
0.0735969167609233	0.92266938309138
0.0739969000041892	0.920495759301859
0.0743968832474551	0.918382978648657
0.074796866490721	0.916344868232689
0.0751968497339869	0.914394194562928
0.0755968329772527	0.912542538452057
0.0759968162205186	0.910800054158438
0.0763967994637845	0.909175098322007
0.0767967827070504	0.9076738369172
0.0771967659503163	0.906299972373042
0.0775967491935822	0.905054776106334
0.0779967324368481	0.903937416533987
0.078396715680114	0.902945588653567
0.0787966989233798	0.902076393915646
0.0791966821666457	0.901327117481515
0.0795966654099116	0.900695793159378
0.0799966486531775	0.900181472884647
0.0803966318964434	0.899784029645065
0.0807966151397093	0.899503659593347
0.0811965983829752	0.899340363918317
0.0815965816262411	0.899293535259065
0.0819965648695069	0.899361724003978
0.0823965481127728	0.899542822006983
0.0827965313560387	0.899834536949547
0.0831965145993046	0.900235003609966
0.0835964978425705	0.900743230696566
0.0839964810858364	0.901359152925809
0.0843964643291023	0.902083096542916
0.0847964475723682	0.902914995907474
0.085196430815634	0.903853492529617
0.0855964140588999	0.904895254431305
0.0859963973021658	0.90603472521417
0.0863963805454317	0.907264248492729
0.0867963637886976	0.90857432561044
0.0871963470319635	0.909954058158797
0.0875963302752294	0.911391443573383
0.0879963135184953	0.912873477868725
0.0883962967617612	0.914386202134686
0.088796280005027	0.915914917457863
0.0891962632482929	0.917444334175978
0.0895962464915588	0.918958807448429
0.0899962297348247	0.920442647109331
0.0903962129780906	0.921880329554733
0.0907961962213565	0.92325640382518
0.0911961794646224	0.924555410247405
0.0915961627078882	0.925761816447723
0.0919961459511541	0.926859993771882
0.09239612919442	0.927834472002681
0.0927961124376859	0.928670396251359
0.0931960956809518	0.92935389800028
0.0935960789242177	0.929872211460541
0.0939960621674836	0.930213664109817
0.0943960454107495	0.930367539261602
0.0947960286540153	0.93032393776073
0.0951960118972812	0.930074017078049
0.0955959951405471	0.929610619212709
0.095995978383813	0.928928916234975
0.0963959616270789	0.928027021533396
0.0967959448703448	0.926906425937745
0.0971959281136107	0.92557192743537
0.0975959113568766	0.924031022062971
0.0979958946001424	0.922293249047257
0.0983958778434083	0.920369501872679
0.0987958610866742	0.918271410536762
0.0991958443299401	0.916010880983466
0.099595827573206	0.91359981516617
0.0999958108164719	0.911049732146504
0.100395794059738	0.908371357078654
0.100795777303004	0.905574311606696
0.10119576054627	0.902666835926519
0.101595743789535	0.899655760294526
0.101995727032801	0.896546867409031
0.102395710276067	0.893345369470967
0.102795693519333	0.89005636647977
0.103195676762599	0.886685303642917
0.103595660005865	0.883238387258431
0.103995643249131	0.879722878985196
0.104395626492397	0.876147413603006
0.104795609735663	0.872522275487945
0.105195592978928	0.868859421997266
0.105595576222194	0.865172268341821
0.10599555946546	0.861475278935459
0.106395542708726	0.857783356066845
0.106795525951992	0.854111208308979
0.107195509195258	0.850473028606167
0.107595492438524	0.846882521849971
0.10799547568179	0.843353239661928
0.108395458925056	0.839899283301779
0.108795442168321	0.836535908965947
0.109195425411587	0.83327978020169
0.109595408654853	0.830148952546288
0.109995391898119	0.827162388021839
0.110395375141385	0.824338981997592
0.110795358384651	0.821696593728122
0.111195341627917	0.819251171425057
0.111595324871183	0.817015812885101
0.111995308114449	0.815000030715029
0.112395291357714	0.813209280224756
0.11279527460098	0.811644676910376
0.113195257844246	0.810303175190572
0.113595241087512	0.809178176014376
0.113995224330778	0.808260388863824
0.114395207574044	0.807538901085261
0.11479519081731	0.807002309893796
0.115195174060576	0.80663948418884
0.115595157303841	0.8064399350119
0.115995140547107	0.806393965546073
0.116395123790373	0.80649256421266
0.116795107033639	0.806727126765314
0.117195090276905	0.807089270508085
0.117595073520171	0.80757076153428
0.117995056763437	0.808163584248097
0.118395040006703	0.808859995609666
0.118795023249969	0.80965262068172
0.119195006493234	0.810534616059804
0.1195949897365	0.811499831228199
0.119994972979766	0.812542802938448
0.120394956223032	0.813658646226624
0.120794939466298	0.814842764180788
0.121194922709564	0.816090441863319
0.12159490595283	0.817396412519742
0.121994889196096	0.818754521126037
0.122394872439362	0.820157634580501
0.122794855682627	0.821597832333833
0.123194838925893	0.823066683622843
0.123594822169159	0.824555489122898
0.123994805412425	0.826055515730315
0.124394788655691	0.827558153332514
0.124794771898957	0.829054977624794
0.125194755142223	0.83053786942604
0.125594738385489	0.831999236272705
0.125994721628755	0.833432449023452
0.12639470487202	0.834832229973775
0.126794688115286	0.836194798667461
0.127194671358552	0.837517774028508
0.127594654601818	0.838799794911743
0.127994637845084	0.84003980340894
0.12839462108835	0.841236252453245
0.128794604331616	0.842386570410814
0.129194587574882	0.84348678240548
0.129594570818148	0.844531350720377
0.129994554061413	0.845513311328845
0.130394537304679	0.846424570577842
0.130794520547945	0.847256377375856
0.131194503791211	0.848000071371187
0.131594487034477	0.848647885299655
0.131994470277743	0.849193617475608
0.132394453521009	0.849633364145864
0.132794436764275	0.849966019139001
0.133194420007541	0.85019312645918
0.133594403250806	0.850318483378257
0.133994386494072	0.85034765174028
0.134394369737338	0.850287523723594
0.134794352980604	0.850146005077137
0.13519433622387	0.849932075002137
0.135594319467136	0.849656038692897
0.135994302710402	0.849329952639357
0.136394285953668	0.848967919352061
0.136794269196934	0.848585931479855
0.137194252440199	0.848201212943285
0.137594235683465	0.847831440710807
0.137994218926731	0.84749380406704
0.138394202169997	0.847204178161898
0.138794185413263	0.846976596655308
0.139194168656529	0.846823214787037
0.139594151899795	0.84675444511255
0.139994135143061	0.846779226570254
0.140394118386327	0.846905157379732
0.140794101629592	0.847138574311308
0.141194084872858	0.84748448499764
0.141594068116124	0.847946524270952
0.14199405135939	0.848526975587162
0.142394034602656	0.849226879610025
0.142794017845922	0.850046255916979
0.143194001089188	0.850984515745653
0.143593984332454	0.852040592867976
0.14399396757572	0.85321279170451
0.144393950818985	0.854498612833042
0.144793934062251	0.855894627981034
0.145193917305517	0.857396028373906
0.145593900548783	0.85899624998493
0.145993883792049	0.860686774368509
0.146393867035315	0.862456861578551
0.146793850278581	0.864293315977579
0.147193833521847	0.866180661750738
0.147593816765113	0.868101572220046
0.147993800008378	0.87003754995074
0.148393783251644	0.871969890422152
0.14879376649491	0.873880749959832
0.149193749738176	0.875754070800611
0.149593732981442	0.877576377659847
0.149993716224708	0.87933707623442
0.150393699467974	0.881028174933711
0.15079368271124	0.882643525581096
0.151193665954505	0.884177899203617
0.151593649197771	0.885626143077059
0.151993632441037	0.886982680735702
0.152393615684303	0.888241523027147
0.152793598927569	0.889396778013352
0.153193582170835	0.890443488410161
0.153593565414101	0.891378351912864
0.153993548657367	0.892200073737089
0.154393531900633	0.892909349293173
0.154793515143898	0.89350851972436
0.155193498387164	0.894000981797768
0.15559348163043	0.894390772119119
0.155993464873696	0.894682453644649
0.156393448116962	0.894881315665198
0.156793431360228	0.894993506134393
0.157193414603494	0.895026066065875
0.15759339784676	0.894986718720222
0.157993381090026	0.894883507785173
0.158393364333291	0.894724312456562
0.158793347576557	0.894516442144093
0.159193330819823	0.894266274989244
0.159593314063089	0.89397901430811
0.159993297306355	0.893658617072145
0.160393280549621	0.893307977651937
0.160793263792887	0.892929339327265
0.161193247036153	0.892524911513691
0.161593230279419	0.892097582212714
0.161993213522684	0.89165156497658
0.16239319676595	0.891192601467769
0.162793180009216	0.890727752132338
0.163193163252482	0.890264911215597
0.163593146495748	0.889812025552459
0.163993129739014	0.889376277411887
0.16439311298228	0.888963616760423
0.164793096225546	0.888578779583828
0.165193079468812	0.888225610668857
0.165593062712077	0.887907705566063
0.165993045955343	0.887629048068047
0.166393029198609	0.887394352711836
0.166793012441875	0.887209143921972
0.167192995685141	0.887079644246162
0.167592978928407	0.887012427937831
0.167992962171673	0.88701386895035
0.168392945414939	0.887089616551051
0.168792928658205	0.887244260519304
0.16919291190147	0.887481270876876
0.169592895144736	0.887803264820586
0.169992878388002	0.888212545374385
0.170392861631268	0.888711609004926
0.170792844874534	0.889303340006967
0.1711928281178	0.8899908590926
0.171592811361066	0.890777059476017
0.171992794604332	0.891663841763337
0.172392777847598	0.89265142861733
0.172792761090863	0.893738069892068
0.173192744334129	0.894920040485822
0.173592727577395	0.896191980864348
0.173992710820661	0.897547655953138
0.174392694063927	0.898980797427684
0.174792677307193	0.900485747728271
0.175192660550459	0.90205782296078
0.175592643793725	0.903693247831386
0.175992627036991	0.905388769512636
0.176392610280256	0.907141210180041
0.176792593523522	0.908947083881937
0.177192576766788	0.910802219883451
0.177592560010054	0.912701655551674
0.17799254325332	0.914639834605335
0.178392526496586	0.916610941716356
0.178792509739852	0.918609075650637
0.179192492983118	0.920628249718909
0.179592476226383	0.922662071102265
0.179992459469649	0.924703254635233
0.180392442712915	0.926743041915784
0.180792425956181	0.928770734990342
0.181192409199447	0.930773447871139
0.181592392442713	0.932736197248899
0.181992375685979	0.934642266826498
0.182392358929245	0.93647388571251
0.182792342172511	0.938212973341957
0.183192325415776	0.939841906302432
0.183592308659042	0.941344189550304
0.183992291902308	0.942704982779
0.184392275145574	0.943911387140172
0.18479225838884	0.944952534305223
0.185192241632106	0.945819626899855
0.185592224875372	0.946505889524112
0.185992208118638	0.947006360640351
0.186392191361904	0.947317611815572
0.186792174605169	0.947437508204977
0.187192157848435	0.947364960525754
0.187592141091701	0.947099812545828
0.187992124334967	0.946642951914449
0.188392107578233	0.945996557882005
0.188792090821499	0.945164353477688
0.189192074064765	0.944151833764576
0.189592057308031	0.94296617193516
0.189992040551297	0.941615815394242
0.190392023794562	0.940109865599483
0.190792007037828	0.938457447089162
0.191191990281094	0.9366671248733
0.19159197352436	0.934746762226494
0.191991956767626	0.932703752537588
0.192391940010892	0.930545529801307
0.192791923254158	0.928280338815262
0.193191906497424	0.92591806501669
0.19359188974069	0.923470849688292
0.193991872983955	0.920953467032382
0.194391856227221	0.91838328398229
0.194791839470487	0.915779743668032
0.195191822713753	0.913163637737014
0.195591805957019	0.910556283736499
0.195991789200285	0.907978645081603
0.196391772443551	0.905450624693235
0.196791755686817	0.902990690409051
0.197191738930083	0.900615682415862
0.197591722173348	0.898340720852088
0.197991705416614	0.896179183335136
0.19839168865988	0.894142823301152
0.198791671903146	0.892241989659739
0.199191655146412	0.890485942600052
0.199591638389678	0.888883312981914
0.199991621632944	0.887442576350947
0.20039160487621	0.886172173431525
0.200791588119476	0.885080165984811
0.201191571362741	0.884173515308945
0.201591554606007	0.883457147076201
0.201991537849273	0.882933069261977
0.202391521092539	0.88259987022296
0.202791504335805	0.882452730366594
0.203191487579071	0.882483894071932
0.203591470822337	0.882683560486008
0.203991454065603	0.883040863733174
0.204391437308869	0.883544766649049
0.204791420552134	0.884184893839271
0.2051914037954	0.884952186261532
0.205591387038666	0.88583936979908
0.205991370281932	0.886841365967299
0.206391353525198	0.887955482694469
0.206791336768464	0.889181233888885
0.20719132001173	0.890519970082655
0.207591303254996	0.891974240418884
0.207991286498262	0.893546901964697
0.208391269741527	0.89524025811019
0.208791252984793	0.897055346455668
0.209191236228059	0.898991369998695
0.209591219471325	0.901045445744418
0.209991202714591	0.903212723083672
0.210391185957857	0.905486595599097
0.210791169201123	0.907858921376901
0.211191152444389	0.910320350523648
0.211591135687655	0.91286046785003
0.21199111893092	0.915467677759291
0.212391102174186	0.918129004850105
0.212791085417452	0.920829991472352
0.213191068660718	0.923554842954874
0.213591051903984	0.926286755238391
0.21399103514725	0.929008479006421
0.214391018390516	0.931703167636755
0.214791001633782	0.934355260842955
0.215190984877047	0.936951074642857
0.215590968120313	0.93947909897692
0.215990951363579	0.941929862758602
0.216390934606845	0.944295400532561
0.216790917850111	0.946568552285006
0.217190901093377	0.94874240449037
0.217590884336643	0.950809978243831
0.217990867579909	0.952764217470058
0.218390850823175	0.954598333885148
0.21879083406644	0.956306284007004
0.219190817309706	0.95788320869418
0.219590800552972	0.959325714676976
0.219990783796238	0.960632046774885
0.220390767039504	0.961802264142644
0.22079075028277	0.962838540737557
0.221190733526036	0.963745672924195
0.221590716769302	0.964531718216713
0.221990700012568	0.965208405071289
0.222390683255833	0.965791103767914
0.222790666499099	0.966298321190371
0.223190649742365	0.966750658330344
0.223590632985631	0.967169418216334
0.223990616228897	0.96757538409069
0.224390599472163	0.96798794169563
0.224790582715429	0.968424527485972
0.225190565958695	0.968900409321198
0.225590549201961	0.969428800392519
0.225990532445226	0.970021112162565
0.226390515688492	0.970687295689911
0.226790498931758	0.971436150033478
0.227190482175024	0.972275464188352
0.22759046541829	0.973212174738367
0.227990448661556	0.974252545209445
0.228390431904822	0.975402216624759
0.228790415148088	0.976666154057323
0.229190398391354	0.978048583262353
0.229590381634619	0.979552932265876
0.229990364877885	0.981181807129206
0.230390348121151	0.982937095568932
0.230790331364417	0.984820073946701
0.231190314607683	0.986831635409737
0.231590297850949	0.98897255164793
0.231990281094215	0.991243626279978
0.232390264337481	0.993645556353637
0.232790247580747	0.996178797844263
0.233190230824012	0.998843332745617
0.233590214067278	1.00163848807194
0.233990197310544	1.00456276790267
0.23439018055381	1.00761392445534
0.234790163797076	1.01078894308244
0.235190147040342	1.01408402016687
0.235590130283608	1.01749429736593
0.235990113526874	1.02101357096264
0.23639009677014	1.02463393932554
0.236790080013405	1.02834573497116
0.237190063256671	1.03213763355038
0.237590046499937	1.03599703507677
0.237990029743203	1.03991061634573
0.238390012986469	1.04386504816421
0.238789996229735	1.04784738911464
0.239189979473001	1.05184531326741
0.239589962716267	1.05584720761251
0.239989945959533	1.05984224363256
0.240389929202798	1.0638202242686
0.240789912446064	1.06777149926557
0.24118989568933	1.07168678518618
0.241589878932596	1.07555682963437
0.241989862175862	1.07937202330382
0.242389845419128	1.08312208345754
0.242789828662394	1.08679578686884
0.24318981190566	1.09038097068605
0.243589795148926	1.09386478299093
0.243989778392191	1.09723408015356
0.244389761635457	1.10047589801744
0.244789744878723	1.10357803632586
0.245189728121989	1.1065294246771
0.245589711365255	1.10932028333843
0.245989694608521	1.11194208231122
0.246389677851787	1.11438737475561
0.246789661095053	1.11664964473825
0.247189644338318	1.1187232458259
0.247589627581584	1.12060347229111
0.24798961082485	1.12228664014319
0.248389594068116	1.12377008270149
0.248789577311382	1.12505192415202
0.249189560554648	1.12613065869912
0.249589543797914	1.12700461261261
0.24998952704118	1.12767138176615
0.250389510284446	1.12812757042298
0.250789493527712	1.12836896606886
0.251189476770977	1.12839097103612
0.251589460014243	1.12818930663919
0.251989443257509	1.12776073187068
0.252389426500775	1.12710356896713
0.252789409744041	1.12621804195787
0.253189392987307	1.12510655547505
0.253589376230573	1.12377369458295
0.253989359473839	1.12222607506923
0.254389342717105	1.12047215641395
0.25478932596037	1.11852182782265
0.255189309203636	1.11638588153638
0.255589292446902	1.1140755379242
0.255989275690168	1.11160196527321
0.256389258933434	1.10897583277615
0.2567892421767	1.10620715802424
0.257189225419966	1.10330539150016
0.257589208663232	1.10027949657017
0.257989191906497	1.09713817487488
0.258389175149763	1.09389015463917
0.258789158393029	1.09054426965375
0.259189141636295	1.08710943315495
0.259589124879561	1.08359462539564
0.259989108122827	1.08000877335153
0.260389091366093	1.07636058942125
0.260789074609359	1.07265857790047
0.261189057852625	1.06891110688202
0.26158904109589	1.0651264468885
0.261989024339156	1.06131299210845
0.262389007582422	1.05747955629832
0.262788990825688	1.05363553425331
0.263188974068954	1.04979078983908
0.26358895731222	1.04595533543898
0.263988940555486	1.04213882043079
0.264388923798752	1.03834992488476
0.264788907042018	1.03459587300309
0.265188890285283	1.03088221367349
0.265588873528549	1.02721276483051
0.265988856771815	1.02358961756332
0.266388840015081	1.02001319955973
0.266788823258347	1.01648231768872
0.267188806501613	1.01299393771674
0.267588789744879	1.00954299832931
0.267988772988145	1.00612243889118
0.268388756231411	1.00272328260405
0.268788739474676	0.999334878563669
0.269188722717942	0.995945533646228
0.269588705961208	0.992543325383737
0.269988689204474	0.989116786948896
0.27038867244774	0.985655413116485
0.270788655691006	0.982149943500552
0.271188638934272	0.978592427763141
0.271588622177538	0.974976117860507
0.271988605420804	0.971295247599474
0.272388588664069	0.967544789125986
0.272788571907335	0.963720377938329
0.273188555150601	0.959818491352861
0.273588538393867	0.955836818571854
0.273988521637133	0.9517746350193
0.274388504880399	0.94763298769308
0.274788488123665	0.943414618968441
0.275188471366931	0.939123617763358
0.275588454610197	0.934764848872802
0.275988437853462	0.930343399549853
0.276388421096728	0.925864191064689
0.276788404339994	0.921331597769347
0.27718838758326	0.916749078936932
0.277588370826526	0.91211894011836
0.277988354069792	0.907442137037658
0.278388337313058	0.902718214821676
0.278788320556324	0.897945598317328
0.27918830379959	0.893122129420634
0.279588287042855	0.888245794722823
0.279988270286121	0.883315500033681
0.280388253529387	0.878331871809577
0.280788236772653	0.873297550618613
0.281188220015919	0.868217099188371
0.281588203259185	0.863096491136741
0.281988186502451	0.857942335148543
0.282388169745717	0.852761022969801
0.282788152988983	0.847558284395421
0.283188136232248	0.84233913970502
0.283588119475514	0.837108163660159
0.28398810271878	0.831870126771751
0.284388085962046	0.826630915594269
0.284788069205312	0.821398139974953
0.285188052448578	0.816181419746214
0.285588035691844	0.810992198091514
0.28598801893511	0.805843144607509
0.286388002178375	0.800747261201187
0.286787985421641	0.795717354607687
0.287187968664907	0.790765779826904
0.287587951908173	0.785904418352485
0.287987935151439	0.781145010315398
0.288387918394705	0.776499545805965
0.288787901637971	0.771980355711649
0.289187884881237	0.767599982878186
0.289587868124503	0.763370939848038
0.289987851367768	0.759305336871716
0.290387834611034	0.755414637910526
0.2907878178543	0.751709627078209
0.291187801097566	0.748200401076088
0.291587784340832	0.744896581518025
0.291987767584098	0.741807701678543
0.292387750827364	0.738943424854337
0.29278773407063	0.736313598746946
0.293187717313896	0.733928145660431
0.293587700557161	0.731796834400287
0.293987683800427	0.729929007864287
0.294387667043693	0.728333406417098
0.294787650286959	0.72701799441757
0.295187633530225	0.725990001347039
0.295587616773491	0.725256126803686
0.295987600016757	0.724822605552306
0.296387583260023	0.724695114690382
0.296787566503289	0.724878598617878
0.297187549746554	0.725376805120476
0.29758753298982	0.726191634315821
0.297987516233086	0.727322535026193
0.298387499476352	0.72876597317593
0.298787482719618	0.730515115531122
0.299187465962884	0.732559925712723
0.29958744920615	0.734887478554496
0.299987432449416	0.73748246580789
0.300387415692682	0.740327761308565
0.300787398935947	0.743404892548022
0.301187382179213	0.746694366997548
0.301587365422479	0.750175863999882
0.301987348665745	0.753828185185959
0.302387331909011	0.757629290028772
0.302787315152277	0.761556570854165
0.303187298395543	0.765587289473817
0.303587281638809	0.769699008309517
0.303987264882075	0.773870115787232
0.30438724812534	0.778080140987227
0.304787231368606	0.78230985531909
0.305187214611872	0.78654124417933
0.305587197855138	0.790757448014214
0.305987181098404	0.794942656766209
0.30638716434167	0.799082216729775
0.306787147584936	0.803162870215832
0.307187130828202	0.807173063834839
0.307587114071468	0.811103219902325
0.307987097314733	0.814945984982466
0.308387080557999	0.818696394073087
0.308787063801265	0.822351828227773
0.309187047044531	0.825911812356064
0.309587030287797	0.829377797101664
0.309987013531063	0.832752804274697
0.310386996774329	0.83604082860551
0.310786980017595	0.839246273391601
0.31118696326086	0.842373426807443
0.311586946504126	0.845425994545553
0.311986929747392	0.848406758082113
0.312386912990658	0.851317489740149
0.312786896233924	0.854158927726459
0.31318687947719	0.856930765542936
0.313586862720456	0.859631662599033
0.313986845963722	0.862259205934582
0.314386829206988	0.864809831336538
0.314786812450253	0.867278841891946
0.315186795693519	0.869660491680438
0.315586778936785	0.871948124749315
0.315986762180051	0.874134521740168
0.316386745423317	0.876212375600891
0.316786728666583	0.878174798451376
0.317186711909849	0.880015837399564
0.317586695153115	0.881731005876786
0.317986678396381	0.883317848483649
0.318386661639646	0.884776495998901
0.318786644882912	0.886110035532971
0.319186628126178	0.887324605361445
0.319586611369444	0.888429216292902
0.31998659461271	0.889435225959602
0.320386577855976	0.890355446271811
0.320786561099242	0.891203247609091
0.321186544342508	0.891991908574511
0.321586527585774	0.892734252556678
0.321986510829039	0.893442558588043
0.322386494072305	0.894128706737595
0.322786477315571	0.894804280142829
0.323186460558837	0.895480601574677
0.323586443802103	0.896168713365376
0.323986427045369	0.896879132851844
0.324386410288635	0.897621455145407
0.324786393531901	0.898403981293035
0.325186376775167	0.899233414698557
0.325586360018432	0.900114673470091
0.325986343261698	0.901050834616305
0.326386326504964	0.902043223287509
0.32678630974823	0.903091605194068
0.327186292991496	0.904194480067334
0.327586276234762	0.905349372398236
0.327986259478028	0.906553126403466
0.328386242721294	0.907802114997039
0.32878622596456	0.909092473367709
0.329186209207825	0.910420299714352
0.329586192451091	0.911781705160539
0.329986175694357	0.913172541140985
0.330386158937623	0.914587965383483
0.330786142180889	0.916021843066557
0.331186125424155	0.917466150986787
0.331586108667421	0.918910683003067
0.331986091910687	0.920343310874184
0.332386075153953	0.921750681251958
0.332786058397218	0.923119391026594
0.333186041640484	0.924437298442252
0.33358602488375	0.925694571608755
0.333986008127016	0.926884269160682
0.334385991370282	0.928002535037982
0.334785974613548	0.929048202259346
0.335185957856814	0.930022060531163
0.33558594110008	0.930926129696155
0.335985924343346	0.931763185378436
0.336385907586611	0.93253646794219
0.336785890829877	0.933249677087474
0.337185874073143	0.933907062725996
0.337585857316409	0.934513494255762
0.337985840559675	0.935074336077736
0.338385823802941	0.935595168164411
0.338785807046207	0.93608124822108
0.339185790289473	0.936536943825851
0.339585773532738	0.936965307782681
0.339985756776004	0.937367958890988
0.34038574001927	0.937745229800232
0.340785723262536	0.93809659474607
0.341185706505802	0.938421256200389
0.341585689749068	0.938718595806974
0.341985672992334	0.938988474885488
0.3423856562356	0.939231484993487
0.342785639478866	0.93944926719518
0.343185622722131	0.939644794907288
0.343585605965397	0.939822655484792
0.343985589208663	0.939989213757007
0.344385572451929	0.940152589509045
0.344785555695195	0.940322369316054
0.345185538938461	0.940509165831452
0.345585522181727	0.940724050019327
0.345985505424993	0.940978074965912
0.346385488668259	0.941281912571295
0.346785471911524	0.941645685001352
0.34718545515479	0.942078753883305
0.347585438398056	0.942589590525195
0.347985421641322	0.943185613896782
0.348385404884588	0.94387302305215
0.348785388127854	0.944656557138972
0.34918537137112	0.945539402174511
0.349585354614386	0.946523261307209
0.349985337857652	0.94760851684174
0.350385321100917	0.948794465262272
0.350785304344183	0.950079559879078
0.351185287587449	0.951461540427529
0.351585270830715	0.952937382889075
0.351985254073981	0.954503140499498
0.352385237317247	0.95615370199344
0.352785220560513	0.957882529223508
0.353185203803779	0.959681534467146
0.353585187047045	0.961541233174875
0.35398517029031	0.963451037617604
0.354385153533576	0.96539972199652
0.354785136776842	0.967376005711635
0.355185120020108	0.969369085652869
0.355585103263374	0.971368905941659
0.35598508650664	0.973366459244357
0.356385069749906	0.975353899598612
0.356785052993172	0.977324381629429
0.357185036236438	0.979271879140918
0.357585019479703	0.981191101501426
0.357985002722969	0.9830772964758
0.358384985966235	0.984926054062097
0.358784969209501	0.986733178784353
0.359184952452767	0.988494495513225
0.359584935696033	0.990205612462241
0.359984918939299	0.99186189394136
0.360384902182565	0.993458593653949
0.360784885425831	0.994991057149019
0.361184868669096	0.996454919017002
0.361584851912362	0.997846241045035
0.361984835155628	0.99916148685051
0.362384818398894	1.00039728786873
0.36278480164216	1.00155017542767
0.363184784885426	1.00261638257586
0.363584768128692	1.00359177154266
0.363984751371958	1.00447190875815
0.364384734615224	1.00525235604896
0.364784717858489	1.0059290186021
0.365184701101755	1.0064983286376
0.365584684345021	1.00695724897064
0.365984667588287	1.00730317762607
0.366384650831553	1.00753385574607
0.366784634074819	1.00764717139811
0.367184617318085	1.00764092395675
0.367584600561351	1.00751263156825
0.367984583804617	1.00725919468127
0.368384567047882	1.00687646273477
0.368784550291148	1.00635902822802
0.369184533534414	1.00570036003682
0.36958451677768	1.00489311546768
0.369984500020946	1.00392983316694
0.370384483264212	1.00280376376487
0.370784466507478	1.00150944585926
0.371184449750744	1.00004307304943
0.37158443299401	0.998402795257214
0.371984416237275	0.996588640740189
0.372384399480541	0.994602286691461
0.372784382723807	0.992446974620635
0.373184365967073	0.990127388953222
0.373584349210339	0.987649396883632
0.373984332453605	0.98501998496799
0.374384315696871	0.982247144282425
0.374784298940137	0.979339603639688
0.375184282183402	0.976306683046804
0.375584265426668	0.973158416592789
0.375984248669934	0.969905646259875
0.3763842319132	0.966560224539821
0.376784215156466	0.963135353876683
0.377184198399732	0.959645731301297
0.377584181642998	0.95610736700448
0.377984164886264	0.952537282653698
0.37838414812953	0.948953159761348
0.378784131372795	0.945372857437075
0.379184114616061	0.941813939314876
0.379584097859327	0.938293334396384
0.379984081102593	0.934827066253178
0.380384064345859	0.931430055920824
0.380784047589125	0.928116019796994
0.381184030832391	0.924897482644557
0.381584014075657	0.92178580215565
0.381983997318923	0.918791322094163
0.382383980562188	0.915923634225928
0.382783963805454	0.913191723991761
0.38318394704872	0.910603960181404
0.383583930291986	0.90816803172758
0.383983913535252	0.90589073858924
0.384383896778518	0.903777618886364
0.384783880021784	0.901832582932723
0.38518386326505	0.900057608284123
0.385583846508316	0.898452514866205
0.385983829751581	0.897014776172553
0.386383812994847	0.895739347860884
0.386783796238113	0.89461864831457
0.387183779481379	0.893642821922019
0.387583762724645	0.892800257727884
0.387983745967911	0.892078383664666
0.388383729211177	0.891464563420279
0.388783712454443	0.890947034398982
0.389183695697709	0.890515619590645
0.389583678940974	0.890162143408206
0.38998366218424	0.889880424955579
0.390383645427506	0.889666100209832
0.390783628670772	0.889516322138441
0.391183611914038	0.889429454610414
0.391583595157304	0.889404954210399
0.39198357840057	0.88944343154299
0.392383561643836	0.889546607390303
0.392783544887102	0.889717211580453
0.393183528130367	0.889958645368549
0.393583511373633	0.890274246481238
0.393983494616899	0.890666353835314
0.394383477860165	0.891135631304487
0.394783461103431	0.891680717295425
0.395183444346697	0.892298557623074
0.395583427589963	0.892985278491899
0.395983410833229	0.893737258607353
0.396383394076495	0.894552093416334
0.39678337731976	0.895429328154381
0.397183360563026	0.896370627351896
0.397583343806292	0.8973794581609
0.397983327049558	0.898460501554397
0.398383310292824	0.899619065236904
0.39878329353609	0.900860582078265
0.399183276779356	0.902190409496879
0.399583260022622	0.903613642499435
0.399983243265888	0.905135017668052
0.400383226509153	0.906758650398707
0.400783209752419	0.908487627685119
0.401183192995685	0.910323425041407
0.401583176238951	0.912265483168699
0.401983159482217	0.914310997615588
0.402383142725483	0.916455209213222
0.402783125968749	0.918691919234076
0.403183109212015	0.921014211369196
0.403583092455281	0.923415330450994
0.403983075698546	0.925889541478811
0.404383058941812	0.928432529154484
0.404783042185078	0.931041468959923
0.405183025428344	0.93371485550126
0.40558300867161	0.936452115706594
0.405982991914876	0.93925313997325
0.406382975158142	0.942117952677552
0.406782958401408	0.945046420280471
0.407182941644674	0.948038106726484
0.407582924887939	0.951092343431457
0.407982908131205	0.954208336214773
0.408382891374471	0.957385210857632
0.408782874617737	0.960622164345223
0.409182857861003	0.963918527252942
0.409582841104269	0.967273527441821
0.409982824347535	0.970686001737533
0.410382807590801	0.974154146421836
0.410782790834066	0.977675266076178
0.411182774077332	0.981245707952327
0.411582757320598	0.984860958446928
0.411982740563864	0.988515660175819
0.41238272380713	0.992203635002651
0.412782707050396	0.995917977783144
0.413182690293662	0.999650957160928
0.413582673536928	1.00339393074405
0.413982656780194	1.00713747200779
0.414382640023459	1.01087149053573
0.414782623266725	1.01458536256137
0.415182606509991	1.0182681287625
0.415582589753257	1.02190853671678
0.415982572996523	1.02549484826524
0.416382556239789	1.02901466047505
0.416782539483055	1.0324547421121
0.417182522726321	1.03580093294609
0.417582505969587	1.03903839709963
0.417982489212852	1.04215209555863
0.418382472456118	1.04512732364106
0.418782455699384	1.04795022953409
0.41918243894265	1.05060819899281
0.419582422185916	1.05308999809056
0.419982405429182	1.05538572975741
0.420382388672448	1.05748668007761
0.420782371915714	1.05938511710311
0.42118235515898	1.06107415825728
0.421582338402245	1.0625477264181
0.421982321645511	1.06380054980446
0.422382304888777	1.06482821610491
0.422782288132043	1.06562733430348
0.423182271375309	1.06619581349735
0.423582254618575	1.06653314099701
0.423982237861841	1.06664080871409
0.424382221105107	1.066522860817
0.424782204348373	1.06618625680528
0.425182187591638	1.06564079103901
0.425582170834904	1.06489857249246
0.42598215407817	1.06397302699088
0.426382137321436	1.06287750124072
0.426782120564702	1.06162396566372
0.427182103807968	1.06022203219429
0.427582087051234	1.05867835829704
0.4279820702945	1.05699675322176
0.428382053537766	1.0551788704238
0.428782036781031	1.05322493358401
0.429182020024297	1.05113444324003
0.429582003267563	1.04890684723414
0.429981986510829	1.04654177859938
0.430381969754095	1.04403882848412
0.430781952997361	1.04139726912003
0.431181936240627	1.03861585002018
0.431581919483893	1.03569275204481
0.431981902727159	1.03262596829832
0.432381885970424	1.02941382403433
0.43278186921369	1.02605542673253
0.433181852456956	1.02255110361895
0.433581835700222	1.01890261250326
0.433981818943488	1.01511278024998
0.434381802186754	1.0111849417688
0.43478178543002	1.00712251704496
0.435181768673286	1.00292867143178
0.435581751916552	0.99860622688142
0.435981735159817	0.99415797440108
0.436381718403083	0.989587181994445
0.436781701646349	0.984897995158855
0.437181684889615	0.980095695598245
0.437581668132881	0.975186677184716
0.437981651376147	0.970178120302953
0.438381634619413	0.965077623403778
0.438781617862679	0.959892964678616
0.439181601105945	0.954631835799297
0.43958158434921	0.949301711199197
0.439981567592476	0.943909918940502
0.440381550835742	0.93846382755467
0.440781534079008	0.932970838106607
0.441181517322274	0.927438369270241
0.44158150056554	0.921873689033775
0.441981483808806	0.91628357870208
0.442381467052072	0.910673756450309
0.442781450295337	0.90504842358389
0.443181433538603	0.899409906192066
0.443581416781869	0.893758583509617
0.443981400025135	0.888093163088582
0.444381383268401	0.882411369652611
0.444781366511667	0.876710857713723
0.445181349754933	0.870990086159766
0.445581332998199	0.865248877068244
0.445981316241465	0.859488567163019
0.44638129948473	0.853711812674952
0.446781282727996	0.847922090325284
0.447181265971262	0.842123078434083
0.447581249214528	0.836318177663438
0.447981232457794	0.830510269246269
0.44838121570106	0.824701527483178
0.448781198944326	0.81889332545234
0.449181182187592	0.813086027930762
0.449581165430858	0.807278789350993
0.449981148674123	0.801469387545482
0.450381131917389	0.795654353488661
0.450781115160655	0.789829245144167
0.451181098403921	0.783989440543346
0.451581081647187	0.778131173040589
0.451981064890453	0.772252529755725
0.452381048133719	0.76635411599802
0.452781031376985	0.7604394352164
0.453181014620251	0.75451484666077
0.453580997863516	0.748589091766817
0.453980981106782	0.742672471002347
0.454380964350048	0.736775871468567
0.454780947593314	0.730909721247376
0.45518093083658	0.725083177874971
0.455580914079846	0.719303633522672
0.455980897323112	0.713576551954678
0.456380880566378	0.707905540333079
0.456780863809644	0.70229248870006
0.457180847052909	0.696737579133142
0.457580830296175	0.691239119914659
0.457980813539441	0.685793377334653
0.458380796782707	0.680394521594189
0.458780780025973	0.675034962294995
0.459180763269239	0.669706062790685
0.459580746512505	0.664399147332425
0.459980729755771	0.659106591568648
0.460380712999037	0.65382263913714
0.460780696242302	0.648543729684913
0.461180679485568	0.643268419317317
0.461580662728834	0.637997205827909
0.4619806459721	0.632732299637894
0.462380629215366	0.627477598484722
0.462780612458632	0.622239016600881
0.463180595701898	0.617024800683576
0.463580578945164	0.611845560963358
0.46398056218843	0.606714064281622
0.464380545431695	0.601644796974032
0.464780528674961	0.596653291168699
0.465180511918227	0.591755597097575
0.465580495161493	0.586967948608116
0.465980478404759	0.582306321244348
0.466380461648025	0.577785967140694
0.466780444891291	0.573420983432326
0.467180428134557	0.569223796289878
0.467580411377823	0.56520480334633
0.467980394621088	0.561372403002501
0.468380377864354	0.557733331886132
0.46878036110762	0.554293153342925
0.469180344350886	0.551056952381149
0.469580327594152	0.548029870031521
0.469980310837418	0.545217225341865
0.470380294080684	0.542624350995308
0.47078027732395	0.540256241534539
0.471180260567216	0.53811712067871
0.471580243810481	0.536210067641195
0.471980227053747	0.534536727045857
0.472380210297013	0.533097030016722
0.472780193540279	0.531888996851229
0.473180176783545	0.530908587279009
0.473580160026811	0.530149742524442
0.473980143270077	0.529604782272925
0.474380126513343	0.529265087696428
0.474780109756609	0.529121927806893
0.475180092999874	0.529167256429807
0.47558007624314	0.52939420074552
0.475980059486406	0.529797261974397
0.476380042729672	0.530372317487816
0.476780025972938	0.531116381413649
0.477180009216204	0.532027153326389
0.47757999245947	0.533102630887667
0.477979975702736	0.534340847403059
0.478379958946001	0.535739699954892
0.478779942189267	0.537296986814959
0.479179925432533	0.539010626220756
0.479579908675799	0.540878904622141
0.479979891919065	0.542900618439276
0.480379875162331	0.545074972938305
0.480779858405597	0.54740121423289
0.481179841648863	0.549878059026663
0.481579824892129	0.552503070883125
0.481979808135394	0.555272252050528
0.48237979137866	0.558179966548042
0.482779774621926	0.561219175024672
0.483179757865192	0.564381946303014
0.483579741108458	0.567660052233975
0.483979724351724	0.571045468570242
0.48437970759499	0.574530748510822
0.484779690838256	0.57810928017548
0.485179674081522	0.581775399934158
0.485579657324787	0.585524484083233
0.485979640568053	0.589353034497867
0.486379623811319	0.593258686452485
0.486779607054585	0.597240204168738
0.487179590297851	0.601297492149126
0.487579573541117	0.605431609514277
0.487979556784383	0.609644803348449
0.488379540027649	0.613940456594272
0.488779523270915	0.618322765875151
0.48917950651418	0.622796117175508
0.489579489757446	0.627364207549943
0.489979473000712	0.632029037374339
0.490379456243978	0.636790077698102
0.490779439487244	0.641643777903908
0.49117942273051	0.646583454801422
0.491579405973776	0.651599600637485
0.491979389217042	0.656680483224323
0.492379372460308	0.661812862588413
0.492779355703573	0.666982646537278
0.493179338946839	0.672175398343406
0.493579322190105	0.677376689701312
0.493979305433371	0.682572434296061
0.494379288676637	0.687749178630375
0.494779271919903	0.692894316357561
0.495179255163169	0.697996389484893
0.495579238406435	0.703045356086375
0.495979221649701	0.708032653331298
0.496379204892966	0.712951049309508
0.496779188136232	0.71779435355532
0.497179171379498	0.722557107042074
0.497579154622764	0.727234439721445
0.49797913786603	0.731821826169676
0.498379121109296	0.736314826348057
0.498779104352562	0.740709054136236
0.499179087595828	0.745000331370376
0.499579070839094	0.749184790649067
0.499979054082359	0.753259054656278
0.500379037325625	0.757220422703019
0.500779020568891	0.761067043421361
0.501179003812157	0.764798011582446
0.501578987055423	0.768413262038341
0.501978970298689	0.771913118871256
0.502378953541955	0.775297905612727
0.502778936785221	0.778567543842115
0.503178920028487	0.781721099455969
0.503578903271752	0.784756499539388
0.503978886515018	0.787670694588708
0.504378869758284	0.790459902773321
0.50477885300155	0.793119901863021
0.505178836244816	0.795646337082618
0.505578819488082	0.798034924846446
0.505978802731348	0.800281654406306
0.506378785974614	0.802383024380692
0.50677876921788	0.804336022747464
0.507178752461145	0.80613794349443
0.507578735704411	0.807786284390924
0.507978718947677	0.809278706411038
0.508378702190943	0.810612933052433
0.508778685434209	0.811786967511106
0.509178668677475	0.81279957355905
0.509578651920741	0.813650752195919
0.509978635164007	0.814342252815111
0.510378618407272	0.814878095706842
0.510778601650538	0.815264963155148
0.511178584893804	0.815512313547666
0.51157856813707	0.815632243696428
0.511978551380336	0.815639106319327
0.512378534623602	0.81554890175349
0.512778517866868	0.81537860641361
0.513178501110134	0.815145451145033
0.5135784843534	0.814866285782746
0.513978467596665	0.814557082346323
0.514378450839931	0.814232645475056
0.514778434083197	0.813906525274614
0.515178417326463	0.813591100320304
0.515578400569729	0.813297593112185
0.515978383812995	0.813035920911256
0.516378367056261	0.812814381699284
0.516778350299527	0.812639148240497
0.517178333542793	0.812513707488808
0.517578316786058	0.812438527016387
0.517978300029324	0.812411015527967
0.51837828327259	0.812425826948226
0.518778266515856	0.812475562450132
0.519178249759122	0.812551801631238
0.519578233002388	0.81264616818783
0.519978216245654	0.812751317976864
0.52037819948892	0.812861793374308
0.520778182732186	0.812974418180495
0.521178165975452	0.813088217331315
0.521578149218717	0.813204069277096
0.521978132461983	0.813324307868547
0.522378115705249	0.813452342578856
0.522778098948515	0.813592438865007
0.523178082191781	0.8137497805928
0.523578065435047	0.813930666766941
0.523978048678313	0.814142588485879
0.524378031921579	0.81439416116768
0.524778015164844	0.81469493556794
0.52517799840811	0.815055068148384
0.525577981651376	0.815484893485897
0.525977964894642	0.81599451704914
0.526377948137908	0.816593390554508
0.526777931381174	0.817289877492505
0.52717791462444	0.818090806401988
0.527577897867706	0.819000942256922
0.527977881110972	0.820022384222066
0.528377864354237	0.821154279042455
0.528777847597503	0.822392968094413
0.529177830840769	0.823732309038542
0.529577814084035	0.825164231190087
0.529977797327301	0.826679570412259
0.530377780570567	0.828268817805867
0.530777763813833	0.829922622897239
0.531177747057099	0.831632177160579
0.531577730300365	0.833389539468817
0.53197771354363	0.835187878171436
0.532377696786896	0.8370217732379
0.532777680030162	0.838887392638853
0.533177663273428	0.840782406128225
0.533577646516694	0.842705835289378
0.53397762975996	0.844657912417711
0.534377613003226	0.84663983149046
0.534777596246492	0.848653571832503
0.535177579489758	0.850701944735425
0.535577562733023	0.852788652705406
0.535977545976289	0.854918276994744
0.536377529219555	0.857096237785497
0.536777512462821	0.859328576767307
0.537177495706087	0.861621558151375
0.537577478949353	0.863981138016919
0.537977462192619	0.866412291356987
0.538377445435885	0.868918247440519
0.53877742867915	0.871499870278546
0.539177411922416	0.874155222831657
0.539577395165682	0.876879368355383
0.539977378408948	0.879664629419929
0.540377361652214	0.882501196760013
0.54077734489548	0.885377907899678
0.541177328138746	0.888283179052677
0.541577311382012	0.891205986431994
0.541977294625278	0.894136545072634
0.542377277868544	0.897066713458472
0.542777261111809	0.899990236407449
0.543177244355075	0.902902760711531
0.543577227598341	0.905801483896233
0.543977210841607	0.90868466183425
0.544377194084873	0.911550802312385
0.544777177328139	0.914397650995905
0.545177160571405	0.917221149680767
0.545577143814671	0.920014719647055
0.545977127057937	0.922768792527616
0.546377110301202	0.925470844595872
0.546777093544468	0.928105940345221
0.547177076787734	0.930657707364635
0.547577060031	0.933109372600132
0.547977043274266	0.935444837157929
0.548377026517532	0.937649640758609
0.548777009760798	0.939711589603531
0.549176993004064	0.941620940498654
0.549576976247329	0.943370436238326
0.549976959490595	0.944955128503569
0.550376942733861	0.946372133408433
0.550776925977127	0.947620469223854
0.551176909220393	0.94870099892808
0.551576892463659	0.949616274845268
0.551976875706925	0.95037029683221
0.552376858950191	0.950968070576471
0.552776842193457	0.951414922277449
0.553176825436722	0.951715798150753
0.553576808679988	0.951874852785253
0.553976791923254	0.951895475908264
0.55437677516652	0.951780669088534
0.554776758409786	0.951533705184556
0.555176741653052	0.951158817799112
0.555576724896318	0.950661525393419
0.555976708139584	0.950048474350994
0.55637669138285	0.949326835940902
0.556776674626115	0.948503469082871
0.557176657869381	0.947584048722295
0.557576641112647	0.946572475079511
0.557976624355913	0.945470574264289
0.558376607599179	0.944278088511245
0.558776590842445	0.942993039781154
0.559176574085711	0.941612263457043
0.559576557328977	0.940131937480205
0.559976540572243	0.938548231342783
0.560376523815508	0.936858046032516
0.560776507058774	0.935059560610535
0.56117649030204	0.933152483123919
0.561576473545306	0.931138138841637
0.561976456788572	0.929019199206149
0.562376440031838	0.926799247419303
0.562776423275104	0.924482424533409
0.56317640651837	0.922073074560589
0.563576389761635	0.919575328341495
0.563976373004901	0.916992825800814
0.564376356248167	0.914328584490922
0.564776339491433	0.911584886974499
0.565176322734699	0.908763374375422
0.565576305977965	0.905865413376678
0.565976289221231	0.902892625102666
0.566376272464497	0.899847533284194
0.566776255707763	0.896734187251086
0.567176238951029	0.89355843726281
0.567576222194294	0.89032778102342
0.56797620543756	0.887050868986184
0.568376188680826	0.883736699287222
0.568776171924092	0.880393717427016
0.569176155167358	0.877029233871394
0.569576138410624	0.873649271455491
0.56997612165389	0.870258862691846
0.570376104897156	0.866862731329405
0.570776088140422	0.863466133048967
0.571176071383687	0.860075584254315
0.571576054626953	0.856699288645147
0.571976037870219	0.853346950586493
0.572376021113485	0.850029017447749
0.572776004356751	0.846755693477885
0.573175987600017	0.843536143484552
0.573575970843283	0.840378081380878
0.573975954086549	0.837288057772645
0.574375937329815	0.834272235208892
0.57477592057308	0.831337253445121
0.575175903816346	0.828490762155818
0.575575887059612	0.825741389017459
0.575975870302878	0.82309805376177
0.576375853546144	0.820568961688813
0.57677583678941	0.818160560115169
0.577175820032676	0.815876916281676
0.577575803275942	0.813719718973778
0.577975786519207	0.811688892274035
0.578375769762473	0.809783410165627
0.578775753005739	0.808001917148057
0.579175736249005	0.806342897259468
0.579575719492271	0.804804445263817
0.579975702735537	0.803383796787518
0.580375685978803	0.802076836409876
0.580775669222069	0.800877884031195
0.581175652465335	0.799779999420675
0.5815756357086	0.798775608005285
0.581975618951866	0.797857259222168
0.582375602195132	0.797018428816021
0.582775585438398	0.796254125424443
0.583175568681664	0.795561151400856
0.58357555192493	0.794938189539916
0.583975535168196	0.794385682287126
0.584375518411462	0.793905550287726
0.584775501654728	0.79350093017713
0.585175484897993	0.79317596015173
0.585575468141259	0.792935372544773
0.585975451384525	0.792784003279222
0.586375434627791	0.792726280326885
0.586775417871057	0.792765764126357
0.587175401114323	0.79290469663376
0.587575384357589	0.793143744540348
0.587975367600855	0.793481823227281
0.588375350844121	0.793916055073036
0.588775334087386	0.79444188998188
0.589175317330652	0.795053435099116
0.589575300573918	0.795743824433308
0.589975283817184	0.79650570827549
0.59037526706045	0.797331792540764
0.590775250303716	0.798215367238414
0.591175233546982	0.799150675068508
0.591575216790248	0.80013310372518
0.591975200033514	0.801159066981131
0.592375183276779	0.802225786779853
0.592775166520045	0.803331061533665
0.593175149763311	0.804472840522177
0.593575133006577	0.805648722237892
0.593975116249843	0.806855547375774
0.594375099493109	0.808089040115414
0.594775082736375	0.809343575853015
0.595175065979641	0.810612204460441
0.595575049222907	0.811886803885669
0.595975032466172	0.813158444471738
0.596375015709438	0.814418031115667
0.596774998952704	0.81565689324898
0.59717498219597	0.816867126855199
0.597574965439236	0.818042028928624
0.597974948682502	0.819176384401415
0.598374931925768	0.82026636718585
0.598774915169034	0.821309361262565
0.5991748984123	0.822303844236317
0.599574881655565	0.823249103094086
0.599974864898831	0.824144982787223
0.600374848142097	0.824991796656177
0.600774831385363	0.825790239802916
0.601174814628629	0.826541498239067
0.601574797871895	0.827247593473452
0.601974781115161	0.827911464687218
0.602374764358427	0.828536710785673
0.602774747601692	0.829127259491555
0.603174730844958	0.82968690946104
0.603574714088224	0.830218678723681
0.60397469733149	0.830724205771965
0.604374680574756	0.831203301814062
0.604774663818022	0.831653596175049
0.605174647061288	0.832070358603372
0.605574630304554	0.832446527356112
0.60597461354782	0.832773049982999
0.606374596791085	0.833039601231195
0.606774580034351	0.833235512384733
0.607174563277617	0.833350806974826
0.607574546520883	0.833377160261181
0.607974529764149	0.833308553387386
0.608374513007415	0.833141412853181
0.608774496250681	0.832874387906262
0.609174479493947	0.832507913547352
0.609574462737213	0.832043790293158
0.609974445980478	0.831485025039125
0.610374429223744	0.830835964758327
0.61077441246701	0.830102400220786
0.611174395710276	0.829291508541811
0.611574378953542	0.828411607054134
0.611974362196808	0.827471625144188
0.612374345440074	0.826480293153063
0.61277432868334	0.825445358564924
0.613174311926606	0.824372987559297
0.613574295169871	0.82326731978365
0.613974278413137	0.822130264287785
0.614374261656403	0.820961619907824
0.614774244899669	0.819759372316873
0.615174228142935	0.818520086379587
0.615574211386201	0.817239496579096
0.615974194629467	0.815913150215933
0.616374177872733	0.814536910451058
0.616774161115999	0.81310734491209
0.617174144359264	0.811622008500042
0.61757412760253	0.810079544223233
0.617974110845796	0.808479779162054
0.618374094089062	0.806823918903811
0.618774077332328	0.805114653081988
0.619174060575594	0.803356053861578
0.61957404381886	0.801553311564726
0.619974027062126	0.799712384267729
0.620374010305392	0.797839669858741
0.620773993548657	0.795941885604319
0.621173976791923	0.794026306083363
0.621573960035189	0.792101327999466
0.621973943278455	0.790177142305064
0.622373926521721	0.788266099979501
0.622773909764987	0.786382571286969
0.623173893008253	0.784542246520904
0.623573876251519	0.782761059197189
0.623973859494785	0.781054034946329
0.62437384273805	0.779434374995913
0.624773825981316	0.777912922913478
0.625173809224582	0.776498100904873
0.625573792467848	0.775196027031332
0.625973775711114	0.774010473233969
0.62637375895438	0.772942670281401
0.626773742197646	0.771991152757152
0.627173725440912	0.771151670384573
0.627573708684178	0.770417415102807
0.627973691927443	0.769779551647745
0.628373675170709	0.769227950140897
0.628773658413975	0.768751987383721
0.629173641657241	0.768341175155205
0.629573624900507	0.767985373463696
0.629973608143773	0.767674659495236
0.630373591387039	0.767399089205633
0.630773574630305	0.767148402525735
0.63117355787357	0.76691183288275
0.631573541116836	0.766678058453209
0.631973524360102	0.766435411860581
0.632373507603368	0.766172305547185
0.632773490846634	0.765877822710033
0.6331734740899	0.765542224775303
0.633573457333166	0.765157478828129
0.633973440576432	0.76471761705609
0.634373423819698	0.764218826190384
0.634773407062963	0.763659175946583
0.635173390306229	0.763038104567185
0.635573373549495	0.762355657521779
0.635973356792761	0.76161179728095
0.636373340036027	0.760805932064058
0.636773323279293	0.759936787743019
0.637173306522559	0.759002662926159
0.637573289765825	0.758001977786508
0.637973273009091	0.75693389603614
0.638373256252357	0.75579882855057
0.638773239495622	0.754598647495459
0.639173222738888	0.753336668216689
0.639573205982154	0.752017323052681
0.63997318922542	0.750645563805797
0.640373172468686	0.749226109159534
0.640773155711952	0.747762833290738
0.641173138955218	0.74625829730318
0.641573122198484	0.744713478700956
0.641973105441749	0.743127914418893
0.642373088685015	0.741500271568942
0.642773071928281	0.739829182038061
0.643173055171547	0.738114187089614
0.643573038414813	0.736356584764495
0.643973021658079	0.734560000750512
0.644373004901345	0.732730572322994
0.644772988144611	0.730876824111479
0.645172971387877	0.729009195397263
0.645572954631142	0.727139498178034
0.645972937874408	0.725280417884925
0.646372921117674	0.723445140162226
0.64677290436094	0.721646922489357
0.647172887604206	0.719898759935458
0.647572870847472	0.718213114792112
0.647972854090738	0.716601572045344
0.648372837334004	0.715074467330228
0.64877282057727	0.713640644330596
0.649172803820535	0.712307393308027
0.649572787063801	0.71108051786976
0.649972770307067	0.709964597005353
0.650372753550333	0.708963362146507
0.650772736793599	0.708080025346551
0.651172720036865	0.70731767256486
0.651572703280131	0.706679653466635
0.651972686523397	0.70616986691418
0.652372669766663	0.705792952526357
0.652772653009928	0.705554451159542
0.653172636253194	0.705460713330738
0.65357261949646	0.705518561896227
0.653972602739726	0.705734954056117
0.654372585982992	0.706116577916076
0.654772569226258	0.706669392026764
0.655172552469524	0.707398409062579
0.65557253571279	0.708307712496231
0.655972518956056	0.709400465045872
0.656372502199321	0.710678894750727
0.656772485442587	0.712144287316336
0.657172468685853	0.713796755858271
0.657572451929119	0.715634993179972
0.657972435172385	0.717656221169688
0.658372418415651	0.719856292152336
0.658772401658917	0.722229796006934
0.659172384902183	0.724770163680345
0.659572368145449	0.727469576373675
0.659972351388714	0.730318619586519
0.66037233463198	0.733305878620877
0.660772317875246	0.736417674038185
0.661172301118512	0.739638064948831
0.661572284361778	0.742949274622715
0.661972267605044	0.746332355917412
0.66237225084831	0.749767904518395
0.662772234091576	0.753236642902103
0.663172217334842	0.756719699608962
0.663572200578107	0.760198566418125
0.663972183821373	0.763654947140029
0.664372167064639	0.767070670878839
0.664772150307905	0.770427855211888
0.665172133551171	0.773709408991777
0.665572116794437	0.776899751119644
0.665972100037703	0.779985523446115
0.666372083280969	0.782956203763186
0.666772066524234	0.785804442027491
0.6671720497675	0.788525880509686
0.667572033010766	0.791118488416082
0.667972016254032	0.793581729385196
0.668371999497298	0.795915641694449
0.668771982740564	0.798120051817747
0.66917196598383	0.800194256463365
0.669571949227096	0.802137182328987
0.669971932470362	0.803947732402124
0.670371915713627	0.80562522937097
0.670771898956893	0.807169820459111
0.671171882200159	0.808582705745697
0.671571865443425	0.809866181350146
0.671971848686691	0.811023578292331
0.672371831929957	0.812058988088737
0.672771815173223	0.812976930878167
0.673171798416489	0.813782033993217
0.673571781659755	0.814478767747472
0.67397176490302	0.815071136262331
0.674371748146286	0.815562503413267
0.674771731389552	0.815955411211484
0.675171714632818	0.816251414332178
0.675571697876084	0.816451011081291
0.67597168111935	0.816553795797444
0.676371664362616	0.816558763267729
0.676771647605882	0.816464760772581
0.677171630849148	0.816270946350485
0.677571614092414	0.8159772214351
0.677971597335679	0.815584488206676
0.678371580578945	0.815094620870221
0.678771563822211	0.814510197782148
0.679171547065477	0.813834167770148
0.679571530308743	0.813069483346429
0.679971513552009	0.812218887824587
0.680371496795275	0.811285029277032
0.680771480038541	0.810270807035727
0.681171463281806	0.809179910259398
0.681571446525072	0.808017290056614
0.681971429768338	0.806789341416204
0.682371413011604	0.805503634077212
0.68277139625487	0.804168424873253
0.683171379498136	0.802791810725876
0.683571362741402	0.801380719169322
0.683971345984668	0.799940081610845
0.684371329227934	0.798472558758079
0.684771312471199	0.796978741074255
0.685171295714465	0.795457794785503
0.685571278957731	0.793908282768263
0.685971262200997	0.792328898748231
0.686371245444263	0.790718999286598
0.686771228687529	0.789078820165242
0.687171211930795	0.787409217551243
0.687571195174061	0.785711356229107
0.687971178417327	0.783986593223042
0.688371161660592	0.782236513243888
0.688771144903858	0.780462986207365
0.689171128147124	0.778668274649633
0.68957111139039	0.776855167903489
0.689971094633656	0.775027093710946
0.690371077876922	0.773188157122062
0.690771061120188	0.77134300676588
0.691171044363454	0.769496632161475
0.69157102760672	0.767654280060157
0.691971010849985	0.765821447862672
0.692370994093251	0.764003784961959
0.692770977336517	0.762206958722924
0.693170960579783	0.760436651628102
0.693570943823049	0.75869848637746
0.693970927066315	0.756997937332225
0.694370910309581	0.755340275858629
0.694770893552847	0.753730643810917
0.695170876796112	0.752174094593945
0.695570860039378	0.750675607147618
0.695970843282644	0.749239904364039
0.69637082652591	0.74787107396433
0.696770809769176	0.746572195944309
0.697170793012442	0.745345163298088
0.697570776255708	0.744190629854707
0.697970759498974	0.743108372420359
0.69837074274224	0.742098175452787
0.698770725985505	0.741160911292956
0.699170709228771	0.740299319329346
0.699570692472037	0.739518395417296
0.699970675715303	0.738825159015036
0.700370658958569	0.738227772427639
0.700770642201835	0.73773440379531
0.701170625445101	0.7373522954553
0.701570608688367	0.737087195119853
0.701970591931633	0.736943313378462
0.702370575174899	0.736923787280576
0.702770558418164	0.737031257461175
0.70317054166143	0.737268262545493
0.703570524904696	0.737637364163701
0.703970508147962	0.738140944935047
0.704370491391228	0.738780816830999
0.704770474634494	0.739558053616237
0.70517045787776	0.7404731648109
0.705570441121026	0.74152642410186
0.705970424364291	0.742718290967305
0.706370407607557	0.744049721854713
0.706770390850823	0.745522160993088
0.707170374094089	0.747137210716888
0.707570357337355	0.748896143790842
0.707970340580621	0.750799402947633
0.708370323823887	0.75284634599635
0.708770307067153	0.755035345279022
0.709170290310419	0.757364089440032
0.709570273553685	0.759829957486299
0.70997025679695	0.762430404090521
0.710370240040216	0.76516307823213
0.710770223283482	0.768025609704695
0.711170206526748	0.771015343538058
0.711570189770014	0.774129233647118
0.71197017301328	0.777363868468411
0.712370156256546	0.780715778977179
0.712770139499812	0.784181989856239
0.713170122743077	0.787760743755463
0.713570105986343	0.791452147662056
0.713970089229609	0.795258568427787
0.714370072472875	0.799184534124741
0.714770055716141	0.803236100290582
0.715170038959407	0.807419758505573
0.715570022202673	0.811741152534326
0.715970005445939	0.816203816226275
0.716369988689205	0.820808229392769
0.71676997193247	0.825551343803396
0.717169955175736	0.830426681964551
0.717569938419002	0.83542487666064
0.717969921662268	0.840534469035644
0.718369904905534	0.845742751125122
0.7187698881488	0.851036494361508
0.719169871392066	0.856402356516029
0.719569854635332	0.861827046372472
0.719969837878598	0.867297282988335
0.720369821121863	0.872799674179579
0.720769804365129	0.878320436636841
0.721169787608395	0.883845063557095
0.721569770851661	0.889358079816426
0.721969754094927	0.894842963234499
0.722369737338193	0.900282258296367
0.722769720581459	0.905658130489402
0.723169703824725	0.910953209300702
0.723569687067991	0.916151586126231
0.723969670311256	0.921239786397693
0.724369653554522	0.926207292924028
0.724769636797788	0.93104626563406
0.725169620041054	0.935750646246089
0.72556960328432	0.940314913825334
0.725969586527586	0.944732828173371
0.726369569770852	0.948996480053392
0.726769553014118	0.953095862742361
0.727169536257384	0.957018888874439
0.727569519500649	0.960751730892028
0.727969502743915	0.964279244631964
0.728369485987181	0.967585295848201
0.728769469230447	0.970653057684793
0.729169452473713	0.973465271396918
0.729569435716979	0.976004493467295
0.729969418960245	0.978253491633283
0.730369402203511	0.980195807129013
0.730769385446776	0.981816307034409
0.731169368690042	0.98310173206283
0.731569351933308	0.984041169561857
0.731969335176574	0.984626449295695
0.73236931841984	0.9848526832791
0.732769301663106	0.984718748516724
0.733169284906372	0.984227546148672
0.733569268149638	0.983385985519575
0.733969251392904	0.982204739218445
0.73436923463617	0.980697679950264
0.734769217879435	0.978881048136722
0.735169201122701	0.976772620797721
0.735569184365967	0.974390903116048
0.735969167609233	0.971754338857136
0.736369150852499	0.968880627542333
0.736769134095765	0.965786270564011
0.737169117339031	0.962486364088241
0.737569100582297	0.958994656153519
0.737969083825562	0.955323902270377
0.738369067068828	0.951486331810354
0.738769050312094	0.947494034901412
0.73916903355536	0.94335935672548
0.739569016798626	0.939095186507277
0.739969000041892	0.934714994166793
0.740368983285158	0.930232687626403
0.740768966528424	0.925662601938455
0.74116894977169	0.921019493988645
0.741568933014956	0.916318611373156
0.741968916258221	0.911575759228998
0.742368899501487	0.906807246115205
0.742768882744753	0.902029671079995
0.743168865988019	0.897259637004118
0.743568849231285	0.892513380804177
0.743968832474551	0.887806355966254
0.744368815717817	0.883152884280449
0.744768798961083	0.878565943129033
0.745168782204348	0.874057091324677
0.745568765447614	0.869636518150566
0.74596874869088	0.865312989561594
0.746368731934146	0.861093818683904
0.746768715177412	0.856984835163243
0.747168698420678	0.852990263265828
0.747568681663944	0.849112566121466
0.74796866490721	0.845352510043329
0.748368648150476	0.841709353780321
0.748768631393741	0.838181168302239
0.749168614637007	0.834765352458269
0.749568597880273	0.831459221898331
0.749968581123539	0.828260493638133
0.750368564366805	0.825167811890736
0.750768547610071	0.822181166956741
0.751168530853337	0.819302150068083
0.751568514096603	0.816533980064925
0.751968497339869	0.813881278426599
0.752368480583134	0.811349415498857
0.7527684638264	0.808943682115802
0.753168447069666	0.806668471693534
0.753568430312932	0.804526724848581
0.753968413556198	0.802519816103381
0.754368396799464	0.800647963258217
0.75476838004273	0.798910883194988
0.755168363285996	0.797308416939317
0.755568346529262	0.795840893394917
0.755968329772527	0.794509126833423
0.756368313015793	0.793314075786973
0.756768296259059	0.792256471459576
0.757168279502325	0.791336491671903
0.757568262745591	0.790553476269858
0.757968245988857	0.789905735686042
0.758368229232123	0.78939039544231
0.758768212475389	0.789003071200103
0.759168195718655	0.788737460544132
0.75956817896192	0.788585079169932
0.759968162205186	0.788535214362043
0.760368145448452	0.788575245200227
0.760768128691718	0.788691334828672
0.761168111934984	0.788869237130428
0.76156809517825	0.789095020087116
0.761968078421516	0.789355728512782
0.762368061664782	0.789639885581586
0.762768044908048	0.789937690956756
0.763168028151313	0.790241122389163
0.763568011394579	0.790543865552244
0.763967994637845	0.790841033519895
0.764367977881111	0.79112875431447
0.764767961124377	0.791403759273124
0.765167944367643	0.791662928538367
0.765567927610909	0.791903038036355
0.765967910854175	0.792120808412011
0.766367894097441	0.792313252322193
0.766767877340706	0.792478173732471
0.767167860583972	0.7926147551907
0.767567843827238	0.792723861227833
0.767967827070504	0.792807969327906
0.76836781031377	0.792870599351303
0.768767793557036	0.792915484657864
0.769167776800302	0.792945675136346
0.769567760043568	0.79296295609848
0.769967743286833	0.792967525930705
0.770367726530099	0.792958026033281
0.770767709773365	0.792931932624042
0.771167693016631	0.792886128505163
0.771567676259897	0.792817366083852
0.771967659503163	0.792722674241191
0.772367642746429	0.792599572049879
0.772767625989695	0.792446017615446
0.773167609232961	0.792260194646954
0.773567592476226	0.792040259223774
0.773967575719492	0.791783953396262
0.774367558962758	0.791488205644655
0.774767542206024	0.791148824586375
0.77516752544929	0.790760287995123
0.775567508692556	0.790315695111448
0.775967491935822	0.789807066408296
0.776367475179088	0.789226008997337
0.776767458422354	0.788564532109441
0.777167441665619	0.787815882294159
0.777567424908885	0.786975267061641
0.777967408152151	0.786040292457989
0.778367391395417	0.785010906852805
0.778767374638683	0.7838889111298
0.779167357881949	0.782677168666581
0.779567341125215	0.781378840313032
0.779967324368481	0.779996827175959
0.780367307611747	0.778533444701706
0.780767290855013	0.776990309909211
0.781167274098278	0.775368422060671
0.781567257341544	0.773668271880917
0.78196724058481	0.77188984836875
0.782367223828076	0.770032587128261
0.782767207071342	0.76809533817258
0.783167190314608	0.76607637039066
0.783567173557874	0.763973579280482
0.78396715680114	0.761784691122299
0.784367140044405	0.759507311259611
0.784767123287671	0.757138983933515
0.785167106530937	0.754677339436483
0.785567089774203	0.752120150660207
0.785967073017469	0.749465429935262
0.786367056260735	0.746711607329241
0.786767039504001	0.743857725885013
0.787167022747267	0.740903619687178
0.787567005990533	0.737849995409831
0.787966989233798	0.734698231188493
0.788366972477064	0.731450013318573
0.78876695572033	0.728106867490191
0.789166938963596	0.724669709734695
0.789566922206862	0.721138487200957
0.789966905450128	0.71751219023004
0.790366888693394	0.713789171834729
0.79076687193666	0.709967686967706
0.791166855179926	0.706046364336112
0.791566838423191	0.702024415176746
0.791966821666457	0.697901401388738
0.792366804909723	0.693676788273356
0.792766788152989	0.689349365000698
0.793166771396255	0.684916779593476
0.793566754639521	0.680375465510796
0.793966737882787	0.675721106186589
0.794366721126053	0.670949435093276
0.794766704369319	0.666057217541234
0.795166687612584	0.66104315318984
0.79556667085585	0.655908431382669
0.795966654099116	0.650656875885887
0.796366637342382	0.645294917657178
0.796766620585648	0.639831338803873
0.797166603828914	0.634276930882521
0.79756658707218	0.628644326788727
0.797966570315446	0.622947947062388
0.798366553558711	0.617203832787691
0.798766536801977	0.611429470845498
0.799166520045243	0.605643468392584
0.799566503288509	0.599864940656145
0.799966486531775	0.594112931408223
0.800366469775041	0.588406010913364
0.800766453018307	0.582761939212697
0.801166436261573	0.577197672197779
0.801566419504839	0.571729675729829
0.801966402748104	0.566374250583526
0.80236638599137	0.561147632155522
0.802766369234636	0.556065938809152
0.803166352477902	0.551144596052392
0.803566335721168	0.546397465601553
0.803966318964434	0.541835969614586
0.8043663022077	0.537468402405257
0.804766285450966	0.533299462126032
0.805166268694232	0.529330431108365
0.805566251937498	0.525559685189915
0.805966235180763	0.521983369991066
0.806366218424029	0.518596220688764
0.806766201667295	0.515392454313016
0.807166184910561	0.512366274359043
0.807566168153827	0.509512243438495
0.807966151397093	0.506825509836313
0.808366134640359	0.504301947004011
0.808766117883625	0.501938292560238
0.80916610112689	0.499732460978798
0.809566084370156	0.497683818721721
0.809966067613422	0.495793368570642
0.810366050856688	0.494063736908575
0.810766034099954	0.492498848972325
0.81116601734322	0.491103393070466
0.811566000586486	0.489882191800356
0.811965983829752	0.488839540088932
0.812365967073018	0.487978723342487
0.812765950316283	0.487301947164
0.813165933559549	0.486810601661222
0.813565916802815	0.486505793548964
0.813965900046081	0.486388971767991
0.814365883289347	0.486462403987211
0.814765866532613	0.486729335703077
0.815165849775879	0.487193778090553
0.815565833019145	0.487859833012252
0.815965816262411	0.488730736499919
0.816365799505676	0.489807876404423
0.816765782748942	0.491089950222335
0.817165765992208	0.492572403883668
0.817565749235474	0.494247368631671
0.81796573247874	0.496104167077937
0.818365715722006	0.49813022681698
0.818765698965272	0.50031225356669
0.819165682208538	0.502637418234384
0.819565665451804	0.505094251890957
0.819965648695069	0.507673101927475
0.820365631938335	0.51036610673541
0.820765615181601	0.51316668045731
0.821165598424867	0.516068845644386
0.821565581668133	0.519066632241394
0.821965564911399	0.522153680324613
0.822365548154665	0.525323045562684
0.822765531397931	0.528567200817324
0.823165514641196	0.531878082496923
0.823565497884462	0.535247143195476
0.823965481127728	0.538665248484546
0.824365464370994	0.542122432203271
0.82476544761426	0.545607599220845
0.825165430857526	0.54910839948855
0.825565414100792	0.552611259263277
0.825965397344058	0.556101692601765
0.826365380587324	0.559564858989531
0.82676536383059	0.562986314966203
0.827165347073855	0.566352823634743
0.827565330317121	0.569653246910243
0.827965313560387	0.57287921654839
0.828365296803653	0.576025506069984
0.828765280046919	0.579090065865966
0.829165263290185	0.582073710397165
0.829565246533451	0.584979436338288
0.829965229776717	0.587811648653708
0.830365213019983	0.590575414895892
0.830765196263248	0.593275907913033
0.831165179506514	0.595917966115955
0.83156516274978	0.598505940544919
0.831965145993046	0.601043791750592
0.832365129236312	0.603535440065009
0.832765112479578	0.60598517868319
0.833165095722844	0.608398187675001
0.83356507896611	0.610780958066176
0.833965062209375	0.613141497578271
0.834365045452641	0.615489270455706
0.834765028695907	0.617834856621046
0.835165011939173	0.620189246654564
0.835564995182439	0.622563049533335
0.835964978425705	0.624965807771103
0.836364961668971	0.627405560263752
0.836764944912237	0.629888762054393
0.837164928155503	0.632420725020922
0.837564911398768	0.63500620898331
0.837964894642034	0.637649973387911
0.8383648778853	0.640357076486254
0.838764861128566	0.64313272309008
0.839164844371832	0.645981697799674
0.839564827615098	0.648907650282369
0.839964810858364	0.651912463293272
0.84036479410163	0.65499590816704
0.840764777344896	0.658155847235786
0.841164760588161	0.661388793580527
0.841564743831427	0.664690645705931
0.841964727074693	0.668057266777124
0.842364710317959	0.671484717083595
0.842764693561225	0.67496916616742
0.843164676804491	0.67850669257982
0.843564660047757	0.682092966655532
0.843964643291023	0.685723075809445
0.844364626534289	0.689391579624185
0.844764609777555	0.693092741667035
0.84516459302082	0.696820765338381
0.845564576264086	0.700570141910707
0.845964559507352	0.704335878044941
0.846364542750618	0.708113866700728
0.846764525993884	0.711901315915031
0.84716450923715	0.715697066257777
0.847564492480416	0.71950150874838
0.847964475723682	0.72331623070249
0.848364458966947	0.72714327029442
0.848764442210213	0.730984098181363
0.849164425453479	0.734838630772051
0.849564408696745	0.738704718434792
0.849964391940011	0.742578227921677
0.850364375183277	0.746453717337266
0.850764358426543	0.750325420544096
0.851164341669809	0.754188230722317
0.851564324913075	0.758038388392957
0.85196430815634	0.761873850078812
0.852364291399606	0.765694278039829
0.852764274642872	0.769500628183349
0.853164257886138	0.773294608513984
0.853564241129404	0.777078118383681
0.85396422437267	0.780852642773394
0.854364207615936	0.784618620375687
0.854764190859202	0.788375009986999
0.855164174102468	0.792118976079934
0.855564157345733	0.795845791232184
0.855964140588999	0.799549037727386
0.856364123832265	0.803220989218307
0.856764107075531	0.806852968689136
0.857164090318797	0.810435771150108
0.857564073562063	0.81396003254906
0.857964056805329	0.817416478751539
0.858364040048595	0.820796116939378
0.858764023291861	0.824090445177857
0.859164006535126	0.827291446361656
0.859563989778392	0.830391471005558
0.859963973021658	0.833383051929831
0.860363956264924	0.836258522314061
0.86076393950819	0.839009559451682
0.861163922751456	0.841626908574479
0.861563905994722	0.844100324409079
0.861963889237988	0.846418692451855
0.862363872481253	0.84857045882195
0.862763855724519	0.850544242661379
0.863163838967785	0.852329479867382
0.863563822211051	0.85391710347485
0.863963805454317	0.855300117759148
0.864363788697583	0.856473889120823
0.864763771940849	0.857436327265036
0.865163755184115	0.858187960456233
0.865563738427381	0.858731763791408
0.865963721670647	0.85907293246164
0.866363704913912	0.859218745918984
0.866763688157178	0.859178265124192
0.867163671400444	0.858961916179616
0.86756365464371	0.858580994358033
0.867963637886976	0.858046946365335
0.868363621130242	0.857370587852475
0.868763604373508	0.856561417560357
0.869163587616774	0.855627051250545
0.86956357086004	0.854572835804757
0.869963554103305	0.853401889437993
0.870363537346571	0.852115389619421
0.870763520589837	0.850713043150374
0.871163503833103	0.849193739528303
0.871563487076369	0.847556316467636
0.871963470319635	0.84580022767261
0.872363453562901	0.843926132062632
0.872763436806167	0.841936317580118
0.873163420049432	0.839834908836846
0.873563403292698	0.837627880763218
0.873963386535964	0.835322936814337
0.87436336977923	0.832929265492983
0.874763353022496	0.83045735418822
0.875163336265762	0.827918773360248
0.875563319509028	0.825325813445034
0.875963302752294	0.822690870139413
0.87636328599556	0.820025701007109
0.876763269238825	0.8173405384886
0.877163252482091	0.814643164059088
0.877563235725357	0.811938252683085
0.877963218968623	0.80922708976367
0.878363202211889	0.80650764143289
0.878763185455155	0.803775069588157
0.879163168698421	0.801022523366096
0.879563151941687	0.798241948001625
0.879963135184953	0.795424932763058
0.880363118428218	0.792563620043216
0.880763101671484	0.789651477489903
0.88116308491475	0.786683886077161
0.881563068158016	0.783658530081797
0.881963051401282	0.780575483549105
0.882363034644548	0.777436979939863
0.882763017887814	0.774247016360889
0.88316300113108	0.77101093543791
0.883562984374346	0.767735020351062
0.883962967617612	0.764426160886666
0.884362950860877	0.76109160397084
0.884762934104143	0.757738709397098
0.885162917347409	0.754374661377658
0.885562900590675	0.751006263583531
0.885962883833941	0.747639871877726
0.886362867077207	0.744281319396468
0.886762850320473	0.74093590981457
0.887162833563738	0.737608484715777
0.887562816807004	0.734303452221947
0.88796280005027	0.731024684453452
0.888362783293536	0.727775254467352
0.888762766536802	0.724557045226607
0.889162749780068	0.721370405130923
0.889562733023334	0.718213984985834
0.8899627162666	0.715084822563615
0.890362699509866	0.7119787581042
0.890762682753132	0.708891090091451
0.891162665996397	0.705817152170894
0.891562649239663	0.702752713560875
0.891962632482929	0.699694134154383
0.892362615726195	0.696638184127971
0.892762598969461	0.69358175049791
0.893162582212727	0.690521796373169
0.893562565455993	0.687455539686806
0.893962548699259	0.684380907628057
0.894362531942525	0.681297287701282
0.89476251518579	0.678206157385695
0.895162498429056	0.675111397524696
0.895562481672322	0.672019275813611
0.895962464915588	0.66893813455647
0.896362448158854	0.665877872014255
0.89676243140212	0.662849502461962
0.897162414645386	0.659864970690679
0.897562397888652	0.656937150478902
0.897962381131918	0.654080038911017
0.898362364375183	0.65130889164599
0.898762347618449	0.648640218388978
0.899162330861715	0.646091518704675
0.899562314104981	0.643680816096844
0.899962297348247	0.641425948257362
0.900362280591513	0.639343841094036
0.900762263834779	0.637449769831066
0.901162247078045	0.635756746628595
0.90156223032131	0.634275184210388
0.901962213564576	0.633012896633267
0.902362196807842	0.631975270045832
0.902762180051108	0.631165759995666
0.903162163294374	0.630586463214682
0.90356214653764	0.63023856686043
0.903962129780906	0.630122497320248
0.904362113024172	0.630237942900372
0.904762096267438	0.630583537054675
0.905162079510703	0.631156396856533
0.905562062753969	0.631951726180379
0.905962045997235	0.632962590343388
0.906362029240501	0.634179908459652
0.906762012483767	0.635592806545109
0.907161995727033	0.63718920444344
0.907561978970299	0.640096899863677
0.907961962213565	0.64270329148933
0.908361945456831	0.644999055474893
0.908761928700097	0.646990942694438
0.909161911943362	0.648698034555127
0.909561895186628	0.650147506012173
0.909961878429894	0.651370867143325
0.91036186167316	0.652401061862915
0.910761844916426	0.653270453121252
0.911161828159692	0.654009570851749
0.911561811402958	0.65464643646285
0.911961794646224	0.655206278656035
0.912361777889489	0.655711506698595
0.912761761132755	0.656181840333876
0.913161744376021	0.656634514329072
0.913561727619287	0.657084516328954
0.913961710862553	0.657544839254047
0.914361694105819	0.658026717365505
0.914761677349085	0.658539834007221
0.915161660592351	0.659092499106294
0.915561643835617	0.659691791735816
0.915961627078882	0.660343679506252
0.916361610322148	0.661053121659791
0.916761593565414	0.661824161559128
0.91716157680868	0.662660018182208
0.917561560051946	0.663563186607755
0.917961543295212	0.664535536726676
0.918361526538478	0.665578410537321
0.918761509781744	0.666692717553812
0.91916149302501	0.667879024371654
0.919561476268275	0.669137631490139
0.919961459511541	0.670468638002792
0.920361442754807	0.67187198731029
0.920761425998073	0.673347496990954
0.921161409241339	0.674894878048623
0.921561392484605	0.676513746413599
0.921961375727871	0.678203629652036
0.922361358971137	0.679963978971834
0.922761342214403	0.681794182673675
0.923161325457668	0.683693577577164
0.923561308700934	0.685661453238364
0.9239612919442	0.687697048626848
0.924361275187466	0.68979954220431
0.924761258430732	0.691968038828322
0.925161241673998	0.694201556652592
0.925561224917264	0.696499020535612
0.92596120816053	0.698859263905285
0.926361191403795	0.701281039218117
0.926761174647061	0.703763034520096
0.927161157890327	0.706303894608066
0.927561141133593	0.708902243318353
0.927961124376859	0.711556706394109
0.928361107620125	0.714265934473694
0.928761090863391	0.717028621290863
0.929161074106657	0.719843514276825
0.929561057349923	0.722709417064793
0.929961040593189	0.725625183931869
0.930361023836454	0.728589709455189
0.93076100707972	0.731601919770128
0.931160990322986	0.734660767645288
0.931560973566252	0.73776523267522
0.931960956809518	0.740914326214941
0.932360940052784	0.744107098122578
0.93276092329605	0.747342640138951
0.933160906539316	0.750620086192115
0.933560889782581	0.753938610830352
0.933960873025847	0.757297424850049
0.934360856269113	0.760695770273787
0.934760839512379	0.764132918832412
0.935160822755645	0.76760817306211
0.935560805998911	0.77112086919657
0.935960789242177	0.774670380220868
0.936360772485443	0.778256117641891
0.936760755728709	0.781877531285437
0.937160738971974	0.785534108723983
0.93756072221524	0.789225374878558
0.937960705458506	0.792950891909472
0.938360688701772	0.796710259985623
0.938760671945038	0.800503117629825
0.939160655188304	0.804329140358517
0.93956063843157	0.808188037650579
0.939960621674836	0.812079548215311
0.940360604918102	0.816003434607349
0.940760588161367	0.819959480025097
0.941160571404633	0.823947487821415
0.941560554647899	0.827967282661271
0.941960537891165	0.832018715343672
0.942360521134431	0.83610166865826
0.942760504377697	0.840216062352644
0.943160487620963	0.844361856290267
0.943560470864229	0.8485390521839
0.943960454107495	0.852747691462757
0.94436043735076	0.856987850370215
0.944760420594026	0.861259634647922
0.945160403837292	0.865563174214318
0.945560387080558	0.869898618156399
0.945960370323824	0.874266133208807
0.94636035356709	0.878665906364194
0.946760336810356	0.883098150798826
0.947160320053622	0.887563115396679
0.947560303296888	0.892061095969082
0.947960286540153	0.896592442875651
0.948360269783419	0.901157563076481
0.948760253026685	0.905756916478224
0.949160236269951	0.910391005932992
0.949560219513217	0.915060363333108
0.949960202756483	0.919765538331384
0.950360185999749	0.924507095488357
0.950760169243015	0.929285618742017
0.951160152486281	0.934101720872753
0.951560135729546	0.938956050291497
0.951960118972812	0.943849292974136
0.952360102216078	0.94878216058793
0.952760085459344	0.953755366612429
0.95316006870261	0.958769594635593
0.953560051945876	0.963825469683401
0.953960035189142	0.968923537462886
0.954360018432408	0.974064262427635
0.954760001675674	0.979248043973709
