0	0.726568814190408
0.000399983243265888	0.733629388626558
0.000799966486531775	0.740672561481234
0.00119994972979766	0.747697673554433
0.00159993297306355	0.754704005642803
0.00199991621632944	0.761690789018003
0.00239989945959533	0.768657214778012
0.00279988270286121	0.77560244315935
0.0031998659461271	0.782525615182942
0.00359984918939299	0.789425860879181
0.00399983243265888	0.796302302963566
0.00439981567592476	0.803154061546443
0.00479979891919065	0.809980261666217
0.00519978216245654	0.816780041923058
0.00559976540572243	0.823552564431678
0.00599974864898831	0.830297024447216
0.0063997318922542	0.837012654196822
0.00679971513552009	0.843698721448499
0.00719969837878598	0.850354526453976
0.00759968162205186	0.856979397715065
0.00799966486531775	0.863572688607853
0.00839964810858364	0.870133775254553
0.00879963135184953	0.876662053521805
0.00919961459511541	0.883156933897353
0.0095995978383813	0.889617835180528
0.00999958108164719	0.896044178762906
0.0103995643249131	0.902435384409728
0.010799547568179	0.908790869542571
0.0111995308114449	0.915110053016658
0.0115995140547107	0.921392360378255
0.0119994972979766	0.92763722970165
0.0123994805412425	0.933844117509109
0.0127994637845084	0.940012503222874
0.0131994470277743	0.946141891541242
0.0135994302710402	0.952231815338184
0.0139994135143061	0.958281839641223
0.014399396757572	0.964291565989096
0.0147993800008378	0.970260635850721
0.0151993632441037	0.976188732785695
0.0155993464873696	0.982075580673365
0.0159993297306355	0.987920938031215
0.0163993129739014	0.993724590865968
0.0167992962171673	0.999486346862545
0.0171992794604332	1.00520603255338
0.0175992627036991	1.01088349499173
0.0179992459469649	1.01651860516763
0.0183992291902308	1.02211126187536
0.0187992124334967	1.02766139509406
0.0191991956767626	1.03316896736862
0.0195991789200285	1.03863397294787
0.0199991621632944	1.0440564369089
0.0203991454065603	1.04943641743146
0.0207991286498262	1.05477400914501
0.021199111893092	1.06006934481845
0.0215990951363579	1.06532259392772
0.0219990783796238	1.07053395694677
0.0223990616228897	1.0757036546597
0.0227990448661556	1.08083191748368
0.0231990281094215	1.08591897933146
0.0235990113526874	1.09096507888539
0.0239989945959533	1.09597047052804
0.0243989778392191	1.10093544249199
0.024798961082485	1.10586033364917
0.0251989443257509	1.11074554694968
0.0255989275690168	1.11559155907736
0.0259989108122827	1.12039892343249
0.0263988940555486	1.12516826685058
0.0267988772988145	1.12990028387896
0.0271988605420804	1.13459572856322
0.0275988437853462	1.13925540474194
0.0279988270286121	1.14388015762268
0.028398810271878	1.14847086592194
0.0287987935151439	1.15302843640229
0.0291987767584098	1.15755380373912
0.0295987600016757	1.16204793307571
0.0299987432449416	1.16651182373997
0.0303987264882075	1.17094651253635
0.0307987097314733	1.17535307278927
0.0311986929747392	1.17973260711348
0.0315986762180051	1.1840862329721
0.031998659461271	1.18841505962815
0.0323986427045369	1.19272015804286
0.0327986259478028	1.1970025314998
0.0331986091910687	1.20126309214541
0.0335985924343346	1.20550264531337
0.0339985756776004	1.20972188629336
0.0343985589208663	1.21392140828484
0.0347985421641322	1.21810172065894
0.0351985254073981	1.22226327163887
0.035598508650664	1.22640646531082
0.0359984918939299	1.23053166971899
0.0363984751371958	1.2346392173384
0.0367984583804617	1.23872939816128
0.0371984416237275	1.24280244485733
0.0375984248669934	1.24685850968729
0.0379984081102593	1.25089763302602
0.0383983913535252	1.25491969764921
0.0387983745967911	1.25892436863735
0.039198357840057	1.26291101717546
0.0395983410833229	1.26687863999551
0.0399983243265888	1.27082577478013
0.0403983075698546	1.27475040621615
0.0407982908131205	1.27864984940737
0.0411982740563864	1.28252059395747
0.0415982572996523	1.28635809801317
0.0419982405429182	1.29015652452221
0.0423982237861841	1.29390842411187
0.04279820702945	1.29760437122853
0.0431981902727159	1.30123256216844
0.0435981735159817	1.30477839216086
0.0439981567592476	1.30822402066132
0.0443981400025135	1.31154795979047
0.0447981232457794	1.31472475983311
0.0451981064890453	1.31772491846416
0.0455980897323112	1.3205152191197
0.0459980729755771	1.32305980589898
0.046398056218843	1.32532237863542
0.0467980394621088	1.32726990981992
0.0471980227053747	1.32887825481967
0.0475980059486406	1.3301398142126
0.0479979891919065	1.32983307820488
0.0483979724351724	1.32938934789053
0.0487979556784383	1.32881847536113
0.0491979389217042	1.32813168769363
0.0495979221649701	1.32734129804243
0.0499979054082359	1.32646020662021
0.0503978886515018	1.32550113930414
0.0507978718947677	1.32447603777935
0.0511978551380336	1.32339562809037
0.0515978383812995	1.32226926297686
0.0519978216245654	1.32110510001502
0.0523978048678313	1.31991072194197
0.0527977881110972	1.31869386239467
0.053197771354363	1.31746290741032
0.0535977545976289	1.31622710410758
0.0539977378408948	1.31499639654323
0.0543977210841607	1.31378093870353
0.0547977043274266	1.31259062127452
0.0551976875706925	1.31143497441319
0.0555976708139584	1.31032348274324
0.0559976540572243	1.30926616355931
0.0563976373004901	1.308274025834
0.056797620543756	1.30735912964002
0.0571976037870219	1.30653403218476
0.0575975870302878	1.30581084918129
0.0579975702735537	1.30520016704168
0.0583975535168196	1.30471026276404
0.0587975367600855	1.30434690406945
0.0591975200033514	1.30411377593384
0.0595975032466172	1.30401322834807
0.0599974864898831	1.30404711687248
0.060397469733149	1.30421739640456
0.0607974529764149	1.3045263235895
0.0611974362196808	1.30497640782415
0.0615974194629467	1.30557027260838
0.0619974027062126	1.30631044691046
0.0623973859494785	1.30719914260026
0.0627973691927443	1.30823800326238
0.0631973524360102	1.30942762720346
0.0635973356792761	1.31076679857148
0.063997318922542	1.31225180901345
0.0643973021658079	1.31387612555862
0.0647972854090738	1.31563048983571
0.0651972686523397	1.31750364009811
0.0655972518956056	1.31948347908505
0.0659972351388714	1.32155819163244
0.0663972183821373	1.3237171433891
0.0667972016254032	1.32595144175434
0.0671971848686691	1.32825404201498
0.067597168111935	1.33061953785803
0.0679971513552009	1.33304402855225
0.0683971345984668	1.33552486197763
0.0687971178417327	1.33806026741118
0.0691971010849985	1.34064895735993
0.0695970843282644	1.34328951591307
0.0699970675715303	1.34597950855497
0.0703970508147962	1.34871482149162
0.0707970340580621	1.35148927595185
0.071197017301328	1.35429459850631
0.0715970005445939	1.35712087377386
0.0719969837878598	1.35995725867528
0.0723969670311257	1.36279242853526
0.0727969502743915	1.36561492888438
0.0731969335176574	1.36841343501234
0.0735969167609233	1.37117688126596
0.0739969000041892	1.37389473698292
0.0743968832474551	1.3765575879826
0.074796866490721	1.37915758189016
0.0751968497339869	1.38168866543454
0.0755968329772527	1.38414664183657
0.0759968162205186	1.38652883507725
0.0763967994637845	1.38883353748031
0.0767967827070504	1.39105962326916
0.0771967659503163	1.39320633801267
0.0775967491935822	1.39527338172546
0.0779967324368481	1.39726127821612
0.078396715680114	1.39917179660092
0.0787966989233798	1.40100824313636
0.0791966821666457	1.40277545085307
0.0795966654099116	1.40447940126028
0.0799966486531775	1.40612648838412
0.0803966318964434	1.40772266298425
0.0807966151397093	1.40927260783206
0.0811965983829752	1.4107790999933
0.0815965816262411	1.41224270966144
0.0819965648695069	1.41366187598693
0.0823965481127728	1.4150332701318
0.0827965313560387	1.41635236480923
0.0831965145993046	1.41761387420257
0.0835964978425705	1.41881201561893
0.0839964810858364	1.41994066379281
0.0843964643291023	1.42099345171674
0.0847964475723682	1.42196389830922
0.085196430815634	1.42284565984635
0.0855964140588999	1.42363286199812
0.0859963973021658	1.42432012512503
0.0863963805454317	1.42490222656331
0.0867963637886976	1.42537340205945
0.0871963470319635	1.42572661132522
0.0875963302752294	1.4259529296947
0.0879963135184953	1.4260414020465
0.0883962967617612	1.42597939197016
0.088796280005027	1.42575328928817
0.0891962632482929	1.42534937422962
0.0895962464915588	1.42475468436959
0.0899962297348247	1.42395769263887
0.0903962129780906	1.42294889787945
0.0907961962213565	1.42172128656897
0.0911961794646224	1.42027076597671
0.0915961627078882	1.41859637161439
0.0919961459511541	1.41670026729387
0.09239612919442	1.41458739086748
0.0927961124376859	1.41226472990955
0.0931960956809518	1.40974030274393
0.0935960789242177	1.40702216379838
0.0939960621674836	1.40411771146924
0.0943960454107495	1.40103329874791
0.0947960286540153	1.39777421276049
0.0951960118972812	1.39434507360536
0.0955959951405471	1.390750349027
0.095995978383813	1.38699473769397
0.0963959616270789	1.38308328497534
0.0967959448703448	1.37902132588216
0.0971959281136107	1.37481413550758
0.0975959113568766	1.37046657598621
0.0979958946001424	1.3659829335158
0.0983958778434083	1.3613670438063
0.0987958610866742	1.35662281814394
0.0991958443299401	1.35175522448969
0.099595827573206	1.3467710446733
0.0999958108164719	1.34167910061617
0.100395794059738	1.33649002598215
0.100795777303004	1.33121561908399
0.10119576054627	1.3258677260591
0.101595743789535	1.32045720909279
0.101995727032801	1.31499327322612
0.102395710276067	1.30948323974766
0.102795693519333	1.30393273758111
0.103195676762599	1.29834629624233
0.103595660005865	1.29272801841313
0.103995643249131	1.28708234520275
0.104395626492397	1.2814147797974
0.104795609735663	1.27573231374905
0.105195592978928	1.27004349311073
0.105595576222194	1.26435820717386
0.10599555946546	1.25868704236377
0.106395542708726	1.25304040370187
0.106795525951992	1.24742764443987
0.107195509195258	1.24185631907202
0.107595492438524	1.23633168339972
0.10799547568179	1.23085670539873
0.108395458925056	1.22543247540699
0.108795442168321	1.22005875589243
0.109195425411587	1.21473460268172
0.109595408654853	1.20945902833881
0.109995391898119	1.20423153469657
0.110395375141385	1.1990524781767
0.110795358384651	1.19392335720776
0.111195341627917	1.18884683490161
0.111595324871183	1.18382659097236
0.111995308114449	1.17886724037907
0.112395291357714	1.17397443160314
0.11279527460098	1.16915496188006
0.113195257844246	1.16441686642758
0.113595241087512	1.15976964159329
0.113995224330778	1.15522439395091
0.114395207574044	1.15079369150526
0.11479519081731	1.1464911222957
0.115195174060576	1.14233081735024
0.115595157303841	1.1383268032475
0.115995140547107	1.13449209920573
0.116395123790373	1.13083789476036
0.116795107033639	1.12737295880239
0.117195090276905	1.12410322887105
0.117595073520171	1.12103177823082
0.117995056763437	1.11815915504002
0.118395040006703	1.11548376034251
0.118795023249969	1.11300243239908
0.119195006493234	1.110711223914
0.1195949897365	1.10860592531587
0.119994972979766	1.10668232352862
0.120394956223032	1.10493664243043
0.120794939466298	1.103365931107
0.121194922709564	1.10196839410714
0.12159490595283	1.10074376828343
0.121994889196096	1.0996935970867
0.122394872439362	1.09882099951909
0.122794855682627	1.09813021190206
0.123194838925893	1.09762574626457
0.123594822169159	1.09731144864496
0.123994805412425	1.09718992181175
0.124394788655691	1.09726248959458
0.124794771898957	1.09752945757337
0.125194755142223	1.09799075677703
0.125594738385489	1.09864687166432
0.125994721628755	1.09949957380564
0.12639470487202	1.1005522670189
0.126794688115286	1.10181001535201
0.127194671358552	1.10327938628455
0.127594654601818	1.10496799980494
0.127994637845084	1.10688414296692
0.12839462108835	1.10903650148124
0.128794604331616	1.11143386944452
0.129194587574882	1.11408452412041
0.129594570818148	1.11699546873711
0.129994554061413	1.12017134478331
0.130394537304679	1.12361301119455
0.130794520547945	1.12731618583204
0.131194503791211	1.13127071004499
0.131594487034477	1.13546030686861
0.131994470277743	1.13986311011451
0.132394453521009	1.14445310545115
0.132794436764275	1.14920201771954
0.133194420007541	1.15408113278829
0.133594403250806	1.15906305898114
0.133994386494072	1.16412298254454
0.134394369737338	1.1692391065763
0.134794352980604	1.17439263610214
0.13519433622387	1.17956768921592
0.135594319467136	1.18475098587197
0.135994302710402	1.18993147834834
0.136394285953668	1.19510028356047
0.136794269196934	1.20025060916832
0.137194252440199	1.20537744346112
0.137594235683465	1.21047709101258
0.137994218926731	1.21554650301193
0.138394202169997	1.22058241887534
0.138794185413263	1.22558079200309
0.139194168656529	1.23053656041631
0.139594151899795	1.23544379640506
0.139994135143061	1.24029623284869
0.140394118386327	1.24508791742972
0.140794101629592	1.24981355394637
0.141194084872858	1.25446853412918
0.141594068116124	1.25904855487965
0.14199405135939	1.26354910608168
0.142394034602656	1.26796517733059
0.142794017845922	1.27229139377563
0.143194001089188	1.27652233546438
0.143593984332454	1.28065321608901
0.14399396757572	1.28468059237212
0.144393950818985	1.28860271048165
0.144793934062251	1.29241942823869
0.145193917305517	1.29613197137735
0.145593900548783	1.29974237478518
0.145993883792049	1.30325292947168
0.146393867035315	1.30666576563408
0.146793850278581	1.3099825348032
0.147193833521847	1.31320422245538
0.147593816765113	1.31633128691188
0.147993800008378	1.31936396954805
0.148393783251644	1.32230238163716
0.14879376649491	1.32514632028135
0.149193749738176	1.32789486032733
0.149593732981442	1.33054562538598
0.149993716224708	1.33309390112533
0.150393699467974	1.33553196694209
0.15079368271124	1.33784899702876
0.151193665954505	1.34003164153532
0.151593649197771	1.34206496318063
0.151993632441037	1.34393337560057
0.152393615684303	1.34562131538026
0.152793598927569	1.34711339615832
0.153193582170835	1.3483941118962
0.153593565414101	1.34944750268858
0.153993548657367	1.35025704352384
0.154393531900633	1.35080602277544
0.154793515143898	1.35107856349583
0.155193498387164	1.35106083059555
0.15559348163043	1.35074208596165
0.155993464873696	1.35011550591901
0.156393448116962	1.34917870833318
0.156793431360228	1.34793381954544
0.157193414603494	1.34638728071144
0.15759339784676	1.34454955712101
0.157993381090026	1.34243470332683
0.158393364333291	1.34005976205558
0.158793347576557	1.33744388101628
0.159193330819823	1.33460728361521
0.159593314063089	1.33157039029257
0.159993297306355	1.32835310827205
0.160393280549621	1.32497434882392
0.160793263792887	1.32145191031171
0.161193247036153	1.31780245866775
0.161593230279419	1.31404149656221
0.161993213522684	1.3101834161441
0.16239319676595	1.30624163152001
0.162793180009216	1.30222868629676
0.163193163252482	1.29815659917584
0.163593146495748	1.29403725239684
0.163993129739014	1.28988278183478
0.16439311298228	1.28570600527005
0.164793096225546	1.28152076254089
0.165193079468812	1.27734198783058
0.165593062712077	1.27318580420456
0.165993045955343	1.26906958541346
0.166393029198609	1.26501193910389
0.166793012441875	1.26103259771303
0.167192995685141	1.25715209656388
0.167592978928407	1.253390966058
0.167992962171673	1.24976870475717
0.168392945414939	1.24630264865048
0.168792928658205	1.24300697296253
0.16919291190147	1.23989219012765
0.169592895144736	1.23696537534972
0.169992878388002	1.23423067968509
0.170392861631268	1.23169007311532
0.170792844874534	1.22934405497414
0.1711928281178	1.22719197702729
0.171592811361066	1.22523190298716
0.171992794604332	1.22346031136764
0.172392777847598	1.22187150387395
0.172792761090863	1.22045709438388
0.173192744334129	1.21920581942914
0.173592727577395	1.2181035497089
0.173992710820661	1.21713339593715
0.174392694063927	1.21627614787348
0.174792677307193	1.21551091456334
0.175192660550459	1.21481586148168
0.175592643793725	1.2141690497032
0.175992627036991	1.21354933493001
0.176392610280256	1.21293713489518
0.176792593523522	1.21231496853369
0.177192576766788	1.2116678151539
0.177592560010054	1.21098326606704
0.17799254325332	1.21025156597304
0.178392526496586	1.20946558775221
0.178792509739852	1.2086208489739
0.179192492983118	1.20771544838257
0.179592476226383	1.20674997369593
0.179992459469649	1.20572757021592
0.180392442712915	1.20465425970379
0.180792425956181	1.20353930437101
0.181192409199447	1.20239560888117
0.181592392442713	1.20124005666658
0.181992375685979	1.20009347349255
0.182392358929245	1.19898007903126
0.182792342172511	1.19792653664816
0.183192325415776	1.19696066477978
0.183592308659042	1.19610993113443
0.183992291902308	1.19540005318072
0.184392275145574	1.19485388135448
0.18479225838884	1.19449066682817
0.185192241632106	1.1943256705553
0.185592224875372	1.1943703075175
0.185992208118638	1.19463253877598
0.186392191361904	1.19511734910292
0.186792174605169	1.19582720946807
0.187192157848435	1.1967625038595
0.187592141091701	1.19792162058853
0.187992124334967	1.1993007921269
0.188392107578233	1.2008938020605
0.188792090821499	1.20269163313932
0.189192074064765	1.20468230556335
0.189592057308031	1.20685119333974
0.189992040551297	1.20918163742162
0.190392023794562	1.211655788261
0.190792007037828	1.21425560837484
0.191191990281094	1.21696375482041
0.19159197352436	1.21976398607565
0.191991956767626	1.22264132622474
0.192391940010892	1.22558204040231
0.192791923254158	1.22857338768862
0.193191906497424	1.23160347610129
0.19359188974069	1.23466143632158
0.193991872983955	1.23773773279582
0.194391856227221	1.24082463415897
0.194791839470487	1.24391672196499
0.195191822713753	1.24701106084108
0.195591805957019	1.25010692848546
0.195991789200285	1.2532053278527
0.196391772443551	1.2563080249068
0.196791755686817	1.25941616939174
0.197191738930083	1.26252888841158
0.197591722173348	1.26564220977548
0.197991705416614	1.26874832523952
0.19839168865988	1.27183553064066
0.198791671903146	1.27488896978247
0.199191655146412	1.27789199604329
0.199591638389678	1.28082776177668
0.199991621632944	1.28368080811467
0.20039160487621	1.28643816668009
0.200791588119476	1.2890897776484
0.201191571362741	1.29162823246088
0.201591554606007	1.29404809493508
0.201991537849273	1.29634476114461
0.202391521092539	1.29851331346927
0.202791504335805	1.30054761222155
0.203191487579071	1.30243978110018
0.203591470822337	1.30418003581816
0.203991454065603	1.30575692399851
0.204391437308869	1.30715773429995
0.204791420552134	1.30836903748935
0.2051914037954	1.30937730481813
0.205591387038666	1.31016956814854
0.205991370281932	1.31073392647111
0.206391353525198	1.31105999672843
0.206791336768464	1.31113917462853
0.20719132001173	1.31096467434296
0.207591303254996	1.31053130767441
0.207991286498262	1.30983519012795
0.208391269741527	1.30887341746055
0.208791252984793	1.30764400882158
0.209191236228059	1.30614607472996
0.209591219471325	1.30438027276604
0.209991202714591	1.30234929275396
0.210391185957857	1.30005831230319
0.210791169201123	1.29751512293969
0.211191152444389	1.29472980427121
0.211591135687655	1.29171406327
0.21199111893092	1.28848067894144
0.212391102174186	1.28504312736481
0.212791085417452	1.28141546760337
0.213191068660718	1.27761251507741
0.213591051903984	1.27365006220253
0.21399103514725	1.269544922692
0.214391018390516	1.26531476243235
0.214791001633782	1.26097763403504
0.215190984877047	1.25655128810415
0.215590968120313	1.25205250623529
0.215990951363579	1.24749654571324
0.216390934606845	1.242896800408
0.216790917850111	1.23826470571609
0.217190901093377	1.23360993954426
0.217590884336643	1.22894064880403
0.217990867579909	1.22426369481794
0.218390850823175	1.21958466122982
0.21879083406644	1.21490781390841
0.219190817309706	1.21023604972091
0.219590800552972	1.2055709121963
0.219990783796238	1.20091266600911
0.220390767039504	1.19626060129032
0.22079075028277	1.19161358471388
0.221190733526036	1.18697068608343
0.221590716769302	1.18233167522203
0.221990700012568	1.17769741116597
0.222390683255833	1.17307020976715
0.222790666499099	1.16845402755084
0.223190649742365	1.16385446737446
0.223590632985631	1.15927894680962
0.223990616228897	1.15473707303956
0.224390599472163	1.15024090930492
0.224790582715429	1.14580515621219
0.225190565958695	1.14144697424142
0.225590549201961	1.13718524859389
0.225990532445226	1.1330395774237
0.226390515688492	1.12902924150167
0.226790498931758	1.12517196880594
0.227190482175024	1.12148294384034
0.22759046541829	1.1179745103781
0.227990448661556	1.11465627708042
0.228390431904822	1.11153534625299
0.228790415148088	1.10861682358004
0.229190398391354	1.10590439353516
0.229590381634619	1.10340062623138
0.229990364877885	1.10110706960927
0.230390348121151	1.09902434968856
0.230790331364417	1.09715228854861
0.231190314607683	1.09549006730075
0.231590297850949	1.09403652226628
0.231990281094215	1.09279042383415
0.232390264337481	1.09175065506482
0.232790247580747	1.09091637364945
0.233190230824012	1.09028702945462
0.233590214067278	1.08986194995714
0.233990197310544	1.08963970578044
0.23439018055381	1.08961747211228
0.234790163797076	1.08979047007556
0.235190147040342	1.09015167295354
0.235590130283608	1.09069175474067
0.235990113526874	1.0913991163211
0.23639009677014	1.09225995419539
0.236790080013405	1.09325840984014
0.237190063256671	1.09437663742273
0.237590046499937	1.09559508276415
0.237990029743203	1.09689318988043
0.238390012986469	1.098250301595
0.238789996229735	1.09964651553028
0.239189979473001	1.10106351236541
0.239589962716267	1.10248494748412
0.239989945959533	1.10389639133759
0.240389929202798	1.10528507375406
0.240789912446064	1.10663961091441
0.24118989568933	1.10794983889546
0.241589878932596	1.10920704998958
0.241989862175862	1.11040434164573
0.242389845419128	1.11153673172952
0.242789828662394	1.11260099124623
0.24318981190566	1.1135954640001
0.243589795148926	1.11451980937947
0.243989778392191	1.1153747121792
0.244389761635457	1.11616188793927
0.244789744878723	1.1168842643994
0.245189728121989	1.11754614407103
0.245589711365255	1.11815309068883
0.245989694608521	1.11871175594838
0.246389677851787	1.11922964435111
0.246789661095053	1.11971496026083
0.247189644338318	1.12017645778574
0.247589627581584	1.12062330755174
0.24798961082485	1.12106472107447
0.248389594068116	1.12150955387793
0.248789577311382	1.12196585681494
0.249189560554648	1.12244048498895
0.249589543797914	1.12293895786932
0.24998952704118	1.12346597095333
0.250389510284446	1.12402604265634
0.250789493527712	1.12462410907973
0.251189476770977	1.1252658894436
0.251589460014243	1.12595801227019
0.251989443257509	1.12670768128028
0.252389426500775	1.12752220668568
0.252789409744041	1.12840856562603
0.253189392987307	1.12937302252622
0.253589376230573	1.13042092652095
0.253989359473839	1.13155660712318
0.254389342717105	1.13278309814543
0.25478932596037	1.13410184414639
0.255189309203636	1.13551259622154
0.255589292446902	1.13701344910468
0.255989275690168	1.13860090746879
0.256389258933434	1.1402700305461
0.2567892421767	1.14201449364311
0.257189225419966	1.14382646160256
0.257589208663232	1.14569630867475
0.257989191906497	1.14761232420747
0.258389175149763	1.14956052998691
0.258789158393029	1.15152469664497
0.259189141636295	1.15348660131874
0.259589124879561	1.15542638252564
0.259989108122827	1.15732282564836
0.260389091366093	1.15915355301165
0.260789074609359	1.16089514324517
0.261189057852625	1.16252332741926
0.26158904109589	1.16401345263355
0.261989024339156	1.1653413000966
0.262389007582422	1.16648406122984
0.262788990825688	1.16742121599436
0.263188974068954	1.16813516844811
0.26358895731222	1.16861143615384
0.263988940555486	1.16883854136929
0.264388923798752	1.16880774514483
0.264788907042018	1.1685127759427
0.265188890285283	1.16794958902545
0.265588873528549	1.16711644485816
0.265988856771815	1.16601401126915
0.266388840015081	1.16464541722448
0.266788823258347	1.16301625375509
0.267188806501613	1.16113458485554
0.267588789744879	1.15901059016043
0.267988772988145	1.15665619999766
0.268388756231411	1.15408480886222
0.268788739474676	1.15131086691266
0.269188722717942	1.14834925697471
0.269588705961208	1.14521490405448
0.269988689204474	1.14192230048756
0.27038867244774	1.13848511614991
0.270788655691006	1.13491601684308
0.271188638934272	1.13122672565757
0.271588622177538	1.1274281482548
0.271988605420804	1.12353069545194
0.272388588664069	1.11954462462155
0.272788571907335	1.11548039427862
0.273188555150601	1.11134897323553
0.273588538393867	1.1071621278546
0.273988521637133	1.10293264813647
0.274388504880399	1.09867442720169
0.274788488123665	1.09440229528823
0.275188471366931	1.09013178504495
0.275588454610197	1.08587888105912
0.275988437853462	1.08165946298815
0.276388421096728	1.0774886191997
0.276788404339994	1.07338021602793
0.27718838758326	1.06934650172697
0.277588370826526	1.06539774555697
0.277988354069792	1.06154236860111
0.278388337313058	1.05778739938756
0.278788320556324	1.05413891931362
0.27918830379959	1.05060262987645
0.279588287042855	1.04718440015128
0.279988270286121	1.04389054498687
0.280388253529387	1.04072792939943
0.280788236772653	1.03770414855672
0.281188220015919	1.03482751970056
0.281588203259185	1.0321069618717
0.281988186502451	1.02955190320156
0.282388169745717	1.02717210359489
0.282788152988983	1.0249770384452
0.283188136232248	1.02297503336186
0.283588119475514	1.02117228273735
0.28398810271878	1.01957185667728
0.284388085962046	1.01817293899868
0.284788069205312	1.01697070132647
0.285188052448578	1.0159567696426
0.285588035691844	1.0151201646234
0.28598801893511	1.0144485482353
0.286388002178375	1.01392942133061
0.286787985421641	1.0135509223836
0.287187968664907	1.01330219978942
0.287587951908173	1.01317341296407
0.287987935151439	1.01315531797376
0.288387918394705	1.01323876101172
0.288787901637971	1.01341428740157
0.289187884881237	1.01367192769157
0.289587868124503	1.0140011737861
0.289987851367768	1.01439116304509
0.290387834611034	1.01483081956947
0.2907878178543	1.01530918477872
0.291187801097566	1.01581600653797
0.291587784340832	1.01634218291044
0.291987767584098	1.01687989832148
0.292387750827364	1.01742249097617
0.29278773407063	1.01796397210994
0.293187717313896	1.01849819770442
0.293587700557161	1.01901804393494
0.293987683800427	1.01951484464199
0.294387667043693	1.01997845564615
0.294787650286959	1.02039808849327
0.295187633530225	1.02076371926
0.295587616773491	1.02106738693077
0.295987600016757	1.02130417900123
0.296387583260023	1.02147266035728
0.296787566503289	1.02157465198479
0.297187549746554	1.02161424744413
0.29758753298982	1.02159673668792
0.297987516233086	1.02152783717702
0.298387499476352	1.02141340406844
0.298787482719618	1.02125935416748
0.299187465962884	1.02107200074437
0.29958744920615	1.02085852990053
0.299987432449416	1.02062734378528
0.300387415692682	1.02038817581101
0.300787398935947	1.0201520417676
0.301187382179213	1.01993084305589
0.301587365422479	1.01973700685413
0.301987348665745	1.01958321402988
0.302387331909011	1.01948207046167
0.302787315152277	1.01944571386678
0.303187298395543	1.01948564840087
0.303587281638809	1.01961272227331
0.303987264882075	1.01983726070356
0.30438724812534	1.02016931088735
0.304787231368606	1.02061899198889
0.305187214611872	1.02119664321182
0.305587197855138	1.02191283028401
0.305987181098404	1.02277803633351
0.30638716434167	1.02380202851731
0.306787147584936	1.02499315516007
0.307187130828202	1.02635780325551
0.307587114071468	1.02789990263858
0.307987097314733	1.02962063815146
0.308387080557999	1.03151843145252
0.308787063801265	1.03358895099251
0.309187047044531	1.03582505925528
0.309587030287797	1.03821693334445
0.309987013531063	1.04075233913673
0.310386996774329	1.04341714243013
0.310786980017595	1.04619621294619
0.31118696326086	1.04907456935951
0.311586946504126	1.05203844606689
0.311986929747392	1.05507610648532
0.312386912990658	1.05817844647244
0.312786896233924	1.06133916565469
0.31318687947719	1.06455458441878
0.313586862720456	1.06782315427497
0.313986845963722	1.07114487781927
0.314386829206988	1.07452049533806
0.314786812450253	1.07795050204656
0.315186795693519	1.08143425608272
0.315586778936785	1.08496933990965
0.315986762180051	1.08855122447173
0.316386745423317	1.09217344647235
0.316786728666583	1.09582814896961
0.317186711909849	1.09950676701361
0.317586695153115	1.10320070903916
0.317986678396381	1.10690191445913
0.318386661639646	1.11060277307914
0.318786644882912	1.11429554791403
0.319186628126178	1.11797170109689
0.319586611369444	1.12162132259477
0.31998659461271	1.12523285322352
0.320386577855976	1.12879325128119
0.320786561099242	1.13228850506435
0.321186544342508	1.13570443974391
0.321586527585774	1.13902748960063
0.321986510829039	1.14224498814332
0.322386494072305	1.14534500151425
0.322786477315571	1.1483161081427
0.323186460558837	1.15114705666109
0.323586443802103	1.1538266000737
0.323986427045369	1.15634366579917
0.324386410288635	1.15868786519586
0.324786393531901	1.16085006821028
0.325186376775167	1.16282281845042
0.325586360018432	1.16460016183337
0.325986343261698	1.16617711476982
0.326386326504964	1.16754916504711
0.32678630974823	1.16871186241084
0.327186292991496	1.1696605185972
0.327586276234762	1.17039056179395
0.327986259478028	1.17089853080833
0.328386242721294	1.17118334078539
0.32878622596456	1.17124747418284
0.329186209207825	1.17109798648714
0.329586192451091	1.17074693280941
0.329986175694357	1.17021120871231
0.330386158937623	1.16951188527582
0.330786142180889	1.16867307980459
0.331186125424155	1.16772052281323
0.331586108667421	1.16668017731331
0.331986091910687	1.16557706105468
0.332386075153953	1.16443419496557
0.332786058397218	1.16327191336162
0.333186041640484	1.16210779182952
0.33358602488375	1.16095704362867
0.333986008127016	1.15983311434559
0.334385991370282	1.1587483815711
0.334785974613548	1.15771485232728
0.335185957856814	1.15674458283862
0.33558594110008	1.15584964589984
0.335985924343346	1.15504183111204
0.336385907586611	1.15433225323073
0.336785890829877	1.1537310462023
0.337185874073143	1.15324738168012
0.337585857316409	1.15288974311495
0.337985840559675	1.15266610952029
0.338385823802941	1.15258414851471
0.338785807046207	1.1526515116324
0.339185790289473	1.15287587217111
0.339585773532738	1.15326477983863
0.339985756776004	1.1538256170289
0.34038574001927	1.15456571939722
0.340785723262536	1.15549224985976
0.341185706505802	1.15661198659564
0.341585689749068	1.1579309544127
0.341985672992334	1.15945412398336
0.3423856562356	1.16118519030643
0.342785639478866	1.16312642016829
0.343185622722131	1.16527845426679
0.343585605965397	1.16764039798321
0.343985589208663	1.17020994834533
0.344385572451929	1.17298351959314
0.344785555695195	1.1759562860688
0.345185538938461	1.1791223818201
0.345585522181727	1.18247520154511
0.345985505424993	1.18600782255134
0.346385488668259	1.18971322792729
0.346785471911524	1.19358457243655
0.34718545515479	1.19761544610821
0.347585438398056	1.20180009096201
0.347985421641322	1.20613338378748
0.348385404884588	1.21061078215205
0.348785388127854	1.21522835022231
0.34918537137112	1.21998282823553
0.349585354614386	1.22487160170555
0.349985337857652	1.22989264680798
0.350385321100917	1.23504458730215
0.350785304344183	1.24032685516753
0.351185287587449	1.24573970586818
0.351585270830715	1.25128410173298
0.351985254073981	1.25696136394311
0.352385237317247	1.2627725223724
0.352785220560513	1.26871746281847
0.353185203803779	1.27479421372477
0.353585187047045	1.28099856240502
0.35398517029031	1.28732435377691
0.354385153533576	1.29376429975108
0.354785136776842	1.3003108731806
0.355185120020108	1.30695693624098
0.355585103263374	1.31369597310839
0.35598508650664	1.32052160013664
0.356385069749906	1.32742658615565
0.356785052993172	1.33440201421487
0.357185036236438	1.34143698643565
0.357585019479703	1.34851880632197
0.357985002722969	1.35563376127111
0.358384985966235	1.36276820633577
0.358784969209501	1.36990944867977
0.359184952452767	1.37704628147829
0.359584935696033	1.38416923943002
0.359984918939299	1.39127045447663
0.360384902182565	1.39834352278189
0.360784885425831	1.40538367978601
0.361184868669096	1.41238791161455
0.361584851912362	1.41935484917261
0.361984835155628	1.42628459440913
0.362384818398894	1.43317838443622
0.36278480164216	1.44003792424183
0.363184784885426	1.44686484584297
0.363584768128692	1.45366035815036
0.363984751371958	1.46042509705845
0.364384734615224	1.46715929817477
0.364784717858489	1.47386329678675
0.365184701101755	1.48053779274473
0.365584684345021	1.48718404307406
0.365984667588287	1.49380393012509
0.366384650831553	1.50039964141087
0.366784634074819	1.50697300125981
0.367184617318085	1.51352481632209
0.367584600561351	1.52005410904034
0.367984583804617	1.52655760744429
0.368384567047882	1.53302959034273
0.368784550291148	1.5394621018083
0.369184533534414	1.54584545781317
0.36958451677768	1.55216903953421
0.369984500020946	1.55842195759014
0.370384483264212	1.56459360005481
0.370784466507478	1.5706741528088
0.371184449750744	1.57665482822474
0.37158443299401	1.58252766971123
0.371984416237275	1.58828530719759
0.372384399480541	1.59392048951486
0.372784382723807	1.59942540151552
0.373184365967073	1.60479127686071
0.373584349210339	1.61000827757649
0.373984332453605	1.6150654078325
0.374384315696871	1.61995085601265
0.374784298940137	1.62465252476224
0.375184282183402	1.62915820973203
0.375584265426668	1.63345563155601
0.375984248669934	1.6375326321259
0.3763842319132	1.64137714252995
0.376784215156466	1.64497713208155
0.377184198399732	1.64832098370294
0.377584181642998	1.65139806367009
0.377984164886264	1.65419899372398
0.37838414812953	1.65671574278681
0.378784131372795	1.65894130519438
0.379184114616061	1.66086897999158
0.379584097859327	1.66249163988853
0.379984081102593	1.66380126734595
0.380384064345859	1.66478875790466
0.380784047589125	1.66544427924298
0.381184030832391	1.66575815150667
0.381584014075657	1.66572186826804
0.381983997318923	1.66532903980528
0.382383980562188	1.66457620243666
0.382783963805454	1.66346332138853
0.38318394704872	1.66199398026487
0.383583930291986	1.66017523754908
0.383983913535252	1.65801715785195
0.384383896778518	1.65553221350978
0.384783880021784	1.65273473898987
0.38518386326505	1.64964025105986
0.385583846508316	1.64626477620391
0.385983829751581	1.64262453829915
0.386383812994847	1.63873596184954
0.386783796238113	1.63461588340543
0.387183779481379	1.6302820982205
0.387583762724645	1.62575393338608
0.387983745967911	1.62105260148014
0.388383729211177	1.61620139265176
0.388783712454443	1.61122555184497
0.389183695697709	1.60615147881936
0.389583678940974	1.60100586375395
0.38998366218424	1.59581507907273
0.390383645427506	1.59060473574529
0.390783628670772	1.58539942776574
0.391183611914038	1.58022286547415
0.391583595157304	1.57509793742807
0.39198357840057	1.57004645486176
0.392383561643836	1.565088651629
0.392783544887102	1.56024247436301
0.393183528130367	1.55552285273498
0.393583511373633	1.55094145188512
0.393983494616899	1.54650678418377
0.394383477860165	1.54222457472374
0.394783461103431	1.53809843957436
0.395183444346697	1.53413069269563
0.395583427589963	1.53032284690174
0.395983410833229	1.52667567531182
0.396383394076495	1.52318888026876
0.39678337731976	1.51986055712668
0.397183360563026	1.51668678912826
0.397583343806292	1.51366159336598
0.397983327049558	1.51077722224223
0.398383310292824	1.50802478771548
0.39878329353609	1.50539512816401
0.399183276779356	1.50287969046854
0.399583260022622	1.50047114507476
0.399983243265888	1.49816374243817
0.400383226509153	1.49595342333203
0.400783209752419	1.49383783097596
0.401183192995685	1.49181625493335
0.401583176238951	1.48988964383142
0.401983159482217	1.4880607909386
0.402383142725483	1.48633445994018
0.402783125968749	1.48471727215956
0.403183109212015	1.48321732204353
0.403583092455281	1.48184356656375
0.403983075698546	1.48060504235317
0.404383058941812	1.4795100262464
0.404783042185078	1.47856525265777
0.405183025428344	1.47777525721912
0.40558300867161	1.47714181729609
0.405982991914876	1.47666358399071
0.406382975158142	1.47633603531158
0.406782958401408	1.47615169877471
0.407182941644674	1.47610056084696
0.407582924887939	1.47617088172535
0.407982908131205	1.47635029494109
0.408382891374471	1.47662703921781
0.408782874617737	1.47699116350402
0.409182857861003	1.47743554362442
0.409582841104269	1.47795615927487
0.409982824347535	1.47855167706481
0.410382807590801	1.47922264328351
0.410782790834066	1.47997024053767
0.411182774077332	1.48079488092222
0.411582757320598	1.48169526265039
0.411982740563864	1.4826679660306
0.41238272380713	1.48370748149853
0.412782707050396	1.4848066763925
0.413182690293662	1.48595753006609
0.413582673536928	1.48715168851463
0.413982656780194	1.48838068177225
0.414382640023459	1.48963579433866
0.414782623266725	1.49090773604932
0.415182606509991	1.49218640651792
0.415582589753257	1.4934610101805
0.415982572996523	1.49472052784722
0.416382556239789	1.49595464778638
0.416782539483055	1.49715487466927
0.417182522726321	1.49831526347616
0.417582505969587	1.49943262429233
0.417982489212852	1.500506251003
0.418382472456118	1.50153707150376
0.418782455699384	1.50252673166412
0.41918243894265	1.50347693504683
0.419582422185916	1.50438913798437
0.419982405429182	1.50526446621285
0.420382388672448	1.5061038363026
0.420782371915714	1.50690771482424
0.42118235515898	1.50767563365742
0.421582338402245	1.50840557477653
0.421982321645511	1.50909334854378
0.422382304888777	1.50973189207064
0.422782288132043	1.51031097259098
0.423182271375309	1.51081731988613
0.423582254618575	1.51123520790869
0.423982237861841	1.51154731151018
0.424382221105107	1.51173584693527
0.424782204348373	1.51178371807815
0.425182187591638	1.51167557960466
0.425582170834904	1.51139840395764
0.42598215407817	1.51094167717718
0.426382137321436	1.51029727517059
0.426782120564702	1.50945908845372
0.427182103807968	1.50842255790135
0.427582087051234	1.50718432303672
0.4279820702945	1.50574191535824
0.428382053537766	1.50409355693196
0.428782036781031	1.50223815459516
0.429182020024297	1.50017526206632
0.429582003267563	1.49790480351015
0.429981986510829	1.4954268963374
0.430381969754095	1.49274181408908
0.430781952997361	1.48984986604412
0.431181936240627	1.48675136369752
0.431581919483893	1.48344662614189
0.431981902727159	1.47993577680506
0.432381885970424	1.47621856423411
0.43278186921369	1.47229447548244
0.433181852456956	1.46816283950715
0.433581835700222	1.46382310725913
0.433981818943488	1.45927562879104
0.434381802186754	1.4545225133422
0.43478178543002	1.44956825759867
0.435181768673286	1.4444202679295
0.435581751916552	1.43908918372162
0.435981735159817	1.43358860968187
0.436381718403083	1.4279343648866
0.436781701646349	1.42214338310524
0.437181684889615	1.41623246558619
0.437581668132881	1.41021727239259
0.437981651376147	1.40411168006066
0.438381634619413	1.39792737791546
0.438781617862679	1.39167391814807
0.439181601105945	1.38535912643435
0.43958158434921	1.37898979635854
0.439981567592476	1.37257239233425
0.440381550835742	1.36611368851466
0.440781534079008	1.35962127402401
0.441181517322274	1.35310390113753
0.44158150056554	1.34657136232117
0.441981483808806	1.34003416053803
0.442381467052072	1.33350316134888
0.442781450295337	1.32698917993661
0.443181433538603	1.32050238923329
0.443581416781869	1.31405183754373
0.443981400025135	1.30764513157781
0.444381383268401	1.30128831397848
0.444781366511667	1.29498610379215
0.445181349754933	1.28874243640368
0.445581332998199	1.2825610307422
0.445981316241465	1.27644588650925
0.44638129948473	1.2704015807439
0.446781282727996	1.26443313536516
0.447181265971262	1.258545577727
0.447581249214528	1.25274346850782
0.447981232457794	1.24703048059798
0.44838121570106	1.24140919320166
0.448781198944326	1.2358812587923
0.449181182187592	1.23044793366586
0.449581165430858	1.22511058476737
0.449981148674123	1.21987100613263
0.450381131917389	1.21473143972876
0.450781115160655	1.20969425678409
0.451181098403921	1.20476128279572
0.451581081647187	1.19993318056678
0.451981064890453	1.19520918180383
0.452381048133719	1.19058731573428
0.452781031376985	1.18606494856166
0.453181014620251	1.18163969774477
0.453580997863516	1.17731033860075
0.453980981106782	1.17307739208305
0.454380964350048	1.16894308321942
0.454780947593314	1.16491083297395
0.45518093083658	1.16098434969608
0.455580914079846	1.15716692193408
0.455980897323112	1.15346121583712
0.456380880566378	1.14986954566992
0.456780863809644	1.146394469314
0.457180847052909	1.14303967054025
0.457580830296175	1.13981055171866
0.457980813539441	1.13671424375602
0.458380796782707	1.13375920206267
0.458780780025973	1.130954398471
0.459180763269239	1.1283082251674
0.459580746512505	1.12582767941246
0.459980729755771	1.1235179878098
0.460380712999037	1.12138242238453
0.460780696242302	1.11942246319324
0.461180679485568	1.11763814275177
0.461580662728834	1.11602820903973
0.4619806459721	1.11459018301256
0.462380629215366	1.11332048961547
0.462780612458632	1.11221450626689
0.463180595701898	1.1112667860134
0.463580578945164	1.11047150190837
0.46398056218843	1.10982293987871
0.464380545431695	1.10931595399971
0.464780528674961	1.10894633702124
0.465180511918227	1.10871073442869
0.465580495161493	1.10860627307907
0.465980478404759	1.10863019141488
0.466380461648025	1.10877954681195
0.466780444891291	1.10905099408856
0.467180428134557	1.10944077462131
0.467580411377823	1.10994478859535
0.467980394621088	1.11055864528449
0.468380377864354	1.11127784817978
0.46878036110762	1.11209799557076
0.469180344350886	1.11301490384873
0.469580327594152	1.11402497702892
0.469980310837418	1.11512581914842
0.470380294080684	1.11631654556081
0.47078027732395	1.11759779824994
0.471180260567216	1.11897184043151
0.471580243810481	1.12044244169647
0.471980227053747	1.12201448623902
0.472380210297013	1.12369380672193
0.472780193540279	1.12548716940135
0.473180176783545	1.12740211164213
0.473580160026811	1.12944672160602
0.473980143270077	1.13162915734049
0.474380126513343	1.13395684046837
0.474780109756609	1.1364357555372
0.475180092999874	1.13906998647821
0.47558007624314	1.14186137689434
0.475980059486406	1.14480952709745
0.476380042729672	1.14791212827206
0.476780025972938	1.15116521525645
0.477180009216204	1.15456335743331
0.47757999245947	1.15809984663994
0.477979975702736	1.16176674228409
0.478379958946001	1.16555507742891
0.478779942189267	1.16945528743773
0.479179925432533	1.17345760582998
0.479579908675799	1.17755248202417
0.479979891919065	1.18173102028865
0.480379875162331	1.18598491028677
0.480779858405597	1.19030587760457
0.481179841648863	1.1946850989719
0.481579824892129	1.19911255066552
0.481979808135394	1.20357641175871
0.48237979137866	1.20806294867939
0.482779774621926	1.21255686143419
0.483179757865192	1.217041740101
0.483579741108458	1.2215007482169
0.483979724351724	1.22591752665508
0.48437970759499	1.23027670709102
0.484779690838256	1.23456422768899
0.485179674081522	1.23876764679021
0.485579657324787	1.2428762590391
0.485979640568053	1.24688102818255
0.486379623811319	1.25077466259579
0.486779607054585	1.25455176724297
0.487179590297851	1.25820879366839
0.487579573541117	1.26174380786505
0.487979556784383	1.26515602502132
0.488379540027649	1.26844517012417
0.488779523270915	1.2716109448164
0.48917950651418	1.27465267108036
0.489579489757446	1.2775691667567
0.489979473000712	1.28035893525555
0.490379456243978	1.28302061964318
0.490779439487244	1.285553620893
0.49117942273051	1.28795866064073
0.491579405973776	1.29023787052934
0.491979389217042	1.29239443577015
0.492379372460308	1.29443215832419
0.492779355703573	1.2963550522293
0.493179338946839	1.29816702264788
0.493579322190105	1.29987184879695
0.493979305433371	1.30147345482735
0.494379288676637	1.30297621459942
0.494779271919903	1.30438509966989
0.495179255163169	1.30570580451675
0.495579238406435	1.30694478731503
0.495979221649701	1.30810923675655
0.496379204892966	1.30920709797352
0.496779188136232	1.31024724888038
0.497179171379498	1.31123968499131
0.497579154622764	1.31219553441869
0.49797913786603	1.31312687503936
0.498379121109296	1.31404612089948
0.498779104352562	1.3149649515037
0.499179087595828	1.31589331106614
0.499579070839094	1.31683888878111
0.499979054082359	1.31780697891079
0.500379037325625	1.31880086086026
0.500779020568891	1.31982257627595
0.501179003812157	1.32087348023881
0.501578987055423	1.32195417687917
0.501978970298689	1.3230639885587
0.502378953541955	1.32419996292309
0.502778936785221	1.32535575658934
0.503178920028487	1.32652095324155
0.503578903271752	1.32768131464346
0.503978886515018	1.32881975960548
0.504378869758284	1.32991793821022
0.50477885300155	1.33095788753413
0.505178836244816	1.33192334178661
0.505578819488082	1.33280058446224
0.505978802731348	1.33357869044738
0.506378785974614	1.33424919667319
0.50677876921788	1.33480544807125
0.507178752461145	1.33524188154856
0.507578735704411	1.33555341807497
0.507978718947677	1.33573513103574
0.508378702190943	1.33578220639663
0.508778685434209	1.33569020804215
0.509178668677475	1.33545560115645
0.509578651920741	1.33507620411802
0.509978635164007	1.33455131174546
0.510378618407272	1.33388160435152
0.510778601650538	1.33306879205101
0.511178584893804	1.33211504196859
0.51157856813707	1.33102243997797
0.511978551380336	1.32979278465775
0.512378534623602	1.32842753465435
0.512778517866868	1.32692797933991
0.513178501110134	1.32529561828298
0.5135784843534	1.32353250853452
0.513978467596665	1.32164163056261
0.514378450839931	1.31962726637693
0.514778434083197	1.31749525788632
0.515178417326463	1.3152529619318
0.515578400569729	1.31290904979471
0.515978383812995	1.31047304826624
0.516378367056261	1.30795481088634
0.516778350299527	1.30536390580861
0.517178333542793	1.30270909220437
0.517578316786058	1.29999775324929
0.517978300029324	1.29723544954157
0.51837828327259	1.29442552574346
0.518778266515856	1.29156898427342
0.519178249759122	1.28866460246369
0.519578233002388	1.28570941019985
0.519978216245654	1.2826994401809
0.52037819948892	1.27963074414933
0.520778182732186	1.276500230921
0.521178165975452	1.27330635271416
0.521578149218717	1.27004954368404
0.521978132461983	1.2667323924446
0.522378115705249	1.26335958870146
0.522778098948515	1.25993787225289
0.523178082191781	1.25647587582887
0.523578065435047	1.25298388020071
0.523978048678313	1.24947366424794
0.524378031921579	1.24595829683828
0.524778015164844	1.24245169104773
0.52517799840811	1.23896812899566
0.525577981651376	1.23552175094942
0.525977964894642	1.23212597956381
0.526377948137908	1.22879305453093
0.526777931381174	1.22553363820771
0.52717791462444	1.22235639086433
0.527577897867706	1.21926782795894
0.527977881110972	1.21627251523347
0.528377864354237	1.21337335114229
0.528777847597503	1.21057205891582
0.529177830840769	1.20786994295389
0.529577814084035	1.20526858511909
0.529977797327301	1.20277043628941
0.530377780570567	1.20037926891161
0.530777763813833	1.19810024911619
0.531177747057099	1.19593961385918
0.531577730300365	1.19390415601167
0.53197771354363	1.19200045253893
0.532377696786896	1.19023405712846
0.532777680030162	1.18860899179808
0.533177663273428	1.18712744048312
0.533577646516694	1.18578952538999
0.53397762975996	1.18459318939283
0.534377613003226	1.18353406739149
0.534777596246492	1.18260530375868
0.535177579489758	1.1817974813082
0.535577562733023	1.18109878424893
0.535977545976289	1.18049531428395
0.536377529219555	1.17997151229581
0.536777512462821	1.17951064804898
0.537177495706087	1.17909537557863
0.537577478949353	1.17870820147325
0.537977462192619	1.17833181808674
0.538377445435885	1.17794952753598
0.53877742867915	1.17754573564884
0.539177411922416	1.17710633466334
0.539577395165682	1.17661913233414
0.539977378408948	1.17607434328169
0.540377361652214	1.17546487581106
0.54077734489548	1.17478648233382
0.541177328138746	1.17403774419164
0.541577311382012	1.17321970109277
0.541977294625278	1.1723351178166
0.542377277868544	1.17138770091948
0.542777261111809	1.1703813463684
0.543177244355075	1.16931956646348
0.543577227598341	1.16820541731892
0.543977210841607	1.16704195510678
0.544377194084873	1.16583289140273
0.544777177328139	1.16458319136775
0.545177160571405	1.16329951825939
0.545577143814671	1.1619901774866
0.545977127057937	1.16066447294635
0.546377110301202	1.15933175284737
0.546777093544468	1.15800046475155
0.547177076787734	1.15667741979765
0.547577060031	1.15536752010642
0.547977043274266	1.15407391569295
0.548377026517532	1.15279843446547
0.548777009760798	1.15154221428148
0.549176993004064	1.15030637418756
0.549576976247329	1.14909227596061
0.549976959490595	1.14790143756013
0.550376942733861	1.14673512873911
0.550776925977127	1.14559375164586
0.551176909220393	1.14447619945345
0.551576892463659	1.1433794222819
0.551976875706925	1.14229834458271
0.552376858950191	1.14122638355943
0.552776842193457	1.14015625972919
0.553176825436722	1.13908076902316
0.553576808679988	1.13799350867923
0.553976791923254	1.13688938907088
0.55437677516652	1.1357645938266
0.554776758409786	1.13461633001953
0.555176741653052	1.13344258006094
0.555576724896318	1.13224175464699
0.555976708139584	1.13101247135451
0.55637669138285	1.12975341795764
0.556776674626115	1.12846303935572
0.557176657869381	1.12713913673595
0.557576641112647	1.12577861657763
0.557976624355913	1.12437736391574
0.558376607599179	1.12293042551571
0.558776590842445	1.12143257596838
0.559176574085711	1.11987885466568
0.559576557328977	1.11826483594769
0.559976540572243	1.11658660133513
0.560376523815508	1.11484024045052
0.560776507058774	1.11302117983686
0.56117649030204	1.11112372208688
0.561576473545306	1.1091410408825
0.561976456788572	1.10706568111482
0.562376440031838	1.10489047300812
0.562776423275104	1.10260938680841
0.56317640651837	1.10021793254902
0.563576389761635	1.09771314362693
0.563976373004901	1.09509304833215
0.564376356248167	1.09235585919165
0.564776339491433	1.08949928624132
0.565176322734699	1.08652033288597
0.565576305977965	1.08341540072188
0.565976289221231	1.08018055804333
0.566376272464497	1.07681192584128
0.566776255707763	1.07330605407087
0.567176238951029	1.0696602343434
0.567576222194294	1.06587288390068
0.56797620543756	1.06194395932535
0.568376188680826	1.05787542831739
0.568776171924092	1.05367179435659
0.569176155167358	1.04934053652882
0.569576138410624	1.04489226816835
0.56997612165389	1.04034052150235
0.570376104897156	1.03570106445109
0.570776088140422	1.03099087148491
0.571176071383687	1.0262269149007
0.571576054626953	1.02142506883037
0.571976037870219	1.01659922903979
0.572376021113485	1.01176075009318
0.572776004356751	1.00691828146756
0.573175987600017	1.00207791230416
0.573575970843283	0.997243510372403
0.573975954086549	0.992417297374459
0.574375937329815	0.987600518305356
0.57477592057308	0.982794150793623
0.575175903816346	0.977999589265261
0.575575887059612	0.973219238679588
0.575975870302878	0.968456819409329
0.576375853546144	0.963717581015377
0.57677583678941	0.959008399301903
0.577175820032676	0.954337744089008
0.577575803275942	0.949715507404774
0.577975786519207	0.945152889755382
0.578375769762473	0.940662095104125
0.578775753005739	0.936255883324592
0.579175736249005	0.931947220137253
0.579575719492271	0.927748793499386
0.579975702735537	0.923672375587104
0.580375685978803	0.919728390766428
0.580775669222069	0.915925676971505
0.581175652465335	0.912271363945186
0.5815756357086	0.90877105063316
0.581975618951866	0.905429458042501
0.582375602195132	0.902251217455389
0.582775585438398	0.899241404655574
0.583175568681664	0.89640565478036
0.58357555192493	0.893749862055353
0.583975535168196	0.891279403098417
0.584375518411462	0.888998211352811
0.584775501654728	0.886908031495328
0.585175484897993	0.885007947774444
0.585575468141259	0.883294309951769
0.585975451384525	0.881761322089523
0.586375434627791	0.880401936552029
0.586775417871057	0.879208566339675
0.587175401114323	0.87817370221884
0.587575384357589	0.877290483642774
0.587975367600855	0.876552889404522
0.588375350844121	0.875955730296474
0.588775334087386	0.875494451818925
0.589175317330652	0.875164672316722
0.589575300573918	0.874961511693666
0.589975283817184	0.874879017247334
0.59037526706045	0.874909702356153
0.590775250303716	0.875044467307745
0.591175233546982	0.875272970991304
0.591575216790248	0.875584332642032
0.591975200033514	0.875968039833289
0.592375183276779	0.876414842485084
0.592775166520045	0.876917414069644
0.593175149763311	0.877470782806453
0.593575133006577	0.878072418234337
0.593975116249843	0.878721903322941
0.594375099493109	0.879420405530384
0.594775082736375	0.880170299951882
0.595175065979641	0.880974865864287
0.595575049222907	0.881838200272743
0.595975032466172	0.882765464272762
0.596375015709438	0.883763233939204
0.596774998952704	0.884839600445838
0.59717498219597	0.886004022184213
0.597574965439236	0.887266735807024
0.597974948682502	0.888637681380549
0.598374931925768	0.890125308948928
0.598774915169034	0.891735762666367
0.5991748984123	0.893472384198285
0.599574881655565	0.895335696146567
0.599974864898831	0.897323903368468
0.600374848142097	0.899433706461829
0.600774831385363	0.901661157655687
0.601174814628629	0.904002538819385
0.601574797871895	0.90645485440607
0.601974781115161	0.909015795574422
0.602374764358427	0.911683343136242
0.602774747601692	0.914455158549849
0.603174730844958	0.917327782725969
0.603574714088224	0.920296119642266
0.60397469733149	0.923353333993937
0.604374680574756	0.926491217963581
0.604774663818022	0.929701034262261
0.605174647061288	0.932974562890123
0.605574630304554	0.936304977204658
0.60597461354782	0.939687476890612
0.606374596791085	0.943119529087388
0.606774580034351	0.946600428525542
0.607174563277617	0.950130459527139
0.607574546520883	0.953710039430472
0.607974529764149	0.957338868218279
0.608374513007415	0.96101532755739
0.608774496250681	0.96473633945899
0.609174479493947	0.968497610451162
0.609574462737213	0.97229398676373
0.609974445980478	0.976119891757781
0.610374429223744	0.979969596808413
0.61077441246701	0.983837278485311
0.611174395710276	0.987717028462579
0.611574378953542	0.991602938787386
0.611974362196808	0.995489176529281
0.612374345440074	0.999370141864955
0.61277432868334	1.00324061360803
0.613174311926606	1.00709572858584
0.613574295169871	1.01093063722222
0.613974278413137	1.01473996523879
0.614374261656403	1.01851720321007
0.614774244899669	1.02225425432677
0.615174228142935	1.02594129612844
0.615574211386201	1.02956709543121
0.615974194629467	1.03311954536916
0.616374177872733	1.03658628517824
0.616774161115999	1.03995522214807
0.617174144359264	1.04321488832919
0.61757412760253	1.046354470676
0.617974110845796	1.04936369753341
0.618374094089062	1.05223253142707
0.618774077332328	1.05495063332983
0.619174060575594	1.05750684574439
0.61957404381886	1.05988898594443
0.619974027062126	1.06208363383057
0.620374010305392	1.06407606350482
0.620773993548657	1.06585039585971
0.621173976791923	1.06738991037321
0.621573960035189	1.06867723864607
0.621973943278455	1.06969472249521
0.622373926521721	1.07042476740437
0.622773909764987	1.07085028904506
0.623173893008253	1.07095521661643
0.623573876251519	1.07072517021208
0.623973859494785	1.07014805631237
0.62437384273805	1.06921466928478
0.624773825981316	1.06791918328929
0.625173809224582	1.06625948586892
0.625573792467848	1.06423720166991
0.625973775711114	1.0618574996336
0.62637375895438	1.05912857461922
0.626773742197646	1.05606102407567
0.627173725440912	1.05266703754397
0.627573708684178	1.04895977944925
0.627973691927443	1.04495310731432
0.628373675170709	1.04066167414361
0.628773658413975	1.0361012142154
0.629173641657241	1.03128901380634
0.629573624900507	1.02624424633517
0.629973608143773	1.02098797804155
0.630373591387039	1.0155427063432
0.630773574630305	1.00993169994768
0.63117355787357	1.00417822049952
0.631573541116836	0.998304694526087
0.631973524360102	0.992332041187823
0.632373507603368	0.986279366206771
0.632773490846634	0.980163813291064
0.6331734740899	0.974000566924706
0.633573457333166	0.967803200628552
0.633973440576432	0.961584214800681
0.634373423819698	0.955355506089236
0.634773407062963	0.949128918935663
0.635173390306229	0.942916627430207
0.635573373549495	0.936731036580465
0.635973356792761	0.93058448409085
0.636373340036027	0.924488947979935
0.636773323279293	0.918455630501464
0.637173306522559	0.912494586492763
0.637573289765825	0.906614730345766
0.637973273009091	0.900823911447708
0.638373256252357	0.895128983886036
0.638773239495622	0.889535972723837
0.639173222738888	0.884050190126339
0.639573205982154	0.878676238489391
0.63997318922542	0.873418071507629
0.640373172468686	0.868279181710428
0.640773155711952	0.863262731369059
0.641173138955218	0.85837166500294
0.641573122198484	0.853608842752071
0.641973105441749	0.848977071733416
0.642373088685015	0.844478936599605
0.642773071928281	0.840116566118614
0.643173055171547	0.83589137286031
0.643573038414813	0.831803693385854
0.643973021658079	0.827852562225382
0.644373004901345	0.824035644507063
0.644772988144611	0.82034924839248
0.645172971387877	0.816788491738529
0.645572954631142	0.81334753665582
0.645972937874408	0.810019700310098
0.646372921117674	0.806797527924543
0.64677290436094	0.803672816152292
0.647172887604206	0.800636552143976
0.647572870847472	0.797678873037549
0.647972854090738	0.794789174198915
0.648372837334004	0.791956226278463
0.64877282057727	0.7891684620296
0.649172803820535	0.786414326661957
0.649572787063801	0.783682355723116
0.649972770307067	0.7809609925227
0.650372753550333	0.778238451585253
0.650772736793599	0.775502488935998
0.651172720036865	0.772740277967968
0.651572703280131	0.769938627987856
0.651972686523397	0.767084538353304
0.652372669766663	0.764165919414252
0.652772653009928	0.76117247480363
0.653172636253194	0.758096555153317
0.65357261949646	0.754933928931593
0.653972602739726	0.751684413276091
0.654372585982992	0.748352099290187
0.654772569226258	0.744944986089016
0.655172552469524	0.741474143421082
0.65557253571279	0.737952582456698
0.655972518956056	0.73439406766745
0.656372502199321	0.730812094013285
0.656772485442587	0.727219264837545
0.657172468685853	0.72362718471332
0.657572451929119	0.720046809845736
0.657972435172385	0.716488893067466
0.658372418415651	0.712964167800327
0.658772401658917	0.709483227746475
0.659172384902183	0.706056086478666
0.659572368145449	0.702691586253025
0.659972351388714	0.699396924466665
0.66037233463198	0.696177495437019
0.660772317875246	0.693037055126665
0.661172301118512	0.689977968887566
0.661572284361778	0.687001320625322
0.661972267605044	0.684106812646256
0.66237225084831	0.68129267852703
0.662772234091576	0.678555700564265
0.663172217334842	0.675891403557149
0.663572200578107	0.673294614600258
0.663972183821373	0.670760361653562
0.664372167064639	0.668284859132107
0.664772150307905	0.665866423428512
0.665172133551171	0.663506141737615
0.665572116794437	0.661208053927033
0.665972100037703	0.658978859384444
0.666372083280969	0.65682738789806
0.666772066524234	0.654763922967278
0.6671720497675	0.652799456312746
0.667572033010766	0.650944852752702
0.667972016254032	0.649209915112776
0.668371999497298	0.647602421321674
0.668771982740564	0.646127282824373
0.66917196598383	0.644785968747561
0.669571949227096	0.643576313980284
0.669971932470362	0.642492768556867
0.670371915713627	0.641526988301741
0.670771898956893	0.640668524464763
0.671171882200159	0.639905476053999
0.671571865443425	0.639224957011083
0.671971848686691	0.638613460162828
0.672371831929957	0.638057259381871
0.672771815173223	0.637542912881717
0.673171798416489	0.63705790517189
0.673571781659755	0.636591444884972
0.67397176490302	0.636135258656014
0.674371748146286	0.635684222622291
0.674771731389552	0.635236548003102
0.675171714632818	0.634793534259122
0.675571697876084	0.634359080489374
0.67597168111935	0.633939056568882
0.676371664362616	0.633540582848401
0.676771647605882	0.633171491695281
0.677171630849148	0.63284011758096
0.677571614092414	0.63255518831023
0.677971597335679	0.632325742763431
0.678371580578945	0.632161003689393
0.678771563822211	0.632070123563188
0.679171547065477	0.632061788703034
0.679571530308743	0.632144014850008
0.679971513552009	0.632323975839978
0.680371496795275	0.632607828189497
0.680771480038541	0.633000665667266
0.681171463281806	0.633506661325106
0.681571446525072	0.634128981053645
0.681971429768338	0.634869651121828
0.682371413011604	0.635729590591722
0.68277139625487	0.636708848487953
0.683171379498136	0.637806918487865
0.683571362741402	0.639023316466721
0.683971345984668	0.640357971476099
0.684371329227934	0.641811311506716
0.684771312471199	0.643383894255459
0.685171295714465	0.64507578757559
0.685571278957731	0.646885694857974
0.685971262200997	0.64881031932865
0.686371245444263	0.650844120740616
0.686771228687529	0.652979514378122
0.687171211930795	0.6552073981966
0.687571195174061	0.657517877830726
0.687971178417327	0.659900885898373
0.688371161660592	0.662346634818081
0.688771144903858	0.664845764200237
0.689171128147124	0.667389357090563
0.68957111139039	0.669968951255623
0.689971094633656	0.672576614163661
0.690371077876922	0.675204912375275
0.690771061120188	0.677846944339204
0.691171044363454	0.680496240880369
0.69157102760672	0.683146564956009
0.691971010849985	0.685791725017337
0.692370994093251	0.688425566606931
0.692770977336517	0.691042006927067
0.693170960579783	0.693635122765968
0.693570943823049	0.696199280913209
0.693970927066315	0.698729237345715
0.694370910309581	0.701220063564654
0.694770893552847	0.703667067317441
0.695170876796112	0.706065757597976
0.695570860039378	0.708411953408075
0.695970843282644	0.710702042093905
0.69637082652591	0.712933505814687
0.696770809769176	0.715105298404437
0.697170793012442	0.717217902434688
0.697570776255708	0.719273125810998
0.697970759498974	0.721273754175974
0.69837074274224	0.723222947594053
0.698770725985505	0.725123780581626
0.699170709228771	0.726979072098383
0.699570692472037	0.728791378318156
0.699970675715303	0.730563083273452
0.700370658958569	0.732296520989185
0.700770642201835	0.733993862944897
0.701170625445101	0.73565687748217
0.701570608688367	0.737286734695731
0.701970591931633	0.738883808832386
0.702370575174899	0.7404475170589
0.702770558418164	0.741976501115925
0.70317054166143	0.743469033304031
0.703570524904696	0.744923439135677
0.703970508147962	0.746338504769573
0.704370491391228	0.747713837557693
0.704770474634494	0.749049933966393
0.70517045787776	0.750347966353759
0.705570441121026	0.751609410725984
0.705970424364291	0.752835443936886
0.706370407607557	0.754026235173719
0.706770390850823	0.755180375686687
0.707170374094089	0.756294483928514
0.707570357337355	0.75736300270155
0.707970340580621	0.758378409394577
0.708370323823887	0.759331781879669
0.708770307067153	0.760213413798119
0.709170290310419	0.761013419067109
0.709570273553685	0.761722294209135
0.70997025679695	0.762331276569705
0.710370240040216	0.762832508267007
0.710770223283482	0.763219234445573
0.711170206526748	0.763485962724677
0.711570189770014	0.763628472295727
0.71197017301328	0.76364368756682
0.712370156256546	0.763529442322148
0.712770139499812	0.763284020080931
0.713170122743077	0.762905696320405
0.713570105986343	0.762392462904582
0.713970089229609	0.761741989585834
0.714370072472875	0.760951743733016
0.714770055716141	0.760019549296569
0.715170038959407	0.758944187676791
0.715570022202673	0.757725664403991
0.715970005445939	0.756365091516251
0.716369988689205	0.754864315615124
0.71676997193247	0.753225129041032
0.717169955175736	0.751448539694582
0.717569938419002	0.749534289620405
0.717969921662268	0.747480699656363
0.718369904905534	0.745284672676115
0.7187698881488	0.742942041421156
0.719169871392066	0.74044788337345
0.719569854635332	0.737796808564433
0.719969837878598	0.734983388433703
0.720369821121863	0.732002813773426
0.720769804365129	0.728851483137949
0.721169787608395	0.725527576827555
0.721569770851661	0.722031505983572
0.721969754094927	0.718366150290985
0.722369737338193	0.71453668769502
0.722769720581459	0.710550290829001
0.723169703824725	0.706415827784997
0.723569687067991	0.702143749476813
0.723969670311256	0.697746088337903
0.724369653554522	0.693236616377647
0.724769636797788	0.688630826640108
0.725169620041054	0.683945688303853
0.72556960328432	0.679199193927187
0.725969586527586	0.674409816717959
0.726369569770852	0.669596097231745
0.726769553014118	0.664776517852723
0.727169536257384	0.659969638382788
0.727569519500649	0.655194328173235
0.727969502743915	0.650469969597841
0.728369485987181	0.645816504398679
0.728769469230447	0.641254286177311
0.729169452473713	0.636803789200485
0.729569435716979	0.632485186791506
0.729969418960245	0.628317835139012
0.730369402203511	0.624319734686139
0.730769385446776	0.620506965423973
0.731169368690042	0.616893087205815
0.731569351933308	0.613488716219134
0.731969335176574	0.610301409571564
0.73236931841984	0.607335810164195
0.732769301663106	0.60459412471351
0.733169284906372	0.602076814276573
0.733569268149638	0.599783268444108
0.733969251392904	0.597712344011935
0.73436923463617	0.595862768191405
0.734769217879435	0.594233386081677
0.735169201122701	0.592823352419884
0.735569184365967	0.591632308906186
0.735969167609233	0.590660462579865
0.736369150852499	0.589908552718021
0.736769134095765	0.589377686830828
0.737169117339031	0.589069124900233
0.737569100582297	0.588984092104962
0.737969083825562	0.589123670127234
0.738369067068828	0.589488815224112
0.738769050312094	0.590080558616336
0.73916903355536	0.590900358557923
0.739569016798626	0.591950273751765
0.739969000041892	0.593232975773728
0.740368983285158	0.594751625433909
0.740768966528424	0.596509601229051
0.74116894977169	0.598509943401064
0.741568933014956	0.600754760773284
0.741968916258221	0.603244720011385
0.742368899501487	0.605978722236227
0.742768882744753	0.608953803650044
0.743168865988019	0.612165268572049
0.743568849231285	0.615606941274892
0.743968832474551	0.61927158987519
0.744368815717817	0.62315137993098
0.744768798961083	0.627238118663302
0.745168782204348	0.631523199917332
0.745568765447614	0.635997521247456
0.74596874869088	0.640651380255138
0.746368731934146	0.645474313757848
0.746768715177412	0.650454963903258
0.747168698420678	0.655581088548314
0.747568681663944	0.66083964747086
0.74796866490721	0.666216922410314
0.748368648150476	0.671698688462178
0.748768631393741	0.677270368350831
0.749168614637007	0.682917314637627
0.749568597880273	0.688625082754774
0.749968581123539	0.694379570826635
0.750368564366805	0.700166935869625
0.750768547610071	0.705973540765652
0.751168530853337	0.711785895203383
0.751568514096603	0.717590702258365
0.751968497339869	0.72337507062621
0.752368480583134	0.72912693101564
0.7527684638264	0.734835411111033
0.753168447069666	0.740491162807102
0.753568430312932	0.746086516430832
0.753968413556198	0.751615350350279
0.754368396799464	0.757072765227673
0.75476838004273	0.762454869790041
0.755168363285996	0.767758622018304
0.755568346529262	0.772981757293167
0.755968329772527	0.778122896563334
0.756368313015793	0.783181517707425
0.756768296259059	0.788157488703586
0.757168279502325	0.793050370308742
0.757568262745591	0.797858701969736
0.757968245988857	0.802579215033844
0.758368229232123	0.807206342529859
0.758768212475389	0.811732408695558
0.759168195718655	0.816148124045109
0.75956817896192	0.820443053948488
0.759968162205186	0.824606153241302
0.760368145448452	0.828626202700664
0.760768128691718	0.832491983476439
0.761168111934984	0.836192583953139
0.76156809517825	0.839718154757649
0.761968078421516	0.843060947208342
0.762368061664782	0.846216579853315
0.762768044908048	0.849185331990691
0.763168028151313	0.851972730678848
0.763568011394579	0.854589249720907
0.763967994637845	0.857049442768242
0.764367977881111	0.859370626305068
0.764767961124377	0.861571319385482
0.765167944367643	0.863670025440095
0.765567927610909	0.865684604537974
0.765967910854175	0.867631908682454
0.766367894097441	0.869527596363734
0.766767877340706	0.871385883070236
0.767167860583972	0.873219152934977
0.767567843827238	0.875037548002098
0.767967827070504	0.876848752700578
0.76836781031377	0.878657871888321
0.768767793557036	0.880467643601352
0.769167776800302	0.882278961196487
0.769567760043568	0.884091454282342
0.769967743286833	0.885903888939237
0.770367726530099	0.887714551201818
0.770767709773365	0.88952142146569
0.771167693016631	0.891322230994627
0.771567676259897	0.893114479670681
0.771967659503163	0.894895417947489
0.772367642746429	0.896661903002676
0.772767625989695	0.898410152567306
0.773167609232961	0.900135279534865
0.773567592476226	0.90183066493824
0.773967575719492	0.903487414315587
0.774367558962758	0.905094057138012
0.774767542206024	0.9066366625985
0.77516752544929	0.908099436104835
0.775567508692556	0.909465575765514
0.775967491935822	0.910718156804759
0.776367475179088	0.911841003479965
0.776767458422354	0.912819279102496
0.777167441665619	0.913639786989595
0.777567424908885	0.914291201266495
0.777967408152151	0.91476421568484
0.778367391395417	0.915051599609852
0.778767374638683	0.915148392188878
0.779167357881949	0.915052041672719
0.779567341125215	0.914762313531669
0.779967324368481	0.914280963772697
0.780367307611747	0.913611175369086
0.780767290855013	0.91275670569081
0.781167274098278	0.911721090017383
0.781567257341544	0.910507103709196
0.78196724058481	0.909116508246789
0.782367223828076	0.907550178050438
0.782767207071342	0.905808573986828
0.783167190314608	0.903892364450732
0.783567173557874	0.901803032545837
0.78396715680114	0.899543279614808
0.784367140044405	0.897117228608926
0.784767123287671	0.894530535871235
0.785167106530937	0.891790528672996
0.785567089774203	0.888906290917941
0.785967073017469	0.885888809633969
0.786367056260735	0.882751033541558
0.786767039504001	0.879507696682857
0.787167022747267	0.87617486127737
0.787567005990533	0.872769296086194
0.787966989233798	0.869307885428789
0.788366972477064	0.865807212655727
0.78876695572033	0.862283211491903
0.789166938963596	0.858750849958215
0.789566922206862	0.855223665517226
0.789966905450128	0.851713239479433
0.790366888693394	0.848228760819304
0.79076687193666	0.844776865578799
0.791166855179926	0.841361697495144
0.791566838423191	0.837985458131196
0.791966821666457	0.834649210682787
0.792366804909723	0.831353560572697
0.792766788152989	0.828099102093906
0.793166771396255	0.824886755594018
0.793566754639521	0.821717845123975
0.793966737882787	0.818594203184101
0.794366721126053	0.815518510350417
0.794766704369319	0.812494744441924
0.795166687612584	0.809528446199871
0.79556667085585	0.806626823724107
0.795966654099116	0.803798372695254
0.796366637342382	0.801052015337186
0.796766620585648	0.798396088224122
0.797166603828914	0.795837467619519
0.79756658707218	0.793380987887397
0.797966570315446	0.791029290407513
0.798366553558711	0.788783102418984
0.798766536801977	0.786641723707443
0.799166520045243	0.784603578399938
0.799566503288509	0.782666672745275
0.799966486531775	0.780828963213067
0.800366469775041	0.779088522732614
0.800766453018307	0.777443701109252
0.801166436261573	0.775893237186956
0.801566419504839	0.77443629119284
0.801966402748104	0.773072282914339
0.80236638599137	0.771800756941917
0.802766369234636	0.770621165780411
0.803166352477902	0.769532644001993
0.803566335721168	0.768533774917672
0.803966318964434	0.767622539456025
0.8043663022077	0.766796260728977
0.804766285450966	0.76605167188967
0.805166268694232	0.765385111585087
0.805566251937498	0.764792819549415
0.805966235180763	0.764271283520842
0.806366218424029	0.763817647609728
0.806766201667295	0.763429915783377
0.807166184910561	0.763106847464145
0.807566168153827	0.762847553553272
0.807966151397093	0.762650784227845
0.808366134640359	0.762513930136515
0.808766117883625	0.762432099484233
0.80916610112689	0.762397563460475
0.809566084370156	0.762399668363206
0.809966067613422	0.76242536949804
0.810366050856688	0.762460369705757
0.810766034099954	0.762490460547711
0.81116601734322	0.762502782644751
0.811566000586486	0.762486860952163
0.811965983829752	0.762435217150885
0.812365967073018	0.762343579463419
0.812765950316283	0.762210763236852
0.813165933559549	0.762038333636545
0.813565916802815	0.761830084148869
0.813965900046081	0.761591490195534
0.814365883289347	0.761329170045882
0.814765866532613	0.7610503764762
0.815165849775879	0.7607626464144
0.815565833019145	0.760473756919804
0.815965816262411	0.76019174804164
0.816365799505676	0.759924791556951
0.816765782748942	0.759680905859738
0.817165765992208	0.759467581411484
0.817565749235474	0.75929120359333
0.81796573247874	0.759156569003895
0.818365715722006	0.759066729149018
0.818765698965272	0.759023315623445
0.819165682208538	0.759027180723859
0.819565665451804	0.759079084394205
0.819965648695069	0.759179984569569
0.820365631938335	0.759330863621182
0.820765615181601	0.75953222324893
0.821165598424867	0.759783326843258
0.821565581668133	0.760081628870302
0.821965564911399	0.760422763812415
0.822365548154665	0.760801056939792
0.822765531397931	0.761210351853087
0.823165514641196	0.761644950709179
0.823565497884462	0.762100340707397
0.823965481127728	0.762573609818643
0.824365464370994	0.763063614861141
0.82476544761426	0.763570792999793
0.825165430857526	0.764096612759722
0.825565414100792	0.764642940363193
0.825965397344058	0.765211346377008
0.826365380587324	0.765802321293486
0.82676536383059	0.766414636328994
0.827165347073855	0.767045159662349
0.827565330317121	0.767688992490694
0.827965313560387	0.768339839302189
0.828365296803653	0.768990487361507
0.828765280046919	0.76963316349608
0.829165263290185	0.770259684068889
0.829565246533451	0.770861510920784
0.829965229776717	0.771429821555421
0.830365213019983	0.771955736800297
0.830765196263248	0.77243069632666
0.831165179506514	0.772846804457768
0.83156516274978	0.773196965609588
0.831965145993046	0.773474705143347
0.832365129236312	0.773673711428504
0.832765112479578	0.773787446770843
0.833165095722844	0.773809042750641
0.83356507896611	0.773731609490019
0.833965062209375	0.773548963601726
0.834365045452641	0.77325664293477
0.834765028695907	0.772852666252514
0.835165011939173	0.772337860383793
0.835564995182439	0.771715872139362
0.835964978425705	0.770992868285226
0.836364961668971	0.770176961143485
0.836764944912237	0.769277648159377
0.837164928155503	0.768305384228595
0.837564911398768	0.76727118962321
0.837964894642034	0.766186327664379
0.8383648778853	0.765061931275974
0.838764861128566	0.763908548113775
0.839164844371832	0.762735770418163
0.839564827615098	0.761551890611161
0.839964810858364	0.760363498349444
0.84036479410163	0.759175238048408
0.840764777344896	0.757989805452371
0.841164760588161	0.756808169733909
0.841564743831427	0.75563008950336
0.841964727074693	0.754454924413317
0.842364710317959	0.753282331586546
0.842764693561225	0.752112871916306
0.843164676804491	0.75094844322818
0.843564660047757	0.749792315535382
0.843964643291023	0.748648768384524
0.844364626534289	0.747522841930369
0.844764609777555	0.746420067366786
0.84516459302082	0.745346134305366
0.845564576264086	0.744306580751359
0.845964559507352	0.743306598765335
0.846364542750618	0.74235057978726
0.846764525993884	0.741441719636626
0.84716450923715	0.740581751876963
0.847564492480416	0.739770904914534
0.847964475723682	0.739007885740101
0.848364458966947	0.738290213912249
0.848764442210213	0.737614649028029
0.849164425453479	0.736977561423787
0.849564408696745	0.736375225839976
0.849964391940011	0.735804283937353
0.850364375183277	0.735262092783017
0.850764358426543	0.734747120331804
0.851164341669809	0.734259499480324
0.851564324913075	0.733801646772363
0.85196430815634	0.733378499156664
0.852364291399606	0.732997549134272
0.852764274642872	0.732668580918801
0.853164257886138	0.732402968777459
0.853564241129404	0.732212757437333
0.85396422437267	0.73210999156177
0.854364207615936	0.732106200223982
0.854764190859202	0.732211908390752
0.855164174102468	0.732436296550412
0.855564157345733	0.732786854450826
0.855964140588999	0.733268789728569
0.856364123832265	0.733884317945898
0.856764107075531	0.734632116131583
0.857164090318797	0.73550699265479
0.857564073562063	0.736500017933976
0.857964056805329	0.737599306222676
0.858364040048595	0.73879121696708
0.858764023291861	0.74006160117277
0.859164006535126	0.741397001806204
0.859563989778392	0.74278549356501
0.859963973021658	0.744216991622585
0.860363956264924	0.745683137476048
0.86076393950819	0.747177132866376
0.861163922751456	0.748693538012611
0.861563905994722	0.750228043115846
0.861963889237988	0.751777208538838
0.862363872481253	0.753338274945011
0.862763855724519	0.754908865982296
0.863163838967785	0.756486669703587
0.863563822211051	0.758069063974813
0.863963805454317	0.759652878859213
0.864363788697583	0.761234318623728
0.864763771940849	0.762809167223366
0.865163755184115	0.764373179031658
0.865563738427381	0.76592257298268
0.865963721670647	0.767454463262576
0.866363704913912	0.768967228344909
0.866763688157178	0.770460699546376
0.867163671400444	0.771936159944553
0.86756365464371	0.773396234550745
0.867963637886976	0.774844680696235
0.868363621130242	0.776285993496669
0.868763604373508	0.777724965143766
0.869163587616774	0.779166311511839
0.86956357086004	0.780614347339727
0.869963554103305	0.782072822398367
0.870363537346571	0.783545057929983
0.870763520589837	0.785034186686243
0.871163503833103	0.786543177579344
0.871563487076369	0.78807480323077
0.871963470319635	0.789631502856933
0.872363453562901	0.791215036531146
0.872763436806167	0.792826055231078
0.873163420049432	0.794463736853776
0.873563403292698	0.796125517708519
0.873963386535964	0.797807130453636
0.87436336977923	0.799502969426676
0.874763353022496	0.801206641026582
0.875163336265762	0.802911571066572
0.875563319509028	0.804611571750544
0.875963302752294	0.806301136791136
0.87636328599556	0.807975454290945
0.876763269238825	0.809630283003127
0.877163252482091	0.811261702051402
0.877563235725357	0.812865865825582
0.877963218968623	0.814438822081921
0.878363202211889	0.815976414733822
0.878763185455155	0.81747421286845
0.879163168698421	0.818927437897197
0.879563151941687	0.820330826650253
0.879963135184953	0.821678466790841
0.880363118428218	0.822963679793629
0.880763101671484	0.824179021519781
0.88116308491475	0.825316270149506
0.881563068158016	0.826366489388553
0.881963051401282	0.827320112444911
0.882363034644548	0.828167039550845
0.882763017887814	0.828896697091285
0.88316300113108	0.829498480785177
0.883562984374346	0.829962551710639
0.883962967617612	0.830280662874713
0.884362950860877	0.830446881218212
0.884762934104143	0.830458049207863
0.885162917347409	0.830313667098331
0.885562900590675	0.830015351182058
0.885962883833941	0.82956613678834
0.886362867077207	0.828969706493495
0.886762850320473	0.828229876650899
0.887162833563738	0.827350554418424
0.887562816807004	0.826335840879348
0.88796280005027	0.825190158288987
0.888362783293536	0.823918404479103
0.888762766536802	0.822525931705243
0.889162749780068	0.821018475281345
0.889562733023334	0.819402149533885
0.8899627162666	0.81768344257709
0.890362699509866	0.815869152355388
0.890762682753132	0.813966409509394
0.891162665996397	0.811982598632478
0.891562649239663	0.809925171397203
0.891962632482929	0.807801507675838
0.892362615726195	0.805618738602448
0.892762598969461	0.80338355882288
0.893162582212727	0.801102084139124
0.893562565455993	0.798779697830439
0.893962548699259	0.796420841259909
0.894362531942525	0.794028923501148
0.89476251518579	0.791606245072685
0.895162498429056	0.789153948322996
0.895562481672322	0.786671972408349
0.895962464915588	0.784159143042075
0.896362448158854	0.781613375987477
0.89676243140212	0.779031988613866
0.897162414645386	0.776412029424368
0.897562397888652	0.773750824454399
0.897962381131918	0.771046595394492
0.898362364375183	0.768299007494777
0.898762347618449	0.765509460535835
0.899162330861715	0.762681134837108
0.899562314104981	0.759818636629101
0.899962297348247	0.756927480704878
0.900362280591513	0.754013654930189
0.900762263834779	0.751083488527963
0.901162247078045	0.748143916600743
0.90156223032131	0.745203028265971
0.901962213564576	0.742270606008393
0.902362196807842	0.739358468193599
0.902762180051108	0.736480485235937
0.903162163294374	0.733652143251443
0.90356214653764	0.730889739190552
0.903962129780906	0.72820947959843
0.904362113024172	0.725626566610799
0.904762096267438	0.723154515220517
0.905162079510703	0.720804715939303
0.905562062753969	0.71858609161519
0.905962045997235	0.716504707706134
0.906362029240501	0.714563446592873
0.906762012483767	0.712761690976579
0.907161995727033	0.711095066207495
0.907561978970299	0.711321820713642
0.907961962213565	0.711534492271343
0.908361945456831	0.71166891966088
0.908761928700097	0.711682708342533
0.909161911943362	0.711551160949441
0.909561895186628	0.71126309621618
0.909961878429894	0.710817059176163
0.91036186167316	0.710218160636978
0.910761844916426	0.709475609918947
0.911161828159692	0.708600891485268
0.911561811402958	0.707606480658762
0.911961794646224	0.706504980122192
0.912361777889489	0.705308583382666
0.912761761132755	0.704028774340226
0.913161744376021	0.702676181464958
0.913561727619287	0.701260535469208
0.913961710862553	0.699790686344982
0.914361694105819	0.698274642213577
0.914761677349085	0.696719616252814
0.915161660592351	0.695132084313256
0.915561643835617	0.693517841046088
0.915961627078882	0.69188205705908
0.916361610322148	0.690229345598857
0.916761593565414	0.688563832340637
0.91716157680868	0.686889220968921
0.917561560051946	0.685208858652858
0.917961543295212	0.683525795705476
0.918361526538478	0.681842835343717
0.918761509781744	0.68016256880834
0.91916149302501	0.678487400993766
0.919561476268275	0.676819566440417
0.919961459511541	0.675161138648284
0.920361442754807	0.6735140297234
0.920761425998073	0.671879984190564
0.921161409241339	0.670260571035321
0.921561392484605	0.668657178196019
0.921961375727871	0.66707101255875
0.922361358971137	0.665503110517992
0.922761342214403	0.663954355120792
0.923161325457668	0.662425497314317
0.923561308700934	0.660917179033432
0.9239612919442	0.659429954117144
0.924361275187466	0.657964304128845
0.924761258430732	0.656520649813556
0.925161241673998	0.655099357586106
0.925561224917264	0.653700741945652
0.92596120816053	0.65232506537492
0.926361191403795	0.65097253703753
0.926761174647061	0.649643311026193
0.927161157890327	0.648337485576958
0.927561141133593	0.647055103704263
0.927961124376859	0.645796154250794
0.928361107620125	0.644560573480775
0.928761090863391	0.643348243302331
0.929161074106657	0.642158987213331
0.929561057349923	0.640992564976588
0.929961040593189	0.639848667931118
0.930361023836454	0.638726914734665
0.93076100707972	0.637626855111155
0.931160990322986	0.636547981432795
0.931560973566252	0.63548974214192
0.931960956809518	0.634451554683358
0.932360940052784	0.633432819112645
0.93276092329605	0.632432927412129
0.933160906539316	0.631451269033353
0.933560889782581	0.630487234493282
0.933960873025847	0.629540218820943
0.934360856269113	0.628609624207511
0.934760839512379	0.627694865618726
0.935160822755645	0.626795376714749
0.935560805998911	0.625910614657988
0.935960789242177	0.625040062860603
0.936360772485443	0.624183231926256
0.936760755728709	0.623339657846605
0.937160738971974	0.622508897848646
0.93756072221524	0.621690524643868
0.937960705458506	0.620884121364946
0.938360688701772	0.620089278020167
0.938760671945038	0.61930559064597
0.939160655188304	0.618532663291777
0.93956063843157	0.617770112756581
0.939960621674836	0.617017571791955
0.940360604918102	0.616274689653686
0.940760588161367	0.615541129840574
0.941160571404633	0.614816565105069
0.941560554647899	0.614100670761457
0.941960537891165	0.613393120295189
0.942360521134431	0.612693583613257
0.942760504377697	0.612001726655595
0.943160487620963	0.611317212133088
0.943560470864229	0.610639702100238
0.943960454107495	0.609968860858473
0.94436043735076	0.609304356906977
0.944760420594026	0.608645865533484
0.945160403837292	0.607993073596024
0.945560387080558	0.607345684784966
0.945960370323824	0.606703424408723
0.94636035356709	0.606066044135441
0.946760336810356	0.605433323316298
0.947160320053622	0.604805066041698
0.947560303296888	0.604181096817029
0.947960286540153	0.603561257729598
0.948360269783419	0.602945407278816
0.948760253026685	0.602333424538179
0.949160236269951	0.601725216839707
0.949560219513217	0.601120727914045
0.949960202756483	0.600519945183482
0.950360185999749	0.599922907724421
0.950760169243015	0.599329709600113
0.951160152486281	0.598740499951929
0.951560135729546	0.598155483070093
0.951960118972812	0.59757491850769
0.952360102216078	0.596999122822537
0.952760085459344	0.596428473238136
0.95316006870261	0.595863405031112
0.953560051945876	0.595304396073397
0.953960035189142	0.594751940632174
0.954360018432408	0.594206510684203
0.954760001675674	0.593668505991999
