0	0.405326071215832
0.000399983220772683	0.401169262504085
0.000799966441545367	0.397074283308916
0.00119994966231805	0.393041069955871
0.00159993288309073	0.389069558668961
0.00199991610386342	0.385159669259891
0.0023998993246361	0.381311294875627
0.00279988254540878	0.377524297385504
0.00319986576618147	0.373798509054697
0.00359984898695415	0.370133739382825
0.00399983220772683	0.366529781440509
0.00439981542849952	0.362986416123042
0.0047997986492722	0.359503415100559
0.00519978187004488	0.356080542454601
0.00559976509081757	0.352717554994959
0.00599974831159025	0.349414202034026
0.00639973153236293	0.346170224696902
0.00679971475313562	0.342985354255256
0.0071996979739083	0.339859309543018
0.00759968119468098	0.336791793347138
0.00799966441545367	0.333782489427316
0.00839964763622635	0.330831062104665
0.00879963085699904	0.327937158115027
0.00919961407777172	0.325100409833764
0.0095995972985444	0.32232044098464
0.00999958051931709	0.319596874328494
0.0103995637400898	0.316929337649207
0.0107995469608625	0.314317467507809
0.0111995301816351	0.311760910599394
0.0115995134024078	0.309259322628271
0.0119994966231805	0.306812366112199
0.0123994798439532	0.304419709889226
0.0127994630647259	0.302081029311069
0.0131994462854986	0.299796004610511
0.0135994295062712	0.297564318795048
0.0139994127270439	0.295385655446457
0.0143993959478166	0.293259694219619
0.0147993791685893	0.291186104143978
0.015199362389362	0.2891645377607
0.0155993456101347	0.287194626844399
0.0159993288309073	0.285275979996938
0.01639931205168	0.283408184400436
0.0167992952724527	0.281590810123351
0.0171992784932254	0.279823414526226
0.0175992617139981	0.278105546981836
0.0179992449347708	0.276436753281799
0.0183992281555434	0.274816577673453
0.0187992113763161	0.273244563787061
0.0191991945970888	0.271720256678023
0.0195991778178615	0.270243205067059
0.0199991610386342	0.268812963381042
0.0203991442594069	0.267429094498687
0.0207991274801795	0.266091172899864
0.0211991107009522	0.264798788272153
0.0215990939217249	0.263551548569071
0.0219990771424976	0.262349081082837
0.0223990603632703	0.261191030300081
0.022799043584043	0.260077053682434
0.0231990268048156	0.259006815202694
0.0235990100255883	0.257979977924008
0.023998993246361	0.256996197625004
0.0243989764671337	0.256055119807503
0.0247989596879064	0.255156381052536
0.0251989429086791	0.254299614866496
0.0255989261294517	0.253484460331862
0.0259989093502244	0.252710571574145
0.0263988925709971	0.251977626073677
0.0267988757917698	0.251285331108332
0.0271988590125425	0.250633427672299
0.0275988422333152	0.250021692949376
0.0279988254540878	0.249449942619982
0.0283988086748605	0.248918034099396
0.0287987918956332	0.248425870201224
0.0291987751164059	0.247973403039348
0.0295987583371786	0.247560638188346
0.0299987415579513	0.247187639124711
0.0303987247787239	0.246854531973931
0.0307987079994966	0.246561510591469
0.0311986912202693	0.246308842009106
0.031598674441042	0.246096872835433
0.0319986576618147	0.245926038003039
0.0323986408825874	0.245796868518335
0.03279862410336	0.245709995728017
0.0331986073241327	0.245666149933601
0.0335985905449054	0.245666153148714
0.0339985737656781	0.245710905851062
0.0343985569864508	0.245801373241554
0.0347985402072235	0.245938575915833
0.0351985234279961	0.246123589892545
0.0355985066487688	0.246357558466705
0.0359984898695415	0.246641715936461
0.0363984730903142	0.246977417118916
0.0367984563110869	0.247366168897621
0.0371984395318596	0.247809659707738
0.0375984227526322	0.248309785134061
0.0379984059734049	0.248868669113887
0.0383983891941776	0.249488682554743
0.0387983724149503	0.250172460366431
0.039198355635723	0.250922919083312
0.0395983388564957	0.251743274425527
0.0399983220772683	0.252637053924127
0.040398305298041	0.253608107095419
0.0407982885188137	0.2546606145508
0.0411982717395864	0.255799091625218
0.0415982549603591	0.25702837916276
0.0419982381811318	0.258353616307296
0.0423982214019044	0.259780186509826
0.0427982046226771	0.261313619130151
0.0431981878434498	0.262959430335991
0.0435981710642225	0.264722888611803
0.0439981542849952	0.266608685020977
0.0443981375057679	0.268620489311374
0.0447981207265405	0.270760377867746
0.0451981039473132	0.273028122843906
0.0455980871680859	0.275420352689343
0.0459980703888586	0.277929651229821
0.0463980536096313	0.280543749930719
0.046798036830404	0.283245081088148
0.0471980200511766	0.28601115852184
0.0475980032719493	0.288816477869736
0.047997986492722	0.290837929652949
0.0483979697134947	0.292892473424355
0.0487979529342674	0.294978946029587
0.0491979361550401	0.297096939174094
0.0495979193758127	0.299246401039373
0.0499979025965854	0.301427175830176
0.0503978858173581	0.303638593696192
0.0507978690381308	0.305879300263579
0.0511978522589035	0.308147324921021
0.0515978354796762	0.310440231945072
0.0519978187004488	0.312755308333643
0.0523978019212215	0.315089720448461
0.0527977851419942	0.317440517732843
0.0531977683627669	0.319804583390294
0.0535977515835396	0.32217852163447
0.0539977348043123	0.324558481646668
0.0543977180250849	0.326939987317679
0.0547977012458576	0.329317881040465
0.0551976844666303	0.331686276378128
0.055597667687403	0.334038619675345
0.0559976509081757	0.336367857285234
0.0563976341289484	0.338666628326964
0.056797617349721	0.340927433467452
0.0571976005704937	0.343142839293501
0.0575975837912664	0.345305667273294
0.0579975670120391	0.3474091358819
0.0583975502328118	0.349446930020074
0.0587975334535845	0.351413210376618
0.0591975166743571	0.35330260764457
0.0595974998951298	0.355110277326735
0.0599974831159025	0.356832055752902
0.0603974663366752	0.358464768502356
0.0607974495574479	0.360006468642617
0.0611974327782206	0.36145658758464
0.0615974159989932	0.36281601545759
0.0619973992197659	0.364086906017404
0.0623973824405386	0.365272092367604
0.0627973656613113	0.366374412270299
0.063197348882084	0.367396099378384
0.0635973321028567	0.368338318093867
0.0639973153236293	0.369201070534392
0.064397298544402	0.369983492866573
0.0647972817651747	0.370684261575085
0.0651972649859474	0.371302021929165
0.0655972482067201	0.371835710703103
0.0659972314274928	0.372284642712559
0.0663972146482655	0.372648416764508
0.0667971978690381	0.372926829466125
0.0671971810898108	0.373119821238191
0.0675971643105835	0.373227502068119
0.0679971475313562	0.373250321364775
0.0683971307521289	0.373189390766925
0.0687971139729015	0.373046873989645
0.0691970971936742	0.372826266611519
0.0695970804144469	0.372532515349186
0.0699970636352196	0.372171961356233
0.0703970468559923	0.371752048396932
0.070797030076765	0.371280854208397
0.0711970132975377	0.3707666236644
0.0715969965183103	0.370217356354945
0.071996979739083	0.369640541545856
0.0723969629598557	0.369043150319811
0.0727969461806284	0.368431803473246
0.0731969294014011	0.367812919148757
0.0735969126221737	0.367192734684966
0.0739968958429464	0.366577157635354
0.0743968790637191	0.365971459884514
0.0747968622844918	0.365379952048623
0.0751968455052645	0.364805803603107
0.0755968287260372	0.364251082868625
0.0759968119468099	0.363717023194342
0.0763967951675825	0.363204434195903
0.0767967783883552	0.362714126391277
0.0771967616091279	0.362247245410971
0.0775967448299006	0.36180545720898
0.0779967280506733	0.361391007083502
0.0783967112714459	0.361006686284581
0.0787966944922186	0.360655678043611
0.0791966777129913	0.360341390075825
0.079596660933764	0.360067335658158
0.0799966441545367	0.359836968608711
0.0803966273753094	0.359653427493106
0.080796610596082	0.359519265443961
0.0811965938168547	0.359436163739451
0.0815965770376274	0.359404657609991
0.0819965602584001	0.35942392178588
0.0823965434791728	0.359491660120227
0.0827965266999455	0.359604089115633
0.0831965099207182	0.359756077853692
0.0835964931414908	0.35994139693027
0.0839964763622635	0.360153027140848
0.0843964595830362	0.360383490604491
0.0847964428038089	0.360625200282107
0.0851964260245816	0.360870760897306
0.0855964092453542	0.361113240649198
0.0859963924661269	0.361346370555222
0.0863963756868996	0.361564580183222
0.0867963589076723	0.361762944129172
0.087196342128445	0.361937080196498
0.0875963253492177	0.362082904138196
0.0879963085699904	0.362196380074364
0.088396291790763	0.362273474354875
0.0887962750115357	0.362310247568186
0.0891962582323084	0.362302965203926
0.0895962414530811	0.362248248001038
0.0899962246738538	0.362143238760437
0.0903962078946264	0.361985509966242
0.0907961911153991	0.361772792952614
0.0911961743361718	0.361502658620606
0.0915961575569445	0.361172189309219
0.0919961407777172	0.360777761461836
0.0923961239984899	0.360315144813753
0.0927961072192626	0.359779800911735
0.0931960904400352	0.359167281895551
0.0935960736608079	0.358473780591822
0.0939960568815806	0.357696693868365
0.0943960401023533	0.356834935950855
0.094796023323126	0.355889036822044
0.0951960065438986	0.354861087250167
0.0955959897646713	0.353754456234919
0.095995972985444	0.352573271898196
0.0963959562062167	0.351321840127758
0.0967959394269894	0.350004139631538
0.0971959226477621	0.348623476675526
0.0975959058685348	0.347182292726848
0.0979958890893074	0.345682103935748
0.0983958723100801	0.344123590390637
0.0987958555308528	0.342506778328186
0.0991958387516255	0.34083121891095
0.0995958219723982	0.339096172942849
0.0999958051931708	0.337300841213648
0.100395788413944	0.335444672114625
0.100795771634716	0.333527750314351
0.101195754855489	0.331551163199694
0.101595738076262	0.329517288331413
0.101995721297034	0.327429989687483
0.102395704517807	0.325294652440948
0.10279568773858	0.323118071628657
0.103195670959352	0.320908197408005
0.103595654180125	0.318673878927083
0.103995637400898	0.316424743956313
0.10439562062167	0.314171086789772
0.104795603842443	0.311923608093042
0.105195587063216	0.309693103781753
0.105595570283988	0.307490126932441
0.105995553504761	0.305324312266128
0.106395536725534	0.303203654117982
0.106795519946306	0.301134029755662
0.107195503167079	0.299119014719713
0.107595486387852	0.29715996697875
0.107995469608625	0.295256623219079
0.108395452829397	0.293407906466838
0.10879543605017	0.291612707861657
0.109195419270943	0.289870648044235
0.109595402491715	0.288182657218966
0.109995385712488	0.286550975632024
0.110395368933261	0.284978927870419
0.110795352154033	0.283470669634594
0.111195335374806	0.282030858362179
0.111595318595579	0.280664168349928
0.111995301816351	0.279375052702903
0.112395285037124	0.27816767733887
0.112795268257897	0.277045863750234
0.113195251478669	0.276013062853892
0.113595234699442	0.275072488909413
0.113995217920215	0.274227229356315
0.114395201140987	0.273480381477228
0.11479518436176	0.272835209592938
0.115195167582533	0.272295200727662
0.115595150803306	0.271863987945351
0.115995134024078	0.271545310453312
0.116395117244851	0.271342859235308
0.116795100465624	0.271260021094532
0.117195083686396	0.271299634852616
0.117595066907169	0.271463900922927
0.117995050127942	0.271754360189503
0.118395033348714	0.272171988448893
0.118795016569487	0.272717394739232
0.11919499979026	0.273391085154889
0.119594983011032	0.274193661746898
0.119994966231805	0.275125883353632
0.120394949452578	0.276188499640649
0.12079493267335	0.277381867079977
0.121194915894123	0.278705406158255
0.121594899114896	0.280157047948229
0.121994882335668	0.281732802500105
0.122394865556441	0.283426641333698
0.122794848777214	0.285230718291617
0.123194831997986	0.287135856700972
0.123594815218759	0.289132184054572
0.123994798439532	0.291209789673655
0.124394781660305	0.29335930306467
0.124794764881077	0.295572316084492
0.12519474810185	0.297841647965469
0.125594731322623	0.300161429362605
0.125994714543395	0.30252699589489
0.126394697764168	0.304934586513708
0.126794680984941	0.307380920738814
0.127194664205713	0.309862690506762
0.127594647426486	0.312376108811551
0.127994630647259	0.314916675312133
0.128394613868031	0.317479206552776
0.128794597088804	0.320058078309956
0.129194580309577	0.322647596866211
0.129594563530349	0.325242306567004
0.129994546751122	0.32783717989973
0.130394529971895	0.33042764191861
0.130794513192667	0.333009461613458
0.13119449641344	0.335578506216596
0.131594479634213	0.338130603599695
0.131994462854986	0.340661581822906
0.132394446075758	0.34316735567997
0.132794429296531	0.345643980673668
0.133194412517304	0.348087762717755
0.133594395738076	0.350495279180804
0.133994378958849	0.352863294775065
0.134394362179622	0.355188649548409
0.134794345400394	0.357468234030306
0.135194328621167	0.359699085559917
0.13559431184194	0.361878540248582
0.135994295062712	0.364004370858895
0.136394278283485	0.366074837671264
0.136794261504258	0.368088618708248
0.13719424472503	0.370044632261939
0.137594227945803	0.371941836566145
0.137994211166576	0.37377899889306
0.138394194387348	0.375554614925844
0.138794177608121	0.377267046847241
0.139194160828894	0.378914827943901
0.139594144049667	0.380496964975693
0.139994127270439	0.382013268271064
0.140394110491212	0.383464498013529
0.140794093711985	0.384852280386949
0.141194076932757	0.386178775619453
0.14159406015353	0.387446235109967
0.141994043374303	0.388656391905199
0.142394026595075	0.389809964153975
0.142794009815848	0.390906306691983
0.143193993036621	0.39194330306766
0.143593976257393	0.392917510407995
0.143993959478166	0.393824526833555
0.144393942698939	0.394659399844909
0.144793925919711	0.395417089883125
0.145193909140484	0.396092858143761
0.145593892361257	0.396682503974018
0.145993875582029	0.397182543025286
0.146393858802802	0.397590377027187
0.146793842023575	0.397904352013278
0.147193825244347	0.398123806313992
0.14759380846512	0.398249156759701
0.147993791685893	0.39828189494376
0.148393774906666	0.398224451102677
0.148793758127438	0.398079903941331
0.149193741348211	0.397851477137993
0.149593724568984	0.397541892338726
0.149993707789756	0.397152708044749
0.150393691010529	0.396683720543145
0.150793674231302	0.396132660017531
0.151193657452074	0.395495276042197
0.151593640672847	0.39476576435016
0.15199362389362	0.393937411154386
0.152393607114392	0.393003332755474
0.152793590335165	0.391957110656389
0.153193573555938	0.390793272350437
0.15359355677671	0.38950750822387
0.153993539997483	0.388096668555579
0.154393523218256	0.386558715228619
0.154793506439028	0.384892679021423
0.155193489659801	0.383098570632974
0.155593472880574	0.381177410237443
0.155993456101347	0.379131337876866
0.156393439322119	0.376963761888266
0.156793422542892	0.374679507342902
0.157193405763665	0.372284838992032
0.157593388984437	0.369787211306155
0.15799337220521	0.367194954170615
0.158393355425983	0.364516952123614
0.158793338646755	0.36176228901943
0.159193321867528	0.358939955456905
0.159593305088301	0.35605882057733
0.159993288309073	0.353127706732193
0.160393271529846	0.350155493538502
0.160793254750619	0.347151227202832
0.161193237971391	0.344124173063259
0.161593221192164	0.341083754247999
0.161993204412937	0.338039458837767
0.162393187633709	0.335000753414204
0.162793170854482	0.331976920683816
0.163193154075255	0.328976891103519
0.163593137296028	0.32600914130652
0.1639931205168	0.323081620915744
0.164393103737573	0.320201552827634
0.164793086958346	0.31737531985591
0.165193070179118	0.31460842414179
0.165593053399891	0.311905444500463
0.165993036620664	0.309270053873347
0.166393019841436	0.306705190111559
0.166793003062209	0.304213191864763
0.167192986282982	0.301796026926888
0.167592969503754	0.299455630370002
0.167992952724527	0.297194245671282
0.1683929359453	0.295014651730339
0.168792919166072	0.292920366008524
0.169192902386845	0.290915633055744
0.169592885607618	0.289005207156657
0.16999286882839	0.287194040744411
0.170392852049163	0.285486984377374
0.170792835269936	0.28388848831612
0.171192818490708	0.282402431334319
0.171592801711481	0.281032037900523
0.171992784932254	0.279779841802448
0.172392768153027	0.278647720721031
0.172792751373799	0.277637018304309
0.173192734594572	0.276748727387766
0.173592717815345	0.27598382367246
0.173992701036117	0.27534361183115
0.17439268425689	0.274830003163319
0.174792667477663	0.274445587568577
0.175192650698435	0.274193509343371
0.175592633919208	0.274077069973363
0.175992617139981	0.27409906135746
0.176392600360753	0.274260951597238
0.176792583581526	0.274562273713339
0.177192566802299	0.275000327243471
0.177592550023071	0.275570144369286
0.177992533243844	0.276264689849442
0.178392516464617	0.277075317721649
0.178792499685389	0.277992323464061
0.179192482906162	0.27900552013028
0.179592466126935	0.28010475666264
0.179992449347708	0.281280371945901
0.18039243256848	0.282523632542346
0.180792415789253	0.283827216700874
0.181192399010026	0.285185518778562
0.181592382230798	0.286594632969325
0.181992365451571	0.288052170983597
0.182392348672344	0.289556955901266
0.182792331893116	0.29110853128144
0.183192315113889	0.29270666179339
0.183592298334662	0.294351150651957
0.183992281555434	0.296041995839008
0.184392264776207	0.297779727041507
0.18479224799698	0.299565801005726
0.185192231217752	0.301402936890791
0.185592214438525	0.30329517803659
0.185992197659298	0.3052476616965
0.18639218088007	0.307266207587845
0.186792164100843	0.309356802734878
0.187192147321616	0.311525149471429
0.187592130542389	0.313776382850813
0.187992113763161	0.31611492076168
0.188392096983934	0.318544344698254
0.188792080204707	0.321067404531048
0.189192063425479	0.323686072286512
0.189592046646252	0.326401586858602
0.189992029867025	0.329214522946028
0.190392013087797	0.332124861137647
0.19079199630857	0.335131940670492
0.191191979529343	0.338234295423482
0.191591962750115	0.341429434190507
0.191991945970888	0.34471361809323
0.192391929191661	0.348081659770292
0.192791912412433	0.351526814672462
0.193191895633206	0.355040719712074
0.193591878853979	0.358613418102362
0.193991862074751	0.362233489638707
0.194391845295524	0.365888268066403
0.194791828516297	0.369564151006958
0.19519181173707	0.37324709534796
0.195591794957842	0.37692329964061
0.195991778178615	0.380579894491299
0.196391761399388	0.384205534065691
0.19679174462016	0.387790814016653
0.197191727840933	0.391328525809196
0.197591711061706	0.394813557366701
0.197991694282478	0.398242611385886
0.198391677503251	0.40161388573765
0.198791660724024	0.404926782023095
0.199191643944796	0.408181749304026
0.199591627165569	0.411380281821878
0.199991610386342	0.414524937214986
0.200391593607114	0.417619377475575
0.200791576827887	0.420668422966696
0.20119156004866	0.42367781077544
0.201591543269432	0.426653705144211
0.201991526490205	0.429602230885417
0.202391509710978	0.432528971596452
0.20279149293175	0.435438456405101
0.203191476152523	0.438333951038852
0.203591459373296	0.441217512991698
0.203991442594069	0.444090182269102
0.204391425814841	0.446952450570402
0.204791409035614	0.449804834661326
0.205191392256387	0.452648043669276
0.205591375477159	0.455482995790362
0.205991358697932	0.458310755362481
0.206391341918705	0.461132185898438
0.206791325139477	0.463947378026652
0.20719130836025	0.46675534161941
0.207591291581023	0.469553881053027
0.207991274801795	0.472339484918446
0.208391258022568	0.475107373855814
0.208791241243341	0.477851732705875
0.209191224464113	0.48056583568877
0.209591207684886	0.483242227393487
0.209991190905659	0.485873069808683
0.210391174126431	0.488450439990959
0.210791157347204	0.490966525462903
0.211191140567977	0.493413949255272
0.21159112378875	0.495785984521122
0.211991107009522	0.498076524188527
0.212391090230295	0.500280023620927
0.212791073451068	0.502391599532368
0.21319105667184	0.504407176087786
0.213591039892613	0.506323669049659
0.213991023113386	0.508139252123881
0.214391006334158	0.509853561507082
0.214790989554931	0.511467687614564
0.215190972775704	0.512983952457604
0.215590955996476	0.514405560584842
0.215990939217249	0.515736217854545
0.216390922438022	0.516979867781843
0.216790905658794	0.518140643936608
0.217190888879567	0.519223056672842
0.21759087210034	0.520232227726753
0.217990855321112	0.521174098842135
0.218390838541885	0.522055529863345
0.218790821762658	0.522884194307834
0.219190804983431	0.523668243238545
0.219590788204203	0.52441595742974
0.219990771424976	0.525135447232857
0.220390754645749	0.525834478643094
0.220790737866521	0.526520462706308
0.221190721087294	0.527200658489423
0.221590704308067	0.527882370695027
0.221990687528839	0.528573071684729
0.222390670749612	0.52928037425011
0.222790653970385	0.530011893115722
0.223190637191157	0.530774988880619
0.22359062041193	0.531576627069485
0.223990603632703	0.532423375231504
0.224390586853475	0.533321488790113
0.224790570074248	0.534276951922274
0.225190553295021	0.53529541929949
0.225590536515793	0.536381955838852
0.225990519736566	0.537540603072166
0.226390502957339	0.538773824522445
0.226790486178111	0.54008205905252
0.227190469398884	0.54146356953641
0.227590452619657	0.542914722309042
0.22799043584043	0.54443047723702
0.228390419061202	0.546004965021972
0.228790402281975	0.547631939992973
0.229190385502748	0.549304987524051
0.22959036872352	0.551017471570849
0.229990351944293	0.552762352792048
0.230390335165066	0.55453203160969
0.230790318385838	0.556318242117885
0.231190301606611	0.558112070365588
0.231590284827384	0.559904069218461
0.231990268048156	0.561684399873524
0.232390251268929	0.563442957615539
0.232790234489702	0.565169610156861
0.233190217710474	0.566854466456623
0.233590200931247	0.56848809503247
0.23399018415202	0.570061723658378
0.234390167372792	0.57156735306472
0.234790150593565	0.572997602845497
0.235190133814338	0.574345454498896
0.235590117035111	0.575603989384935
0.235990100255883	0.576766300407063
0.236390083476656	0.57782560731049
0.236790066697429	0.578775644439002
0.237190049918201	0.579611035358696
0.237590033138974	0.580327604659851
0.237990016359747	0.58092242631824
0.238389999580519	0.581393627730536
0.238789982801292	0.581740020995383
0.239189966022065	0.581960793784431
0.239589949242837	0.582055288564987
0.23998993246361	0.582023004138496
0.240389915684383	0.581863708560405
0.240789898905155	0.581577517786197
0.241189882125928	0.5811649210157
0.241589865346701	0.580626680648552
0.241989848567473	0.57996355482945
0.242389831788246	0.579176140897783
0.242789815009019	0.578265059587126
0.243189798229792	0.577231403965429
0.243589781450564	0.576077328048811
0.243989764671337	0.574806696304043
0.24438974789211	0.573425572275345
0.244789731112882	0.571942433209713
0.245189714333655	0.570367929406817
0.245589697554428	0.568714215737411
0.2459896807752	0.566994145224627
0.246389663995973	0.565220555131536
0.246789647216746	0.56340565496075
0.247189630437518	0.561560553340177
0.247589613658291	0.55969496257223
0.247989596879064	0.557817060465474
0.248389580099836	0.555933515096056
0.248789563320609	0.554049690694441
0.249189546541382	0.552169992976814
0.249589529762154	0.550298306941004
0.249989512982927	0.548438356056405
0.2503894962037	0.546593893404808
0.250789479424472	0.544768680643249
0.251189462645245	0.542966246371048
0.251589445866018	0.541189490506408
0.251989429086791	0.539440296065859
0.252389412307563	0.5377191924475
0.252789395528336	0.536025178561174
0.253189378749109	0.534355939176847
0.253589361969881	0.53270842894241
0.253989345190654	0.531079619581899
0.254389328411427	0.529467280686129
0.254789311632199	0.52787070774198
0.255189294852972	0.526291176792596
0.255589278073745	0.524732044668633
0.255989261294517	0.523198560596296
0.25638924451529	0.521697402922962
0.256789227736063	0.520236060162253
0.257189210956835	0.518822362952021
0.257589194177608	0.517464431795765
0.257989177398381	0.516170822916558
0.258389160619154	0.514950755927185
0.258789143839926	0.513814321489888
0.259189127060699	0.512772460524279
0.259589110281472	0.511836505765033
0.259989093502244	0.511017582608936
0.260389076723017	0.510325969260472
0.26078905994379	0.509770477334284
0.261189043164562	0.50935803426916
0.261589026385335	0.509093651269477
0.261989009606108	0.508980447556287
0.26238899282688	0.509019764154883
0.262788976047653	0.509211324094568
0.263188959268426	0.509553298077609
0.263588942489198	0.510042234369806
0.263988925709971	0.51067319874752
0.264388908930744	0.511440020428423
0.264788892151516	0.512335649885892
0.265188875372289	0.513352645884217
0.265588858593062	0.514483779549653
0.265988841813834	0.515722309023556
0.266388825034607	0.517062058599114
0.26678880825538	0.518497323255231
0.267188791476153	0.520022564497495
0.267588774696925	0.521631865806091
0.267988757917698	0.523318598201142
0.268388741138471	0.525075312884316
0.268788724359243	0.526893945917942
0.269188707580016	0.528766403908408
0.269588690800789	0.530685422604656
0.269988674021561	0.532645223330041
0.270388657242334	0.534641972623583
0.270788640463107	0.536673951962139
0.271188623683879	0.538741188935267
0.271588606904652	0.540844664471107
0.271988590125425	0.542985519244335
0.272388573346197	0.545164354657934
0.27278855656697	0.547380693262326
0.273188539787743	0.549632782483624
0.273588523008515	0.551917575474844
0.273988506229288	0.554230892112619
0.274388489450061	0.556567765043861
0.274788472670834	0.558922840235708
0.275188455891606	0.561290730876932
0.275588439112379	0.56366661362015
0.275988422333152	0.566046935511051
0.276388405553924	0.568429938702225
0.276788388774697	0.570815858792415
0.27718837199547	0.573206860013177
0.277588355216242	0.575606499412369
0.277988338437015	0.578018837025228
0.278388321657788	0.580447297294571
0.27878830487856	0.582893613086916
0.279188288099333	0.585357144879415
0.279588271320106	0.587834791094611
0.279988254540878	0.590321211313197
0.280388237761651	0.592809373971684
0.280788220982424	0.595291284945218
0.281188204203196	0.597758623155691
0.281588187423969	0.600203062351063
0.281988170644742	0.602616463649841
0.282388153865514	0.604990875047325
0.282788137086287	0.607318429115657
0.28318812030706	0.609591353286384
0.283588103527833	0.611802063722685
0.283988086748605	0.613943243701625
0.284388069969378	0.61600824453911
0.284788053190151	0.617991676969662
0.285188036410923	0.619889855982749
0.285588019631696	0.621701092844441
0.285988002852469	0.623425965665311
0.286387986073241	0.625067299029098
0.286787969294014	0.626629992267585
0.287187952514787	0.628120764664122
0.287587935735559	0.629547747948892
0.287987918956332	0.63092001472322
0.288387902177105	0.63224718476512
0.288787885397877	0.633538956231579
0.28918786861865	0.634804574356995
0.289587851839423	0.636052482993372
0.289987835060195	0.637290225402975
0.290387818280968	0.638524425286739
0.290787801501741	0.639760948715071
0.291187784722513	0.641005158255824
0.291587767943286	0.642262221982792
0.291987751164059	0.643537325525852
0.292387734384832	0.644835727889859
0.292787717605604	0.646162530119564
0.293187700826377	0.647522367938957
0.29358768404715	0.648919189749898
0.293987667267922	0.650356105508799
0.294387650488695	0.651835285986476
0.294787633709468	0.653358076934551
0.29518761693024	0.654925286800264
0.295587600151013	0.656537515620954
0.295987583371786	0.65819547638305
0.296387566592558	0.659900248964845
0.296787549813331	0.661653401432453
0.297187533034104	0.663456987023711
0.297587516254876	0.665313360618272
0.297987499475649	0.667224903235971
0.298387482696422	0.669193880693409
0.298787465917195	0.671222316727661
0.299187449137967	0.673311932987511
0.29958743235874	0.67546421843487
0.299987415579513	0.677680553785489
0.300387398800285	0.679962176477467
0.300787382021058	0.682310144275435
0.301187365241831	0.6847252410271
0.301587348462603	0.687207749779699
0.301987331683376	0.689757158798367
0.302387314904149	0.692372112988232
0.302787298124921	0.69505049404841
0.303187281345694	0.697789664348212
0.303587264566467	0.700586861462501
0.303987247787239	0.703439623779731
0.304387231008012	0.706345953679697
0.304787214228785	0.709304450984952
0.305187197449557	0.712314415007064
0.30558718067033	0.715375701306678
0.305987163891103	0.718488360374975
0.306387147111875	0.721652261101136
0.306787130332648	0.724866522865644
0.307187113553421	0.728128839170173
0.307587096774194	0.731435109494786
0.307987079994966	0.734779561537034
0.308387063215739	0.738155231656785
0.308787046436512	0.741554814943536
0.309187029657284	0.744971710834655
0.309587012878057	0.74840082802994
0.30998699609883	0.751838929987357
0.310386979319602	0.755284475685085
0.310786962540375	0.758736982550827
0.311186945761148	0.762196177372626
0.31158692898192	0.76566132381509
0.311986912202693	0.769130902958578
0.312386895423466	0.772602671945188
0.312786878644238	0.77607392560933
0.313186861865011	0.779541837702741
0.313586845085784	0.783003681586435
0.313986828306556	0.786456773283516
0.314386811527329	0.789898189494598
0.314786794748102	0.79332441541765
0.315186777968875	0.796731018843301
0.315586761189647	0.800112469298292
0.31598674441042	0.803462160538368
0.316386727631193	0.806772740025144
0.316786710851965	0.81003662148398
0.317186694072738	0.81324658375141
0.317586677293511	0.81639632028669
0.317986660514283	0.81948093035879
0.318386643735056	0.822497086230882
0.318786626955829	0.825443049544639
0.319186610176601	0.828318614277141
0.319586593397374	0.83112497468005
0.319986576618147	0.833864438128921
0.320386559838919	0.836540132784358
0.320786543059692	0.839155563431009
0.321186526280465	0.841713967764947
0.321586509501237	0.8442176008365
0.32198649272201	0.846667196991554
0.322386475942783	0.849061659704114
0.322786459163556	0.851398290929621
0.323186442384328	0.853673447271771
0.323586425605101	0.855883484541433
0.323986408825874	0.858025700834866
0.324386392046646	0.86009912550166
0.324786375267419	0.862104931909964
0.325186358488192	0.864046405696159
0.325586341708964	0.865928467564455
0.325986324929737	0.867756962214454
0.32638630815051	0.869538024128499
0.326786291371282	0.871277534242871
0.327186274592055	0.872980801470354
0.327586257812828	0.874652534638591
0.3279862410336	0.876297005788043
0.328386224254373	0.877918288516951
0.328786207475146	0.879520615686279
0.329186190695918	0.881108616967543
0.329586173916691	0.882687313393
0.329986157137464	0.884261915398425
0.330386140358236	0.885837464185811
0.330786123579009	0.887418331274032
0.331186106799782	0.88900789930427
0.331586090020555	0.890608453998998
0.331986073241327	0.892221288784631
0.3323860564621	0.893846887922312
0.332786039682873	0.895485009256224
0.333186022903645	0.897134478297816
0.333586006124418	0.898792819527831
0.333985989345191	0.900455822512699
0.334385972565963	0.902117226066229
0.334785955786736	0.903768702366927
0.335185939007509	0.905400143264468
0.335585922228281	0.907000192008721
0.335985905449054	0.908556837327356
0.336385888669827	0.91005788957047
0.336785871890599	0.911491124997663
0.337185855111372	0.912844285674539
0.337585838332145	0.91410516174693
0.337985821552918	0.915261974180879
0.33838580477369	0.916303828337503
0.338785787994463	0.917221095725762
0.339185771215236	0.918005590738937
0.339585754436008	0.91865049303571
0.339985737656781	0.919149855036934
0.340385720877554	0.919497930681498
0.340785704098326	0.919688723799307
0.341185687319099	0.919716086532412
0.341585670539872	0.919574302054952
0.341985653760644	0.919258915322203
0.342385636981417	0.918767508558535
0.34278562020219	0.918100290509605
0.343185603422962	0.917260302874732
0.343585586643735	0.916253233905557
0.343985569864508	0.915087044808038
0.34438555308528	0.91377179279803
0.344785536306053	0.912319562895584
0.345185519526826	0.910744393084217
0.345585502747598	0.909062097657847
0.345985485968371	0.907289991299308
0.346385469189144	0.905446511131829
0.346785452409917	0.903550777328806
0.347185435630689	0.901621987035598
0.347585418851462	0.899678822491832
0.347985402072235	0.897739097788098
0.348385385293007	0.895819607193511
0.34878536851378	0.893936056667776
0.349185351734553	0.892103276525826
0.349585334955325	0.890335601245585
0.349985318176098	0.8886473757722
0.350385301396871	0.887053450810194
0.350785284617643	0.885569594220034
0.351185267838416	0.884212608847454
0.351585251059189	0.88300011161218
0.351985234279961	0.881949884261004
0.352385217500734	0.881078985945596
0.352785200721507	0.880403123329578
0.353185183942279	0.879936437896785
0.353585167163052	0.879691526103815
0.353985150383825	0.879679798369533
0.354385133604598	0.879912042937161
0.35478511682537	0.880398846777117
0.355185100046143	0.881150815220274
0.355585083266916	0.882178648085768
0.355985066487688	0.88349288197228
0.356385049708461	0.885103499064381
0.356785032929234	0.88701961529383
0.357185016150006	0.889249138128362
0.357584999370779	0.891798392178885
0.357984982591552	0.894671979632494
0.358384965812324	0.897872703866208
0.358784949033097	0.901401452815257
0.35918493225387	0.905257164908151
0.359584915474642	0.909437006898997
0.359984898695415	0.913936496349722
0.360384881916188	0.918749686481955
0.36078486513696	0.92386949558885
0.361184848357733	0.929287976660901
0.361584831578506	0.934996539863118
0.361984814799278	0.940986368532173
0.362384798020051	0.947248812336841
0.362784781240824	0.953775484975992
0.363184764461597	0.960558247326196
0.363584747682369	0.967589110701729
0.363984730903142	0.974859823884233
0.364384714123915	0.982361482899049
0.364784697344687	0.990084484002628
0.36518468056546	0.998018546798458
0.365584663786233	1.00615285977276
0.365984647007005	1.01447645059922
0.366384630227778	1.02297840316516
0.366784613448551	1.03164778541379
0.367184596669323	1.04047349134153
0.367584579890096	1.04944391994586
0.367984563110869	1.05854649722456
0.368384546331641	1.06776739821554
0.368784529552414	1.07709126260713
0.369184512773187	1.08650094819925
0.369584495993959	1.09597752325563
0.369984479214732	1.1055003383627
0.370384462435505	1.11504697788072
0.370784445656278	1.12459342323775
0.37118442887705	1.13411435637159
0.371584412097823	1.14358357099589
0.371984395318596	1.15297462508704
0.372384378539368	1.16226162084558
0.372784361760141	1.17141975522613
0.373184344980914	1.18042584464638
0.373584328201686	1.18925864704735
0.373984311422459	1.19789879430805
0.374384294643232	1.20632848376557
0.374784277864004	1.21453136344758
0.375184261084777	1.22249246421787
0.37558424430555	1.23019826841376
0.375984227526322	1.23763695912986
0.376384210747095	1.24479868184775
0.376784193967868	1.25167555221226
0.37718417718864	1.25826153395123
0.377584160409413	1.2645520918002
0.377984143630186	1.27054373642091
0.378384126850959	1.27623382367094
0.378784110071731	1.28162073059053
0.379184093292504	1.2867041096908
0.379584076513277	1.29148522485537
0.379984059734049	1.29596726909261
0.380384042954822	1.30015528910833
0.380784026175595	1.30405568963352
0.381184009396367	1.30767568938993
0.38158399261714	1.31102276306633
0.381983975837913	1.31410431429795
0.382383959058685	1.31692777727791
0.382783942279458	1.31950097777868
0.383183925500231	1.32183255677477
0.383583908721003	1.32393247992398
0.383983891941776	1.32581232626304
0.384383875162549	1.32748519518253
0.384783858383321	1.32896556879353
0.385183841604094	1.33026927646534
0.385583824824867	1.33141328818456
0.385983808045639	1.33241550073291
0.386383791266412	1.33329466146071
0.386783774487185	1.33407018791475
0.387183757707958	1.33476163386722
0.38758374092873	1.33538794134369
0.387983724149503	1.33596648998767
0.388383707370276	1.33651211874154
0.388783690591048	1.3370363941518
0.389183673811821	1.33754733383577
0.389583657032594	1.33804952332514
0.389983640253366	1.33854464756269
0.390383623474139	1.33903234086467
0.390783606694912	1.33951098348759
0.391183589915684	1.33997822244413
0.391583573136457	1.34043121971238
0.39198355635723	1.34086677845868
0.392383539578002	1.34128124807221
0.392783522798775	1.34167043782849
0.393183506019548	1.34202975721488
0.39358348924032	1.34235470509938
0.393983472461093	1.34264132752725
0.394383455681866	1.34288670630942
0.394783438902639	1.3430893464474
0.395183422123411	1.34324928489712
0.395583405344184	1.34336789306453
0.395983388564957	1.34344761789499
0.396383371785729	1.34349153359784
0.396783355006502	1.34350275079876
0.397183338227275	1.34348381406649
0.397583321448047	1.34343631092841
0.39798330466882	1.34336056756326
0.398383287889593	1.34325571305883
0.398783271110365	1.34312015389147
0.399183254331138	1.34295222749986
0.399583237551911	1.34275089361958
0.399983220772683	1.34251648149001
0.400383203993456	1.34225116205491
0.400783187214229	1.34195891280944
0.401183170435001	1.34164509498485
0.401583153655774	1.34131564562781
0.401983136876547	1.34097587780619
0.40238312009732	1.34062933690867
0.402783103318092	1.34027701051506
0.403183086538865	1.33991696430331
0.403583069759638	1.33954443818531
0.40398305298041	1.33915244815159
0.404383036201183	1.33873254455732
0.404783019421956	1.33827557795303
0.405183002642728	1.3377723806604
0.405582985863501	1.33721412271667
0.405982969084274	1.3365923680839
0.406382952305046	1.3358991904005
0.406782935525819	1.33512726481982
0.407182918746592	1.33427008117509
0.407582901967364	1.33332234949653
0.407982885188137	1.3322805592865
0.40838286840891	1.33114337390966
0.408782851629682	1.32991194876701
0.409182834850455	1.32858995845556
0.409582818071228	1.32718326628127
0.409982801292	1.32569939411707
0.410382784512773	1.32414680990841
0.410782767733546	1.32253396250351
0.411182750954319	1.32086832810973
0.411582734175091	1.31915579851028
0.411982717395864	1.31740037489894
0.412382700616637	1.31560424112752
0.412782683837409	1.31376839152254
0.413182667058182	1.31189376064984
0.413582650278955	1.30998244968612
0.413982633499727	1.30803886104836
0.4143826167205	1.30607052946412
0.414782599941273	1.30408861663847
0.415182583162045	1.30210793834331
0.415582566382818	1.30014667362135
0.415982549603591	1.29822564252155
0.416382532824363	1.29636727935973
0.416782516045136	1.29459445333273
0.417182499265909	1.29292935069993
0.417582482486682	1.29139244200414
0.417982465707454	1.29000183996319
0.418382448928227	1.28877313377949
0.418782432149	1.28771964903535
0.419182415369772	1.28685292408907
0.419582398590545	1.28618329822673
0.419982381811318	1.28572036940939
0.42038236503209	1.28547318508633
0.420782348252863	1.2854500273992
0.421182331473636	1.28565794162564
0.421582314694408	1.28610239155421
0.421982297915181	1.2867871604179
0.422382281135954	1.28771443501909
0.422782264356726	1.28888497348332
0.423182247577499	1.29029820243537
0.423582230798272	1.29195202641559
0.423982214019044	1.29384246079136
0.424382197239817	1.29596318513622
0.42478218046059	1.29830510723892
0.425182163681362	1.30085620724131
0.425582146902135	1.30360177366585
0.425982130122908	1.30652498186066
0.426382113343681	1.3096077702268
0.426782096564453	1.31283179900119
0.427182079785226	1.31617934032572
0.427582063005999	1.31963398705237
0.427982046226771	1.3231809504143
0.428382029447544	1.32680704765511
0.428782012668317	1.33050053222367
0.429181995889089	1.33425068537589
0.429581979109862	1.33804723136819
0.429981962330635	1.34187983094012
0.430381945551407	1.34573750850127
0.43078192877218	1.34960806913777
0.431181911992953	1.35347775219786
0.431581895213725	1.35733114545697
0.431981878434498	1.36115121402091
0.432381861655271	1.36491979243196
0.432781844876043	1.36861845242867
0.433181828096816	1.37222967055468
0.433581811317589	1.37573813197782
0.433981794538361	1.37913190296171
0.434381777759134	1.38240289736939
0.434781760979907	1.38554683500111
0.43518174420068	1.38856254247933
0.435581727421452	1.39145059311489
0.435981710642225	1.39421180869766
0.436381693862998	1.39684616986944
0.43678167708377	1.39935199466263
0.437181660304543	1.40172549678321
0.437581643525316	1.40396071461817
0.437981626746088	1.40604983026634
0.438381609966861	1.40798367111807
0.438781593187634	1.40975248394376
0.439181576408406	1.41134673159084
0.439581559629179	1.41275802600912
0.439981542849952	1.41398003204406
0.440381526070724	1.41500910587898
0.440781509291497	1.41584433527821
0.44118149251227	1.41648705223892
0.441581475733043	1.41694002603493
0.441981458953815	1.41720662270754
0.442381442174588	1.4172900452841
0.442781425395361	1.41719282942627
0.443181408616133	1.41691681736144
0.443581391836906	1.41646349305565
0.443981375057679	1.41583432139628
0.444381358278451	1.41503119043558
0.444781341499224	1.41405690502194
0.445181324719997	1.41291558430925
0.445581307940769	1.41161295829932
0.445981291161542	1.41015664269159
0.446381274382315	1.40855635669987
0.446781257603087	1.4068240306609
0.44718124082386	1.40497376138293
0.447581224044633	1.40302157302035
0.447981207265405	1.40098514225642
0.448381190486178	1.39888359691656
0.448781173706951	1.39673727354478
0.449181156927723	1.39456757461884
0.449581140148496	1.39239701048266
0.449981123369269	1.39024927396938
0.450381106590042	1.38814930261574
0.450781089810814	1.38612338424163
0.451181073031587	1.38419914394313
0.45158105625236	1.38240540225953
0.451981039473132	1.3807718306919
0.452381022693905	1.37932824518072
0.452781005914678	1.37810370137197
0.45318098913545	1.37712571498734
0.453580972356223	1.37641951198898
0.453980955576996	1.37600735710009
0.454380938797768	1.37590810266601
0.454780922018541	1.37613701235909
0.455180905239314	1.37670561343822
0.455580888460086	1.3776215840634
0.455980871680859	1.37888869248911
0.456380854901632	1.3805068228241
0.456780838122404	1.38247215676158
0.457180821343177	1.38477757172896
0.45758080456395	1.38741321635961
0.457980787784723	1.3903671085848
0.458380771005495	1.39362563932291
0.458780754226268	1.39717398094842
0.459180737447041	1.40099609374184
0.459580720667813	1.40507433699746
0.459980703888586	1.40938900563387
0.460380687109359	1.41391784117919
0.460780670330131	1.41863552770596
0.461180653550904	1.4235135758192
0.461580636771677	1.42852059105938
0.461980619992449	1.43362275708343
0.462380603213222	1.43878460816469
0.462780586433995	1.44397002944356
0.463180569654767	1.44914317279107
0.46358055287554	1.45426934195896
0.463980536096313	1.45931573452653
0.464380519317085	1.46425187367034
0.464780502537858	1.46904985911174
0.465180485758631	1.47368464240282
0.465580468979403	1.47813405413188
0.465980452200176	1.48237864739533
0.466380435420949	1.48640132518257
0.466780418641722	1.4901867629686
0.467180401862494	1.49372086768177
0.467580385083267	1.4969904300205
0.46798036830404	1.49998287786475
0.468380351524812	1.50268639743068
0.468780334745585	1.50509052687141
0.469180317966358	1.50718685638266
0.46958030118713	1.50896962891734
0.469980284407903	1.51043619150546
0.470380267628676	1.5115872173753
0.470780250849448	1.51242655495141
0.471180234070221	1.51296087830568
0.471580217290994	1.51319913739291
0.471980200511766	1.5131519292945
0.472380183732539	1.51283086890975
0.472780166953312	1.5122479662459
0.473180150174084	1.51141490685604
0.473580133394857	1.51034247050696
0.47398011661563	1.50904020923263
0.474380099836403	1.50751634554027
0.474780083057175	1.5057778198664
0.475180066277948	1.50383055886613
0.475580049498721	1.50167977742163
0.475980032719493	1.49933019787412
0.476380015940266	1.49678625495775
0.476779999161039	1.49405210278181
0.477179982381811	1.4911314765553
0.477579965602584	1.48802769054541
0.477979948823357	1.48474384960622
0.478379932044129	1.48128314176403
0.478779915264902	1.4776494300106
0.479179898485675	1.47384791344052
0.479579881706447	1.46988561431655
0.47997986492722	1.46577176888205
0.480379848147993	1.46151822035262
0.480779831368765	1.4571395593027
0.481179814589538	1.45265324767244
0.481579797810311	1.44807988086279
0.481979781031083	1.44344323818912
0.482379764251856	1.43876977555761
0.482779747472629	1.43408780806518
0.483179730693402	1.42942635993547
0.483579713914174	1.42481381593782
0.483979697134947	1.42027666146213
0.48437968035572	1.41583873215488
0.484779663576492	1.41152099593694
0.485179646797265	1.40734165811991
0.485579630018038	1.40331647896338
0.48597961323881	1.39945914830312
0.486379596459583	1.39578147856604
0.486779579680356	1.39229330312866
0.487179562901128	1.389002248298
0.487579546121901	1.3859134841883
0.487979529342674	1.38302954642841
0.488379512563446	1.38035031085424
0.488779495784219	1.37787313059566
0.489179479004992	1.3755930185146
0.489579462225764	1.37350293438134
0.489979445446537	1.37159426619968
0.49037942866731	1.3698573337258
0.490779411888082	1.36828178713139
0.491179395108855	1.36685699363879
0.491579378329628	1.36557237087504
0.491979361550401	1.36441747742646
0.492379344771173	1.36338184118784
0.492779327991946	1.36245477280657
0.493179311212719	1.36162511069139
0.493579294433491	1.36088088986487
0.493979277654264	1.3602092495531
0.494379260875037	1.35959646573302
0.494779244095809	1.3590280959418
0.495179227316582	1.35848925675883
0.495579210537355	1.35796492244966
0.495979193758127	1.35744007256233
0.4963791769789	1.35689987895972
0.496779160199673	1.35632989375505
0.497179143420445	1.35571614792466
0.497579126641218	1.35504541137454
0.497979109861991	1.35430565314178
0.498379093082764	1.35348655187076
0.498779076303536	1.35257993536001
0.499179059524309	1.35158019960483
0.499579042745082	1.35048433452717
0.499979025965854	1.34929159616412
0.500379009186627	1.34800294152262
0.5007789924074	1.34662029106064
0.501178975628172	1.34514563235493
0.501578958848945	1.34358047854072
0.501978942069718	1.34192554288306
0.50237892529049	1.34018071130713
0.502778908511263	1.3383452886134
0.503178891732036	1.33641865977235
0.503578874952808	1.3344009663159
0.503978858173581	1.33229391291979
0.504378841394354	1.3301015608685
0.504778824615126	1.32783093989499
0.505178807835899	1.32549239356294
0.505578791056672	1.32309956190796
0.505978774277444	1.32066869094204
0.506378757498217	1.31821750042861
0.50677874071899	1.31576403061052
0.507178723939762	1.31332550056372
0.507578707160535	1.31091737950334
0.507978690381308	1.30855302136593
0.508378673602081	1.30624376338553
0.508778656822853	1.30399912896163
0.509178640043626	1.3018271198824
0.509578623264399	1.29973431720292
0.509978606485171	1.29772590876292
0.510378589705944	1.29580577155442
0.510778572926717	1.29397659053284
0.511178556147489	1.29223994084254
0.511578539368262	1.29059643774786
0.511978522589035	1.28904577614645
0.512378505809807	1.28758650695776
0.51277848903058	1.28621578101149
0.513178472251353	1.28492923628978
0.513578455472125	1.28372119830709
0.513978438692898	1.28258533890911
0.514378421913671	1.28151548753669
0.514778405134444	1.28050622699111
0.515178388355216	1.27955325835138
0.515578371575989	1.27865324899623
0.515978354796762	1.27780307859789
0.516378338017534	1.27699897203346
0.516778321238307	1.27623605826508
0.51717830445908	1.27550848749284
0.517578287679852	1.27481014238691
0.517978270900625	1.27413557588693
0.518378254121398	1.27348078909594
0.51877823734217	1.27284361244652
0.519178220562943	1.2722235394372
0.519578203783716	1.27162114130044
0.519978187004488	1.27103732991559
0.520378170225261	1.27047283151184
0.520778153446034	1.26992794362483
0.521178136666806	1.2694025959782
0.521578119887579	1.26889648863128
0.521978103108352	1.26840912345311
0.522378086329125	1.26793976306166
0.522778069549897	1.26748730440062
0.52317805277067	1.26704990362674
0.523578035991443	1.26662475872303
0.523978019212215	1.26620814293009
0.524378002432988	1.26579547670507
0.524777985653761	1.26538140179338
0.525177968874533	1.26495987772239
0.525577952095306	1.26452405230983
0.525977935316079	1.26406577331457
0.526377918536851	1.26357492124322
0.526777901757624	1.26303875903002
0.527177884978397	1.26244142805169
0.527577868199169	1.26176390077562
0.527977851419942	1.26098438006147
0.528377834640715	1.26007896241726
0.528777817861487	1.25902252707155
0.52917780108226	1.25778977003105
0.529577784303033	1.25635599146516
0.529977767523806	1.25469772590956
0.530377750744578	1.25279343484241
0.530777733965351	1.25062417254433
0.531177717186124	1.24817424122899
0.531577700406896	1.24543178009117
0.531977683627669	1.24238895659791
0.532377666848442	1.23904162990137
0.532777650069214	1.23538853050866
0.533177633289987	1.23143015392045
0.53357761651076	1.2271676410248
0.533977599731532	1.22260219958113
0.534377582952305	1.21773517378179
0.534777566173078	1.21256872026978
0.53517754939385	1.20710691792202
0.535577532614623	1.20135688371918
0.535977515835396	1.19532955165672
0.536377499056168	1.18903980913492
0.536777482276941	1.18250587032444
0.537177465497714	1.175748046953
0.537577448718487	1.16878742677552
0.537977431939259	1.16164463681426
0.538377415160032	1.15433899580621
0.538777398380805	1.14688829311151
0.539177381601577	1.13930903433082
0.53957736482235	1.13161695450246
0.539977348043123	1.12382776449462
0.540377331263895	1.11595759813052
0.540777314484668	1.10802297940055
0.541177297705441	1.10004038619994
0.541577280926213	1.09202552542068
0.541977264146986	1.08399240576621
0.542377247367759	1.07595258280345
0.542777230588531	1.067914713766
0.543177213809304	1.05988443901715
0.543577197030077	1.05186459569406
0.543977180250849	1.04385560092628
0.544377163471622	1.03585596275229
0.544777146692395	1.02786281031717
0.545177129913167	1.0198722870025
0.54557711313394	1.01187985118853
0.545977096354713	1.00388063829909
0.546377079575486	0.995869881033994
0.546777062796258	0.987843448667453
0.547177046017031	0.979798541784545
0.547577029237803	0.971734237438801
0.547977012458576	0.96365181748625
0.548376995679349	0.955555066279241
0.548776978900122	0.947450210813678
0.549176962120894	0.939345340439293
0.549576945341667	0.931249674554055
0.54997692856244	0.923172781402137
0.550376911783212	0.915123812260884
0.550776895003985	0.907111076639724
0.551176878224758	0.899142081985718
0.55157686144553	0.891223676800808
0.551976844666303	0.883362378970823
0.552376827887076	0.875564764534347
0.552776811107848	0.867837734540193
0.553176794328621	0.860188555955972
0.553576777549394	0.85262493638311
0.553976760770166	0.84515514717872
0.554376743990939	0.837788183782608
0.554776727211712	0.830533901558572
0.555176710432485	0.823403090240775
0.555576693653257	0.816407348849828
0.55597667687403	0.809558729788939
0.556376660094803	0.802869151328804
0.556776643315575	0.796349734012845
0.557176626536348	0.790010183699337
0.557576609757121	0.783858480467316
0.557976592977893	0.777900751354982
0.558376576198666	0.772141327679046
0.558776559419439	0.766582951079546
0.559176542640211	0.761227154493497
0.559576525860984	0.756074654466459
0.559976509081757	0.751125718296887
0.560376492302529	0.746380596968558
0.560776475523302	0.741839895612427
0.561176458744075	0.737504804806447
0.561576441964847	0.733377110255577
0.56197642518562	0.729458756106728
0.562376408406393	0.725751106276293
0.562776391627166	0.722254161939608
0.563176374847938	0.718965780682081
0.563576358068711	0.715880987051195
0.563976341289484	0.712991860026318
0.564376324510256	0.710287918296856
0.564776307731029	0.707756818172347
0.565176290951802	0.705385276504657
0.565576274172574	0.703160097354567
0.565976257393347	0.701068919634201
0.56637624061412	0.699100741010893
0.566776223834892	0.697246280269648
0.567176207055665	0.695498246208705
0.567576190276438	0.693851583444313
0.56797617349721	0.692303791257023
0.568376156717983	0.690854995933887
0.568776139938756	0.689507732027763
0.569176123159528	0.688266444247487
0.569576106380301	0.687136659821297
0.569976089601074	0.686123918025157
0.570376072821847	0.68523287255281
0.570776056042619	0.684466731073159
0.571176039263392	0.683827052843593
0.571576022484165	0.683314009797151
0.571976005704937	0.682926904458422
0.57237598892571	0.682664634273821
0.572775972146483	0.68252590653069
0.573175955367255	0.682509270057033
0.573575938588028	0.682612822324471
0.573975921808801	0.682833820238799
0.574375905029573	0.683168276243793
0.574775888250346	0.683610656862678
0.575175871471119	0.684153687437053
0.575575854691891	0.684788483873747
0.575975837912664	0.685504945914047
0.576375821133437	0.686292428646286
0.576775804354209	0.687140577562491
0.577175787574982	0.688040138607432
0.577575770795755	0.688983447729597
0.577975754016528	0.689964697941497
0.5783757372373	0.690979814596717
0.578775720458073	0.692026014420884
0.579175703678846	0.693101183005727
0.579575686899618	0.694203366374952
0.579975670120391	0.69533036222515
0.580375653341164	0.696479440129096
0.580775636561936	0.697647235541221
0.581175619782709	0.698829820112145
0.581575603003482	0.700022828982045
0.581975586224254	0.701221615643507
0.582375569445027	0.702421387558435
0.5827755526658	0.703617342025244
0.583175535886572	0.704804811751751
0.583575519107345	0.705979430471808
0.583975502328118	0.707137147335792
0.584375485548891	0.708274231205235
0.584775468769663	0.709387379929381
0.585175451990436	0.710473743542495
0.585575435211208	0.711530720546391
0.585975418431981	0.712555748572056
0.586375401652754	0.713546158053398
0.586775384873527	0.714499131705863
0.587175368094299	0.715411930922096
0.587575351315072	0.716282349137721
0.587975334535845	0.717109278242539
0.588375317756617	0.717893338901134
0.58877530097739	0.718637259689782
0.589175284198163	0.719345803047251
0.589575267418935	0.720025366561754
0.589975250639708	0.72068340300844
0.590375233860481	0.721327662024196
0.590775217081253	0.721965488174058
0.591175200302026	0.722603378730695
0.591575183522799	0.723246815388029
0.591975166743571	0.723900320849545
0.592375149964344	0.72456767139005
0.592775133185117	0.725252115853324
0.593175116405889	0.72595658628359
0.593575099626662	0.726683929922226
0.593975082847435	0.72743704003512
0.594375066068207	0.728218849958419
0.59477504928898	0.729032185225964
0.595175032509753	0.729879599766947
0.595575015730526	0.730763202368188
0.595974998951298	0.731684522205469
0.596374982172071	0.732644311865746
0.596774965392844	0.733642338406786
0.597174948613616	0.734677193001631
0.597574931834389	0.73574607029676
0.597974915055162	0.736844505795488
0.598374898275934	0.737966277554189
0.598774881496707	0.739103479878267
0.59917486471748	0.740246738729745
0.599574847938252	0.741385609046102
0.599974831159025	0.742509156141639
0.600374814379798	0.743606473449576
0.60077479760057	0.74466710520419
0.601174780821343	0.745681247433688
0.601574764042116	0.746639694392431
0.601974747262888	0.747533757512257
0.602374730483661	0.748355312020846
0.602774713704434	0.749096928400181
0.603174696925207	0.749752111606929
0.603574680145979	0.75031571852527
0.603974663366752	0.750784233592765
0.604374646587525	0.75115583260063
0.604774629808297	0.751430223395582
0.60517461302907	0.75160840232693
0.605574596249843	0.751692419485595
0.605974579470615	0.751685160600605
0.606374562691388	0.751590229907382
0.606774545912161	0.751411945445786
0.607174529132933	0.751155265441375
0.607574512353706	0.750825552602548
0.607974495574479	0.750428218173214
0.608374478795251	0.749968278462484
0.608774462016024	0.749449897755576
0.609174445236797	0.748876307220188
0.609574428457569	0.748249944138765
0.609974411678342	0.747572698576152
0.610374394899115	0.746846351623448
0.610774378119888	0.746072988581046
0.61117436134066	0.745255057009999
0.611574344561433	0.744395317437007
0.611974327782206	0.743496833188132
0.612374311002978	0.742562906232749
0.612774294223751	0.741597115148409
0.613174277444524	0.740603509555049
0.613574260665296	0.739586695994314
0.613974243886069	0.738551805487867
0.614374227106842	0.73750429568046
0.614774210327614	0.736449630076957
0.615174193548387	0.735392862396969
0.61557417676916	0.734338272048209
0.615974159989932	0.733289105716043
0.616374143210705	0.732247527482355
0.616774126431478	0.731214655410841
0.617174109652251	0.730190536103529
0.617574092873023	0.729174089708251
0.617974076093796	0.728163067092256
0.618374059314569	0.727153909449254
0.618774042535341	0.726141751901535
0.619174025756114	0.725120679358235
0.619574008976887	0.724084155360406
0.619973992197659	0.723025622126962
0.620373975418432	0.721939319267623
0.620773958639205	0.72082105729721
0.621173941859977	0.719668727616745
0.62157392508075	0.718482544310755
0.621973908301523	0.717265046289085
0.622373891522295	0.716020735360065
0.622773874743068	0.714755595275658
0.623173857963841	0.713476696840989
0.623573841184613	0.712191823498729
0.623973824405386	0.710909053816498
0.624373807626159	0.709636421269954
0.624773790846932	0.70838156144749
0.625173774067704	0.707151289846004
0.625573757288477	0.705951284508498
0.62597374050925	0.704785935235743
0.626373723730022	0.70365841585128
0.626773706950795	0.702570976209457
0.627173690171568	0.701525227015018
0.62757367339234	0.700522266862974
0.627973656613113	0.699562675068639
0.628373639833886	0.698646317744049
0.628773623054658	0.697771988481194
0.629173606275431	0.696937106376997
0.629573589496204	0.69613759245096
0.629973572716976	0.695367908956018
0.630373555937749	0.69462135873128
0.630773539158522	0.693890418147743
0.631173522379294	0.693167126013424
0.631573505600067	0.69244348829864
0.63197348882084	0.691711788070566
0.632373472041612	0.690964660640056
0.632773455262385	0.690195111301418
0.633173438483158	0.689396362502102
0.63357342170393	0.688561562607449
0.633973404924703	0.687683544891422
0.634373388145476	0.686754720118719
0.634773371366249	0.68576701235893
0.635173354587021	0.684712132849779
0.635573337807794	0.683582030309598
0.635973321028567	0.682369392257838
0.636373304249339	0.681068202836608
0.636773287470112	0.679674272077817
0.637173270690885	0.67818550152573
0.637573253911657	0.676601986729641
0.63797323713243	0.674925934530062
0.638373220353203	0.673161322278606
0.638773203573975	0.671313486176425
0.639173186794748	0.669388756359981
0.639573170015521	0.66739415715747
0.639973153236293	0.665337189845538
0.640373136457066	0.663225709082313
0.640773119677839	0.6610677335705
0.641173102898611	0.658871162302753
0.641573086119384	0.656643417309192
0.641973069340157	0.654391088263567
0.642373052560929	0.652119696136555
0.642773035781702	0.649833738846958
0.643173019002475	0.647536955240032
0.643573002223248	0.645232823725846
0.64397298544402	0.642925138937765
0.644372968664793	0.640618353183303
0.644772951885566	0.638317611122084
0.645172935106338	0.636028556875901
0.645572918327111	0.633756988512529
0.645972901547884	0.631508538066013
0.646372884768656	0.629288554771381
0.646772867989429	0.627102070570925
0.647172851210202	0.624953870394089
0.647572834430974	0.622848636576739
0.647972817651747	0.620790987832763
0.64837280087252	0.618785346180342
0.648772784093292	0.616835935069732
0.649172767314065	0.61494677451023
0.649572750534838	0.61312168160619
0.64997273375561	0.611364303564807
0.650372716976383	0.609678158004528
0.650772700197156	0.608066501728525
0.651172683417929	0.606532277213389
0.651572666638701	0.605078065312913
0.651972649859474	0.603706016429578
0.652372633080247	0.602417878010218
0.652772616301019	0.60121523130636
0.653172599521792	0.600099599002933
0.653572582742565	0.599072486573132
0.653972565963337	0.59813535928645
0.65437254918411	0.59728954668696
0.654772532404883	0.596536138512832
0.655172515625655	0.595876065312919
0.655572498846428	0.595310274797548
0.655972482067201	0.594839926733334
0.656372465287973	0.594466582324853
0.656772448508746	0.594192373539179
0.657172431729519	0.594019940550633
0.657572414950292	0.593952216418055
0.657972398171064	0.593992265921825
0.658372381391837	0.594143150123908
0.65877236461261	0.594407712611072
0.659172347833382	0.59478850688924
0.659572331054155	0.595287878294019
0.659972314274928	0.59590797976225
0.6603722974957	0.596650716369636
0.660772280716473	0.597517647924225
0.661172263937246	0.598509692044109
0.661572247158018	0.599626651786063
0.661972230378791	0.600866807462191
0.662372213599564	0.602226674645485
0.662772196820336	0.603700975177229
0.663172180041109	0.605282895977685
0.663572163261882	0.606964460678194
0.663972146482654	0.608736844987294
0.664372129703427	0.610590639559755
0.6647721129242	0.612515983533252
0.665172096144973	0.614502463853693
0.665572079365745	0.616538938425929
0.665972062586518	0.618613505740329
0.666372045807291	0.620713633579528
0.666772029028063	0.62282642566288
0.667172012248836	0.624939082050044
0.667571995469609	0.627039340932428
0.667971978690381	0.629115729866585
0.668371961911154	0.631157655699211
0.668771945131927	0.633155277072717
0.669171928352699	0.635099163419469
0.669571911573472	0.636979994784245
0.669971894794245	0.638788335973284
0.670371878015017	0.640514389534972
0.67077186123579	0.642147786036341
0.671171844456563	0.643677556522482
0.671571827677335	0.645092168129107
0.671971810898108	0.646379645796205
0.672371794118881	0.647527817548999
0.672771777339654	0.648524743662299
0.673171760560426	0.649359397695831
0.673571743781199	0.650022419333579
0.673971727001971	0.650506684726761
0.674371710222744	0.65080765768161
0.674771693443517	0.650923464681803
0.67517167666429	0.650854583765704
0.675571659885062	0.650603354436399
0.675971643105835	0.650173621710811
0.676371626326608	0.649570528888363
0.67677160954738	0.648800428787149
0.677171592768153	0.647870874630738
0.677571575988926	0.646790470097461
0.677971559209698	0.645568486218649
0.678371542430471	0.644214400681258
0.678771525651244	0.642737436204218
0.679171508872016	0.641146115720762
0.679571492092789	0.639448140532839
0.679971475313562	0.637650771373136
0.680371458534334	0.635761340133876
0.680771441755107	0.633787570353707
0.68117142497588	0.631737712151453
0.681571408196653	0.629620468426742
0.681971391417425	0.627444637861987
0.682371374638198	0.625218742177916
0.682771357858971	0.622950799549419
0.683171341079743	0.620648239125943
0.683571324300516	0.61831796255056
0.683971307521289	0.615966490410261
0.684371290742061	0.613599841037732
0.684771273962834	0.611223231692956
0.685171257183607	0.608840718174171
0.685571240404379	0.60645481709876
0.685971223625152	0.604066105202743
0.686371206845925	0.601673077336274
0.686771190066697	0.599272306037161
0.68717117328747	0.596858774800854
0.687571156508243	0.594426348654684
0.687971139729015	0.591968419744163
0.688371122949788	0.589478453544466
0.688771106170561	0.586950441826123
0.689171089391333	0.584379324437528
0.689571072612106	0.581761196021528
0.689971055832879	0.579093167757424
0.690371039053651	0.576373255261265
0.690771022274424	0.573600436554685
0.691171005495197	0.570774648433476
0.69157098871597	0.567896826975218
0.691970971936742	0.564969026187836
0.692370955157515	0.561994323729419
0.692770938378288	0.558976337096638
0.69317092159906	0.555918668751343
0.693570904819833	0.552824336293664
0.693970888040606	0.549695262799694
0.694370871261378	0.546532095829129
0.694770854482151	0.543334475737364
0.695170837702924	0.540101482138962
0.695570820923696	0.53683217862921
0.695970804144469	0.533526090011377
0.696370787365242	0.530183381106808
0.696770770586014	0.526804666843338
0.697170753806787	0.523390797546785
0.69757073702756	0.519942671088111
0.697970720248333	0.51646105071961
0.698370703469105	0.512946550277773
0.698770686689878	0.509399889010592
0.699170669910651	0.505822189535546
0.699570653131423	0.502215203599016
0.699970636352196	0.498581492657511
0.700370619572969	0.49492459029843
0.700770602793741	0.491249100247788
0.701170586014514	0.487560774398713
0.701570569235287	0.483866567026433
0.701970552456059	0.480174666166834
0.702370535676832	0.476494420504786
0.702770518897605	0.472836229719577
0.703170502118377	0.469211344437839
0.70357048533915	0.465631528621333
0.703970468559923	0.462108597965399
0.704370451780695	0.458653960552502
0.704770435001468	0.455278091693467
0.705170418222241	0.451990072106006
0.705570401443014	0.448797220727846
0.705970384663786	0.44570491310441
0.706370367884559	0.442716584112781
0.706770351105332	0.439833997981746
0.707170334326104	0.437057650115106
0.707570317546877	0.434387295130602
0.70797030076765	0.431822550156467
0.708370283988422	0.429363427137886
0.708770267209195	0.427010661173175
0.709170250429968	0.424765872485904
0.70957023365074	0.422631455393332
0.709970216871513	0.420610322998545
0.710370200092286	0.418705745075183
0.710770183313058	0.416921179130235
0.711170166533831	0.415260102946496
0.711570149754604	0.413726132688154
0.711970132975376	0.412323391856875
0.712370116196149	0.411056720795116
0.712770099416922	0.409931682761064
0.713170082637695	0.408954348035394
0.713570065858467	0.408130770205752
0.71397004907924	0.407466269468859
0.714370032300013	0.406964890157263
0.714770015520785	0.406629052904079
0.715169998741558	0.4064594528876
0.715569981962331	0.406455356681401
0.715969965183103	0.406615031621029
0.716369948403876	0.406936006276815
0.716769931624649	0.407415158950739
0.717169914845421	0.408048727944816
0.717569898066194	0.408832094992513
0.717969881286967	0.409759546767558
0.718369864507739	0.410824179637842
0.718769847728512	0.412018024838822
0.719169830949285	0.413332302786087
0.719569814170057	0.414757753806517
0.71996979739083	0.416284833797987
0.720369780611603	0.417903881260922
0.720769763832375	0.419605239476404
0.721169747053148	0.421379282738834
0.721569730273921	0.423216361191121
0.721969713494694	0.425106887015864
0.722369696715466	0.42704143743943
0.722769679936239	0.429010869549865
0.723169663157012	0.431006466091401
0.723569646377784	0.433020118462142
0.723969629598557	0.435044486439951
0.72436961281933	0.43707307538673
0.724769596040102	0.439100173787545
0.725169579260875	0.441120661042372
0.725569562481648	0.443129839142112
0.72596954570242	0.445123238308065
0.726369528923193	0.447096493031733
0.726769512143966	0.449045367812638
0.727169495364738	0.450965970486086
0.727569478585511	0.452855074531575
0.727969461806284	0.454710576706246
0.728369445027056	0.456531876294367
0.728769428247829	0.458320125350409
0.729169411468602	0.46007828520154
0.729569394689375	0.461810905654862
0.729969377910147	0.463523473231609
0.73036936113092	0.465221562235758
0.730769344351693	0.466909941288879
0.731169327572465	0.468591796100531
0.731569310793238	0.470268212322678
0.731969294014011	0.471938156691653
0.732369277234783	0.473598817199949
0.732769260455556	0.475246179699341
0.733169243676329	0.476875674570542
0.733569226897101	0.478482694679368
0.733969210117874	0.480062844369955
0.734369193338647	0.481612027554724
0.734769176559419	0.483126374712868
0.735169159780192	0.484602080967214
0.735569143000965	0.486035360680038
0.735969126221737	0.487422487141399
0.73636910944251	0.488759860819426
0.736769092663283	0.490044156097558
0.737169075884055	0.491272509660941
0.737569059104828	0.492442625426051
0.737969042325601	0.493552862519483
0.738369025546374	0.49460234952639
0.738769008767146	0.49559099830197
0.739168991987919	0.496519490511121
0.739568975208692	0.497389282942874
0.739968958429464	0.498202545233139
0.740368941650237	0.498962108637351
0.74076892487101	0.499671462217553
0.741168908091782	0.500334606549243
0.741568891312555	0.500955754316149
0.741968874533328	0.501538967920251
0.7423688577541	0.502087794952575
0.742768840974873	0.502604962600553
0.743168824195646	0.50309222645872
0.743568807416418	0.503550400255163
0.743968790637191	0.503979704557506
0.744368773857964	0.504380208742235
0.744768757078736	0.504752169285373
0.745168740299509	0.505096060328222
0.745568723520282	0.505412378698401
0.745968706741055	0.505701137641716
0.746368689961827	0.505961335994221
0.7467686731826	0.506190586984441
0.747168656403373	0.506384967518539
0.747568639624145	0.506539033368569
0.747968622844918	0.506646073116891
0.748368606065691	0.5066983581
0.748768589286463	0.506687376838884
0.749168572507236	0.506604091947058
0.749568555728009	0.506439267089753
0.749968538948781	0.506183774514839
0.750368522169554	0.505829002065995
0.750768505390327	0.505367291509759
0.751168488611099	0.504792286180322
0.751568471831872	0.504099090325963
0.751968455052645	0.503284281329851
0.752368438273417	0.502345733618848
0.75276842149419	0.501282328349375
0.753168404714963	0.500093798270838
0.753568387935736	0.498780618864754
0.753968371156508	0.497343840407266
0.754368354377281	0.495784918904451
0.754768337598054	0.494105665351681
0.755168320818826	0.492308245635711
0.755568304039599	0.49039524926501
0.755968287260372	0.488369813195277
0.756368270481144	0.486235783185304
0.756768253701917	0.483997773930881
0.75716823692269	0.481661044607279
0.757568220143462	0.479231146025808
0.757968203364235	0.476713499067296
0.758368186585008	0.474112971565768
0.75876816980578	0.471433568969738
0.759168153026553	0.468678312140662
0.759568136247326	0.465849364695128
0.759968119468099	0.462948319367006
0.760368102688871	0.45997657560992
0.760768085909644	0.456935647521325
0.761168069130417	0.453827401203777
0.761568052351189	0.45065433673415
0.761968035571962	0.447419914929996
0.762368018792735	0.444128866769946
0.762768002013507	0.44078747696306
0.76316798523428	0.437403826200059
0.763567968455053	0.433987647408528
0.763967951675825	0.430549794316797
0.764367934896598	0.427101452823232
0.764767918117371	0.42365336527398
0.765167901338143	0.420215178349597
0.765567884558916	0.416795169955996
0.765967867779689	0.413400304435807
0.766367851000461	0.410036604660643
0.766767834221234	0.406709543765112
0.767167817442007	0.403424289985768
0.767567800662779	0.4001856231368
0.767967783883552	0.396997765542182
0.768367767104325	0.393864198448844
0.768767750325097	0.390787582121095
0.76916773354587	0.387769759517051
0.769567716766643	0.384811993165793
0.769967699987416	0.381915266358204
0.770367683208188	0.379080527628192
0.770767666428961	0.376308679151655
0.771167649649734	0.373600438226484
0.771567632870506	0.370956217717617
0.771967616091279	0.368376050709012
0.772367599312052	0.365859533775474
0.772767582532824	0.363405846820458
0.773167565753597	0.361013845648522
0.77356754897437	0.358682215873096
0.773967532195142	0.356409601153319
0.774367515415915	0.354194647111484
0.774767498636688	0.352036021694271
0.77516748185746	0.34993243252888
0.775567465078233	0.347882559526852
0.775967448299006	0.345884901798312
0.776367431519778	0.343937595864317
0.776767414740551	0.342038288198045
0.777167397961324	0.340184121449103
0.777567381182097	0.338371905547621
0.777967364402869	0.336598353650838
0.778367347623642	0.334860401063551
0.778767330844415	0.333155530954406
0.779167314065187	0.331481975225342
0.77956729728596	0.32983874434082
0.779967280506733	0.328225604797427
0.780367263727505	0.326642925197409
0.780767246948278	0.325091524320715
0.781167230169051	0.323572570700244
0.781567213389823	0.32208745455506
0.781967196610596	0.320637570712126
0.782367179831369	0.319224022786249
0.782767163052141	0.317847207066979
0.783167146272914	0.316506484362407
0.783567129493687	0.315199957370939
0.783967112714459	0.313924379408782
0.784367095935232	0.312675234347704
0.784767079156005	0.31144706526588
0.785167062376777	0.310233836374876
0.78556704559755	0.309029352844535
0.785967028818323	0.307827772455564
0.786367012039096	0.306624098172797
0.786766995259868	0.305414612779785
0.787166978480641	0.304197334852697
0.787566961701414	0.302972242664513
0.787966944922186	0.301741203104348
0.788366928142959	0.30050775467803
0.788766911363732	0.299276765096488
0.789166894584504	0.298053903891834
0.789566877805277	0.29684524139305
0.78996686102605	0.295657084827605
0.790366844246822	0.294495968132164
0.790766827467595	0.293368800299146
0.791166810688368	0.29228306922534
0.79156679390914	0.291246871232861
0.791966777129913	0.290268732963293
0.792366760350686	0.289357337232848
0.792766743571458	0.288521075523664
0.793166726792231	0.287767455397485
0.793566710013004	0.28710261528842
0.793966693233777	0.286531046807471
0.794366676454549	0.286055472414102
0.794766659675322	0.285676941373696
0.795166642896095	0.285395026595771
0.795566626116867	0.285208087721295
0.79596660933764	0.285113545542745
0.796366592558413	0.285108179986487
0.796766575779185	0.285188314029054
0.797166558999958	0.28534999945787
0.797566542220731	0.285589154995985
0.797966525441503	0.285901603435565
0.798366508662276	0.286282953425715
0.798766491883049	0.286728395656402
0.799166475103821	0.287232443484345
0.799566458324594	0.28778873023972
0.799966441545367	0.288389872786114
0.80036642476614	0.289027529197207
0.800766407986912	0.289692574218645
0.801166391207685	0.290375349393389
0.801566374428458	0.29106590081237
0.80196635764923	0.291754174962981
0.802366340870003	0.292430085949964
0.802766324090776	0.29308361593529
0.803166307311548	0.293705073868539
0.803566290532321	0.294285348779308
0.803966273753094	0.294816126296042
0.804366256973866	0.295290122503347
0.804766240194639	0.29570113728132
0.805166223415412	0.296043836998241
0.805566206636184	0.296313528032902
0.805966189856957	0.296505912218529
0.80636617307773	0.296616767989757
0.806766156298502	0.296641808075385
0.807166139519275	0.296576822147072
0.807566122740048	0.296417841901218
0.807966105960821	0.296161384501325
0.808366089181593	0.295804714510442
0.808766072402366	0.295345874315681
0.809166055623138	0.294783492462961
0.809566038843911	0.294116574694647
0.809966022064684	0.293344253224344
0.810366005285457	0.292465618034384
0.810765988506229	0.291479887223258
0.811165971727002	0.290386701276324
0.811565954947775	0.289186419932187
0.811965938168547	0.287880360709475
0.81236592138932	0.286470829612874
0.812765904610093	0.284960835196252
0.813165887830865	0.283353791686189
0.813565871051638	0.281653212247413
0.813965854272411	0.279862604581614
0.814365837493183	0.277985678712304
0.814765820713956	0.276026698362605
0.815165803934729	0.273990586394391
0.815565787155501	0.271882977474333
0.815965770376274	0.269710071987504
0.816365753597047	0.26747824939249
0.816765736817819	0.265193695234615
0.817165720038592	0.262862299586721
0.817565703259365	0.260489705986379
0.817965686480138	0.258081617398428
0.81836566970091	0.255644188530078
0.818765652921683	0.253184354111436
0.819165636142456	0.25071010676671
0.819565619363228	0.248230606847071
0.819965602584001	0.245755963987453
0.820365585804774	0.243296827620447
0.820765569025546	0.240863862989886
0.821165552246319	0.238467131632846
0.821565535467092	0.23611562537842
0.821965518687864	0.233817066188364
0.822365501908637	0.231577952818603
0.82276548512941	0.229403910643879
0.823165468350182	0.227300251350744
0.823565451570955	0.225272468553513
0.823965434791728	0.22332663719151
0.824365418012501	0.221469715599079
0.824765401233273	0.219709587582597
0.825165384454046	0.21805494035147
0.825565367674818	0.216515027608171
0.825965350895591	0.215099345084844
0.826365334116364	0.213817309914728
0.826765317337137	0.212677991241636
0.827165300557909	0.211689873552304
0.827565283778682	0.21086072027882
0.827965266999455	0.2101974992883
0.828365250220227	0.209706308995882
0.828765233441	0.209392329808573
0.829165216661773	0.209259821709976
0.829565199882545	0.209312075040204
0.829965183103318	0.209551333375641
0.830365166324091	0.209978727527305
0.830765149544863	0.210594201433888
0.831165132765636	0.211396400839748
0.831565115986409	0.212382607773894
0.831965099207181	0.213548742676672
0.832365082427954	0.214889386348709
0.832765065648727	0.216397901889298
0.833165048869499	0.218066608092997
0.833565032090272	0.219887005973144
0.833965015311045	0.221849902891084
0.834364998531818	0.223945435819003
0.83476498175259	0.226162999533325
0.835164964973363	0.228491102913825
0.835564948194136	0.230917266131194
0.835964931414908	0.23342811862524
0.836364914635681	0.236009687342053
0.836764897856454	0.238647827440035
0.837164881077226	0.241328703361981
0.837564864297999	0.244039236062293
0.837964847518772	0.246767397922389
0.838364830739544	0.249502384749405
0.838764813960317	0.252234704373893
0.83916479718109	0.254956295772826
0.839564780401862	0.257660739028892
0.839964763622635	0.260343550690836
0.840364746843408	0.263002295714032
0.840764730064181	0.265636433094922
0.841164713284953	0.268246852551805
0.841564696505726	0.270835193971233
0.841964679726499	0.27340309525517
0.842364662947271	0.275951552939471
0.842764646168044	0.278480445397191
0.843164629388817	0.280988365634653
0.843564612609589	0.283472682250952
0.843964595830362	0.285929671270558
0.844364579051135	0.288354658464811
0.844764562271907	0.290742249756273
0.84516454549268	0.293086613725058
0.845564528713453	0.295381769763286
0.845964511934225	0.297621907607145
0.846364495154998	0.299801762025801
0.846764478375771	0.3019168889872
0.847164461596543	0.30396380522313
0.847564444817316	0.305939994443983
0.847964428038089	0.307843852291236
0.848364411258862	0.30967476651415
0.848764394479634	0.311433293792706
0.849164377700407	0.313121276695706
0.84956436092118	0.314741809412473
0.849964344141952	0.316299106171175
0.850364327362725	0.31779822419017
0.850764310583498	0.319244719622025
0.85116429380427	0.320644286129838
0.851564277025043	0.322002487301495
0.851964260245816	0.323324633303557
0.852364243466588	0.324615646878452
0.852764226687361	0.325879823792788
0.853164209908134	0.327120572161846
0.853564193128906	0.328340173324277
0.853964176349679	0.329539542766364
0.854364159570452	0.33071816979391
0.854764142791224	0.331874354295204
0.855164126011997	0.333005624204111
0.85556410923277	0.334109280578853
0.855964092453542	0.335182977481068
0.856364075674315	0.336225046938868
0.856764058895088	0.337234607427335
0.857164042115861	0.338211601504882
0.857564025336633	0.339156700991659
0.857964008557406	0.340071100046072
0.858363991778179	0.340956530849664
0.858763974998951	0.341815236711989
0.859163958219724	0.342649811992461
0.859563941440497	0.343462987559583
0.859963924661269	0.34425740153844
0.860363907882042	0.345035239799717
0.860763891102815	0.345797974902056
0.861163874323587	0.346546297350265
0.86156385754436	0.34728024151464
0.861963840765133	0.347999400495446
0.862363823985905	0.348703242026922
0.862763807206678	0.349391282474702
0.863163790427451	0.350063127262219
0.863563773648223	0.350718408239073
0.863963756868996	0.351356663128403
0.864363740089769	0.351977102789406
0.864763723310542	0.352578473934284
0.865163706531314	0.353158971455338
0.865563689752087	0.353716193790858
0.86596367297286	0.354247035892873
0.866363656193632	0.35474755314587
0.866763639414405	0.355212870241335
0.867163622635178	0.355637164405041
0.86756360585595	0.356013694557578
0.867963589076723	0.356334967963773
0.868363572297496	0.356592976389923
0.868763555518268	0.356779473818801
0.869163538739041	0.35688623300557
0.869563521959814	0.356905289159879
0.869963505180586	0.356829181743218
0.870363488401359	0.356651200205207
0.870763471622132	0.356365560004899
0.871163454842904	0.355967510579411
0.871563438063677	0.35545333318582
0.87196342128445	0.35482024951636
0.872363404505223	0.354066282861343
0.872763387725995	0.353190176143091
0.873163370946768	0.352191338814276
0.87356335416754	0.351069831918889
0.873963337388313	0.349826428033154
0.874363320609086	0.348462743150117
0.874763303829859	0.346981364288545
0.875163287050631	0.345385985833004
0.875563270271404	0.343681474039761
0.875963253492177	0.341873839776372
0.876363236712949	0.339970215376285
0.876763219933722	0.337978828961617
0.877163203154495	0.335908885933005
0.877563186375267	0.333770380889368
0.87796316959604	0.331573871845619
0.878363152816813	0.329330240427433
0.878763136037585	0.327050459755382
0.879163119258358	0.324745373056453
0.879563102479131	0.322425497260652
0.879963085699903	0.320100887492376
0.880363068920676	0.317781060240286
0.880763052141449	0.315474906816847
0.881163035362222	0.313190617451464
0.881563018582994	0.310935617785325
0.881963001803767	0.30871651346529
0.88236298502454	0.306539024571282
0.882762968245312	0.304407875203239
0.883162951466085	0.302326700885951
0.883562934686858	0.30029807191574
0.88396291790763	0.298323567123238
0.884362901128403	0.296403817739248
0.884762884349176	0.29453855015734
0.885162867569948	0.292726618221652
0.885562850790721	0.290965972236783
0.885962834011494	0.289253511242369
0.886362817232266	0.287584896556392
0.886762800453039	0.285954424903493
0.887162783673812	0.28435509347176
0.887562766894584	0.28277888924136
0.887962750115357	0.281217242968618
0.88836273333613	0.279661562279382
0.888762716556903	0.278103816813955
0.889162699777675	0.276536995259437
0.889562682998448	0.274955336484201
0.889962666219221	0.2733543933383
0.890362649439993	0.271730972376468
0.890762632660766	0.270082987649729
0.891162615881539	0.268409350788067
0.891562599102311	0.26670988878835
0.891962582323084	0.264985237767084
0.892362565543857	0.263236706679772
0.892762548764629	0.261466153261973
0.893162531985402	0.259675786220995
0.893562515206175	0.257867948893216
0.893962498426947	0.256045035120122
0.89436248164772	0.254209467507399
0.894762464868493	0.252363668815592
0.895162448089265	0.250510060637941
0.895562431310038	0.248651073360795
0.895962414530811	0.246789095098451
0.896362397751584	0.244926418038263
0.896762380972356	0.24306521330981
0.897162364193129	0.241207485669568
0.897562347413902	0.239355042220632
0.897962330634674	0.237509531369159
0.898362313855447	0.235672503132029
0.89876229707622	0.233845382913919
0.899162280296992	0.232029430162825
0.899562263517765	0.230225748450537
0.899962246738538	0.228435260372098
0.90036222995931	0.226658663099891
0.900762213180083	0.224896497291973
0.901162196400856	0.22314919819594
0.901562179621628	0.221417043750853
0.901962162842401	0.219700080826098
0.902362146063174	0.217998110332645
0.902762129283946	0.216310708754656
0.903162112504719	0.214637386766455
0.903562095725492	0.212977885573355
0.903962078946264	0.211332432926604
0.904362062167037	0.209701925540483
0.90476204538781	0.208087996116748
0.905162028608583	0.206492862406751
0.905562011829355	0.204919041649575
0.905961995050128	0.202978976626445
0.906361978270901	0.20125938004086
0.906761961491673	0.199758866210061
0.907161944712446	0.198470633460575
0.907561927933219	0.197383547962362
0.907961911153991	0.196483641692517
0.908361894374764	0.19575553382561
0.908761877595537	0.195183564666244
0.909161860816309	0.194752591009274
0.909561844037082	0.194448476619703
0.909961827257855	0.19425834944296
0.910361810478627	0.194170696068032
0.9107617936994	0.194175350045496
0.911161776920173	0.194263421494977
0.911561760140945	0.194427200834712
0.911961743361718	0.194660048944113
0.912361726582491	0.194956281293144
0.912761709803264	0.195311051028915
0.913161693024036	0.195720235868255
0.913561676244809	0.196180332011295
0.913961659465582	0.196688357393622
0.914361642686354	0.197241768121452
0.914761625907127	0.197838390771712
0.9151616091279	0.198476369917354
0.915561592348672	0.199154128474089
0.915961575569445	0.199870336028529
0.916361558790218	0.200623883671039
0.91676154201099	0.201413861217622
0.917161525231763	0.20223953609294
0.917561508452536	0.203100332739351
0.917961491673308	0.203995814551053
0.918361474894081	0.204925668531411
0.918761458114854	0.205889694257264
0.919161441335626	0.206887795389978
0.919561424556399	0.207919972481712
0.919961407777172	0.208986316336161
0.920361390997944	0.210087001308868
0.920761374218717	0.211222278043953
0.92116135743949	0.212392465243521
0.921561340660263	0.213597940858891
0.921961323881035	0.214839134921361
0.922361307101808	0.216116523331567
0.922761290322581	0.21743062222437
0.923161273543353	0.21878198284192
0.923561256764126	0.22017118685691
0.923961239984899	0.221598842096011
0.924361223205671	0.223065578620221
0.924761206426444	0.224572045124635
0.925161189647217	0.226118905625028
0.925561172867989	0.22770683640285
0.925961156088762	0.229336523183833
0.926361139309535	0.231008658528484
0.926761122530307	0.232723939415418
0.92716110575108	0.234483065000764
0.927561088971853	0.236286734734235
0.927961072192625	0.238135647126939
0.928361055413398	0.240030497637748
0.928761038634171	0.241971975648617
0.929161021854944	0.243960760968787
0.929561005075716	0.245997520245837
0.929960988296489	0.248082903605759
0.930360971517262	0.25021754179447
0.930760954738034	0.25240204421417
0.931160937958807	0.254636998469931
0.93156092117958	0.256922970561602
0.931960904400352	0.259260504324426
0.932360887621125	0.261650119566388
0.932760870841898	0.26409230906885
0.93316085406267	0.266587534054953
0.933560837283443	0.269136217353386
0.933960820504216	0.271738736039334
0.934360803724988	0.274395415610006
0.934760786945761	0.27710652729852
0.935160770166534	0.279872289538235
0.935560753387306	0.282692873233142
0.935960736608079	0.285568409764452
0.936360719828852	0.288499001394046
0.936760703049625	0.291484730821949
0.937160686270397	0.294525667572831
0.93756066949117	0.297621871219986
0.937960652711943	0.300773392674463
0.938360635932715	0.303980274128846
0.938760619153488	0.307242549712866
0.939160602374261	0.310560247093329
0.939560585595033	0.313933389529201
0.939960568815806	0.317361996794242
0.940360552036579	0.320846084425279
0.940760535257351	0.3243856599718
0.941160518478124	0.327980717896054
0.941560501698897	0.331631236268029
0.941960484919669	0.335337175675396
0.942360468140442	0.339098479498408
0.942760451361215	0.342915076752015
0.943160434581988	0.346786886115295
0.94356041780276	0.350713818115472
0.943960401023533	0.354695775378382
0.944360384244305	0.358732651399651
0.944760367465078	0.362824328029042
0.945160350685851	0.366970673427984
0.945560333906624	0.371171541794558
0.945960317127396	0.375426774005711
0.946360300348169	0.37973619909619
0.946760283568942	0.38409963721724
0.947160266789714	0.388516903777185
0.947560250010487	0.392987813416349
0.94796023323126	0.397512184266558
0.948360216452032	0.402089842538836
0.948760199672805	0.406720623215202
0.949160182893578	0.411404365194592
0.94956016611435	0.416140902552388
0.949960149335123	0.4209300550133
0.950360132555896	0.42577162041351
0.950760115776668	0.430665371699269
0.951160098997441	0.435611059621142
0.951560082218214	0.44060842148883
0.951960065438986	0.445657194070695
0.952360048659759	0.450757126393968
0.952760031880532	0.455907988053321
0.953160015101305	0.461109573535546
