0	0.303185928466638
0.000479976487876561	0.305332230111491
0.000959952975753123	0.307414916765198
0.00143992946362968	0.309434623938346
0.00191990595150625	0.31139201878653
0.00239988243938281	0.313287773263766
0.00287985892725937	0.315122547088748
0.00335983541513593	0.316896978535067
0.00383981190301249	0.318611680428121
0.00431978839088905	0.320267244609482
0.00479976487876561	0.321864254129211
0.00527974136664218	0.323403297115503
0.00575971785451874	0.324884978033563
0.0062396943423953	0.326309925225321
0.00671967083027186	0.327678794233454
0.00719964731814842	0.32899226819458
0.00767962380602498	0.33025105953407
0.00815960029390154	0.331455915768924
0.00863957678177811	0.332607621667995
0.00911955326965467	0.333706996998393
0.00959952975753123	0.334754891616752
0.0100795062454078	0.335752175609792
0.0105594827332844	0.336699724150683
0.0110394592211609	0.337598404558295
0.0115194357090375	0.338449069965762
0.011999412196914	0.339252556081435
0.0124793886847906	0.340009682895824
0.0129593651726672	0.340721261294578
0.0134393416605437	0.341388100484706
0.0139193181484203	0.342011012499496
0.0143992946362968	0.34259081346946
0.0148792711241734	0.343128320708708
0.01535924761205	0.343624342878042
0.0158392240999265	0.344079666807
0.0163192005878031	0.344495045128023
0.0167991770756796	0.344871187116875
0.0172791535635562	0.3452087517272
0.0177591300514328	0.34550834460066
0.0182391065393093	0.345770519139812
0.0187190830271859	0.345995777246938
0.0191990595150625	0.346184569476948
0.019679036002939	0.346337297489457
0.0201590124908156	0.346454316767188
0.0206389889786921	0.346535941202211
0.0211189654665687	0.346582452614456
0.0215989419544453	0.346594112656999
0.0220789184423218	0.346571168611972
0.0225588949301984	0.346513854304321
0.0230388714180749	0.346422385022854
0.0235188479059515	0.346296947692007
0.0239988243938281	0.346137687503088
0.0244788008817046	0.345944696903099
0.0249587773695812	0.345718009896482
0.0254387538574578	0.345457601566624
0.0259187303453343	0.345163389990953
0.0263987068332109	0.344835237255984
0.0268786833210874	0.344472949790332
0.027358659808964	0.344076279367615
0.0278386362968406	0.343644925912102
0.0283186127847171	0.343178538332175
0.0287985892725937	0.342676714765158
0.0292785657604702	0.342138999479498
0.0297585422483468	0.341564875020531
0.0302385187362234	0.340953748756791
0.0307184952240999	0.34030493678765
0.0311984717119765	0.339617646487607
0.031678448199853	0.338890966458353
0.0321584246877296	0.33812386617471
0.0326384011756062	0.337315199672489
0.0331183776634827	0.3364637099057
0.0335983541513593	0.335568034764345
0.0340783306392359	0.334626707842654
0.0345583071271124	0.333638151359376
0.035038283614989	0.332600664865345
0.0355182601028655	0.331512413243685
0.0359982365907421	0.330371418347433
0.0364782130786187	0.329175560045732
0.0369581895664952	0.32792258467904
0.0374381660543718	0.326610116638296
0.0379181425422483	0.325235678699726
0.0383981190301249	0.323796711092539
0.0388780955180015	0.322290590715977
0.039358072005878	0.320714634908841
0.0398380484937546	0.319066091032206
0.0403180249816312	0.317342114023204
0.0407980014695077	0.315539747072659
0.0412779779573843	0.313655909959693
0.0417579544452608	0.311687425061316
0.0422379309331374	0.30963110152578
0.042717907421014	0.307483895561638
0.0431978839088905	0.305243165292829
0.0436778603967671	0.302907037167505
0.0441578368846436	0.30047488027954
0.0446378133725202	0.297947920171473
0.0451177898603968	0.295330026658082
0.0455977663482733	0.29262870279665
0.0460777428361499	0.289856265775738
0.0465577193240265	0.28703117061125
0.047037695811903	0.284179244997309
0.0475176722997796	0.281334346627348
0.0479976487876561	0.278537572710036
0.0484776252755327	0.27583367148305
0.0489576017634093	0.273262824327895
0.0494375782512858	0.27219343706654
0.0499175547391624	0.271211487383231
0.0503975312270389	0.270318275080033
0.0508775077149155	0.269516153210085
0.0513574842027921	0.268807968347808
0.0518374606906686	0.268196321984973
0.0523174371785452	0.267682736084987
0.0527974136664218	0.267266885848788
0.0532773901542983	0.266946064013536
0.0537573666421749	0.2667149463578
0.0542373431300514	0.266565697884016
0.054717319617928	0.266488341249109
0.0551972961058046	0.266471318666699
0.0556772725936811	0.266502031010764
0.0561572490815577	0.266567324231891
0.0566372255694342	0.266653891595508
0.0571172020573108	0.266748767896457
0.0575971785451874	0.266839669760773
0.0580771550330639	0.266915204719838
0.0585571315209405	0.266965014213814
0.059037108008817	0.266979889179348
0.0595170844966936	0.26695168693988
0.0599970609845702	0.266873266064909
0.0604770374724467	0.266738508427089
0.0609570139603233	0.266542201446759
0.0614369904481999	0.266279842560618
0.0619169669360764	0.265947572831064
0.062396943423953	0.265542062188853
0.0628769199118295	0.265060392514965
0.0633568963997061	0.264500186440255
0.0638368728875827	0.263859976503963
0.0643168493754592	0.26313947861186
0.0647968258633358	0.262339783542333
0.0652768023512123	0.261463450315052
0.0657567788390889	0.260514437003379
0.0662367553269655	0.259497789534604
0.066716731814842	0.25841921180192
0.0671967083027186	0.257284657988823
0.0676766847905952	0.256099847069989
0.0681566612784717	0.254869756793333
0.0686366377663483	0.25359833594398
0.0691166142542248	0.252288357450154
0.0695965907421014	0.250941352160307
0.070076567229978	0.249557908669841
0.0705565437178545	0.248138355702029
0.0710365202057311	0.246683248001404
0.0715164966936076	0.245193721080505
0.0719964731814842	0.243671852736716
0.0724764496693608	0.242120774151753
0.0729564261572373	0.240544346192942
0.0734364026451139	0.238946814437993
0.0739163791329905	0.23733253639277
0.074396355620867	0.235705667008576
0.0748763321087436	0.234069981306813
0.0753563085966201	0.232428900728896
0.0758362850844967	0.230785667370778
0.0763162615723733	0.229143708255654
0.0767962380602498	0.227507187202824
0.0772762145481264	0.225881396919129
0.0777561910360029	0.22427294545436
0.0782361675238795	0.222689676577669
0.0787161440117561	0.22114025939372
0.0791961204996326	0.219633558605216
0.0796760969875092	0.21817803565349
0.0801560734753858	0.216781255296697
0.0806360499632623	0.215449734874149
0.0811160264511389	0.214189084410426
0.0815960029390154	0.21300406520266
0.082075979426892	0.211898550311893
0.0825559559147686	0.210875402965774
0.0830359324026451	0.209936109709223
0.0835159088905217	0.209080275174489
0.0839958853783982	0.208305330795615
0.0844758618662748	0.20760647492236
0.0849558383541514	0.206976977499489
0.0854358148420279	0.206408926509729
0.0859157913299045	0.205894187365436
0.086395767817781	0.205425360608897
0.0868757443056576	0.204996763868481
0.0873557207935342	0.204605023446785
0.0878356972814107	0.204249381745595
0.0883156737692873	0.20393147192655
0.0887956502571638	0.203654646862423
0.0892756267450404	0.203422866559238
0.089755603232917	0.203239606735584
0.0902355797207935	0.203106783772608
0.0907155562086701	0.203024197548507
0.0911955326965467	0.202989546290268
0.0916755091844232	0.202998952314704
0.0921554856722998	0.203047828102832
0.0926354621601763	0.203131858213235
0.0931154386480529	0.203247511133557
0.0935954151359295	0.203392228576972
0.094075391623806	0.203564229450011
0.0945553681116826	0.20376203319744
0.0950353445995591	0.203983820932859
0.0955153210874357	0.204227147074151
0.0959952975753123	0.20448882463367
0.0964752740631888	0.204765155256039
0.0969552505510654	0.205052477439106
0.097435227038942	0.205347896369186
0.0979152035268185	0.205649993254932
0.0983951800146951	0.205959488349724
0.0988751565025716	0.206279617164928
0.0993551329904482	0.206616183396096
0.0998351094783248	0.206977406977974
0.100315085966201	0.207373513818691
0.100795062454078	0.207815970294068
0.101275038941954	0.208316645759888
0.101755015429831	0.208887048162413
0.102234991917708	0.209537705498815
0.102714968405584	0.210277685211295
0.103194944893461	0.211114403415382
0.103674921381337	0.212053722431712
0.104154897869214	0.21310028545433
0.10463487435709	0.214257991611273
0.105114850844967	0.21553041979719
0.105594827332844	0.216921097663559
0.10607480382072	0.21843369108839
0.106554780308597	0.220071917345493
0.107034756796473	0.221839100788869
0.10751473328435	0.223737723906418
0.107994709772226	0.225769067748474
0.108474686260103	0.227932748011619
0.108954662747979	0.230226323246338
0.109434639235856	0.232645085397325
0.109914615723733	0.23518196939686
0.110394592211609	0.237827639755467
0.110874568699486	0.240570848428917
0.111354545187362	0.243398721454967
0.111834521675239	0.246296964797696
0.112314498163115	0.249250195310447
0.112794474650992	0.252242270307632
0.113274451138868	0.255256536906253
0.113754427626745	0.258276274457018
0.114234404114622	0.261285233722682
0.114714380602498	0.264267920597573
0.115194357090375	0.267209726609444
0.115674333578251	0.270097058219644
0.116154310066128	0.272917408726399
0.116634286554004	0.275659341302698
0.117114263041881	0.278312701768292
0.117594239529758	0.280869086131023
0.118074216017634	0.283322499473465
0.118554192505511	0.285669803596409
0.119034168993387	0.287910702432279
0.119514145481264	0.290047078521068
0.11999412196914	0.292081868334582
0.120474098457017	0.294017650357855
0.120954074944893	0.295855367163412
0.12143405143277	0.297593535010213
0.121914027920647	0.299228311706949
0.122394004408523	0.300754053810543
0.1228739808964	0.302163990724389
0.123353957384276	0.303450752702086
0.123833933872153	0.304606757798884
0.124313910360029	0.305624368097412
0.124793886847906	0.306496031965853
0.125273863335783	0.307214487426856
0.125753839823659	0.30777315514253
0.126233816311536	0.308166677932654
0.126713792799412	0.308391461360594
0.127193769287289	0.308445978735462
0.127673745775165	0.308330711019548
0.128153722263042	0.308048027463106
0.128633698750918	0.307602202399866
0.129113675238795	0.306999375395223
0.129593651726672	0.306247541883545
0.130073628214548	0.305356565433575
0.130553604702425	0.30433802858061
0.131033581190301	0.303204690907758
0.131513557678178	0.30196985628419
0.131993534166054	0.300646773349482
0.132473510653931	0.299248177251149
0.132953487141807	0.297786244658272
0.133433463629684	0.296273002736347
0.133913440117561	0.29472069932605
0.134393416605437	0.293142055736685
0.134873393093314	0.291550444797029
0.13535336958119	0.289959829319035
0.135833346069067	0.288384448814652
0.136313322556943	0.286838591266075
0.13679329904482	0.285336443394644
0.137273275532697	0.283891943562226
0.137753252020573	0.282518464551477
0.13823322850845	0.281228284391761
0.138713204996326	0.280031897379063
0.139193181484203	0.27893712054282
0.139673157972079	0.277948160747587
0.140153134459956	0.27706506559631
0.140633110947832	0.276283665291034
0.141113087435709	0.275595818909014
0.141593063923586	0.274990102589723
0.142073040411462	0.274452798040937
0.142553016899339	0.273968852189956
0.143032993387215	0.273522846362038
0.143512969875092	0.27309994209028
0.143992946362968	0.272686547172472
0.144472922850845	0.272270777929462
0.144952899338722	0.271842793743656
0.145432875826598	0.271394806044687
0.145912852314475	0.270920910558466
0.146392828802351	0.27041707485621
0.146872805290228	0.269881300528018
0.147352781778104	0.269313886607187
0.147832758265981	0.268717841489019
0.148312734753857	0.268099321492398
0.148792711241734	0.267468019252158
0.149272687729611	0.266837311880145
0.149752664217487	0.266223963485363
0.150232640705364	0.265647492544117
0.15071261719324	0.26512940990279
0.151192593681117	0.264692317306913
0.151672570168993	0.264358899175974
0.15215254665687	0.26415095526395
0.152632523144747	0.26408857157944
0.153112499632623	0.264189560192713
0.1535924761205	0.264469118808985
0.154072452608376	0.264939745842766
0.154552429096253	0.265611262870862
0.155032405584129	0.266490824280437
0.155512382072006	0.267582879383348
0.155992358559882	0.268889198001826
0.156472335047759	0.270408769520418
0.156952311535636	0.272137668430193
0.157432288023512	0.274069187915284
0.157912264511389	0.2761942759452
0.158392240999265	0.278501998795093
0.158872217487142	0.280980112483217
0.159352193975018	0.283615772495197
0.159832170462895	0.286396185142146
0.160312146950772	0.289309024282116
0.160792123438648	0.292342756974371
0.161272099926525	0.295486966643861
0.161752076414401	0.298732690290693
0.162232052902278	0.302072694869379
0.162712029390154	0.30550149833507
0.163192005878031	0.309015123499201
0.163671982365907	0.312610708138547
0.164151958853784	0.316285863232165
0.164631935341661	0.320037936595644
0.165111911829537	0.323863399041168
0.165591888317414	0.327757482566503
0.16607186480529	0.331714152885551
0.166551841293167	0.335726622097358
0.167031817781043	0.339788059411426
0.16751179426892	0.343892311680613
0.167991770756796	0.348034540352149
0.168471747244673	0.352211627791169
0.16895172373255	0.356422083697446
0.169431700220426	0.360665862333626
0.169911676708303	0.364944329735282
0.170391653196179	0.369260265500498
0.170871629684056	0.373617727683883
0.171351606171932	0.378022056794462
0.171831582659809	0.3824797076628
0.172311559147686	0.38699775703611
0.172791535635562	0.391583172491847
0.173271512123439	0.396242135850494
0.173751488611315	0.400979432489554
0.174231465099192	0.40579815329175
0.174711441587068	0.410699681678726
0.175191418074945	0.415683623028299
0.175671394562821	0.420747545219992
0.176151371050698	0.425886702212266
0.176631347538575	0.431093681833389
0.177111324026451	0.436358172109636
0.177591300514328	0.441667225730492
0.178071277002204	0.447006069280639
0.178551253490081	0.452359301121952
0.179031229977957	0.45771227668089
0.179511206465834	0.463052163507186
0.179991182953711	0.468368425750893
0.180471159441587	0.473652795876152
0.180951135929464	0.478898718202224
0.18143111241734	0.484100355996014
0.181911088905217	0.489251627908351
0.182391065393093	0.494345544042241
0.18287104188097	0.49937393097181
0.183351018368846	0.504327478791269
0.183830994856723	0.509196023161036
0.1843109713446	0.513969053559759
0.184790947832476	0.518636371527174
0.185270924320353	0.52318852087021
0.185750900808229	0.527616999209458
0.186230877296106	0.531914175259437
0.186710853783982	0.536072951308427
0.187190830271859	0.540086177810177
0.187670806759735	0.543946172906916
0.188150783247612	0.547644412530171
0.188630759735489	0.551171643435462
0.189110736223365	0.554518456939718
0.189590712711242	0.557676230342252
0.190070689199118	0.560637914086903
0.190550665686995	0.563398414222247
0.191030642174871	0.565954464956487
0.191510618662748	0.568304191934865
0.191990595150625	0.570446236153874
0.192470571638501	0.572378903268477
0.192950548126378	0.574099588584947
0.193430524614254	0.575604549661333
0.193910501102131	0.576888822228232
0.194390477590007	0.577946477604576
0.194870454077884	0.578770993217183
0.19535043056576	0.579355755395482
0.195830407053637	0.579694766586545
0.196310383541514	0.579783293086867
0.19679036002939	0.579618079555055
0.197270336517267	0.579197397024717
0.197750313005143	0.578520993083257
0.19823028949302	0.577589864676509
0.198710265980896	0.576405960884616
0.199190242468773	0.574972008399249
0.19967021895665	0.573291487429629
0.200150195444526	0.571368740988057
0.200630171932403	0.569208940549275
0.201110148420279	0.566817813082606
0.201590124908156	0.564201432984255
0.202070101396032	0.561366101826293
0.202550077883909	0.558318360019966
0.203030054371785	0.555065201354747
0.203510030859662	0.55161443107427
0.203990007347539	0.547974995501729
0.204469983835415	0.544157140184292
0.204949960323292	0.540172266168168
0.205429936811168	0.536032537640214
0.205909913299045	0.531750491693274
0.206389889786921	0.527338755211403
0.206869866274798	0.522809858001323
0.207349842762675	0.518176193522189
0.207829819250551	0.513450163421481
0.208309795738428	0.508644367694354
0.208789772226304	0.503771793726218
0.209269748714181	0.49884581966131
0.209749725202057	0.493880060213375
0.210229701689934	0.488888056231276
0.21070967817781	0.48388293764366
0.211189654665687	0.478877174185194
0.211669631153564	0.473882636956683
0.21214960764144	0.468910882138443
0.212629584129317	0.463973542643189
0.213109560617193	0.459082562741114
0.21358953710507	0.454250094987683
0.214069513592946	0.449488022203378
0.214549490080823	0.444807221584479
0.2150294665687	0.440216784778586
0.215509443056576	0.435723620078067
0.215989419544453	0.431332683943364
0.216469396032329	0.42704765275097
0.216949372520206	0.422871806479491
0.217429349008082	0.41880889775341
0.217909325495959	0.414863754890169
0.218389301983835	0.411042481165476
0.218869278471712	0.407352247973996
0.219349254959589	0.40380088053473
0.219829231447465	0.400396595020453
0.220309207935342	0.397147843732006
0.220789184423218	0.394063087244514
0.221269160911095	0.391150539356316
0.221749137398971	0.388417893142827
0.222229113886848	0.385871962550102
0.222709090374724	0.383518357255714
0.223189066862601	0.381361334338376
0.223669043350478	0.379403705453097
0.224149019838354	0.377646726834323
0.224628996326231	0.376089972603245
0.225108972814107	0.374731067356413
0.225588949301984	0.373565173761661
0.22606892578986	0.372584672399392
0.226548902277737	0.371779150432713
0.227028878765614	0.37113556478731
0.22750885525349	0.370638588994174
0.227988831741367	0.370271166723234
0.228468808229243	0.370014944573296
0.22894878471712	0.369850370667603
0.229428761204996	0.369756655443478
0.229908737692873	0.36971170325532
0.230388714180749	0.369691847998947
0.230868690668626	0.369671758671634
0.231348667156503	0.369624774756953
0.231828643644379	0.369523384782368
0.232308620132256	0.369339808249988
0.232788596620132	0.369046929675079
0.233268573108009	0.368619427188979
0.233748549595885	0.368034942836239
0.234228526083762	0.36727535976437
0.234708502571638	0.366328016059347
0.235188479059515	0.365186558997336
0.235668455547392	0.36385139891627
0.236148432035268	0.362329756400234
0.236628408523145	0.360635181858309
0.237108385011021	0.35878651633401
0.237588361498898	0.356806598964796
0.238068337986774	0.354721082740798
0.238548314474651	0.352557336946167
0.239028290962528	0.350343348146085
0.239508267450404	0.348106788465804
0.239988243938281	0.345874209497774
0.240468220426157	0.343670183278892
0.240948196914034	0.341516480756505
0.24142817340191	0.339431423680754
0.241908149889787	0.337429390877603
0.242388126377663	0.335520734778121
0.24286810286554	0.333712042093457
0.243348079353417	0.332006471672499
0.243828055841293	0.330404159033009
0.24430803232917	0.328902801000387
0.244788008817046	0.327498246656973
0.245267985304923	0.326185079059199
0.245747961792799	0.324957225002829
0.246227938280676	0.323808512300492
0.246707914768553	0.322733164808632
0.247187891256429	0.321726055522901
0.247667867744306	0.320782540837204
0.248147844232182	0.319898151097498
0.248627820720059	0.319068347873219
0.249107797207935	0.318288308214872
0.249587773695812	0.317552851030555
0.250067750183688	0.316856583985184
0.250547726671565	0.316194047779709
0.251027703159442	0.315559715773126
0.251507679647318	0.314948014017106
0.251987656135195	0.314353338995154
0.252467632623071	0.313770171683227
0.252947609110948	0.313193348772601
0.253427585598824	0.312618411547888
0.253907562086701	0.312041903166621
0.254387538574578	0.311461578181728
0.254867515062454	0.31087626146842
0.255347491550331	0.310285417621628
0.255827468038207	0.309688690610657
0.256307444526084	0.309085474513906
0.25678742101396	0.308474495069886
0.257267397501837	0.307853651513998
0.257747373989713	0.307220134578825
0.25822735047759	0.306570659073125
0.258707326965467	0.305901763909162
0.259187303453343	0.305210311772502
0.25966727994122	0.304494107897924
0.260147256429096	0.303752535977346
0.260627232916973	0.302987151483004
0.261107209404849	0.302202171627335
0.261587185892726	0.301404811143363
0.262067162380603	0.300605138423441
0.262547138868479	0.299815502959132
0.263027115356356	0.299049633179214
0.263507091844232	0.298321396698055
0.263987068332109	0.297643497452107
0.264467044819985	0.297026617905202
0.264947021307862	0.296478901928584
0.265426997795738	0.296006006872769
0.265906974283615	0.29561163360924
0.266386950771492	0.29529821077027
0.266866927259368	0.295067186133607
0.267346903747245	0.294919214981415
0.267826880235121	0.294854155784286
0.268306856722998	0.294871065687302
0.268786833210874	0.294968080907903
0.269266809698751	0.295142663795441
0.269746786186628	0.295392070741797
0.270226762674504	0.295713930068014
0.270706739162381	0.296106679822202
0.271186715650257	0.296570014759936
0.271666692138134	0.297105032383485
0.27214666862601	0.297714214237613
0.272626645113887	0.298401394155994
0.273106621601763	0.299171684763517
0.27358659808964	0.300031000626101
0.274066574577517	0.300985510466808
0.274546551065393	0.302040891875699
0.27502652755327	0.303201371711637
0.275506504041146	0.304468983735376
0.275986480529023	0.305843384430775
0.276466457016899	0.307321887474232
0.276946433504776	0.308899768620991
0.277426409992653	0.310570773001002
0.277906386480529	0.31232748837822
0.278386362968406	0.3141616420878
0.278866339456282	0.316064452626391
0.279346315944159	0.318026930008161
0.279826292432035	0.320040010174161
0.280306268919912	0.322094728014233
0.280786245407788	0.324182497976325
0.281266221895665	0.326295334520797
0.281746198383542	0.328425896056498
0.282226174871418	0.330567580168767
0.282706151359295	0.332714722462807
0.283186127847171	0.334862790421222
0.283666104335048	0.337008650356623
0.284146080822924	0.339150870641239
0.284626057310801	0.341289751055661
0.285106033798677	0.34342707332341
0.285586010286554	0.345565688479041
0.286065986774431	0.3477091018428
0.286545963262307	0.349861092900212
0.287025939750184	0.352025582328156
0.28750591623806	0.354206778301824
0.287985892725937	0.356409296250735
0.288465869213813	0.358638039104406
0.28894584570169	0.360897903873752
0.289425822189567	0.363193420177702
0.289905798677443	0.365528132936584
0.29038577516532	0.367904029740516
0.290865751653196	0.370321233447445
0.291345728141073	0.372777942820636
0.291825704628949	0.375270504746769
0.292305681116826	0.377793743647562
0.292785657604702	0.380341317484915
0.293265634092579	0.382906151848666
0.293745610580456	0.385481117132248
0.294225587068332	0.388059814756409
0.294705563556209	0.39063691651538
0.295185540044085	0.393207986813879
0.295665516531962	0.395768784212807
0.296145493019838	0.398314193019074
0.296625469507715	0.400837177342308
0.297105445995591	0.403327938528706
0.297585422483468	0.405773633398196
0.298065398971345	0.408158896318015
0.298545375459221	0.410466866494192
0.299025351947098	0.41268028625874
0.299505328434974	0.414782588869969
0.299985304922851	0.416758598267046
0.300465281410727	0.418594863609801
0.300945257898604	0.420279718775662
0.301425234386481	0.42180315810861
0.301905210874357	0.423156313766343
0.302385187362234	0.424330987099777
0.30286516385011	0.425319158210117
0.303345140337987	0.426112486289314
0.303825116825863	0.426701994790192
0.30430509331374	0.427078456537131
0.304785069801616	0.427233171012903
0.305265046289493	0.427159044711013
0.30574502277737	0.426851785319399
0.306224999265246	0.426310888036813
0.306704975753123	0.42554015503482
0.307184952240999	0.42454778224778
0.307664928728876	0.423345847771448
0.308144905216752	0.421949291322765
0.308624881704629	0.420374638911843
0.309104858192506	0.418638884749084
0.309584834680382	0.416758727855639
0.310064811168259	0.414750220961127
0.310544787656135	0.412628965025313
0.311024764144012	0.410410630643641
0.311504740631888	0.408111457693581
0.311984717119765	0.405748483713123
0.312464693607641	0.403339433166844
0.312944670095518	0.400902159826102
0.313424646583395	0.398453894406086
0.313904623071271	0.396010647954476
0.314384599559148	0.39358684848639
0.314864576047024	0.391195109291234
0.315344552534901	0.388846271889775
0.315824529022777	0.386549498088634
0.316304505510654	0.384312184770874
0.31678448199853	0.38213974956168
0.317264458486407	0.380035531291484
0.317744434974284	0.378000630630902
0.31822441146216	0.376033883232793
0.318704387950037	0.374132132200193
0.319184364437913	0.372290694628313
0.31966434092579	0.370503911959887
0.320144317413666	0.368765932784622
0.320624293901543	0.367071473038744
0.32110427038942	0.365416466049371
0.321584246877296	0.363798448154836
0.322064223365173	0.362216580281367
0.322544199853049	0.360671139961293
0.323024176340926	0.359162807849336
0.323504152828802	0.357691890663448
0.323984129316679	0.356257713899686
0.324464105804555	0.354858478407041
0.324944082292432	0.35349169394431
0.325424058780309	0.35215477837794
0.325904035268185	0.350845627384739
0.326384011756062	0.349562924132501
0.326863988243938	0.348306113349177
0.327343964731815	0.347075051688676
0.327823941219691	0.345869479158939
0.328303917707568	0.344688183872401
0.328783894195445	0.343528168812243
0.329263870683321	0.342384015240648
0.329743847171198	0.341247457093451
0.330223823659074	0.340107214637173
0.330703800146951	0.338949368159015
0.331183776634827	0.337758290793792
0.331663753122704	0.336517961933668
0.33214372961058	0.335213437817384
0.332623706098457	0.333832157056247
0.333103682586334	0.332364779748785
0.33358365907421	0.330805604433501
0.334063635562087	0.329152435833944
0.334543612049963	0.327405965816838
0.33502358853784	0.325569092317666
0.335503565025716	0.323646470493426
0.335983541513593	0.321644281461529
0.33646351800147	0.319570271770789
0.336943494489346	0.317434022597685
0.337423470977223	0.315247140420763
0.337903447465099	0.313023247070811
0.338383423952976	0.310777751831635
0.338863400440852	0.308527277314713
0.339343376928729	0.306288780147487
0.339823353416605	0.304078677025205
0.340303329904482	0.301912200265837
0.340783306392359	0.299802915659218
0.341263282880235	0.297762469820285
0.341743259368112	0.295800558807102
0.342223235855988	0.293925037405297
0.342703212343865	0.292142075193934
0.343183188831741	0.290456412323747
0.343663165319618	0.288871778766197
0.344143141807495	0.287391103342303
0.344623118295371	0.286016588737142
0.345103094783248	0.284749667852743
0.345583071271124	0.28359066387184
0.346063047759001	0.282538271576268
0.346543024246877	0.28158940891188
0.347023000734754	0.280739412840517
0.34750297722263	0.279982449969814
0.347982953710507	0.279312294096436
0.348462930198384	0.278723260380985
0.34894290668626	0.278210738525376
0.349422883174137	0.277771406557657
0.349902859662013	0.277403179783202
0.35038283614989	0.27710492736273
0.350862812637766	0.276876230236006
0.351342789125643	0.276717351559413
0.351822765613519	0.276629132804176
0.352302742101396	0.276612823536343
0.352782718589273	0.276669910384568
0.353262695077149	0.276801705695361
0.353742671565026	0.277008974829152
0.354222648052902	0.277291738481898
0.354702624540779	0.277649251737415
0.355182601028655	0.278080142906008
0.355662577516532	0.278582822546474
0.356142554004409	0.279155830423802
0.356622530492285	0.279797917258081
0.357102506980162	0.280507902227267
0.357582483468038	0.281284260954502
0.358062459955915	0.28212443714191
0.358542436443791	0.283024297074812
0.359022412931668	0.2839779717069
0.359502389419544	0.284978047652654
0.359982365907421	0.286016005441274
0.360462342395298	0.287082858452922
0.360942318883174	0.288169819503919
0.361422295371051	0.289268703591432
0.361902271858927	0.290372082909156
0.362382248346804	0.29147326141691
0.36286222483468	0.292566107469616
0.363342201322557	0.293644847510623
0.363822177810434	0.294703978405318
0.36430215429831	0.295738291904917
0.364782130786187	0.296742789779746
0.365262107274063	0.297712461955587
0.36574208376194	0.298642041921347
0.366222060249816	0.29952593181818
0.366702036737693	0.300358115534922
0.367182013225569	0.30113227029219
0.367661989713446	0.301842153239469
0.368141966201323	0.30248201721149
0.368621942689199	0.3030468140985
0.369101919177076	0.30353235940677
0.369581895664952	0.303935261725242
0.370061872152829	0.304252589003134
0.370541848640705	0.30448158319861
0.371021825128582	0.304619639236461
0.371501801616459	0.304664320320163
0.371981778104335	0.304613624409079
0.372461754592212	0.304466280889064
0.372941731080088	0.304221835576062
0.373421707567965	0.303880584419863
0.373901684055841	0.303443675481893
0.374381660543718	0.302913123327127
0.374861637031594	0.302291804065307
0.375341613519471	0.301583571906956
0.375821590007348	0.300793336426483
0.376301566495224	0.299927034334011
0.376781542983101	0.298991595736874
0.377261519470977	0.297994797445401
0.377741495958854	0.296944781142329
0.37822147244673	0.295849487818774
0.378701448934607	0.294716132289799
0.379181425422484	0.293550719879659
0.37966140191036	0.292357672415462
0.380141378398237	0.29113980194067
0.380621354886113	0.289898488964552
0.38110133137399	0.28863397801244
0.381581307861866	0.287345812392499
0.382061284349743	0.286033391369819
0.382541260837619	0.284696304261192
0.383021237325496	0.283334524107217
0.383501213813373	0.281948435916083
0.383981190301249	0.280538772630888
0.384461166789126	0.279106484532919
0.384941143277002	0.277652697577773
0.385421119764879	0.276178641011402
0.385901096252755	0.274685474618868
0.386381072740632	0.273174045543166
0.386861049228508	0.271644605258761
0.387341025716385	0.270096408199613
0.387821002204262	0.268527166538015
0.388300978692138	0.266932501741541
0.388780955180015	0.265305505261957
0.389260931667891	0.263636572505408
0.389740908155768	0.261913671897834
0.390220884643644	0.260123070953248
0.390700861131521	0.258250438963965
0.391180837619398	0.256282087960432
0.391660814107274	0.254206136053333
0.392140790595151	0.252013567598055
0.392620767083027	0.249699135135455
0.393100743570904	0.247261640176363
0.39358072005878	0.244703588299326
0.394060696546657	0.242030388437385
0.394540673034533	0.239249337386192
0.39502064952241	0.236368330951197
0.395500626010287	0.233394835836689
0.395980602498163	0.230335331942312
0.39646057898604	0.227195429400382
0.396940555473916	0.223980569856228
0.397420531961793	0.220697174069903
0.397900508449669	0.217353603896359
0.398380484937546	0.213960900615372
0.398860461425423	0.21053304303597
0.399340437913299	0.207086754031101
0.399820414401176	0.203640769324274
0.400300390889052	0.200215093622678
0.400780367376929	0.196830280190123
0.401260343864805	0.19350679816772
0.401740320352682	0.190264230983483
0.402220296840558	0.187120682276675
0.402700273328435	0.184092412337846
0.403180249816312	0.18119368594436
0.403660226304188	0.178436754237693
0.404140202792065	0.175832156415577
0.404620179279941	0.173389200549791
0.405100155767818	0.171116558356783
0.405580132255694	0.169022653546522
0.406060108743571	0.167115675539398
0.406540085231447	0.165403097205259
0.407020061719324	0.163890948532764
0.407500038207201	0.162582959997325
0.407980014695077	0.16147987569631
0.408459991182954	0.160579217480144
0.40893996767083	0.15987555475791
0.409419944158707	0.159361111713917
0.409899920646583	0.159026525099607
0.41037989713446	0.158861485214126
0.410859873622337	0.158855148528331
0.411339850110213	0.158996443503509
0.41181982659809	0.159274424354907
0.412299803085966	0.159678709679124
0.412779779573843	0.160199989800059
0.413259756061719	0.160830634940299
0.413739732549596	0.161564897358866
0.414219709037472	0.162398441381306
0.414699685525349	0.163327424937037
0.415179662013226	0.164347520195486
0.415659638501102	0.165452863825942
0.416139614988979	0.166635438690318
0.416619591476855	0.167885166964445
0.417099567964732	0.16919048277386
0.417579544452608	0.170539088965866
0.418059520940485	0.171918963251039
0.418539497428361	0.173319165052075
0.419019473916238	0.174730297402449
0.419499450404115	0.176144647028551
0.419979426891991	0.177556050669767
0.420459403379868	0.178959368221226
0.420939379867744	0.180350068834278
0.421419356355621	0.181724000098149
0.421899332843497	0.183077131754778
0.422379309331374	0.184405433667323
0.422859285819251	0.185705121441785
0.423339262307127	0.186973049516194
0.423819238795004	0.18820708103156
0.42429921528288	0.189406596604363
0.424779191770757	0.190573157526984
0.425259168258633	0.19171110473013
0.42573914474651	0.192827953752032
0.426219121234386	0.19393439534677
0.426699097722263	0.195043730366447
0.42717907421014	0.196170847368799
0.427659050698016	0.197330922278279
0.428139027185893	0.198538030147565
0.428619003673769	0.199804023135615
0.429098980161646	0.201138120619863
0.429578956649522	0.202547107496775
0.430058933137399	0.204035809558306
0.430538909625276	0.205607664422191
0.431018886113152	0.207265295149837
0.431498862601029	0.209010957166108
0.431978839088905	0.210846633247023
0.432458815576782	0.212773912798268
0.432938792064658	0.214793847018875
0.433418768552535	0.216906723435181
0.433898745040411	0.219111738906128
0.434378721528288	0.221406774293105
0.434858698016165	0.223788124234265
0.435338674504041	0.226250194379961
0.435818650991918	0.228785359309658
0.436298627479794	0.231383971019673
0.436778603967671	0.23403433899664
0.437258580455547	0.236722913344791
0.437738556943424	0.239434666519015
0.438218533431301	0.242153546392467
0.438698509919177	0.244863115996934
0.439178486407054	0.247547264329072
0.43965846289493	0.250190514681654
0.440138439382807	0.252778058175083
0.440618415870683	0.255295753496209
0.44109839235856	0.257729991160813
0.441578368846436	0.260067670840104
0.442058345334313	0.262296434473405
0.44253832182219	0.264405009921222
0.443018298310066	0.266383598533087
0.443498274797943	0.268224203453704
0.443978251285819	0.269920530153898
0.444458227773696	0.271467622426211
0.444938204261572	0.272861430110262
0.445418180749449	0.274098300829893
0.445898157237326	0.275174505964505
0.446378133725202	0.276086159903275
0.446858110213079	0.276829476376629
0.447338086700955	0.2774012016985
0.447818063188832	0.277799169129697
0.448298039676708	0.278022877606748
0.448778016164585	0.278073927229522
0.449257992652461	0.277956233662339
0.449737969140338	0.277675848705473
0.450217945628215	0.277240362322068
0.450697922116091	0.27665807063449
0.451177898603968	0.275937185284486
0.451657875091844	0.275085456940237
0.452137851579721	0.274110233684675
0.452617828067597	0.273018878996554
0.453097804555474	0.27181923943395
0.453577781043351	0.270519953400816
0.454057757531227	0.269130408693481
0.454537734019104	0.267660395180555
0.45501771050698	0.266119586872705
0.455497686994857	0.264517111931121
0.455977663482733	0.262861367807285
0.45645763997061	0.261160221158879
0.456937616458486	0.259421472593123
0.457417592946363	0.257653267472141
0.45789756943424	0.25586415976819
0.458377545922116	0.254062930804603
0.458857522409993	0.252258106570218
0.459337498897869	0.250457319857741
0.459817475385746	0.248666849332927
0.460297451873622	0.246891664446227
0.460777428361499	0.245135757529798
0.461257404849375	0.243402654286714
0.461737381337252	0.241696044461669
0.462217357825129	0.240020261126682
0.462697334313005	0.238380337354353
0.463177310800882	0.23678175699133
0.463657287288758	0.235229892189437
0.464137263776635	0.233729374849199
0.464617240264511	0.232283711327263
0.465097216752388	0.230895268224177
0.465577193240265	0.229565516174626
0.466057169728141	0.228295553520831
0.466537146216018	0.22708669760359
0.467017122703894	0.225940898484564
0.467497099191771	0.224860946302721
0.467977075679647	0.223850572764221
0.468457052167524	0.222914507641167
0.4689370286554	0.222058406885779
0.469417005143277	0.221288756834614
0.469896981631154	0.220612815312263
0.47037695811903	0.220038468392345
0.470856934606907	0.219573911673258
0.471336911094783	0.21922727635506
0.47181688758266	0.219006287974038
0.472296864070536	0.218918024590361
0.472776840558413	0.218968772061526
0.47325681704629	0.21916413004589
0.473736793534166	0.219509181535149
0.474216770022043	0.220008672757843
0.474696746509919	0.220667048681113
0.475176722997796	0.221488147898506
0.475656699485672	0.222474494641516
0.476136675973549	0.223626540508627
0.476616652461425	0.22494194768172
0.477096628949302	0.226415095278629
0.477576605437179	0.228037067146041
0.478056581925055	0.229796143726975
0.478536558412932	0.231678625481929
0.479016534900808	0.233669812493773
0.479496511388685	0.235754802445446
0.479976487876561	0.237918997675027
0.480456464364438	0.240148232774924
0.480936440852315	0.242428651209394
0.481416417340191	0.244746450308684
0.481896393828068	0.247087782660487
0.482376370315944	0.249438890635932
0.482856346803821	0.251786466953954
0.483336323291697	0.254118203674674
0.483816299779574	0.256423443929279
0.48429627626745	0.258693839659121
0.484776252755327	0.260924000332514
0.485256229243204	0.263111901731945
0.48573620573108	0.265258863524272
0.486216182218957	0.267369117926908
0.486696158706833	0.269449065969374
0.48717613519471	0.271506199398231
0.487656111682586	0.273548132630103
0.488136088170463	0.275581896400941
0.488616064658339	0.277613588180148
0.489096041146216	0.279648355608685
0.489576017634093	0.281690706272669
0.490055994121969	0.283744897747516
0.490535970609846	0.285815459501341
0.491015947097722	0.287907677218077
0.491495923585599	0.290027811997893
0.491975900073475	0.292182841014469
0.492455876561352	0.294379966063488
0.492935853049228	0.296625745445336
0.493415829537105	0.298925034535593
0.493895806024982	0.301279900140094
0.494375782512858	0.303689014433872
0.494855759000735	0.306147532876684
0.495335735488611	0.308647526082968
0.495815711976488	0.311178689740321
0.496295688464364	0.313729229501411
0.496775664952241	0.316286603376232
0.497255641440118	0.318838090778925
0.497735617927994	0.321371133484342
0.498215594415871	0.323873612213214
0.498695570903747	0.326334134078313
0.499175547391624	0.328742489584919
0.4996555238795	0.331089943366419
0.500135500367377	0.333369292135301
0.500615476855254	0.335574726455631
0.50109545334313	0.337701600499262
0.501575429831007	0.339746053627128
0.502055406318883	0.341704602850139
0.50253538280676	0.34357386266741
0.503015359294636	0.345350445259323
0.503495335782513	0.347030979348088
0.503975312270389	0.348612112657212
0.504455288758266	0.350090500189149
0.504935265246143	0.351462796519288
0.505415241734019	0.352725607514155
0.505895218221896	0.353875478454321
0.506375194709772	0.354908949434622
0.506855171197649	0.355822625804299
0.507335147685525	0.356613216615631
0.507815124173402	0.357277532781287
0.508295100661278	0.357812322658412
0.508775077149155	0.358213979582807
0.509255053637032	0.358478369864795
0.509735030124908	0.358600853047686
0.510215006612785	0.358576532553832
0.510694983100661	0.358400744311041
0.511174959588538	0.358069786981042
0.511654936076414	0.357581534075298
0.512134912564291	0.356935677355067
0.512614889052168	0.356133493697078
0.513094865540044	0.355176979769231
0.513574842027921	0.354067573869566
0.514054818515797	0.352804878141622
0.514534795003674	0.351385685223687
0.51501477149155	0.34980355529569
0.515494747979427	0.34804917949728
0.515974724467303	0.346111540541788
0.51645470095518	0.343979547072806
0.516934677443057	0.341643880419872
0.517414653930933	0.339098576344645
0.51789463041881	0.336342037556667
0.518374606906686	0.333377436118582
0.518854583394563	0.330212716058546
0.519334559882439	0.326860303962949
0.519814536370316	0.323336506411343
0.520294512858193	0.319660724364072
0.520774489346069	0.31585452947559
0.521254465833946	0.311940526177325
0.521734442321822	0.307941038236096
0.522214418809699	0.303876959506011
0.522694395297575	0.299767098860018
0.523174371785452	0.295627871645253
0.523654348273328	0.291473489248301
0.524134324761205	0.287316550593653
0.524614301249082	0.283168661563946
0.525094277736958	0.279040906142477
0.525574254224835	0.274944191783517
0.526054230712711	0.270889290310267
0.526534207200588	0.266886697216286
0.527014183688464	0.262946625384568
0.527494160176341	0.259079096527056
0.527974136664217	0.255293935067139
0.528454113152094	0.25160074271765
0.528934089639971	0.24800882302994
0.529414066127847	0.244527032733217
0.529894042615724	0.24116358934366
0.5303740191036	0.237925977168946
0.530853995591477	0.234820988166579
0.531333972079353	0.231854773952201
0.53181394856723	0.229032886168536
0.532293925055107	0.226360346797033
0.532773901542983	0.223841637772921
0.53325387803086	0.22148055770554
0.533733854518736	0.21927997260939
0.534213831006613	0.217241514685917
0.534693807494489	0.215365267012301
0.535173783982366	0.213649612265789
0.535653760470242	0.212091314916591
0.536133736958119	0.210685881427712
0.536613713445996	0.209428349436297
0.537093689933872	0.208314314561532
0.537573666421749	0.207340607937794
0.538053642909625	0.206505507353383
0.538533619397502	0.205808520274654
0.539013595885378	0.205249723635795
0.539493572373255	0.204828656506523
0.539973548861131	0.204543349433016
0.540453525349008	0.204389706803596
0.540933501836885	0.204361421921706
0.541413478324761	0.204450448631974
0.541893454812638	0.204647878445886
0.542373431300514	0.204944777415012
0.542853407788391	0.205332818111551
0.543333384276267	0.205804603291148
0.543813360764144	0.206353507686485
0.544293337252021	0.206973134047894
0.544773313739897	0.207656901184196
0.545253290227774	0.208397810665688
0.54573326671565	0.209188247289802
0.546213243203527	0.210019893359486
0.546693219691403	0.210883799290577
0.54717319617928	0.211770394099408
0.547653172667157	0.21266931083981
0.548133149155033	0.213569223335716
0.54861312564291	0.214457737259438
0.549093102130786	0.215321567492366
0.549573078618663	0.216147033204318
0.550053055106539	0.216920960741006
0.550533031594416	0.2176317601315
0.551013008082292	0.218270209877648
0.551492984570169	0.218829708213812
0.551972961058045	0.219306083158288
0.552452937545922	0.219696999140963
0.552932914033799	0.220001079548728
0.553412890521675	0.220217187259338
0.553892867009552	0.220344119856882
0.554372843497428	0.220380740178748
0.554852819985305	0.220326594656982
0.555332796473181	0.220182797762139
0.555812772961058	0.219952639360808
0.556292749448935	0.219641911463263
0.556772725936811	0.219258840991573
0.557252702424688	0.2188135186907
0.557732678912564	0.218317019215264
0.558212655400441	0.217780816212105
0.558692631888317	0.217216281372612
0.559172608376194	0.216634385040228
0.559652584864071	0.216045670163362
0.560132561351947	0.21546041577703
0.560612537839824	0.214888692495241
0.5610925143277	0.214340483262603
0.561572490815577	0.213825634967024
0.562052467303453	0.213353648548217
0.56253244379133	0.212933450847282
0.563012420279206	0.212573103085454
0.563492396767083	0.212279261326806
0.56397237325496	0.212056649562561
0.564452349742836	0.211907617850111
0.564932326230713	0.211831749372017
0.565412302718589	0.211825707586838
0.565892279206466	0.211883543150228
0.566372255694342	0.211997342814237
0.566852232182219	0.212158000239981
0.567332208670096	0.212355985753316
0.567812185157972	0.212581942686288
0.568292161645849	0.212827074286735
0.568772138133725	0.213083251118384
0.569252114621602	0.213342937217394
0.569732091109478	0.213599122068677
0.570212067597355	0.213845483443761
0.570692044085231	0.21407652167136
0.571172020573108	0.214287742564974
0.571651997060985	0.2144758851444
0.572131973548861	0.214639145311907
0.572611950036738	0.214777151535206
0.573091926524614	0.214890741829236
0.573571903012491	0.214981552773349
0.574051879500367	0.215051495471386
0.574531855988244	0.215102213733492
0.57501183247612	0.215134639521342
0.575491808963997	0.215148696650918
0.575971785451874	0.215143237068222
0.57645176193975	0.215116275212008
0.576931738427627	0.215065394096203
0.577411714915503	0.214988113280322
0.57789169140338	0.214882264553464
0.578371667891256	0.214746234396171
0.578851644379133	0.214578936888628
0.57933162086701	0.214379535842964
0.579811597354886	0.214147124758237
0.580291573842763	0.213880470644779
0.580771550330639	0.213577812833459
0.581251526818516	0.213236775185078
0.581731503306392	0.212854426072546
0.582211479794269	0.212427465339858
0.582691456282145	0.211952471300433
0.583171432770022	0.211426168373848
0.583651409257899	0.210845673058371
0.584131385745775	0.210208589761003
0.584611362233652	0.209513067745182
0.585091338721528	0.208757734285021
0.585571315209405	0.207941588771218
0.586051291697281	0.207063856109893
0.586531268185158	0.206123895474728
0.587011244673035	0.205121146776147
0.587491221160911	0.204055209306809
0.587971197648788	0.202926089124584
0.588451174136664	0.201734601666017
0.588931150624541	0.200482905198052
0.589411127112417	0.199175015264518
0.589891103600294	0.197817088339557
0.590371080088171	0.196417398221369
0.590851056576047	0.194985955449662
0.591331033063924	0.193533854690938
0.5918110095518	0.192072455687161
0.592290986039677	0.190612667107654
0.592770962527553	0.189164507478016
0.59325093901543	0.187736965222652
0.593730915503306	0.186338114137379
0.594210891991183	0.18497534715662
0.594690868479059	0.183655612966925
0.595170844966936	0.182385508885312
0.595650821454813	0.181171245583734
0.596130797942689	0.180018413161902
0.596610774430566	0.178931661081524
0.597090750918442	0.177914447831964
0.597570727406319	0.17696895361174
0.598050703894195	0.176095971788765
0.598530680382072	0.17529485453049
0.599010656869949	0.174563628491858
0.599490633357825	0.173899222335166
0.599970609845702	0.173297639739202
0.600450586333578	0.172754221341034
0.600930562821455	0.172263765958691
0.601410539309331	0.171820510013952
0.601890515797208	0.171417972808268
0.602370492285085	0.171048775046459
0.602850468772961	0.170704405364211
0.603330445260838	0.170375219960376
0.603810421748714	0.170050716822581
0.604290398236591	0.169719926201677
0.604770374724467	0.169371754415745
0.605250351212344	0.168995365304168
0.60573032770022	0.168580456816312
0.606210304188097	0.168117157150407
0.606690280675974	0.167595674017699
0.60717025716385	0.167005960964255
0.607650233651727	0.166337493485915
0.608130210139603	0.165579204005604
0.60861018662748	0.164719693500596
0.609090163115356	0.163747667785201
0.609570139603233	0.162652640113981
0.610050116091109	0.161425839859836
0.610530092578986	0.160061274724689
0.611010069066863	0.15855646533512
0.611490045554739	0.15691292332951
0.611970022042616	0.155136208880704
0.612449998530492	0.153235411113199
0.612929975018369	0.151222064223547
0.613409951506245	0.149108975069493
0.613889927994122	0.146909093952622
0.614369904481999	0.144634628145156
0.614849880969875	0.142296571148065
0.615329857457752	0.139904694381967
0.615809833945628	0.137467853311637
0.616289810433505	0.134994539363935
0.616769786921381	0.132493456022825
0.617249763409258	0.129974046699067
0.617729739897134	0.127446927286615
0.618209716385011	0.124924199630629
0.618689692872888	0.122419547024638
0.619169669360764	0.119948049665687
0.619649645848641	0.117525695361134
0.620129622336517	0.115168687804981
0.620609598824394	0.112892893980095
0.62108957531227	0.110713270653572
0.621569551800147	0.108643320320002
0.622049528288024	0.106694734704941
0.6225295047759	0.104877061655405
0.623009481263777	0.103197301441531
0.623489457751653	0.101659705700362
0.62396943423953	0.100265788870495
0.624449410727406	0.0990144954953337
0.624929387215283	0.097902710403399
0.625409363703159	0.0969260825541087
0.625889340191036	0.0960797799620321
0.626369316678913	0.0953591427787595
0.626849293166789	0.0947601864372538
0.627329269654666	0.0942797714356255
0.627809246142542	0.0939154936534828
0.628289222630419	0.0936655688211626
0.628769199118295	0.0935286464379948
0.629249175606172	0.0935035300357608
0.629729152094048	0.0935889385892259
0.630209128581925	0.093783290041512
0.630689105069802	0.0940845156524014
0.631169081557678	0.0944900775258768
0.631649058045555	0.0949970811684749
0.632129034533431	0.0956024228255391
0.632609011021308	0.0963029684818409
0.633088987509184	0.0970957220393228
0.633568963997061	0.09797774026508
0.634048940484938	0.0989458498356743
0.634528916972814	0.0999962918224367
0.635008893460691	0.101124403950819
0.635488869948567	0.102324327917501
0.635968846436444	0.10358896730054
0.63644882292432	0.104910208121273
0.636928799412197	0.106279293441621
0.637408775900073	0.107687171028211
0.63788875238795	0.109124713805292
0.638368728875827	0.110582695553846
0.638848705363703	0.112051583947521
0.63932868185158	0.113521301772699
0.639808658339456	0.114981085104769
0.640288634827333	0.116419509718125
0.640768611315209	0.117824859002276
0.641248587803086	0.119185860057559
0.641728564290962	0.120492445571273
0.642208540778839	0.121736384887285
0.642688517266716	0.122911860153768
0.643168493754592	0.124015943571732
0.643648470242469	0.125048758292271
0.644128446730345	0.126013398173558
0.644608423218222	0.126915577535363
0.645088399706098	0.127762990121224
0.645568376193975	0.128564399885004
0.646048352681852	0.129328685388194
0.646528329169728	0.130063982672344
0.647008305657605	0.130777232132454
0.647488282145481	0.131474163435996
0.647968258633358	0.132159640960934
0.648448235121234	0.132838251104726
0.648928211609111	0.133514762906595
0.649408188096988	0.134194086637982
0.649888164584864	0.134880833177916
0.650368141072741	0.135578697807848
0.650848117560617	0.136289654226333
0.651328094048494	0.137013291370353
0.65180807053637	0.137746582881812
0.652288047024247	0.138483981847962
0.652768023512123	0.139217774344265
0.653248	0.139938790973092
0.653727976487877	0.140637184681902
0.654207952975753	0.141303186005699
0.65468792946363	0.141927923618418
0.655167905951506	0.142504138663805
0.655647882439383	0.143026530186848
0.656127858927259	0.143492018283125
0.656607835415136	0.143899856299384
0.657087811903013	0.144251446394982
0.657567788390889	0.144549880455995
0.658047764878766	0.14479945930045
0.658527741366642	0.145005233239954
0.659007717854519	0.145172631995889
0.659487694342395	0.145307245417737
0.659967670830272	0.145414817854246
0.660447647318148	0.145501407822422
0.660927623806025	0.145573556602489
0.661407600293902	0.145638301335829
0.661887576781778	0.145703007215809
0.662367553269655	0.145774995055267
0.662847529757531	0.145861046562755
0.663327506245408	0.145966852651985
0.663807482733284	0.146096598092078
0.664287459221161	0.146252767646605
0.664767435709037	0.146436206503645
0.665247412196914	0.146646303845894
0.665727388684791	0.146881290389515
0.666207365172667	0.147138632088255
0.666687341660544	0.147415436351458
0.66716731814842	0.147708800743377
0.667647294636297	0.14801616342675
0.668127271124173	0.148335661690968
0.66860724761205	0.148666392869358
0.669087224099927	0.149008432139202
0.669567200587803	0.149362632042278
0.67004717707568	0.149730276559103
0.670527153563556	0.150112580765899
0.671007130051433	0.150510151362702
0.671487106539309	0.150922605753499
0.671967083027186	0.151348427907873
0.672447059515062	0.151785136511838
0.672927036002939	0.152229658582262
0.673407012490816	0.152678711341585
0.673886988978692	0.153129096687846
0.674366965466569	0.153577915455868
0.674846941954445	0.154022474932286
0.675326918442322	0.154459997173212
0.675806894930198	0.154887385652695
0.676286871418075	0.155301148938316
0.676766847905951	0.155697439301674
0.677246824393828	0.156072300794725
0.677726800881705	0.156421984106346
0.678206777369581	0.156743275597524
0.678686753857458	0.157033801797521
0.679166730345334	0.157292208400024
0.679646706833211	0.157518106509358
0.680126683321087	0.157712041431444
0.680606659808964	0.157875442645773
0.681086636296841	0.15801054983405
0.681566612784717	0.158120400513332
0.682046589272594	0.158208771935243
0.68252656576047	0.158279994482287
0.683006542248347	0.158338651276398
0.683486518736223	0.158389174851318
0.6839664952241	0.158435328150148
0.684446471711976	0.158479829929571
0.684926448199853	0.158524215115056
0.68540642468773	0.158568945024167
0.685886401175606	0.158613777053573
0.686366377663483	0.158658365017812
0.686846354151359	0.158702774086608
0.687326330639236	0.158747850971668
0.687806307127112	0.158795252257467
0.688286283614989	0.158847025943997
0.688766260102866	0.158904830054121
0.689246236590742	0.158969198586096
0.689726213078619	0.159038878091977
0.690206189566495	0.159110374257334
0.690686166054372	0.159177870102263
0.691166142542248	0.159233537244313
0.691646119030125	0.159268089821492
0.692126095518002	0.159271524052987
0.692606072005878	0.159233907979462
0.693086048493755	0.159146132538639
0.693566024981631	0.159000608938348
0.694046001469508	0.158791807159154
0.694525977957384	0.158516513712651
0.695005954445261	0.158173899671939
0.695485930933137	0.157765465278283
0.695965907421014	0.157294679897978
0.696445883908891	0.156766428151678
0.696925860396767	0.156186468959527
0.697405836884644	0.155561011862219
0.69788581337252	0.154896387419988
0.698365789860397	0.154198968077533
0.698845766348273	0.153475069233017
0.69932574283615	0.15273072322205
0.699805719324026	0.151971378561478
0.700285695811903	0.151201543046796
0.70076567229978	0.150424263407499
0.701245648787656	0.149640813966074
0.701725625275533	0.148850764050698
0.702205601763409	0.14805240064781
0.702685578251286	0.147243367033142
0.703165554739162	0.146421595786828
0.703645531227039	0.145586219459898
0.704125507714916	0.144738009407345
0.704605484202792	0.143879322543094
0.705085460690669	0.143013737398958
0.705565437178545	0.142145473559381
0.706045413666422	0.141278836794051
0.706525390154298	0.140417991300803
0.707005366642175	0.139566922212679
0.707485343130051	0.138729469915298
0.707965319617928	0.137909343959411
0.708445296105805	0.137110071293795
0.708925272593681	0.136334634953669
0.709405249081558	0.135585080189129
0.709885225569434	0.134862272125129
0.710365202057311	0.134165858273118
0.710845178545187	0.133494406829558
0.711325155033064	0.132845923267063
0.71180513152094	0.132218488697341
0.712285108008817	0.131610846166257
0.712765084496694	0.131022738052627
0.71324506098457	0.130455056056663
0.713725037472447	0.129909801827574
0.714205013960323	0.12938995529377
0.7146849904482	0.128899255405365
0.715164966936076	0.128441989003818
0.715644943423953	0.128022785517657
0.71612491991183	0.127646514326498
0.716604896399706	0.127318246038991
0.717084872887583	0.127043249090663
0.717564849375459	0.126827023699557
0.718044825863336	0.126675375619591
0.718524802351212	0.12659457651565
0.719004778839089	0.126591538042152
0.719484755326965	0.126673869976963
0.719964731814842	0.126849824634079
0.720444708302719	0.127128027551102
0.720924684790595	0.127516940202603
0.721404661278472	0.128024172063839
0.721884637766348	0.12865582495948
0.722364614254225	0.129415928100548
0.722844590742101	0.130306137407752
0.723324567229978	0.131325779535384
0.723804543717855	0.132472115112646
0.724284520205731	0.133740711590733
0.724764496693608	0.135125901590771
0.725244473181484	0.136621156519692
0.725724449669361	0.138219333693325
0.726204426157237	0.139912937923594
0.726684402645114	0.141694355670561
0.72716437913299	0.143555881681697
0.727644355620867	0.145489642245328
0.728124332108744	0.147487423565265
0.72860430859662	0.149540376424723
0.729084285084497	0.151638748160765
0.729564261572373	0.153771822407121
0.73004423806025	0.155928097481084
0.730524214548126	0.158095724064225
0.731004191036003	0.160263221058789
0.731484167523879	0.16242020532311
0.731964144011756	0.164557853475783
0.732444120499633	0.16666907395113
0.732924096987509	0.168748357465587
0.733404073475386	0.170791295006386
0.733884049963262	0.172794051323843
0.734364026451139	0.174753004663572
0.734844002939015	0.176664497766849
0.735323979426892	0.178524776472332
0.735803955914769	0.180330024119043
0.736283932402645	0.182076330443834
0.736763908890522	0.183759564479335
0.737243885378398	0.185375272747562
0.737723861866275	0.186918455724345
0.738203838354151	0.188383348154014
0.738683814842028	0.18976337795572
0.739163791329905	0.191051346183487
0.739643767817781	0.192239636748134
0.740123744305658	0.193320546521781
0.740603720793534	0.194286479486754
0.741083697281411	0.195129972056174
0.741563673769287	0.195843619871514
0.742043650257164	0.196420035760662
0.74252362674504	0.196851731079522
0.743003603232917	0.197131189862007
0.743483579720793	0.197251142991085
0.74396355620867	0.197204996969652
0.744443532696547	0.196987293407508
0.744923509184423	0.196594243361191
0.7454034856723	0.196024167337204
0.745883462160176	0.195277884223595
0.746363438648053	0.19435905218087
0.746843415135929	0.193274269789225
0.747323391623806	0.192032822562496
0.747803368111683	0.190646214087404
0.748283344599559	0.189127514824289
0.748763321087436	0.187490538319956
0.749243297575312	0.185748970196785
0.749723274063189	0.18391565294041
0.750203250551065	0.182002143143857
0.750683227038942	0.18001856719726
0.751163203526819	0.177973617552827
0.751643180014695	0.175874629517157
0.752123156502572	0.173727776749111
0.752603132990448	0.171538424578332
0.753083109478325	0.169311372760607
0.753563085966201	0.167050816922419
0.754043062454078	0.164760161253183
0.754523038941954	0.162441787571898
0.755003015429831	0.160096724114868
0.755482991917708	0.157724390552948
0.755962968405584	0.155322674162669
0.756442944893461	0.152888504882204
0.756922921381337	0.150418753318814
0.757402897869214	0.147911238719761
0.75788287435709	0.145365478849598
0.758362850844967	0.142783088042284
0.758842827332843	0.140167857995706
0.75932280382072	0.137525519644129
0.759802780308597	0.134863255572403
0.760282756796473	0.132189287840608
0.76076273328435	0.129512717696625
0.761242709772226	0.126843398318592
0.761722686260103	0.12419176033782
0.762202662747979	0.121568587054015
0.762682639235856	0.118984717357645
0.763162615723733	0.116450662892494
0.763642592211609	0.113976266955776
0.764122568699486	0.111570467746795
0.764602545187362	0.109241188537173
0.765082521675239	0.106995391998255
0.765562498163115	0.104839315593695
0.766042474650992	0.102778810087014
0.766522451138869	0.100819593158361
0.767002427626745	0.0989673018021257
0.767482404114622	0.0972273642210464
0.767962380602498	0.0956047581145829
0.768442357090375	0.0941036576382324
0.768922333578251	0.0927271511717901
0.769402310066128	0.091477167084028
0.769882286554004	0.0903546167893831
0.770362263041881	0.0893597436501823
0.770842239529758	0.0884926114534254
0.771322216017634	0.0877535003273391
0.771802192505511	0.0871431882580706
0.772282168993387	0.0866630722918798
0.772762145481264	0.0863149677513602
0.77324212196914	0.0861006224932982
0.773722098457017	0.086021236401364
0.774202074944893	0.0860770329017653
0.77468205143277	0.0862669293987958
0.775162027920647	0.0865884181052551
0.775642004408523	0.0870376822024006
0.7761219808964	0.0876099285416601
0.776601957384276	0.0882997690741353
0.777081933872153	0.0891014981450417
0.777561910360029	0.0900092099652701
0.778041886847906	0.0910167735734388
0.778521863335783	0.0921176544253449
0.779001839823659	0.0933047482213836
0.779481816311536	0.0945703925168761
0.779961792799412	0.0959064962774355
0.780441769287289	0.097304820570912
0.780921745775165	0.0987573531783328
0.781401722263042	0.100256629934056
0.781881698750919	0.101795870644217
0.782361675238795	0.103369018260167
0.782841651726672	0.104970658084631
0.783321628214548	0.106595931711939
0.783801604702425	0.108240506082886
0.784281581190301	0.109900721476134
0.784761557678178	0.111573774198747
0.785241534166054	0.113258079350454
0.785721510653931	0.114953557268339
0.786201487141807	0.116661688516448
0.786681463629684	0.118385207015758
0.787161440117561	0.120127736223977
0.787641416605437	0.121893311489311
0.788121393093314	0.12368589820455
0.78860136958119	0.125508851120503
0.789081346069067	0.127364419348682
0.789561322556943	0.129253216328804
0.79004129904482	0.131173784493721
0.790521275532697	0.133122211093057
0.791001252020573	0.135091953266001
0.79148122850845	0.137074002558003
0.791961204996326	0.139057435432097
0.792441181484203	0.14103012185937
0.792921157972079	0.142979559526013
0.793401134459956	0.144893710112719
0.793881110947833	0.146761664380085
0.794361087435709	0.148573959564906
0.794841063923586	0.150322631123888
0.795321040411462	0.152001134755346
0.795801016899339	0.153604270726658
0.796280993387215	0.155128114880853
0.796760969875092	0.156569967851276
0.797240946362968	0.157928201399104
0.797720922850845	0.159202024832824
0.798200899338722	0.160391302894785
0.798680875826598	0.161496346502626
0.799160852314475	0.162517550947262
0.799640828802351	0.163455122127817
0.800120805290228	0.164309013842299
0.800600781778104	0.16507899329544
0.801080758265981	0.165764943050716
0.801560734753857	0.166367499962291
0.802040711241734	0.16688846254281
0.802520687729611	0.167330845167342
0.803000664217487	0.167698699076432
0.803480640705364	0.167996566822181
0.80396061719324	0.168228732113088
0.804440593681117	0.168398714088145
0.804920570168993	0.168509020880916
0.80540054665687	0.168561149832402
0.805880523144747	0.168556008051134
0.806360499632623	0.168494572094236
0.8068404761205	0.168378363203952
0.807320452608376	0.168209795966277
0.807800429096253	0.167992400350044
0.808280405584129	0.167730819916293
0.808760382072006	0.167430597910517
0.809240358559882	0.167097990560865
0.809720335047759	0.166739756242897
0.810200311535636	0.166362939149335
0.810680288023512	0.165974649798611
0.811160264511389	0.165581962597576
0.811640240999265	0.165191887331454
0.812120217487142	0.164811398488444
0.812600193975018	0.164447477743756
0.813080170462895	0.164107076659033
0.813560146950772	0.163796869470818
0.814040123438648	0.163523104342874
0.814520099926525	0.163291478044605
0.815000076414401	0.163106897956506
0.815480052902278	0.16297330013362
0.815960029390154	0.162893656484025
0.816440005878031	0.16286989884052
0.816919982365907	0.162902882542781
0.817399958853784	0.162992510374438
0.817879935341661	0.163137904230053
0.818359911829537	0.163337639134788
0.818839888317414	0.163590203713994
0.81931986480529	0.163894466546366
0.819799841293167	0.164250018581111
0.820279817781043	0.164657479515264
0.82075979426892	0.165118680521724
0.821239770756796	0.165636589430146
0.821719747244673	0.166215137259103
0.82219972373255	0.166859035166478
0.822679700220426	0.167573549763658
0.823159676708303	0.168364247360809
0.823639653196179	0.169236829781381
0.824119629684056	0.170197045357785
0.824599606171932	0.171250693912563
0.825079582659809	0.172403627369137
0.825559559147686	0.173661714304041
0.826039535635562	0.175030651135431
0.826519512123439	0.176515624591761
0.826999488611315	0.17812083017361
0.827479465099192	0.179849004276616
0.827959441587068	0.181701068281936
0.828439418074945	0.183675944631902
0.828919394562821	0.185770584453535
0.829399371050698	0.187980221996278
0.829879347538575	0.190298723507267
0.830359324026451	0.192718963094806
0.830839300514328	0.195233192449337
0.831319277002204	0.197833404171216
0.831799253490081	0.200511682146108
0.832279229977957	0.203260508800798
0.832759206465834	0.206072954841896
0.83323918295371	0.20894273296881
0.833719159441587	0.21186410247718
0.834199135929464	0.214831609464398
0.83467911241734	0.217839804469495
0.835159088905217	0.2208830581649
0.835639065393093	0.223955488748641
0.83611904188097	0.227050965110323
0.836599018368846	0.230163171421717
0.837078994856723	0.233285600606156
0.8375589713446	0.236411445146203
0.838038947832476	0.239533534774233
0.838518924320353	0.242644240432271
0.838998900808229	0.245735349742718
0.839478877296106	0.24879794873838
0.839958853783982	0.251822300493324
0.840438830271859	0.254797616313719
0.840918806759736	0.257711865739221
0.841398783247612	0.260551671100728
0.841878759735489	0.263302408440991
0.842358736223365	0.265948556930713
0.842838712711242	0.268474253029821
0.843318689199118	0.270863889667787
0.843798665686995	0.273102765175506
0.844278642174871	0.275177573767351
0.844758618662748	0.27707659753485
0.845238595150624	0.278789694838124
0.845718571638501	0.280308200886358
0.846198548126378	0.281624719391991
0.846678524614254	0.282733029608489
0.847158501102131	0.283628109541003
0.847638477590007	0.284306177226828
0.848118454077884	0.284764820966588
0.84859843056576	0.285003275771507
0.849078407053637	0.285022576694789
0.849558383541514	0.284825582066845
0.85003836002939	0.284417052062177
0.850518336517267	0.283803845194972
0.850998313005143	0.282994998801751
0.85147828949302	0.282001620980747
0.851958265980896	0.280836562830132
0.852438242468773	0.279513841047767
0.85291821895665	0.278047753125301
0.853398195444526	0.276451882349939
0.853878171932403	0.274738141994605
0.854358148420279	0.272916148834903
0.854838124908156	0.270992955598995
0.855318101396032	0.268973161491853
0.855798077883909	0.266859167025879
0.856278054371786	0.264651562802514
0.856758030859662	0.262349595223241
0.857238007347539	0.259951666646097
0.857717983835415	0.257455759236086
0.858197960323292	0.254859908962967
0.858677936811168	0.252162641284957
0.859157913299045	0.249363275822225
0.859637889786921	0.246461994745138
0.860117866274798	0.243459725482972
0.860597842762674	0.240357898652971
0.861077819250551	0.237158311547794
0.861557795738428	0.233863119185494
0.862037772226304	0.230475026499441
0.862517748714181	0.22699751571738
0.862997725202057	0.223435083171168
0.863477701689934	0.219793311269198
0.86395767817781	0.216078874640407
0.864437654665687	0.212299324479565
0.864917631153564	0.208462742715888
0.86539760764144	0.204577310018533
0.865877584129317	0.200651028785616
0.866357560617193	0.196691433337281
0.86683753710507	0.19270533834356
0.867317513592946	0.188698628596194
0.867797490080823	0.184676180597315
0.8682774665687	0.180641853161297
0.868757443056576	0.176598668483901
0.869237419544453	0.172549129471967
0.869717396032329	0.168495770411207
0.870197372520206	0.164441722113247
0.870677349008082	0.160391212268807
0.871157325495959	0.156349777982122
0.871637301983835	0.152324266419837
0.872117278471712	0.148322594787899
0.872597254959589	0.144353386621926
0.873077231447465	0.140425565812905
0.873557207935342	0.136548092839531
0.874037184423218	0.132729985755737
0.874517160911095	0.128980458679691
0.874997137398971	0.125309006944406
0.875477113886848	0.121725469341072
0.875957090374724	0.118239932792199
0.876437066862601	0.114862390351272
0.876917043350478	0.111602284208306
0.877397019838354	0.108468093515562
0.877876996326231	0.105466956243817
0.878356972814107	0.102604473684391
0.878836949301984	0.099884763674771
0.87931692578986	0.0973106917532975
0.879796902277737	0.0948841887216555
0.880276878765614	0.0926066020974687
0.88075685525349	0.0904789371875726
0.881236831741367	0.0885019994595304
0.881716808229243	0.086676392616448
0.88219678471712	0.0850024139605978
0.882676761204996	0.0834798863590409
0.883156737692873	0.0821080666236924
0.88363671418075	0.0808856664972656
0.884116690668626	0.0798110039383287
0.884596667156503	0.0788820875859773
0.885076643644379	0.0780966633765114
0.885556620132256	0.0774522964385206
0.886036596620132	0.0769465248776881
0.886516573108009	0.0765768997648004
0.886996549595885	0.0763410174547041
0.887476526083762	0.0762365216583671
0.887956502571638	0.0762610349672928
0.888436479059515	0.076411956287572
0.888916455547392	0.0766861770253487
0.889396432035268	0.0770797885555329
0.889876408523145	0.0775879017629645
0.890356385011021	0.078204515529502
0.890836361498898	0.0789224387854118
0.891316337986774	0.0797333382029538
0.891796314474651	0.0806279638975977
0.892276290962528	0.081596382499195
0.892756267450404	0.0826282445513215
0.893236243938281	0.0837130741455942
0.893716220426157	0.0848406004893845
0.894196196914034	0.08600098733144
0.89467617340191	0.0871847878318918
0.895156149889787	0.0883825942367635
0.895636126377664	0.0895844369697857
0.89611610286554	0.0907792752969352
0.896596079353417	0.0919547750761604
0.897076055841293	0.0930974286458059
0.89755603232917	0.0941930898397558
0.898036008817046	0.0952278881906943
0.898515985304923	0.0961892077769018
0.898995961792799	0.0970665005645719
0.899475938280676	0.0978520431352747
0.899955914768553	0.0985414615365157
0.900435891256429	0.0991337790385225
0.900915867744306	0.0996312093697977
0.901395844232182	0.100038762854229
0.901875820720059	0.100363711931395
0.902355797207935	0.100614908529496
0.902835773695812	0.100802046937894
0.903315750183688	0.10093473897123
0.903795726671565	0.101021667611979
0.904275703159442	0.101069938452621
0.904755679647318	0.101084601995144
0.905235656135195	0.101068476476586
0.905715632623071	0.101022452255
0.906195609110948	0.100946164706251
0.906675585598824	0.100838833788744
0.907155562086701	0.100700145408511
0.907635538574578	0.100531009507281
0.908115515062454	0.100333862253532
0.908595491550331	0.100112558217215
0.909075468038207	0.0998720415078235
0.909555444526084	0.0996178779493664
0.91003542101396	0.0993558036478008
0.910515397501837	0.0990915772330939
0.910995373989713	0.0988310100019503
0.91147535047759	0.0985799775772001
0.911955326965467	0.0983445813723704
0.912435303453343	0.098131347673989
0.91291527994122	0.0979471624372656
0.913395256429096	0.0977990957824335
0.913875232916973	0.0976942879689618
0.914355209404849	0.0976396504540721
0.914835185892726	0.0976414486568853
0.915315162380603	0.0977050241152019
0.915795138868479	0.0978345207046156
0.916275115356356	0.098032596603953
0.916755091844232	0.098300351297219
0.917235068332109	0.0986374324546621
0.917715044819985	0.0990422150206892
0.918195021307862	0.0995121643953078
0.918674997795738	0.100044215580779
0.919154974283615	0.100635058073017
0.919634950771492	0.101281314791083
0.920114927259368	0.101979595295096
0.920594903747245	0.102726376258132
0.921074880235121	0.103517738956984
0.921554856722998	0.10434913139252
0.922034833210874	0.105215266147339
0.922514809698751	0.106110237838703
0.922994786186627	0.107027826875379
0.923474762674504	0.107961986606878
0.923954739162381	0.108907402279403
0.924434715650257	0.109860011040758
0.924914692138134	0.110817326599313
0.92539466862601	0.111778574130802
0.925874645113887	0.112744649947223
0.926354621601763	0.113717936112364
0.92683459808964	0.114701940263992
0.927314574577517	0.115700814751962
0.927794551065393	0.116718711719353
0.92827452755327	0.117759105044775
0.928754504041146	0.118824111057325
0.929234480529023	0.119913991723866
0.929714457016899	0.121026987559171
0.930194433504776	0.122159575015283
0.930674409992652	0.123307087542007
0.931154386480529	0.125174169594386
0.931634362968406	0.126963684427081
0.932114339456282	0.128660839764489
0.932594315944159	0.130258988043929
0.933074292432035	0.13175828338606
0.933554268919912	0.133163740664193
0.934034245407788	0.13448338107842
0.934514221895665	0.135726753082343
0.934994198383541	0.136903880264192
0.935474174871418	0.13802457801934
0.935954151359295	0.139098057914536
0.936434127847171	0.140132734171597
0.936914104335048	0.141136161798491
0.937394080822924	0.14211505544568
0.937874057310801	0.143075352199012
0.938354033798677	0.144022289194558
0.938834010286554	0.144960485510602
0.939313986774431	0.145894014489561
0.939793963262307	0.146826462175787
0.940273939750184	0.14776097375118
0.94075391623806	0.148700294807076
0.941233892725937	0.149646806074433
0.941713869213813	0.150602558825662
0.94219384570169	0.151569314088466
0.942673822189567	0.152548582044471
0.943153798677443	0.153541657995588
0.94363377516532	0.154549645013431
0.944113751653196	0.155573461105697
0.944593728141073	0.156613831373081
0.945073704628949	0.157671273281002
0.945553681116826	0.158746083266972
0.946033657604702	0.159838337475334
0.946513634092579	0.160947911332669
0.946993610580456	0.162074517492274
0.947473587068332	0.163217753527737
0.947953563556209	0.164377150178066
0.948433540044085	0.165552210663466
0.948913516531962	0.166742440683822
0.949393493019838	0.167947361486616
0.949873469507715	0.169166510572851
0.950353445995591	0.170399435794821
0.950833422483468	0.1716456893264
0.951313398971345	0.172904821221036
0.951793375459221	0.174176376343062
0.952273351947098	0.17545989117864
0.952753328434974	0.176754890523463
0.953233304922851	0.178060884979282
0.953713281410727	0.179377368490237
0.954193257898604	0.1807038159266
0.954673234386481	0.18203968480232
0.955153210874357	0.18338442110184
0.955633187362234	0.184737468006163
0.95611316385011	0.186098276796833
0.956593140337987	0.18746631878115
0.957073116825863	0.188841092381513
0.95755309331374	0.190222125597923
0.958033069801617	0.191608974782256
0.958513046289493	0.193001218013552
0.95899302277737	0.194398445902483
0.959472999265246	0.19580025478915
0.959952975753123	0.197206242439823
0.960432952240999	0.19861600612855
0.960912928728876	0.200029143275495
0.961392905216752	0.201445254162262
0.961872881704629	0.202863944567901
0.962352858192505	0.204284828538335
0.962832834680382	0.205707530724598
0.963312811168259	0.207131688360463
0.963792787656135	0.20855695185051
0.964272764144012	0.209982985613949
0.964752740631888	0.211409468739821
0.965232717119765	0.212836094954943
0.965712693607641	0.21426257146748
0.966192670095518	0.21568861870043
0.966672646583395	0.217113971415562
0.967152623071271	0.218538381291121
0.967632599559148	0.219961619160041
0.968112576047024	0.221383478420849
0.968592552534901	0.222803777489504
0.969072529022777	0.224222359206873
0.969552505510654	0.22563908699555
0.970032481998531	0.227053837949649
0.970512458486407	0.228466493528288
0.970992434974284	0.22987693061519
0.97147241146216	0.23128501575931
0.971952387950037	0.232690602595328
0.972432364437913	0.234093532887823
0.97291234092579	0.235493642694898
0.973392317413666	0.236890773113245
0.973872293901543	0.238284781803966
0.97435227038942	0.239675554722194
0.974832246877296	0.241063017427406
0.975312223365173	0.242447145539431
0.975792199853049	0.243827971399479
0.976272176340926	0.245205585827431
0.976752152828802	0.246580130174095
0.977232129316679	0.247951781404957
0.977712105804555	0.249320729422771
0.978192082292432	0.250687150696843
0.978672058780309	0.252051184919369
0.979152035268185	0.253412922888081
0.979632011756062	0.254772409396523
