0	0.0215521605158446
0.000479976413935433	0.02321495622139
0.000959952827870866	0.0248811924490351
0.0014399292418063	0.0265507554247539
0.00191990565574173	0.0282235353738476
0.00239988206967717	0.0298994277243569
0.0028798584836126	0.0315783326530685
0.00335983489754803	0.0332601534935563
0.00383981131148347	0.034944794702171
0.0043197877254189	0.0366321577380172
0.00479976413935433	0.0383221353624607
0.00527974055328977	0.0400146049803903
0.0057597169672252	0.0417094211717024
0.00623969338116063	0.0434064120759646
0.00671966979509606	0.0451053809312292
0.0071996462090315	0.0468061089152835
0.00767962262296693	0.0485083587256731
0.00815959903690236	0.0502118784759109
0.0086395754508378	0.0519164026873106
0.00911955186477323	0.0536216507134619
0.00959952827870866	0.0553273258914717
0.0100795046926441	0.0570331156307001
0.0105594811065795	0.0587386925799403
0.011039457520515	0.0604437191638835
0.0115194339344504	0.0621478538782064
0.0119994103483858	0.063850756103124
0.0124793867623213	0.0655520896114291
0.0129593631762567	0.0672515247261332
0.0134393395901921	0.0689487387850127
0.0139193160041276	0.0706434152556825
0.014399292418063	0.0723352436696506
0.0148792688319984	0.0740239198810218
0.0153592452459339	0.0757091466353418
0.0158392216598693	0.0773906349198535
0.0163191980738047	0.0790681040754794
0.0167991744877402	0.0807412804350163
0.0172791509016756	0.0824098948845897
0.017759127315611	0.0840736794612314
0.0182391037295465	0.0857323628759784
0.0187190801434819	0.0873856673451354
0.0191990565574173	0.0890333074496186
0.0196790329713528	0.0906749911520425
0.0201590093852882	0.0923104231571441
0.0206389857992236	0.0939393101567908
0.0211189622131591	0.0955613655371977
0.0215989386270945	0.0971763135329365
0.0220789150410299	0.098783892576937
0.0225588914549654	0.100383857246951
0.0230388678689008	0.101975978874665
0.0235188442828362	0.103560047015153
0.0239988206967717	0.105135871337683
0.0244787971107071	0.106703283665474
0.0249587735246425	0.108262140173994
0.025438749938578	0.109812323758265
0.0259187263525134	0.111353746931711
0.0263987027664488	0.112886355951317
0.0268786791803843	0.114410133502665
0.0273586555943197	0.115925099344765
0.0278386320082551	0.117431309199715
0.0283186084221906	0.118928851861887
0.028798584836126	0.120417844224692
0.0292785612500614	0.121898427892686
0.0297585376639969	0.123370768842089
0.0302385140779323	0.124835061181529
0.0307184904918677	0.126291536556767
0.0311984669058032	0.127740475306672
0.0316784433197386	0.12918221457973
0.032158419733674	0.130617153604294
0.0326383961476095	0.132045755513616
0.0331183725615449	0.133468544153416
0.0335983489754803	0.134886100577672
0.0340783253894158	0.136299065569522
0.0345583018033512	0.137708149369645
0.0350382782172866	0.139114144762162
0.0355182546312221	0.14051794196228
0.0359982310451575	0.141920540656628
0.0364782074590929	0.143323059640833
0.0369581838730284	0.14472674415442
0.0374381602869638	0.146132970398064
0.0379181367008992	0.147543249109053
0.0383981131148347	0.148959235961116
0.0388780895287701	0.150382743426048
0.0393580659427055	0.151815750667398
0.039838042356641	0.15326041194373
0.0403180187705764	0.154719065254119
0.0407979951845118	0.156194239758923
0.0412779715984473	0.157688667018202
0.0417579480123827	0.159205295655876
0.0422379244263181	0.160747305803654
0.0427179008402536	0.162318117633331
0.043197877254189	0.163921383911334
0.0436778536681244	0.165560947036968
0.0441578300820599	0.167240737306793
0.0446378064959953	0.168964584893077
0.0451177829099307	0.170735908740246
0.0455977593238662	0.172557243545313
0.0460777357378016	0.174429573616734
0.046557712151737	0.176351458559242
0.0470376885656725	0.178317976347526
0.0475176649796079	0.180319608418037
0.0479976413935433	0.182341361028869
0.0484776178074788	0.184362702344946
0.0489575942214142	0.186359243284446
0.0494375706353496	0.187822546811434
0.0499175470492851	0.189194196096679
0.0503975234632205	0.190465820348127
0.0508774998771559	0.191630707109116
0.0513574762910914	0.192683901232207
0.0518374527050268	0.193622109858181
0.0523174291189622	0.194443566228673
0.0527974055328977	0.195147947550896
0.0532773819468331	0.195736261480938
0.0537573583607685	0.196210603496798
0.054237334774704	0.196573885391894
0.0547173111886394	0.196829466556682
0.0551972876025748	0.196980839932887
0.0556772640165102	0.197031507327979
0.0561572404304457	0.196985079774808
0.0566372168443811	0.196845467262763
0.0571171932583166	0.196617106230125
0.057597169672252	0.196305086736606
0.0580771460861874	0.195915099016335
0.0585571225001228	0.195453180638733
0.0590370989140583	0.194925441820076
0.0595170753279937	0.194337826620101
0.0599970517419292	0.193696111425549
0.0604770281558646	0.193006089586656
0.0609570045698	0.19227384335793
0.0614369809837354	0.191505918854949
0.0619169573976709	0.190709393402301
0.0623969338116063	0.189891817999519
0.0628769102255417	0.1890610253882
0.0633568866394772	0.188224958488364
0.0638368630534126	0.187391638792153
0.064316839467348	0.186569127562981
0.0647968158812835	0.185765492995536
0.0652767922952189	0.184988719770251
0.0657567687091544	0.184246558721272
0.0662367451230898	0.183546217029347
0.0667167215370252	0.182894019497006
0.0671966979509606	0.182295067014053
0.0676766743648961	0.181752982874178
0.0681566507788315	0.181269781096321
0.0686366271927669	0.180845958804051
0.0691166036067024	0.180480729948346
0.0695965800206378	0.180172412389662
0.0700765564345733	0.1799188738592
0.0705565328485087	0.179717857063293
0.0710365092624441	0.179567087374988
0.0715164856763795	0.179464313221191
0.071996462090315	0.179407133863986
0.0724764385042504	0.179392687791903
0.0729564149181858	0.179417394339864
0.0734363913321213	0.179476871883433
0.0739163677460567	0.179565975614797
0.0743963441599921	0.179679058022744
0.0748763205739276	0.179810423590791
0.075356296987863	0.179954830952413
0.0758362734017985	0.18010792683923
0.0763162498157339	0.180266545869058
0.0767962262296693	0.180428762443964
0.0772762026436047	0.180593666324891
0.0777561790575402	0.180760878431753
0.0782361554714756	0.180929942833449
0.078716131885411	0.181099722651022
0.0791961082993465	0.181267988162854
0.0796760847132819	0.181431348900234
0.0801560611272173	0.181585541657635
0.0806360375411528	0.181725911018705
0.0811160139550882	0.181847913954626
0.0815959903690236	0.18194753819534
0.0820759667829591	0.182021437916946
0.0825559431968945	0.18206681638135
0.0830359196108299	0.182081268366838
0.0835158960247654	0.182062742215818
0.0839958724387008	0.182009569804533
0.0844758488526362	0.181920645272513
0.0849558252665717	0.181795673630191
0.0854358016805071	0.181635385511524
0.0859157780944425	0.181441586497413
0.086395754508378	0.181217035547687
0.0868757309223134	0.180965189711226
0.0873557073362488	0.180689997836221
0.0878356837501843	0.180395667738882
0.0883156601641197	0.180086431384071
0.0887956365780551	0.179766297413136
0.0892756129919906	0.179438816890533
0.089755589405926	0.17910684565691
0.0902355658198614	0.178772456864281
0.0907155422337969	0.178436962610608
0.0911955186477323	0.178100931354658
0.0916754950616677	0.177764249917358
0.0921554714756032	0.177426273833966
0.0926354478895386	0.177085972882262
0.093115424303474	0.176742117003193
0.0935954007174095	0.17639358553385
0.0940753771313449	0.176039683999992
0.0945553535452803	0.175680382729126
0.0950353299592158	0.175316509815719
0.0955153063731512	0.174949862478459
0.0959952827870866	0.174583113520316
0.0964752592010221	0.17421966498513
0.0969552356149575	0.173863347033815
0.0974352120288929	0.173518016557154
0.0979151884428284	0.173187140899009
0.0983951648567638	0.172873482555938
0.0988751412706992	0.172578708884644
0.0993551176846347	0.172303095920213
0.0998350940985701	0.172045374144621
0.100315070512506	0.1718027424234
0.100795046926441	0.171571022444252
0.101275023340376	0.171345068380483
0.101754999754312	0.171119192115199
0.102234976168247	0.170887573520939
0.102714952582183	0.170644629591801
0.103194928996118	0.170385348498327
0.103674905410054	0.170105420427999
0.104154881823989	0.169801360096313
0.104634858237924	0.169470558738822
0.10511483465186	0.169111274383779
0.105594811065795	0.168722577348595
0.106074787479731	0.168304310279546
0.106554763893666	0.16785702021938
0.107034740307602	0.167381835783095
0.107514716721537	0.166880281206428
0.107994693135472	0.166354237315817
0.108474669549408	0.165805923769927
0.108954645963343	0.165237798098388
0.109434622377279	0.164652408948627
0.109914598791214	0.1640522340689
0.11039457520515	0.163439374007835
0.110874551619085	0.162815216791873
0.11135452803302	0.162180217345953
0.111834504446956	0.161533809543177
0.112314480860891	0.160874468353247
0.112794457274827	0.16019998751442
0.113274433688762	0.159507807968529
0.113754410102698	0.158795324805106
0.114234386516633	0.158060184186836
0.114714362930569	0.157300542347003
0.115194339344504	0.156515271807021
0.115674315758439	0.155704279936217
0.116154292172375	0.154868964054125
0.11663426858631	0.154012499510075
0.117114245000246	0.153139741898898
0.117594221414181	0.152256757468665
0.118074197828117	0.151370083187617
0.118554174242052	0.150485822779764
0.119034150655987	0.149608926783295
0.119514127069923	0.148742789863619
0.119994103483858	0.14788920520083
0.120474079897794	0.147048732158531
0.120954056311729	0.146221308736797
0.121434032725665	0.145406658982753
0.1219140091396	0.14460448884441
0.122393985553535	0.143814529730923
0.122873961967471	0.14303640878177
0.123353938381406	0.142269529947651
0.123833914795342	0.141513220072436
0.124313891209277	0.140766931624226
0.124793867623213	0.140030447163608
0.125273844037148	0.139304108147707
0.125753820451083	0.138588737799657
0.126233796865019	0.137885225478948
0.126713773278954	0.137194124818238
0.12719374969289	0.136515294153367
0.127673726106825	0.135847550811347
0.128153702520761	0.135188624295805
0.128633678934696	0.134535431637067
0.129113655348632	0.133884410302178
0.129593631762567	0.133231914178258
0.130073608176502	0.132574604847946
0.130553584590438	0.131909581220018
0.131033561004373	0.13123439380642
0.131513537418309	0.130547171580614
0.131993513832244	0.12984682913616
0.13247349024618	0.129133126961016
0.132953466660115	0.128406773396417
0.13343344307405	0.127669564324217
0.133913419487986	0.126924325071551
0.134393395901921	0.126174529576908
0.134873372315857	0.12542389209024
0.135353348729792	0.124675908416718
0.135833325143728	0.123933339026318
0.136313301557663	0.123197891278653
0.136793277971598	0.122470194395904
0.137273254385534	0.121749834192509
0.137753230799469	0.121035482610844
0.138233207213405	0.120325141276602
0.13871318362734	0.119616337789366
0.139193160041276	0.118906211722859
0.139673136455211	0.118191705901263
0.140153112869147	0.117469767649927
0.140633089283082	0.116737520744794
0.141113065697017	0.115992506920271
0.141593042110953	0.115233046877835
0.142073018524888	0.114458673953703
0.142552994938824	0.113670556150312
0.143032971352759	0.112871802667443
0.143512947766695	0.112067507534481
0.14399292418063	0.111264504316053
0.144472900594565	0.110470860892926
0.144952877008501	0.109695221073893
0.145432853422436	0.10894612789277
0.145912829836372	0.10823130307127
0.146392806250307	0.107556997797341
0.146872782664243	0.106927532140398
0.147352759078178	0.106345125272299
0.147832735492113	0.10580996874041
0.148312711906049	0.105320567857262
0.148792688319984	0.10487430479951
0.14927266473392	0.104468100214327
0.149752641147855	0.104099054409083
0.150232617561791	0.10376505469316
0.150712593975726	0.103465167760693
0.151192570389661	0.103199858921466
0.151672546803597	0.102970978726994
0.152152523217532	0.102781518461168
0.152632499631468	0.102635043533436
0.153112476045403	0.10253507037711
0.153592452459339	0.102484413581056
0.154072428873274	0.102484665434442
0.154552405287209	0.102535875611385
0.155032381701145	0.102636553565184
0.15551235811508	0.10278398361508
0.155992334529016	0.10297475955888
0.156472310942951	0.103205280391017
0.156952287356887	0.103472107974122
0.157432263770822	0.103772110166944
0.157912240184758	0.104102527231235
0.158392216598693	0.104460861537031
0.158872193012628	0.104844712957125
0.159352169426564	0.105251599620325
0.159832145840499	0.105678853656684
0.160312122254435	0.106123536156182
0.16079209866837	0.106582444617328
0.161272075082306	0.10705222834959
0.161752051496241	0.107529735186891
0.162232027910176	0.10801243783745
0.162712004324112	0.108498730353906
0.163191980738047	0.108987990326989
0.163671957151983	0.109480491116025
0.164151933565918	0.109977055584337
0.164631909979854	0.110478563747337
0.165111886393789	0.110985533916488
0.165591862807724	0.111497917130674
0.16607183922166	0.112015038499062
0.166551815635595	0.112535768125787
0.167031792049531	0.113058797737149
0.167511768463466	0.113582926054502
0.167991744877402	0.114107432380948
0.168471721291337	0.114632432102262
0.168951697705272	0.115158972396061
0.169431674119208	0.115688941515956
0.169911650533143	0.116224797948739
0.170391626947079	0.116769020363328
0.170871603361014	0.117323401479431
0.17135157977495	0.117888479305783
0.171831556188885	0.118463239588955
0.172311532602821	0.11904524463644
0.172791509016756	0.119631113300607
0.173271485430691	0.120217073487642
0.173751461844627	0.120799464002918
0.174231438258562	0.121375139583022
0.174711414672498	0.121941720139714
0.175191391086433	0.122497617718303
0.175671367500369	0.123041988386724
0.176151343914304	0.123574585601136
0.176631320328239	0.124095554792308
0.177111296742175	0.124605198056046
0.17759127315611	0.125103663072877
0.178071249570046	0.125590646211643
0.178551225983981	0.126065278805763
0.179031202397917	0.126526142172035
0.179511178811852	0.126971372336273
0.179991155225787	0.127398860290196
0.180471131639723	0.12780649081216
0.180951108053658	0.128192299289752
0.181431084467594	0.128554592730816
0.181911060881529	0.128892010220099
0.182391037295465	0.129203596555922
0.1828710137094	0.129488957238418
0.183350990123335	0.129748417094759
0.183830966537271	0.129983034808962
0.184310942951206	0.130194492700691
0.184790919365142	0.130384953653691
0.185270895779077	0.130556856048808
0.185750872193013	0.130712745331253
0.186230848606948	0.130855205334091
0.186710825020884	0.130986844153507
0.187190801434819	0.131110317858309
0.187670777848754	0.131228402952366
0.18815075426269	0.131344154810132
0.188630730676625	0.131461084007364
0.189110707090561	0.131583214640756
0.189590683504496	0.131714996300312
0.190070659918432	0.131861068936747
0.190550636332367	0.13202587765946
0.191030612746302	0.132213258395309
0.191510589160238	0.132426072296386
0.191990565574173	0.132665994481581
0.192470541988109	0.132933453125557
0.192950518402044	0.133227794756794
0.19343049481598	0.133547515499532
0.193910471229915	0.133890492476417
0.19439044764385	0.134254247398489
0.194870424057786	0.134636170649913
0.195350400471721	0.135033622437536
0.195830376885657	0.135444089294552
0.196310353299592	0.135865408182398
0.196790329713528	0.136295785837276
0.197270306127463	0.136733660489271
0.197750282541398	0.137177535522379
0.198230258955334	0.137625648632144
0.198710235369269	0.138075661704008
0.199190211783205	0.138524442300662
0.19967018819714	0.138967924094255
0.200150164611076	0.139401055711217
0.200630141025011	0.13981802081934
0.201110117438947	0.14021257718141
0.201590093852882	0.140578452208019
0.202070070266817	0.140909935760399
0.202550046680753	0.141202539961103
0.203030023094688	0.141453411535508
0.203509999508624	0.141661564311113
0.203989975922559	0.141827917621637
0.204469952336495	0.141955144602984
0.20494992875043	0.142047371024105
0.205429905164365	0.142109857350008
0.205909881578301	0.142148738185204
0.206389857992236	0.142170944096509
0.206869834406172	0.142184135077735
0.207349810820107	0.142196516605557
0.207829787234043	0.14221638891033
0.208309763647978	0.142251305842614
0.208789740061913	0.14230707702826
0.209269716475849	0.142386879623917
0.209749692889784	0.142490675867905
0.21022966930372	0.142615196433762
0.210709645717655	0.142754684939655
0.211189622131591	0.142902161191216
0.211669598545526	0.143050899625432
0.212149574959461	0.143195742736411
0.212629551373397	0.143333986359901
0.213109527787332	0.143465614113277
0.213589504201268	0.143593083373648
0.214069480615203	0.143720848511371
0.214549457029139	0.143854809427334
0.215029433443074	0.144001824555937
0.21550940985701	0.144169418528707
0.215989386270945	0.144365594855805
0.21646936268488	0.1445985438391
0.216949339098816	0.144876226728756
0.217429315512751	0.145206034584645
0.217909291926687	0.145594561048777
0.218389268340622	0.146047493650042
0.218869244754558	0.146569799981314
0.219349221168493	0.14716609085679
0.219829197582428	0.147840989544586
0.220309173996364	0.148599407896514
0.220789150410299	0.149446579740263
0.221269126824235	0.150387654167216
0.22174910323817	0.151427193650405
0.222229079652106	0.152568645120448
0.222709056066041	0.153813887268526
0.223189032479976	0.155163071322666
0.223669008893912	0.156614848926337
0.224148985307847	0.158166726722658
0.224628961721783	0.159815569112924
0.225108938135718	0.161558075966769
0.225588914549654	0.163391043943548
0.226068890963589	0.165311471443608
0.226548867377524	0.167316718660437
0.22702884379146	0.169404532230737
0.227508820205395	0.171572945423711
0.227988796619331	0.173820151939265
0.228468773033266	0.176144280099044
0.228948749447202	0.178543012601759
0.229428725861137	0.181013287787489
0.229908702275073	0.183551237529885
0.230388678689008	0.186152272329162
0.230868655102943	0.188811401342015
0.231348631516879	0.191523644902927
0.231828607930814	0.194284371899163
0.23230858434475	0.197089335347211
0.232788560758685	0.19993453745081
0.233268537172621	0.20281585199612
0.233748513586556	0.205728552304785
0.234228490000491	0.208666935214962
0.234708466414427	0.211624288497792
0.235188442828362	0.214593114754162
0.235668419242298	0.217565461936695
0.236148395656233	0.220533221105373
0.236628372070169	0.223488381754874
0.237108348484104	0.226423103253415
0.237588324898039	0.229329627145005
0.238068301311975	0.232200154241711
0.23854827772591	0.235026832100145
0.239028254139846	0.237801814709634
0.239508230553781	0.240517499353547
0.239988206967717	0.243166912162588
0.240468183381652	0.245743966648726
0.240948159795587	0.248243583163042
0.241428136209523	0.250661687160317
0.241908112623458	0.252995080646208
0.242388089037394	0.255241103483194
0.242868065451329	0.257397483394704
0.243348041865265	0.259462442902973
0.2438280182792	0.261434812660876
0.244307994693135	0.263314073542917
0.244787971107071	0.265100422025567
0.245267947521006	0.266794702599578
0.245747923934942	0.268398141617865
0.246227900348877	0.269912114109791
0.246707876762813	0.271337994504906
0.247187853176748	0.272677034614043
0.247667829590684	0.273930503235237
0.248147806004619	0.27509993316075
0.248627782418554	0.276187219051561
0.24910775883249	0.277194641393637
0.249587735246425	0.278124983822568
0.250067711660361	0.278981545133981
0.250547688074296	0.279768009486509
0.251027664488232	0.280488376717616
0.251507640902167	0.281146883015882
0.251987617316102	0.281747805343947
0.252467593730038	0.282295207069555
0.252947570143973	0.282792663105743
0.253427546557909	0.283243062394087
0.253907522971844	0.283648547180576
0.25438749938578	0.284010613807663
0.254867475799715	0.284330277916513
0.25534745221365	0.284608326709037
0.255827428627586	0.284845637144804
0.256307405041521	0.285043382297494
0.256787381455457	0.285202924254965
0.257267357869392	0.285325488029323
0.257747334283328	0.28541174050623
0.258227310697263	0.285461258803991
0.258707287111199	0.285472030798654
0.259187263525134	0.285440200619805
0.259667239939069	0.285360140291369
0.260147216353005	0.285224885070425
0.26062719276694	0.285026770217639
0.261107169180876	0.284758022388831
0.261587145594811	0.284411159887296
0.262067122008747	0.283979198918093
0.262547098422682	0.283455522124476
0.263027074836617	0.282833450837209
0.263507051250553	0.282105789950063
0.263987027664488	0.281264438967661
0.264467004078424	0.280300102864926
0.264946980492359	0.279202248877978
0.265426956906295	0.277959317051082
0.26590693332023	0.276559179370568
0.266386909734165	0.274989961195139
0.266866886148101	0.27324103566771
0.267346862562036	0.271303821714327
0.267826838975972	0.269172343153373
0.268306815389907	0.266843505114343
0.268786791803843	0.264316919765781
0.269266768217778	0.261594431281817
0.269746744631713	0.258679679550428
0.270226721045649	0.255577884844319
0.270706697459584	0.252295824662891
0.27118667387352	0.248841975665399
0.271666650287455	0.245226636341824
0.272146626701391	0.241461927776636
0.272626603115326	0.237561714854807
0.273106579529261	0.233541316308984
0.273586555943197	0.229417041681369
0.274066532357132	0.225205655487734
0.274546508771068	0.220923938340331
0.275026485185003	0.216588393414638
0.275506461598939	0.212215019504461
0.275986438012874	0.207819087205218
0.27646641442681	0.203414977875253
0.276946390840745	0.19901611741161
0.27742636725468	0.194634838503629
0.277906343668616	0.190282158237575
0.278386320082551	0.185967541539493
0.278866296496487	0.181698714575028
0.279346272910422	0.177481570286682
0.279826249324358	0.173320259571817
0.280306225738293	0.169217526687472
0.280786202152228	0.165175319128058
0.281266178566164	0.161195543959434
0.281746154980099	0.157280788345498
0.282226131394035	0.153434768730528
0.28270610780797	0.149662567236722
0.283186084221906	0.145970626830524
0.283666060635841	0.142366616825539
0.284146037049776	0.138859079757704
0.284626013463712	0.135456883384061
0.285105989877647	0.132168622721504
0.285585966291583	0.129002093357189
0.286065942705518	0.125963810852525
0.286545919119454	0.12305868811006
0.287025895533389	0.120290005727404
0.287505871947324	0.117659670086792
0.28798584836126	0.115168703278877
0.288465824775195	0.112817897303332
0.288945801189131	0.110608480088083
0.289425777603066	0.108542585894285
0.289905754017002	0.106623573745561
0.290385730430937	0.104855997747672
0.290865706844873	0.10324526097266
0.291345683258808	0.101796998236304
0.291825659672743	0.100516401076799
0.292305636086679	0.0994074875101023
0.292785612500614	0.0984725775340904
0.29326558891455	0.0977120609917895
0.293745565328485	0.0971246390612198
0.294225541742421	0.0967078840024459
0.294705518156356	0.0964589265353078
0.295185494570291	0.0963750112928561
0.295665470984227	0.0964539296912021
0.296145447398162	0.0966940829713551
0.296625423812098	0.0970942857954422
0.297105400226033	0.0976532600102594
0.297585376639969	0.0983690300779759
0.298065353053904	0.0992382252073635
0.298545329467839	0.100255525945358
0.299025305881775	0.101413243097912
0.29950528229571	0.102701189451668
0.299985258709646	0.104106952492083
0.300465235123581	0.105616565686669
0.300945211537517	0.107215294636348
0.301425187951452	0.108888450551394
0.301905164365388	0.110622063918463
0.302385140779323	0.112403351905455
0.302865117193258	0.114220932914329
0.303345093607194	0.116064869824569
0.303825070021129	0.117926665505938
0.304305046435065	0.119799470316484
0.304785022849	0.121678425086117
0.305264999262935	0.123561040056169
0.305744975676871	0.125447418551419
0.306224952090806	0.127340081050244
0.306704928504742	0.129243317431543
0.307184904918677	0.131162166068717
0.307664881332613	0.133101151818688
0.308144857746548	0.13506309704709
0.308624834160484	0.137048305417425
0.309104810574419	0.139054293247754
0.309584786988354	0.141076074760484
0.31006476340229	0.143106816465291
0.310544739816225	0.145138655958264
0.311024716230161	0.147163373538487
0.311504692644096	0.149172822545782
0.311984669058032	0.151159118038583
0.312464645471967	0.153114600099188
0.312944621885902	0.155031720316438
0.313424598299838	0.156903070013031
0.313904574713773	0.158721605476984
0.314384551127709	0.160480806763765
0.314864527541644	0.162174741966339
0.31534450395558	0.163798013261439
0.315824480369515	0.165345593134973
0.31630445678345	0.166812535164309
0.316784433197386	0.168193798365103
0.317264409611321	0.169484242981468
0.317744386025257	0.170678961698202
0.318224362439192	0.171773988199041
0.318704338853128	0.172767137600044
0.319184315267063	0.17365844600084
0.319664291680999	0.174450261846
0.320144268094934	0.175146761406654
0.320624244508869	0.175752995975182
0.321104220922805	0.176273607252981
0.32158419733674	0.176711820935606
0.322064173750676	0.177068887211686
0.322544150164611	0.177343986512877
0.323024126578547	0.177534465794707
0.323504102992482	0.177636372463862
0.323984079406417	0.177645026095121
0.324464055820353	0.177555537165075
0.324944032234288	0.177363353454376
0.325424008648224	0.177064764117131
0.325903985062159	0.17665727126862
0.326383961476095	0.176139979593733
0.32686393789003	0.175513844835924
0.327343914303965	0.174781570482362
0.327823890717901	0.173947342669412
0.328303867131836	0.173016616426582
0.328783843545772	0.171995887590114
0.329263819959707	0.170892340620791
0.329743796373643	0.169713633260037
0.330223772787578	0.168467589511824
0.330703749201513	0.167161812418848
0.331183725615449	0.165803216751269
0.331663702029384	0.164397687158019
0.33214367844332	0.162949896722133
0.332623654857255	0.161463496189339
0.333103631271191	0.159941610109349
0.333583607685126	0.158387418417905
0.334063584099062	0.156804596082914
0.334543560512997	0.155197614788773
0.335023536926932	0.153571777200605
0.335503513340868	0.15193297784621
0.335983489754803	0.150287357213834
0.336463466168739	0.148641082152806
0.336943442582674	0.147000238017299
0.33742341899661	0.145370934429887
0.337903395410545	0.143759483835892
0.33838337182448	0.142172498478882
0.338863348238416	0.140616886664435
0.339343324652351	0.139099738900443
0.339823301066287	0.137628097096394
0.340303277480222	0.136208606405151
0.340783253894158	0.134847271687735
0.341263230308093	0.133549342936447
0.341743206722028	0.132319338751411
0.342223183135964	0.131161054390371
0.342703159549899	0.130077553652132
0.343183135963835	0.129071132580271
0.34366311237777	0.128143292110807
0.344143088791706	0.127294717921537
0.344623065205641	0.126525382521891
0.345103041619576	0.125834772567487
0.345583018033512	0.12522231264729
0.346062994447447	0.124687828001066
0.346542970861383	0.124231829390686
0.347022947275318	0.123855384800655
0.347502923689254	0.123559743087258
0.347982900103189	0.123345746870825
0.348462876517124	0.123213175554577
0.34894285293106	0.123160241090563
0.349422829344995	0.123183507992397
0.349902805758931	0.123278206733887
0.350382782172866	0.123438864666059
0.350862758586802	0.123660064343035
0.351342735000737	0.123937026273486
0.351822711414673	0.124265893253779
0.352302687828608	0.124643745303559
0.352782664242543	0.12506836878687
0.353262640656479	0.125537919682216
0.353742617070414	0.12605074991484
0.35422259348435	0.126605503620467
0.354702569898285	0.127201292873032
0.355182546312221	0.12783788006102
0.355662522726156	0.128515815660059
0.356142499140091	0.12923639375708
0.356622475554027	0.130001426932815
0.357102451967962	0.130812980981048
0.357582428381898	0.131673109528573
0.358062404795833	0.132583645078542
0.358542381209769	0.133546190492685
0.359022357623704	0.134562272647066
0.359502334037639	0.135633534776573
0.359982310451575	0.136762012784584
0.36046228686551	0.137950402156473
0.360942263279446	0.139202150044086
0.361422239693381	0.140521373228968
0.361902216107317	0.141912604707203
0.362382192521252	0.143380310473066
0.362862168935188	0.14492817746695
0.363342145349123	0.146558349973408
0.363822121763058	0.148270725306
0.364302098176994	0.150062516671868
0.364782074590929	0.151928057997724
0.365262051004865	0.153858876112966
0.3657420274188	0.155843983106287
0.366222003832736	0.157870348750951
0.366701980246671	0.159923383540267
0.367181956660606	0.16198748588962
0.367661933074542	0.164046502695095
0.368141909488477	0.16608413127021
0.368621885902413	0.168084243442654
0.369101862316348	0.170031161113066
0.369581838730284	0.171909776413299
0.370061815144219	0.17370577219124
0.370541791558154	0.175405999656933
0.37102176797209	0.176998897902494
0.371501744386025	0.178474821335573
0.371981720799961	0.179826331770071
0.372461697213896	0.181048354163348
0.372941673627832	0.182138002201136
0.373421650041767	0.18309412315245
0.373901626455702	0.183916688695668
0.374381602869638	0.184606170258694
0.374861579283573	0.185163114101295
0.375341555697509	0.185588074105714
0.375821532111444	0.185881756154735
0.37630150852538	0.186045223845616
0.376781484939315	0.186080155615809
0.377261461353251	0.185988933459797
0.377741437767186	0.1857743880824
0.378221414181121	0.185439295450752
0.378701390595057	0.184985856990627
0.379181367008992	0.184415238581373
0.379661343422928	0.183727350766329
0.380141319836863	0.182920976127243
0.380621296250799	0.181994251994448
0.381101272664734	0.180945417559002
0.381581249078669	0.179773710282627
0.382061225492605	0.178480099923985
0.38254120190654	0.177067722892241
0.383021178320476	0.175541932595891
0.383501154734411	0.173910050713856
0.383981131148347	0.172180781489877
0.384461107562282	0.170363491567621
0.384941083976217	0.168467551969394
0.385421060390153	0.166501926273094
0.385901036804088	0.16447502122513
0.386381013218024	0.162394816656823
0.386860989631959	0.1602691258426
0.387340966045895	0.158105877709365
0.38782094245983	0.155913449473754
0.388300918873765	0.153700774060681
0.388780895287701	0.151477150842391
0.389260871701636	0.149251916232386
0.389740848115572	0.147034077999333
0.390220824529507	0.144831869397353
0.390700800943443	0.142652469314768
0.391180777357378	0.14050193621984
0.391660753771313	0.138385337086331
0.392140730185249	0.136307076769648
0.392620706599184	0.134271364199123
0.39310068301312	0.132282555031896
0.393580659427055	0.130345415026262
0.394060635840991	0.128465342501318
0.394540612254926	0.126648392501267
0.395020588668862	0.124901097807235
0.395500565082797	0.123230299187007
0.395980541496732	0.121642899563506
0.396460517910668	0.120145506666395
0.396940494324603	0.118744115044976
0.397420470738539	0.11744377467181
0.397900447152474	0.116248293205862
0.39838042356641	0.115160067183672
0.398860399980345	0.114180053696188
0.39934037639428	0.113307763339885
0.399820352808216	0.112541392677907
0.400300329222151	0.111878056962788
0.400780305636087	0.111314042218017
0.401260282050022	0.110845046703911
0.401740258463958	0.110466460938383
0.402220234877893	0.110173537036491
0.402700211291828	0.109961482285391
0.403180187705764	0.109825497105445
0.403660164119699	0.109760749297906
0.404140140533635	0.109762316688505
0.40462011694757	0.109825208416168
0.405100093361506	0.109944417769692
0.405580069775441	0.110115021212926
0.406060046189376	0.110332388839151
0.406540022603312	0.11059231563165
0.407019999017247	0.110890960772612
0.407499975431183	0.111224550672086
0.407979951845118	0.111588915975634
0.408459928259054	0.111978938397723
0.408939904672989	0.112388091832429
0.409419881086925	0.112808261505554
0.40989985750086	0.113229871083639
0.410379833914795	0.113642302451298
0.410859810328731	0.114034512232807
0.411339786742666	0.114395688206277
0.411819763156602	0.114715891032674
0.412299739570537	0.114986524542656
0.412779715984473	0.115200561118493
0.413259692398408	0.115352456198737
0.413739668812343	0.115437854656518
0.414219645226279	0.115453142219415
0.414699621640214	0.115395009069628
0.41517959805415	0.115260130066748
0.415659574468085	0.115045082976631
0.416139550882021	0.114746667292372
0.416619527295956	0.1143625884537
0.417099503709891	0.113892249849393
0.417579480123827	0.113337546004038
0.418059456537762	0.112703230436907
0.418539432951698	0.11199670386371
0.419019409365633	0.111227205659625
0.419499385779569	0.110404819395922
0.419979362193504	0.109539483011507
0.42045933860744	0.108640232282076
0.420939315021375	0.107714793575528
0.42141929143531	0.106769610099932
0.421899267849246	0.105810143538155
0.422379244263181	0.104841277877147
0.422859220677117	0.103867655010574
0.423339197091052	0.102893942935583
0.423819173504987	0.101925028666116
0.424299149918923	0.100966078352075
0.424779126332858	0.100022381089438
0.425259102746794	0.0990991221178619
0.425739079160729	0.098201181389127
0.426219055574665	0.0973330146730582
0.4266990319886	0.0964986621924528
0.427179008402536	0.0957018578020415
0.427658984816471	0.094946407902901
0.428138961230406	0.0942366094262824
0.428618937644342	0.0935775126067769
0.429098914058277	0.0929748686040268
0.429578890472213	0.0924347542526893
0.430058866886148	0.0919629750810497
0.430538843300084	0.0915644601994071
0.431018819714019	0.0912428022073392
0.431498796127954	0.0910001116759813
0.43197877254189	0.0908371280677848
0.432458748955825	0.0907535008232466
0.432938725369761	0.0907480656729864
0.433418701783696	0.0908190816896981
0.433898678197632	0.0909643532190745
0.434378654611567	0.0911813002235053
0.434858631025502	0.0914670170987326
0.435338607439438	0.0918184553996867
0.435818583853373	0.0922325943803205
0.436298560267309	0.0927065498001648
0.436778536681244	0.0932376244524073
0.43725851309518	0.0938232924844375
0.437738489509115	0.0944610962630574
0.438218465923051	0.095148427721789
0.438698442336986	0.0958822864082033
0.439178418750921	0.0966592333111836
0.439658395164857	0.0974755780854538
0.440138371578792	0.0983276448295297
0.440618347992728	0.0992120596483594
0.441098324406663	0.10012604630361
0.441578300820599	0.101067660394508
0.442058277234534	0.102035854853929
0.442538253648469	0.103030438909083
0.443018230062405	0.104051993972192
0.44349820647634	0.105101900040138
0.443978182890276	0.106182523126774
0.444458159304211	0.107297499017421
0.444938135718147	0.108451780460798
0.445418112132082	0.109651424891881
0.445898088546017	0.110903116386418
0.446378064959953	0.112213384009816
0.446858041373888	0.113587642109554
0.447338017787824	0.115029482816117
0.447817994201759	0.116540418418733
0.448297970615695	0.118120106739139
0.44877794702963	0.119767075038377
0.449257923443565	0.121479617780167
0.449737899857501	0.123256513795676
0.450217876271436	0.125097432330868
0.450697852685372	0.127002989001763
0.451177829099307	0.12897437238935
0.451657805513243	0.131012799568396
0.452137781927178	0.133119104158477
0.452617758341114	0.135293543831075
0.453097734755049	0.137535685413842
0.453577711168984	0.139844362894121
0.45405768758292	0.142217616548017
0.454537663996855	0.144652636502672
0.455017640410791	0.147145721828436
0.455497616824726	0.149692228838958
0.455977593238662	0.152286505666249
0.456457569652597	0.154921920425534
0.456937546066532	0.157590960700862
0.457417522480468	0.160285345790648
0.457897498894403	0.16299616429413
0.458377475308339	0.165714086312353
0.458857451722274	0.168429636006545
0.45933742813621	0.171133498054993
0.459817404550145	0.173816849178035
0.46029738096408	0.176471716084437
0.460777357378016	0.179091220364502
0.461257333791951	0.181669659418529
0.461737310205887	0.184202426680023
0.462217286619822	0.186685830594052
0.462697263033758	0.189116805361423
0.463177239447693	0.191492598971533
0.463657215861628	0.193810509497933
0.464137192275564	0.196067594517804
0.464617168689499	0.19826038464273
0.465097145103435	0.200384794856476
0.46557712151737	0.202436065229189
0.466057097931306	0.204408719857801
0.466537074345241	0.206296676415582
0.467017050759176	0.208093439138589
0.467497027173112	0.209792175356867
0.467977003587047	0.211385884973599
0.468456980000983	0.212867645846075
0.468936956414918	0.214230787693281
0.469416932828854	0.215469061099236
0.469896909242789	0.21657695991523
0.470376885656725	0.217550120606212
0.47085686207066	0.21838558454716
0.471336838484595	0.219081946160877
0.471816814898531	0.219639293012566
0.472296791312466	0.22005890482464
0.472776767726402	0.22034281245885
0.473256744140337	0.220493345496401
0.473736720554273	0.220512653358928
0.474216696968208	0.220402338254565
0.474696673382143	0.220163356728949
0.475176649796079	0.219796098113445
0.475656626210014	0.21930054870649
0.47613660262395	0.218676574650955
0.476616579037885	0.217924232509174
0.477096555451821	0.217043962607389
0.477576531865756	0.216036688010973
0.478056508279691	0.214903852122392
0.478536484693627	0.21364737982675
0.479016461107562	0.212269643041571
0.479496437521498	0.210773445882407
0.479976413935433	0.209161974287644
0.480456390349369	0.207438885226244
0.480936366763304	0.205608371483138
0.48141634317724	0.203675110877402
0.481896319591175	0.201644099928995
0.48237629600511	0.199520461761
0.482856272419046	0.197309195052392
0.483336248832981	0.195015096354363
0.483816225246917	0.192642896376438
0.484296201660852	0.190197511532865
0.484776178074788	0.187684196160664
0.485256154488723	0.185108513316872
0.485736130902658	0.182476145539356
0.486216107316594	0.179792428009562
0.486696083730529	0.177061745014964
0.487176060144465	0.174287077792695
0.4876560365584	0.17146986051522
0.488136012972336	0.168610188203247
0.488615989386271	0.165707463910382
0.489095965800206	0.162761260808309
0.489575942214142	0.159772109754211
0.490055918628077	0.156742133973036
0.490535895042013	0.153675493648435
0.491015871455948	0.150578408870476
0.491495847869884	0.147458941056266
0.491975824283819	0.144326733069726
0.492455800697755	0.141192704891649
0.49293577711169	0.138068662065025
0.493415753525625	0.134967020633893
0.493895729939561	0.131900587973467
0.494375706353496	0.128882383366387
0.494855682767432	0.125925529890243
0.495335659181367	0.123043119144405
0.495815635595303	0.120248033803738
0.496295612009238	0.117552638850656
0.496775588423173	0.114968359204803
0.497255564837109	0.112505164076059
0.497735541251044	0.110171106154838
0.49821551766498	0.107971974933317
0.498695494078915	0.105911197473775
0.499175470492851	0.103990007768123
0.499655446906786	0.102207848554368
0.500135423320721	0.100562850929907
0.500615399734657	0.0990523274814995
0.501095376148592	0.0976731451780981
0.501575352562528	0.096421973215354
0.502055328976463	0.0952953906722414
0.502535305390399	0.0942899546421337
0.503015281804334	0.0934022476915999
0.503495258218269	0.0926290233433818
0.503975234632205	0.091967468790175
0.50445521104614	0.0914155095901517
0.504935187460076	0.0909720483066667
0.505415163874011	0.0906369998774961
0.505895140287947	0.0904110914806295
0.506375116701882	0.0902954014594612
0.506855093115818	0.0902907571675308
0.507335069529753	0.090397196959483
0.507815045943688	0.0906135952245387
0.508295022357624	0.0909375251441427
0.508774998771559	0.0913654080921065
0.509254975185495	0.0918928510289593
0.50973495159943	0.0925150576629854
0.510214928013366	0.0932272125625114
0.510694904427301	0.0940246843120557
0.511174880841236	0.0949029843456601
0.511654857255172	0.0958575823697191
0.512134833669107	0.0968836261076493
0.512614810083043	0.0979756272615859
0.513094786496978	0.0991272796114046
0.513574762910914	0.100331494424892
0.514054739324849	0.101580457317798
0.514534715738785	0.102865737239952
0.51501469215272	0.104178529611952
0.515494668566655	0.105510016389044
0.515974644980591	0.106851632626717
0.516454621394526	0.108195273998435
0.516934597808462	0.109533438072632
0.517414574222397	0.110859260843916
0.517894550636332	0.112166233767421
0.518374527050268	0.11344778397481
0.518854503464203	0.11469668968217
0.519334479878139	0.115904419666116
0.519814456292074	0.11706067992968
0.52029443270601	0.118153500146069
0.520774409119945	0.119169675122788
0.52125438553388	0.120095731766186
0.521734361947816	0.120919428122172
0.522214338361751	0.121631195951376
0.522694314775687	0.122225003663312
0.523174291189622	0.122698811314322
0.523654267603558	0.123054399173779
0.524134244017493	0.1232963975014
0.524614220431429	0.12343100322512
0.525094196845364	0.12346485582228
0.525574173259299	0.123404132888322
0.526054149673235	0.123254186975657
0.52653412608717	0.123019833954542
0.527014102501106	0.122705970246783
0.527494078915041	0.12231820948405
0.527974055328977	0.121863419057644
0.528454031742912	0.121349950021917
0.528934008156847	0.120787429945708
0.529413984570783	0.120186367654355
0.529893960984718	0.119557689957643
0.530373937398654	0.118912247040096
0.530853913812589	0.118260456481498
0.531333890226525	0.117612127128617
0.53181386664046	0.116976319971147
0.532293843054396	0.116361242902438
0.532773819468331	0.11577423489594
0.533253795882266	0.115221801489983
0.533733772296202	0.114709678027867
0.534213748710137	0.114242938249696
0.534693725124073	0.113826124089219
0.535173701538008	0.113463379961698
0.535653677951943	0.11315860465101
0.536133654365879	0.112915454716977
0.536613630779814	0.112737174412309
0.53709360719375	0.112626419138058
0.537573583607685	0.11258505736512
0.538053560021621	0.112613918814934
0.538533536435556	0.11271268606429
0.539013512849492	0.112879930111552
0.539493489263427	0.113113296448846
0.539973465677362	0.11340972933682
0.540453442091298	0.113765599930284
0.540933418505233	0.114176669998472
0.541413394919169	0.114638062662642
0.541893371333104	0.115144258615269
0.54237334774704	0.115689152298631
0.542853324160975	0.116266220430502
0.54333330057491	0.11686878034677
0.543813276988846	0.117490257713152
0.544293253402781	0.118124376202827
0.544773229816717	0.11876521062807
0.545253206230652	0.119407134417763
0.545733182644588	0.1200446324617
0.546213159058523	0.120672067507701
0.546693135472458	0.121283518917086
0.547173111886394	0.121872656613918
0.547653088300329	0.122432651893699
0.548133064714265	0.122956243128088
0.5486130411282	0.123435942885405
0.549093017542136	0.123864328199465
0.549572993956071	0.124234586003658
0.550052970370007	0.124541185857523
0.550532946783942	0.124780411392618
0.551012923197877	0.124950684760783
0.551492899611813	0.12505254006658
0.551972876025748	0.125088142448409
0.552452852439684	0.125060630763965
0.552932828853619	0.124973691403889
0.553412805267555	0.124831309808401
0.55389278168149	0.124637690687477
0.554372758095425	0.12439742195993
0.554852734509361	0.124115691146258
0.555332710923296	0.123798391868378
0.555812687337232	0.12345210221513
0.556292663751167	0.123083979614396
0.556772640165103	0.122701634016337
0.557252616579038	0.122313092241695
0.557732592992973	0.121926886831775
0.558212569406909	0.121552175504414
0.558692545820844	0.121198831348211
0.55917252223478	0.120877457932503
0.559652498648715	0.120599280936965
0.560132475062651	0.120375902645997
0.560612451476586	0.120219057898989
0.561092427890521	0.120140481048652
0.561572404304457	0.120151869002049
0.562052380718392	0.120264827159568
0.562532357132328	0.120490800656551
0.563012333546263	0.120840882126482
0.563492309960199	0.121325385728869
0.563972286374134	0.121953215838133
0.564452262788069	0.122731218461825
0.564932239202005	0.123663595781161
0.56541221561594	0.12475157157298
0.565892192029876	0.125993482240208
0.566372168443811	0.127385259094723
0.566852144857747	0.128921099761664
0.567332121271682	0.130594236874466
0.567812097685618	0.132397568624768
0.568292074099553	0.134323992724348
0.568772050513488	0.136366491317122
0.569252026927424	0.138518124230432
0.569732003341359	0.140771845224778
0.570211979755295	0.143120333364488
0.57069195616923	0.145556028775431
0.571171932583166	0.148071258752735
0.571651908997101	0.150658166525813
0.572131885411036	0.153308546389549
0.572611861824972	0.156013608550916
0.573091838238907	0.158763634231627
0.573571814652843	0.161547521991623
0.574051791066778	0.164352535488506
0.574531767480714	0.167164275491886
0.575011743894649	0.169966749093172
0.575491720308584	0.17274257361635
0.57597169672252	0.175473319596772
0.576451673136455	0.178139801963394
0.576931649550391	0.180722413876797
0.577411625964326	0.183201638103194
0.577891602378262	0.185558633419499
0.578371578792197	0.187775874416667
0.578851555206132	0.189837920344568
0.579331531620068	0.191732131375244
0.579811508034003	0.193448948551824
0.580291484447939	0.194981813359185
0.580771460861874	0.196326885618056
0.58125143727581	0.197482700282886
0.581731413689745	0.198449835534953
0.582211390103681	0.19923094353622
0.582691366517616	0.199830923833616
0.583171342931551	0.20025703607546
0.583651319345487	0.200518810775932
0.584131295759422	0.200627675290748
0.584611272173358	0.200596213314332
0.585091248587293	0.200437328961629
0.585571225001229	0.20016344052658
0.586051201415164	0.199785865863974
0.586531177829099	0.19931452197379
0.587011154243035	0.198758019583198
0.58749113065697	0.198123899428562
0.587971107070906	0.197418983186913
0.588451083484841	0.196649792510063
0.588931059898777	0.195822883638105
0.589411036312712	0.194945072287047
0.589891012726647	0.194023649603645
0.590370989140583	0.193066482452592
0.590850965554518	0.19208196966159
0.591330941968454	0.191078956115044
0.591810918382389	0.190066597857885
0.592290894796325	0.189054202828176
0.59277087121026	0.18805116059101
0.593250847624196	0.187066937609344
0.593730824038131	0.186111155016788
0.594210800452066	0.185193629823382
0.594690776866002	0.184324349271305
0.595170753279937	0.183513426556004
0.595650729693873	0.182770836068194
0.596130706107808	0.182105816543342
0.596610682521743	0.181526181141103
0.597090658935679	0.181037581395263
0.597570635349614	0.180642793451063
0.59805061176355	0.180341355715991
0.598530588177485	0.180129752217442
0.599010564591421	0.18000197592669
0.599490541005356	0.179950365922574
0.599970517419292	0.17996658206656
0.600450493833227	0.180042357118636
0.600930470247162	0.180169903658661
0.601410446661098	0.180342087621219
0.601890423075033	0.180552385374882
0.602370399488969	0.180794698150706
0.602850375902904	0.181063262104163
0.60333035231684	0.181352679028435
0.603810328730775	0.181657960997865
0.60429030514471	0.181974540481253
0.604770281558646	0.182298227265986
0.605250257972581	0.182625099238213
0.605730234386517	0.182951324098911
0.606210210800452	0.183272955953431
0.606690187214388	0.183585825891844
0.607170163628323	0.183885485633254
0.607650140042258	0.184167184731733
0.608130116456194	0.18442587881331
0.608610092870129	0.184656280145565
0.609090069284065	0.184852966040687
0.609570045698	0.185010439720631
0.610050022111936	0.185123163134383
0.610529998525871	0.185185598289794
0.611009974939807	0.185192320068045
0.611489951353742	0.185138312472655
0.611969927767677	0.185019251406421
0.612449904181613	0.18483160437159
0.612929880595548	0.184572577001749
0.613409857009484	0.184239929131572
0.613889833423419	0.183831589634585
0.614369809837354	0.183345366071218
0.61484978625129	0.182779100650285
0.615329762665225	0.182131268241811
0.615809739079161	0.18140177227527
0.616289715493096	0.180592861776534
0.616769691907032	0.17970974909217
0.617249668320967	0.178760575728002
0.617729644734903	0.177755765326088
0.618209621148838	0.176707004782912
0.618689597562773	0.175625963324175
0.619169573976709	0.17452330839812
0.619649550390644	0.173408310491803
0.62012952680458	0.172288898985379
0.620609503218515	0.171171974793945
0.621089479632451	0.170064049744006
0.621569456046386	0.168971685342703
0.622049432460321	0.167901512218217
0.622529408874257	0.166859985241659
0.623009385288192	0.165852948553409
0.623489361702128	0.164884914682095
0.623969338116063	0.163958531361534
0.624449314529999	0.163074410534439
0.624929290943934	0.162231277561765
0.62540926735787	0.161426525786224
0.625889243771805	0.160657091361158
0.62636922018574	0.15992029051652
0.626849196599676	0.159214530026365
0.627329173013611	0.158539802968384
0.627809149427547	0.157897701529402
0.628289125841482	0.157291033419009
0.628769102255418	0.156723389668282
0.629249078669353	0.156198608421874
0.629729055083288	0.155720166916344
0.630209031497224	0.15529076674009
0.630689007911159	0.154912096114866
0.631168984325095	0.154584732960786
0.63164896073903	0.154308169402011
0.632128937152966	0.154080948405534
0.632608913566901	0.153900788632592
0.633088889980836	0.153764718655107
0.633568866394772	0.153669204182557
0.634048842808707	0.153610260526202
0.634528819222643	0.153583577167405
0.635008795636578	0.153584639646761
0.635488772050514	0.153608666937965
0.635968748464449	0.153650400365749
0.636448724878384	0.153703904237118
0.63692870129232	0.153762411916602
0.637408677706255	0.153818393418263
0.637888654120191	0.15386391210414
0.638368630534126	0.153891102656842
0.638848606948062	0.15389269950024
0.639328583361997	0.153862553241625
0.639808559775932	0.153795861852492
0.640288536189868	0.153689028332671
0.640768512603803	0.153539256490771
0.641248489017739	0.153343999451183
0.641728465431674	0.153100392627316
0.64220844184561	0.152804959286646
0.642688418259545	0.152453709721606
0.643168394673481	0.152042674586117
0.643648371087416	0.151568616988731
0.644128347501351	0.151029768839634
0.644608323915287	0.150426421026805
0.645088300329222	0.149761185034082
0.645568276743158	0.149038708794325
0.646048253157093	0.148265082223161
0.646528229571029	0.147447064207594
0.647008205984964	0.146591324321229
0.647488182398899	0.145704073410213
0.647968158812835	0.144791259113125
0.64844813522677	0.143858929341341
0.648928111640706	0.142913734739176
0.649408088054641	0.141963358682589
0.649888064468577	0.141016542160531
0.650368040882512	0.140082659429927
0.650848017296447	0.139171252030602
0.651327993710383	0.138291551920005
0.651807970124318	0.137452047598307
0.652287946538254	0.136660280553877
0.652767922952189	0.135922854666843
0.653247899366125	0.135245493589161
0.65372787578006	0.134633074501624
0.654207852193995	0.134089584042189
0.654687828607931	0.133617997095528
0.655167805021866	0.133220186765923
0.655647781435802	0.132896956399152
0.656127757849737	0.132648145417685
0.656607734263673	0.132472774642453
0.657087710677608	0.132369206462691
0.657567687091543	0.132335290602071
0.658047663505479	0.132368460493628
0.658527639919414	0.132465762272187
0.65900761633335	0.132623936796224
0.659487592747285	0.132839558135086
0.659967569161221	0.133109126522592
0.660447545575156	0.133429177456604
0.660927521989092	0.133796372130625
0.661407498403027	0.134207432967193
0.661887474816962	0.134658919675251
0.662367451230898	0.135146992902799
0.662847427644833	0.1356670496396
0.663327404058769	0.136213338256984
0.663807380472704	0.136778665429779
0.66428735688664	0.137354261863191
0.664767333300575	0.137929790003683
0.66524730971451	0.138493570894688
0.665727286128446	0.139032919534818
0.666207262542381	0.139534571399337
0.666687238956317	0.139985222250174
0.667167215370252	0.140372207475914
0.667647191784188	0.140684117011475
0.668127168198123	0.140911276764363
0.668607144612059	0.14104607146886
0.669087121025994	0.141083131793255
0.669567097439929	0.141019241130944
0.670047073853865	0.140853064610836
0.6705270502678	0.140584918609435
0.671007026681736	0.140216636946027
0.671487003095671	0.139751375890621
0.671966979509607	0.139193501521287
0.672446955923542	0.138548635385284
0.672926932337477	0.13782351570822
0.673406908751413	0.137025739049715
0.673886885165348	0.136163505314871
0.674366861579284	0.135245273551765
0.674846837993219	0.134279307632868
0.675326814407154	0.133273402522761
0.67580679082109	0.132234718483129
0.676286767235025	0.131169658209098
0.676766743648961	0.130083941079718
0.677246720062896	0.128982981580259
0.677726696476832	0.127872217777496
0.678206672890767	0.126757413623712
0.678686649304703	0.125644966830352
0.679166625718638	0.124542123214508
0.679646602132573	0.123456822702729
0.680126578546509	0.122397401818819
0.680606554960444	0.121372191992452
0.68108653137438	0.12038904706735
0.681566507788315	0.119454860276193
0.682046484202251	0.118575207302011
0.682526460616186	0.117754158634171
0.683006437030121	0.116994341314149
0.683486413444057	0.116297141912452
0.683966389857992	0.11566295755535
0.684446366271928	0.115091421059644
0.684926342685863	0.114581569326864
0.685406319099799	0.11413192270908
0.685886295513734	0.113740586418174
0.68636627192767	0.113405178871573
0.686846248341605	0.113122572836981
0.68732622475554	0.112888729946153
0.687806201169476	0.112698457905288
0.688286177583411	0.112544881540079
0.688766153997347	0.112418969388003
0.689246130411282	0.112309413346474
0.689726106825218	0.112202763207717
0.690206083239153	0.112083973524814
0.690686059653088	0.111937476087033
0.691166036067024	0.111748422064075
0.691646012480959	0.11150392731862
0.692125988894895	0.111194228875074
0.69260596530883	0.110813464586862
0.693085941722765	0.110360127498003
0.693565918136701	0.109837283353825
0.694045894550636	0.109252428022612
0.694525870964572	0.1086169643012
0.695005847378507	0.107945415160432
0.695485823792443	0.107254351703654
0.695965800206378	0.106561242921013
0.696445776620314	0.105883353509921
0.696925753034249	0.10523683765247
0.697405729448184	0.104636164688058
0.69788570586212	0.10409392773035
0.698365682276055	0.103620823465499
0.698845658689991	0.103225821885396
0.699325635103926	0.102916339767424
0.699805611517862	0.102698306565314
0.700285587931797	0.102576130174767
0.700765564345732	0.102552734903827
0.701245540759668	0.102629610196332
0.701725517173603	0.102806969168281
0.702205493587539	0.103083994619476
0.702685470001474	0.103459112691765
0.70316544641541	0.103930270538901
0.703645422829345	0.104495236444014
0.704125399243281	0.105151749664886
0.704605375657216	0.105897632663633
0.705085352071151	0.106730854512529
0.705565328485087	0.107649526770224
0.706045304899022	0.108651864489674
0.706525281312958	0.109736240825973
0.707005257726893	0.110901335257338
0.707485234140829	0.112146246976887
0.707965210554764	0.113470542296025
0.708445186968699	0.114874243746635
0.708925163382635	0.116357758368091
0.70940513979657	0.117921772498018
0.709885116210506	0.119567167774854
0.710365092624441	0.121294883512524
0.710845069038377	0.123105741568599
0.711325045452312	0.125000169372238
0.711805021866248	0.126977787349814
0.712284998280183	0.129036897327241
0.712764974694118	0.131174091783529
0.713244951108054	0.133383962696362
0.713724927521989	0.135658942542047
0.714204903935925	0.137989347603885
0.71468488034986	0.140363626719563
0.715164856763795	0.142768678814081
0.715644833177731	0.145190285550623
0.716124809591666	0.147613616406746
0.716604786005602	0.150023762261381
0.717084762419537	0.152406339696576
0.717564738833473	0.154748154626994
0.718044715247408	0.157037740596127
0.718524691661343	0.159265790335326
0.719004668075279	0.161425553158889
0.719484644489214	0.163512991806884
0.71996462090315	0.165526570861839
0.720444597317085	0.167466867643844
0.720924573731021	0.169335998649897
0.721404550144956	0.171136763384207
0.721884526558892	0.172871747779208
0.722364502972827	0.174542631844994
0.722844479386762	0.17614974121513
0.723324455800698	0.177692001469534
0.723804432214633	0.179167301781957
0.724284408628569	0.180572989419512
0.724764385042504	0.181906378532615
0.72524436145644	0.183165285652752
0.725724337870375	0.18434828149917
0.72620431428431	0.18545461124607
0.726684290698246	0.186484023064903
0.727164267112181	0.18743654967348
0.727644243526117	0.188312150720993
0.728124219940052	0.189110435161214
0.728604196353988	0.18983050438674
0.729084172767923	0.190470933472319
0.729564149181859	0.191029809039456
0.730044125595794	0.191504825468585
0.730524102009729	0.191893356269292
0.731004078423665	0.192192511377113
0.7314840548376	0.192399181090364
0.731964031251536	0.192510176222765
0.732444007665471	0.192522529481886
0.732923984079407	0.19243397666307
0.733403960493342	0.192243333107127
0.733883936907277	0.19195066549262
0.734363913321213	0.19155716785539
0.734843889735148	0.191064785994294
0.735323866149084	0.19047572322121
0.735803842563019	0.189791912161648
0.736283818976954	0.189014627804031
0.73676379539089	0.188144345037385
0.737243771804825	0.187180862316129
0.737723748218761	0.186123474369245
0.738203724632696	0.184971239145975
0.738683701046632	0.183723251462503
0.739163677460567	0.182378946082764
0.739643653874503	0.180938353282408
0.740123630288438	0.179402288419222
0.740603606702373	0.177772419436993
0.741083583116309	0.176051316495806
0.741563559530244	0.174242399961794
0.74204353594418	0.172349807973702
0.742523512358115	0.170378320111738
0.743003488772051	0.168333584483321
0.743483465185986	0.166222320951874
0.743963441599921	0.164052501547949
0.744443418013857	0.161833404450213
0.744923394427792	0.159575466956499
0.745403370841728	0.15728991593307
0.745883347255663	0.154988297218757
0.746363323669599	0.152681946057815
0.746843300083534	0.150381480291758
0.74732327649747	0.148096475147818
0.747803252911405	0.145835301048106
0.74828322932534	0.143605100398999
0.748763205739276	0.141411901072611
0.749243182153211	0.139260822749765
0.749723158567147	0.137156309782284
0.750203134981082	0.135102312509725
0.750683111395018	0.133102406707752
0.751163087808953	0.131159856919221
0.751643064222888	0.129277613799357
0.752123040636824	0.127458241438665
0.752603017050759	0.125703814718671
0.753082993464695	0.124015896638238
0.75356296987863	0.122395577496935
0.754042946292566	0.120843452170854
0.754522922706501	0.119359540189508
0.755002899120436	0.117943188153401
0.755482875534372	0.116592983790615
0.755962851948307	0.11530668689371
0.756442828362243	0.114081302956698
0.756922804776178	0.112913322881282
0.757402781190114	0.11179913573178
0.757882757604049	0.110735477570543
0.758362734017984	0.109719828426987
0.75884271043192	0.108750632265809
0.759322686845855	0.107827356896178
0.759802663259791	0.106950398385689
0.760282639673726	0.106120979782806
0.760762616087662	0.105341048574464
0.761242592501597	0.104613334577668
0.761722568915532	0.103941352598023
0.762202545329468	0.103329302290391
0.762682521743403	0.102781796604971
0.763162498157339	0.102303446049957
0.763642474571274	0.101898295279936
0.76412245098521	0.101569376622293
0.764602427399145	0.101318486556494
0.765082403813081	0.101146173506362
0.765562380227016	0.101051972821962
0.766042356640951	0.101034785294912
0.766522333054887	0.101093127786412
0.767002309468822	0.1012252558861
0.767482285882758	0.101429251425694
0.767962262296693	0.10170301257791
0.768442238710629	0.102044282568391
0.768922215124564	0.102450812550515
0.769402191538499	0.102920516774859
0.769882167952435	0.103451497641971
0.77036214436637	0.104042052620894
0.770842120780306	0.104690503499184
0.771322097194241	0.105394967819427
0.771802073608177	0.106153163691329
0.772282050022112	0.106962382458293
0.772762026436048	0.107819503275866
0.773242002849983	0.108721098275051
0.773721979263918	0.109663475582058
0.774201955677854	0.110642633308747
0.774681932091789	0.111654099281953
0.775161908505725	0.11269276544776
0.77564188491966	0.113752660930484
0.776121861333596	0.11482681553363
0.776601837747531	0.115907260815937
0.777081814161466	0.116985180603514
0.777561790575402	0.1180511286312
0.778041766989337	0.119095323631061
0.778521743403273	0.120107969107899
0.779001719817208	0.121079552479195
0.779481696231143	0.122001123315107
0.779961672645079	0.122864470376593
0.780441649059014	0.123662162474519
0.78092162547295	0.124387555019908
0.781401601886885	0.125034686762418
0.781881578300821	0.125598080229884
0.782361554714756	0.126072630792035
0.782841531128692	0.12645364128454
0.783321507542627	0.126737013865361
0.783801483956562	0.126919810110457
0.784281460370498	0.127000954803703
0.784761436784433	0.126981778987661
0.785241413198369	0.126866562162218
0.785721389612304	0.126662680634499
0.78620136602624	0.126379958164327
0.786681342440175	0.126029486779082
0.78716131885411	0.125622299647179
0.787641295268046	0.125167945474122
0.788121271681981	0.124673446256306
0.788601248095917	0.124143032842498
0.789081224509852	0.123578440821652
0.789561200923788	0.122979540435478
0.790041177337723	0.122345218363236
0.790521153751659	0.121674060944858
0.791001130165594	0.120964696031073
0.791481106579529	0.120215880599177
0.791961082993465	0.119426465720688
0.7924410594074	0.11859521589677
0.792921035821336	0.117720787801247
0.793401012235271	0.116801925309469
0.793880988649207	0.115837936363415
0.794360965063142	0.114828989120471
0.794840941477077	0.113776189624294
0.795320917891013	0.112681500185773
0.795800894304948	0.11154746946746
0.796280870718884	0.110376697243279
0.796760847132819	0.109171597247051
0.797240823546755	0.107934431640078
0.79772079996069	0.10666744662783
0.798200776374625	0.105373024698816
0.798680752788561	0.104053884930208
0.799160729202496	0.102712938460424
0.799640705616432	0.101352959614615
0.800120682030367	0.0999762577335391
0.800600658444303	0.0985844584570296
0.801080634858238	0.0971784565779076
0.801560611272173	0.095758814454438
0.802040587686109	0.0943263246741706
0.802520564100044	0.0928824970959579
0.80300054051398	0.0914298287791853
0.803480516927915	0.0899718441566764
0.803960493341851	0.0885129015511643
0.804440469755786	0.0870579012808978
0.804920446169721	0.085612022753023
0.805400422583657	0.0841805691600489
0.805880398997592	0.0827688733556598
0.806360375411528	0.0813822487915676
0.806840351825463	0.0800259847770358
0.807320328239399	0.0787053816724152
0.807800304653334	0.0774258115972017
0.80828028106727	0.0761928197165891
0.808760257481205	0.0750122989163761
0.80924023389514	0.0738906221048217
0.809720210309076	0.0728347021486424
0.810200186723011	0.0718520137605283
0.810680163136947	0.0709506060798131
0.811160139550882	0.0701390030254457
0.811640115964818	0.0694259790353927
0.812120092378753	0.0688202394983359
0.812600068792688	0.0683300287061442
0.813080045206624	0.0679626808744707
0.813560021620559	0.0677242231989613
0.814039998034495	0.067619079956362
0.81451997444843	0.067649949796358
0.814999950862366	0.0678179035877284
0.815479927276301	0.0681226900216746
0.815959903690237	0.0685630006865802
0.816439880104172	0.069136688294779
0.816919856518107	0.0698409506818479
0.817399832932043	0.0706724645731771
0.817879809345978	0.0716273297841612
0.818359785759914	0.0727010118245351
0.818839762173849	0.073888369702131
0.819319738587785	0.075183703588402
0.81979971500172	0.0765807623200735
0.820279691415655	0.0780727971758447
0.820759667829591	0.0796526063524494
0.821239644243526	0.0813125205675376
0.821719620657462	0.0830443694816633
0.822199597071397	0.0848394538810493
0.822679573485332	0.0866884477753554
0.823159549899268	0.0885813441579815
0.823639526313203	0.0905075216186217
0.824119502727139	0.092455888917884
0.824599479141074	0.0944150616988135
0.82507945555501	0.0963736670820136
0.825559431968945	0.0983207234198205
0.826039408382881	0.100245845337549
0.826519384796816	0.102139318687871
0.826999361210751	0.103992139291359
0.827479337624687	0.10579591977823
0.827959314038622	0.107542672909078
0.828439290452558	0.109224717066678
0.828919266866493	0.110834667639121
0.829399243280429	0.112365438427058
0.829879219694364	0.113810363019085
0.830359196108299	0.115163439999597
0.830839172522235	0.116419626988453
0.83131914893617	0.117575137812665
0.831799125350106	0.118627740635187
0.832279101764041	0.119576821628197
0.832759078177977	0.120423284395
0.833239054591912	0.12116947069404
0.833719031005848	0.121818983795868
0.834199007419783	0.122376444732353
0.834678983833718	0.122847214635084
0.835158960247654	0.123237046992989
0.835638936661589	0.123551624706048
0.836118913075525	0.123796103773909
0.83659888948946	0.123974696399991
0.837078865903396	0.124090482842669
0.837558842317331	0.124145605149265
0.838038818731266	0.124141711319464
0.838518795145202	0.124080456360942
0.838998771559137	0.123963996933027
0.839478747973073	0.123795269465177
0.839958724387008	0.123577937542264
0.840438700800944	0.123316086148977
0.840918677214879	0.123013900353465
0.841398653628814	0.12267535077489
0.84187863004275	0.122304132761719
0.842358606456685	0.121903817929169
0.842838582870621	0.121477984000676
0.843318559284556	0.121030323416818
0.843798535698492	0.120564635281651
0.844278512112427	0.120084650935342
0.844758488526362	0.119593693690838
0.845238464940298	0.119094386980103
0.845718441354233	0.118588420297258
0.846198417768169	0.118076470328493
0.846678394182104	0.117558295713875
0.84715837059604	0.117032975896804
0.847638347009975	0.116499213350423
0.84811832342391	0.115955578494263
0.848598299837846	0.115400583978743
0.849078276251781	0.114832625974171
0.849558252665717	0.114249837970929
0.850038229079652	0.113649945849434
0.850518205493588	0.113030246100716
0.850998181907523	0.112387830257611
0.851478158321459	0.111719915907587
0.851958134735394	0.1110241258848
0.852438111149329	0.110298663658345
0.852918087563265	0.109542272586853
0.8533980639772	0.108753999402641
0.853878040391136	0.107932886751591
0.854358016805071	0.107077736928987
0.854837993219007	0.106187003563438
0.855317969632942	0.1052589227175
0.855797946046877	0.104291820860822
0.856277922460813	0.103284445792861
0.856757898874748	0.102236214675616
0.857237875288684	0.101147378298593
0.857717851702619	0.100019078982703
0.858197828116555	0.0988532966397524
0.85867780453049	0.0976528177524133
0.859157780944426	0.0964213519603474
0.859637757358361	0.0951635563111957
0.860117733772296	0.0938849726132755
0.860597710186232	0.0925918485933475
0.861077686600167	0.0912906462173484
0.861557663014103	0.0899872758358212
0.862037639428038	0.0886864228241187
0.862517615841974	0.0873911065190343
0.862997592255909	0.0861024963438567
0.863477568669844	0.084820216112281
0.86395754508378	0.0835430660217556
0.864437521497715	0.0822698471120764
0.864917497911651	0.0810001987980925
0.865397474325586	0.0797351101901271
0.865877450739521	0.0784768938511223
0.866357427153457	0.0772287977791227
0.866837403567392	0.0759945467535994
0.867317379981328	0.0747778049508378
0.867797356395263	0.0735818391073465
0.868277332809199	0.0724095807357841
0.868757309223134	0.0712639294656215
0.86923728563707	0.0701481758124677
0.869717262051005	0.0690664248740504
0.87019723846494	0.068023871201236
0.870677214878876	0.0670268387808638
0.871157191292811	0.0660825920921732
0.871637167706747	0.0651989479595623
0.872117144120682	0.0643837817956668
0.872597120534618	0.0636446878085928
0.873077096948553	0.0629888872449363
0.873557073362488	0.0624232608604895
0.874037049776424	0.0619544630771326
0.874517026190359	0.061589002266171
0.874997002604295	0.0613332228858088
0.87547697901823	0.0611929662290523
0.875956955432166	0.0611730874671631
0.876436931846101	0.0612769488971155
0.876916908260037	0.0615060854139078
0.877396884673972	0.0618600529377451
0.877876861087907	0.0623365653683556
0.878356837501843	0.0629318145344558
0.878836813915778	0.0636409734489134
0.879316790329714	0.0644585100162532
0.879796766743649	0.06537833232078
0.880276743157585	0.0663938122582848
0.88075671957152	0.067497802619339
0.881236695985455	0.0686825890516696
0.881716672399391	0.0699400482840264
0.882196648813326	0.0712619149845087
0.882676625227262	0.0726401745666682
0.883156601641197	0.0740675063703377
0.883636578055133	0.0755375964158657
0.884116554469068	0.07704511093893
0.884596530883003	0.0785855324172871
0.885076507296939	0.0801548202479231
0.885556483710874	0.0817489120856793
0.88603646012481	0.0833632519461469
0.886516436538745	0.0849926299418365
0.886996412952681	0.0866313218973478
0.887476389366616	0.0882734821734086
0.887956365780551	0.089913622973933
0.888436342194487	0.0915470639889032
0.888916318608422	0.0931703515324709
0.889396295022358	0.0947814315282315
0.889876271436293	0.0963795354412663
0.890356247850229	0.0979649682223281
0.890836224264164	0.0995389088154572
0.891316200678099	0.101103236151236
0.891796177092035	0.102660595820901
0.89227615350597	0.104214414711576
0.892756129919906	0.10576880421061
0.893236106333841	0.107328413025317
0.893716082747777	0.108898080586075
0.894196059161712	0.110482143093443
0.894676035575648	0.112083937708271
0.895156011989583	0.113705669455143
0.895635988403518	0.115348555872491
0.896115964817454	0.117013143846412
0.896595941231389	0.118699809728514
0.897075917645325	0.120409037084477
0.89755589405926	0.122141426867202
0.898035870473196	0.123897472009056
0.898515846887131	0.12567719966046
0.898995823301066	0.127479819188471
0.899475799715002	0.129303760599102
0.899955776128937	0.131147046656595
0.900435752542873	0.133007678987582
0.900915728956808	0.134883891053949
0.901395705370744	0.136774265794623
0.901875681784679	0.138677657086844
0.902355658198614	0.140592871046549
0.90283563461255	0.142518378541075
0.903315611026485	0.144452269354974
0.903795587440421	0.146392355149092
0.904275563854356	0.14833637799797
0.904755540268292	0.150282260986821
0.905235516682227	0.152228253431563
0.905715493096163	0.154172990969051
0.906195469510098	0.156115475328248
0.906675445924033	0.158054965624307
0.907155422337969	0.159990814494602
0.907635398751904	0.161922374507867
0.90811537516584	0.163848940168149
0.908595351579775	0.165769698153721
0.90907532799371	0.167683716773388
0.909555304407646	0.169590019233692
0.910035280821581	0.171487520355241
0.910515257235517	0.173374733657942
0.910995233649452	0.175249352275322
0.911475210063388	0.177107796475721
0.911955186477323	0.178944791768824
0.912435162891259	0.180753163095155
0.912915139305194	0.18252401304664
0.913395115719129	0.184247297011189
0.913875092133065	0.185912623810494
0.914355068547	0.187510073957583
0.914835044960936	0.18903081592376
0.915315021374871	0.190467437482591
0.915794997788807	0.191813986497683
0.916274974202742	0.193065817904406
0.916754950616677	0.194219361430943
0.917234927030613	0.195272008009721
0.917714903444548	0.196222094562073
0.918194879858484	0.197068954260939
0.918674856272419	0.197812968101187
0.919154832686355	0.198455413956352
0.91963480910029	0.198998178292938
0.920114785514225	0.1994434374577
0.920594761928161	0.199793318453418
0.921074738342096	0.200049500459288
0.921554714756032	0.200213001990218
0.922034691169967	0.200284193792407
0.922514667583903	0.200262936237021
0.922994643997838	0.20014890787202
0.923474620411774	0.19994211129583
0.923954596825709	0.19964319201394
0.924434573239644	0.199253570675952
0.92491454965358	0.198775487905712
0.925394526067515	0.198211845032183
0.925874502481451	0.19756585894823
0.926354478895386	0.196840799094372
0.926834455309322	0.196039809012951
0.927314431723257	0.195165819830668
0.927794408137192	0.194221577724478
0.928274384551128	0.19258605334796
0.928754360965063	0.190990992483739
0.929234337378999	0.189455983778729
0.929714313792934	0.187997752160607
0.93019429020687	0.186627476540836
0.930674266620805	0.185350648482884
0.93115424303474	0.184168061847744
0.931634219448676	0.183077119299783
0.932114195862611	0.182073044077499
0.932594172276547	0.181149841348881
0.933074148690482	0.180300983708122
0.933554125104418	0.179519870082978
0.934034101518353	0.178800106928573
0.934514077932288	0.178135664589338
0.934994054346224	0.17752095171718
0.935474030760159	0.176950843745527
0.935954007174095	0.176420682897683
0.93643398358803	0.175926267525938
0.936913960001966	0.17546383288507
0.937393936415901	0.17503002886808
0.937873912829837	0.174621897448095
0.938353889243772	0.174236848658675
0.938833865657707	0.173872630578212
0.939313842071643	0.173527300611383
0.939793818485578	0.17319919684824
0.940273794899514	0.172886908847102
0.940753771313449	0.172589249940782
0.941233747727385	0.172305231084357
0.94171372414132	0.172034035243772
0.942193700555255	0.171774993854321
0.942673676969191	0.171527561190675
0.943153653383126	0.171291286693993
0.943633629797062	0.171065791804813
0.944113606210997	0.170850752989785
0.944593582624933	0.170645890960608
0.945073559038868	0.17045096599177
0.945553535452803	0.170265777951166
0.946033511866739	0.170090166622382
0.946513488280674	0.169924012571829
0.94699346469461	0.169767236979147
0.947473441108545	0.169619799851639
0.947953417522481	0.169481698330823
0.948433393936416	0.169352968351831
0.948913370350352	0.169233688408023
0.949393346764287	0.169123980995783
0.949873323178222	0.169024011110211
0.950353299592158	0.168933982253413
0.950833276006093	0.16885413002089
0.951313252420029	0.168784713095986
0.951793228833964	0.168726005601257
0.952273205247899	0.168678294048336
0.952753181661835	0.168641877651923
0.95323315807577	0.168617071180186
0.953713134489706	0.168604209167039
0.954193110903641	0.168603648443881
0.954673087317577	0.168615769232655
0.955153063731512	0.168640974803753
0.955633040145448	0.168679689427649
0.956113016559383	0.168732355091569
0.956592992973318	0.168799429248427
0.957072969387254	0.168881383020917
0.957552945801189	0.168978699556631
0.958032922215125	0.169091873052012
0.95851289862906	0.169221409552004
0.958992875042996	0.169367825874274
0.959472851456931	0.16953164441607
0.959952827870866	0.169713384739769
0.960432804284802	0.169913553072061
0.960912780698737	0.170132630276841
0.961392757112673	0.170371060998806
0.961872733526608	0.170629247240479
0.962352709940544	0.170907547240648
0.962832686354479	0.171206279738739
0.963312662768414	0.171525732327874
0.96379263918235	0.171866170897145
0.964272615596285	0.172227848531243
0.964752592010221	0.172611013637097
0.965232568424156	0.173015916245304
0.965712544838092	0.173442812055301
0.966192521252027	0.173891966659571
0.966672497665963	0.174363658941693
0.967152474079898	0.174858182277033
0.967632450493833	0.175375843541042
0.968112426907769	0.175916957632698
0.968592403321704	0.176481839286616
0.96907237973564	0.177070795421607
0.969552356149575	0.17768411947748
0.970032332563511	0.178322085102501
0.970512308977446	0.17898494246755
0.970992285391381	0.179672918246036
0.971472261805317	0.180386216608716
0.971952238219252	0.18112502217903
0.972432214633188	0.181889504518639
0.972912191047123	0.182679819958867
0.973392167461059	0.183496111637737
0.973872143874994	0.184338511312264
0.974352120288929	0.185207140562716
0.974832096702865	0.186102112189054
0.9753120731168	0.187023533283048
0.975792049530736	0.187971508280853
0.976272025944671	0.188946141350531
0.976752002358607	0.189947537302239
