0	0.181418137251196
0.000479976561355535	0.179246743916061
0.00095995312271107	0.177100579322477
0.0014399296840666	0.174979778687339
0.00191990624542214	0.172884488336494
0.00239988280677767	0.170814849342773
0.00287985936813321	0.168770986437213
0.00335983592948874	0.1667530011747
0.00383981249084428	0.164760968057054
0.00431978905219981	0.162794935422593
0.00479976561355535	0.16085493044332
0.00527974217491088	0.158940963954317
0.00575971873626642	0.15705303541968
0.00623969529762195	0.155191136570925
0.00671967185897749	0.153355253174368
0.00719964842033302	0.15154536655859
0.00767962498168856	0.149761457680527
0.00815960154304409	0.148003512096584
0.00863957810439963	0.146271524719007
0.00911955466575516	0.144565504131149
0.0095995312271107	0.142885476561399
0.0100795077884662	0.141231486471506
0.0105594843498218	0.13960359333592
0.0110394609111773	0.138001866116611
0.0115194374725328	0.136426378773979
0.0119994140338884	0.134877203862633
0.0124793905952439	0.133354406504785
0.0129593671565994	0.131858040150556
0.013439343717955	0.130388144641636
0.0139193202793105	0.128944744246512
0.014399296840666	0.127527847264308
0.0148792734020216	0.126137445731384
0.0153592499633771	0.124773515412833
0.0158392265247327	0.123436015869739
0.0163192030860882	0.122124891974791
0.0167991796474437	0.120840075326585
0.0172791562087993	0.119581487629768
0.0177591327701548	0.118349045514332
0.0182391093315103	0.117142665544847
0.0187190858928659	0.115962267225024
0.0191990624542214	0.114807776004078
0.0196790390155769	0.113679125664271
0.0201590155769325	0.112576259595455
0.020638992138288	0.111499131857473
0.0211189686996435	0.11044770849859
0.0215989452609991	0.109421966191722
0.0220789218223546	0.108421887798435
0.0225588983837101	0.107447455152621
0.0230388749450657	0.106498638866835
0.0235188515064212	0.105575387648377
0.0239988280677767	0.104677620873713
0.0244788046291323	0.103805225784858
0.0249587811904878	0.10295806006692
0.0254387577518434	0.102135959808391
0.0259187343131989	0.101338749510216
0.0263987108745544	0.100566251057372
0.02687868743591	0.0998182911559127
0.0273586639972655	0.0990947059884015
0.027838640558621	0.0983953422185256
0.0283186171199766	0.0977200571026384
0.0287985936813321	0.0970687200031862
0.0292785702426876	0.0964412143972445
0.0297585468040432	0.0958374400277677
0.0302385233653987	0.0952573152102202
0.0307184999267542	0.094700779770819
0.0311984764881098	0.0941677995375681
0.0316784530494653	0.0936583693719291
0.0321584296108208	0.0931725148824706
0.0326384061721764	0.0927102894521994
0.0331183827335319	0.0922717656449039
0.0335983592948874	0.0918570209248742
0.034078335856243	0.0914661224517904
0.0345583124175985	0.0910991124276762
0.0350382889789541	0.0907559998890663
0.0355182655403096	0.0904367618607635
0.0359982421016651	0.0901413540943579
0.0364782186630207	0.0898697270672764
0.0369581952243762	0.0896218464245519
0.0374381717857317	0.0893977116202528
0.0379181483470873	0.0891973710660791
0.0383981249084428	0.0890209330797326
0.0388781014697983	0.0888685762036305
0.0393580780311539	0.0887405580502872
0.0398380545925094	0.0886372276315095
0.0403180311538649	0.0885590404156498
0.0407980077152205	0.088506575735599
0.041277984276576	0.0884805577056999
0.0417579608379315	0.0884818816053997
0.0422379373992871	0.0885116393293836
0.0427179139606426	0.0885711420292511
0.0431978905219981	0.0886619395867297
0.0436778670833537	0.0887858347304904
0.0441578436447092	0.0889448871071948
0.0446378202060648	0.0891414097223328
0.0451177967674203	0.0893779508140065
0.0455977733287758	0.0896572461595505
0.0460777498901314	0.0899821189160356
0.0465577264514869	0.0903552915931145
0.0470377030128424	0.0907790578741354
0.047517679574198	0.0912547702125482
0.0479976561355535	0.0917821005764553
0.048477632696909	0.092358083191764
0.0489576092582646	0.0929760423457292
0.0494375858196201	0.0937393674714191
0.0499175623809756	0.0945275755037255
0.0503975389423312	0.0953432541321286
0.0508775155036867	0.0961898603896841
0.0513574920650422	0.0970713323080283
0.0518374686263978	0.0979917367084468
0.0523174451877533	0.0989549525946737
0.0527974217491088	0.0999643642065209
0.0532773983104644	0.101022642411111
0.0537573748718199	0.102131658291371
0.0542373514331755	0.103292421534094
0.054717327994531	0.104505057410383
0.0551973045558865	0.105768790329304
0.0556772811172421	0.107081894929417
0.0561572576785976	0.108441640934046
0.0566372342399531	0.109844360484295
0.0571172108013087	0.111285613277704
0.0575971873626642	0.11276041936932
0.0580771639240197	0.114263557343993
0.0585571404853753	0.115789945197875
0.0590371170467308	0.117334943670045
0.0595170936080863	0.118894511880172
0.0599970701694419	0.120465231995512
0.0604770467307974	0.122044326907048
0.0609570232921529	0.123629508344734
0.0614369998535085	0.125218767123974
0.061916976414864	0.126810201171784
0.0623969529762195	0.128401826354015
0.0628769295375751	0.129991285565983
0.0633569060989306	0.131575603584781
0.0638368826602862	0.133150943974425
0.0643168592216417	0.134712400184398
0.0647968357829972	0.1362539510118
0.0652768123443528	0.137768548732214
0.0657567889057083	0.139248227988694
0.0662367654670638	0.140684372970842
0.0667167420284194	0.142068094069127
0.0671967185897749	0.143390530695559
0.0676766951511304	0.144643107555056
0.068156671712486	0.145817867866951
0.0686366482738415	0.146907812318742
0.069116624835197	0.147907214653921
0.0695966013965526	0.148812013696428
0.0700765779579081	0.149620146823685
0.0705565545192636	0.150331670023212
0.0710365310806192	0.150948618458829
0.0715165076419747	0.151474613298454
0.0719964842033302	0.151914239887944
0.0724764607646858	0.152272314093229
0.0729564373260413	0.152553199932268
0.0734364138873969	0.15276030255785
0.0739163904487524	0.152895790017309
0.0743963670101079	0.152960557626516
0.0748763435714635	0.152954431316335
0.075356320132819	0.152876484069051
0.0758362966941745	0.152725399800342
0.0763162732555301	0.152499834049422
0.0767962498168856	0.152198693432834
0.0772762263782411	0.151821293062034
0.0777562029395967	0.151367502908429
0.0782361795009522	0.150837865101158
0.0787161560623077	0.150233630518282
0.0791961326236633	0.149556732213123
0.0796761091850188	0.148809836336857
0.0801560857463743	0.147996482153276
0.0806360623077299	0.147121215796238
0.0811160388690854	0.146189636038937
0.081596015430441	0.145208253534698
0.0820759919917965	0.14418414266734
0.082555968553152	0.143124387345669
0.0830359451145076	0.142035453916348
0.0835159216758631	0.140922638920421
0.0839958982372186	0.139789754686046
0.0844758747985742	0.138639124327429
0.0849558513599297	0.137471879925177
0.0854358279212852	0.136288396066574
0.0859158044826408	0.135088725888049
0.0863957810439963	0.133872936565199
0.0868757576053518	0.132641324278509
0.0873557341667074	0.131394371834894
0.0878357107280629	0.130132568392959
0.0883156872894184	0.128856207717228
0.088795663850774	0.127565242276382
0.0892756404121295	0.126259166675323
0.089755616973485	0.124937038814463
0.0902355935348406	0.123597665106205
0.0907155700961961	0.122239988879864
0.0911955466575516	0.120863453866676
0.0916755232189072	0.119468143757547
0.0921554997802627	0.118054606939809
0.0926354763416183	0.116623449462698
0.0931154529029738	0.115174722054999
0.0935954294643293	0.113707378712874
0.0940754060256849	0.11221906168183
0.0945553825870404	0.110706240957405
0.0950353591483959	0.109164657079751
0.0955153357097515	0.107589988091738
0.095995312271107	0.105978456024908
0.0964752888324625	0.104327291890296
0.0969552653938181	0.102635084111215
0.0974352419551736	0.100901841658366
0.0979152185165291	0.0991287982707056
0.0983951950778847	0.0973182314334717
0.0988751716392402	0.0954732018247096
0.0993551482005957	0.0935971888004731
0.0998351247619513	0.0916938783131203
0.100315101323307	0.0897670445002862
0.100795077884662	0.0878204943247863
0.101275054446018	0.0858582208904692
0.101755031007373	0.0838847272832154
0.102235007568729	0.0819052247860685
0.102714984130084	0.0799257471780766
0.10319496069144	0.0779530988849628
0.103674937252796	0.0759944335754148
0.104154913814151	0.0740566885828817
0.104634890375507	0.0721461349254453
0.105114866936862	0.0702680070720482
0.105594843498218	0.0684263572384787
0.106074820059573	0.0666242521442148
0.106554796620929	0.0648641978041809
0.107034773182284	0.0631486201293444
0.10751474974364	0.0614803836073562
0.107994726304995	0.0598631822295395
0.108474702866351	0.058301793912794
0.108954679427706	0.0568022995096077
0.109434655989062	0.0553722907232826
0.109914632550418	0.054020855150809
0.110394609111773	0.0527583527189413
0.110874585673129	0.0515959704377178
0.111354562234484	0.0505450059435653
0.11183453879584	0.0496159859227761
0.112314515357195	0.0488179296231636
0.112794491918551	0.0481578782153408
0.113274468479906	0.0476408282033264
0.113754445041262	0.0472700462800344
0.114234421602617	0.0470475516003781
0.114714398163973	0.0469744983263301
0.115194374725328	0.0470514564200807
0.115674351286684	0.0472785383775172
0.116154327848039	0.0476553072065448
0.116634304409395	0.0481806121631342
0.117114280970751	0.0488525576437507
0.117594257532106	0.0496685373884505
0.118074234093462	0.0506253062970284
0.118554210654817	0.051719097629123
0.119034187216173	0.0529457982395628
0.119514163777528	0.0543012460622332
0.119994140338884	0.0557814464667043
0.120474116900239	0.0573825743012805
0.120954093461595	0.059100830083092
0.12143407002295	0.0609322178006879
0.121914046584306	0.0628721686470895
0.122394023145661	0.0649153683871199
0.122873999707017	0.0670558399086543
0.123353976268372	0.0692871423470042
0.123833952829728	0.0716025540108461
0.124313929391084	0.0739952945575909
0.124793905952439	0.0764584873657343
0.125273882513795	0.0789848839411584
0.12575385907515	0.0815666243243423
0.126233835636506	0.0841950843359867
0.126713812197861	0.0868607855151082
0.127193788759217	0.0895536561035195
0.127673765320572	0.0922634359620798
0.128153741881928	0.0949799544196998
0.128633718443283	0.0976932773611247
0.129113695004639	0.100393811549375
0.129593671565994	0.103072262872131
0.13007364812735	0.105719660914604
0.130553624688706	0.108327591714343
0.131033601250061	0.110888454037394
0.131513577811417	0.113395691432118
0.131993554372772	0.115844046762692
0.132473530934128	0.118229611523536
0.132953507495483	0.12054952769059
0.133433484056839	0.122801632494503
0.133913460618194	0.124984113393689
0.13439343717955	0.127095050734172
0.134873413740905	0.12913216789669
0.135353390302261	0.131092912232244
0.135833366863616	0.132974611472886
0.136313343424972	0.134774673556556
0.136793319986327	0.136490916956256
0.137273296547683	0.138121799842329
0.137753273109039	0.139666493515026
0.138233249670394	0.141125076033854
0.13871322623175	0.142498804422712
0.139193202793105	0.143790354897921
0.139673179354461	0.145004157737504
0.140153155915816	0.146146821433909
0.140633132477172	0.147227322103831
0.141113109038527	0.148256790051586
0.141593085599883	0.149247960704072
0.142073062161238	0.150214395238256
0.142553038722594	0.151169529895909
0.143033015283949	0.152125821940824
0.143512991845305	0.153094175549254
0.14399296840666	0.154083700379254
0.144472944968016	0.15510172431588
0.144952921529372	0.156154055352349
0.145432898090727	0.157245327164206
0.145912874652083	0.158379270513207
0.146392851213438	0.15955886603433
0.146872827774794	0.160786427983021
0.147352804336149	0.162063572866648
0.147832780897505	0.163391153198839
0.14831275745886	0.164769225928044
0.148792734020216	0.166197038711653
0.149272710581571	0.167673023638861
0.149752687142927	0.169194795369564
0.150232663704282	0.170759169957042
0.150712640265638	0.172362219452659
0.151192616826994	0.173999336508806
0.151672593388349	0.175665295960138
0.152152569949705	0.177354312095017
0.15263254651106	0.17906009431875
0.153112523072416	0.180775937398688
0.153592499633771	0.182494658684158
0.154072476195127	0.184208412129062
0.154552452756482	0.185908461708722
0.155032429317838	0.187584963527423
0.155512405879193	0.189226767698558
0.155992382440549	0.190821476878925
0.156472359001904	0.192355763463414
0.15695233556326	0.193815885172554
0.157432312124615	0.195188360144764
0.157912288685971	0.196460711392635
0.158392265247327	0.197621926029268
0.158872241808682	0.198662673992254
0.159352218370038	0.199575345574947
0.159832194931393	0.200353948352771
0.160312171492749	0.200993821930891
0.160792148054104	0.201491488351462
0.16127212461546	0.201844593803923
0.161752101176815	0.202051881469287
0.162232077738171	0.202113176398774
0.162712054299526	0.202029488580438
0.163192030860882	0.20180304058639
0.163672007422237	0.201437218510703
0.164151983983593	0.200936485337226
0.164631960544948	0.200306236425273
0.165111937106304	0.199552479197878
0.16559191366766	0.198681574743624
0.166071890229015	0.197700056920137
0.166551866790371	0.196614497222469
0.167031843351726	0.195431434237658
0.167511819913082	0.194157467343956
0.167991796474437	0.192799371644815
0.168471773035793	0.191364217085023
0.168951749597148	0.18985946528783
0.169431726158504	0.188293008615311
0.169911702719859	0.186673181047848
0.170391679281215	0.185008741197768
0.17087165584257	0.18330876679767
0.171351632403926	0.181582464771699
0.171831608965282	0.179838912165468
0.172311585526637	0.178086714473008
0.172791562087993	0.176333701055635
0.173271538649348	0.174586724298626
0.173751515210704	0.1728515784353
0.174231491772059	0.171133041787315
0.174711468333415	0.169435033026677
0.17519144489477	0.167760764257962
0.175671421456126	0.166112875126699
0.176151398017481	0.164493546270238
0.176631374578837	0.162904564950051
0.177111351140192	0.161347328492461
0.177591327701548	0.159822895490986
0.178071304262903	0.158332126998904
0.178551280824259	0.15687584177426
0.179031257385615	0.155454770648016
0.17951123394697	0.154069331099445
0.179991210508326	0.152719282392046
0.180471187069681	0.151403275452474
0.180951163631037	0.150118413894378
0.181431140192392	0.14886008181555
0.181911116753748	0.147622073294717
0.182391093315103	0.146397054338851
0.182871069876459	0.14517725191027
0.183351046437814	0.143954989348213
0.18383102299917	0.142722804924963
0.184310999560525	0.141473305430909
0.184790976121881	0.140198831651839
0.185270952683237	0.138890971040581
0.185750929244592	0.13754030375516
0.186230905805948	0.13613668597314
0.186710882367303	0.134669804537522
0.187190858928659	0.133129851951928
0.187670835490014	0.131508221358322
0.18815081205137	0.129798011475395
0.188630788612725	0.127994354087869
0.189110765174081	0.126094674627451
0.189590741735436	0.124098751813679
0.190070718296792	0.122008566378297
0.190550694858147	0.119828128976209
0.191030671419503	0.117563212848033
0.191510647980858	0.115220883545134
0.191990624542214	0.112809056458784
0.19247060110357	0.110336160710003
0.192950577664925	0.107810918456262
0.193430554226281	0.10524230145335
0.193910530787636	0.10263952982609
0.194390507348992	0.100011946200439
0.194870483910347	0.0973689280106397
0.195350460471703	0.0947197427639722
0.195830437033058	0.0920733155604779
0.196310413594414	0.0894382025122366
0.196790390155769	0.0868227400365672
0.197270366717125	0.0842351306107284
0.19775034327848	0.0816835555257472
0.198230319839836	0.079176304383133
0.198710296401191	0.0767217737948396
0.199190272962547	0.0743284165951871
0.199670249523903	0.072004861380253
0.200150226085258	0.0697600373113458
0.200630202646614	0.0676032311533292
0.201110179207969	0.0655441786904302
0.201590155769325	0.0635930201817501
0.20207013233068	0.0617600732417492
0.202550108892036	0.0600554873379348
0.203030085453391	0.058488792812227
0.203510062014747	0.0570684116234232
0.203990038576102	0.05580124787856
0.204470015137458	0.0546924480478695
0.204949991698813	0.0537452742939501
0.205429968260169	0.052961122048061
0.205909944821524	0.0523396788765296
0.20638992138288	0.0518792528603416
0.206869897944236	0.0515771765948305
0.207349874505591	0.0514303126265088
0.207829851066947	0.0514355225555196
0.208309827628302	0.0515900213733856
0.208789804189658	0.0518915618034713
0.209269780751013	0.0523383910065753
0.209749757312369	0.0529289789012298
0.210229733873724	0.0536617095181742
0.21070971043508	0.0545345382416946
0.211189686996435	0.0555447261674568
0.211669663557791	0.0566886903700474
0.212149640119146	0.0579620479627873
0.212629616680502	0.0593596929948432
0.213109593241858	0.0608758823249481
0.213589569803213	0.0625043104577323
0.214069546364569	0.064238136723325
0.214549522925924	0.0660699694382186
0.21502949948728	0.0679919123172178
0.215509476048635	0.0699956548231883
0.215989452609991	0.0720725937647329
0.216469429171346	0.0742139872467615
0.216949405732702	0.0764111575519711
0.217429382294057	0.0786557936676737
0.217909358855413	0.0809402757293494
0.218389335416768	0.0832578768907586
0.218869311978124	0.0856028315293526
0.219349288539479	0.0879703034853866
0.219829265100835	0.0903561148210442
0.220309241662191	0.0927563137035141
0.220789218223546	0.0951667901952492
0.221269194784902	0.0975830495152957
0.221749171346257	0.100000062442072
0.222229147907613	0.102412341978452
0.222709124468968	0.104814239865021
0.223189101030324	0.107200145334106
0.223669077591679	0.109564436467848
0.224149054153035	0.111901303724511
0.22462903071439	0.114204395332694
0.225109007275746	0.116466441048041
0.225588983837101	0.118679107444169
0.226068960398457	0.120833166732747
0.226548936959813	0.122918843332217
0.227028913521168	0.124926412053166
0.227508890082524	0.126846895951782
0.227988866643879	0.128672633153444
0.228468843205235	0.130397680756108
0.22894881976659	0.132018089524956
0.229428796327946	0.133532007987506
0.229908772889301	0.134939684760496
0.230388749450657	0.136243428291935
0.230868726012012	0.137447416916458
0.231348702573368	0.138557387562753
0.231828679134723	0.139580208960485
0.232308655696079	0.140523320721703
0.232788632257434	0.141394183412102
0.23326860881879	0.142199839457842
0.233748585380146	0.142946472023216
0.234228561941501	0.143639061150257
0.234708538502857	0.144281108545925
0.235188515064212	0.144874426415674
0.235668491625568	0.145418988214223
0.236148468186923	0.145913072015889
0.236628444748279	0.146353649839853
0.237108421309634	0.146736788853803
0.23758839787099	0.147058011516592
0.238068374432345	0.147312644402742
0.238548350993701	0.147496034546491
0.239028327555056	0.147603583706194
0.239508304116412	0.14763075421255
0.239988280677768	0.147573190257771
0.240468257239123	0.147426957115545
0.240948233800479	0.147188899561818
0.241428210361834	0.146857004994855
0.24190818692319	0.146430606647975
0.242388163484545	0.145910437758614
0.242868140045901	0.145298547185048
0.243348116607256	0.144598079240268
0.243828093168612	0.143812875833477
0.244308069729967	0.14294713434405
0.244788046291323	0.1420050900283
0.245268022852678	0.140990722674662
0.245747999414034	0.139907497564479
0.246227975975389	0.138758266443723
0.246707952536745	0.137545334892046
0.247187929098101	0.136270665063854
0.247667905659456	0.134936176994435
0.248147882220812	0.133544080318842
0.248627858782167	0.132097102559237
0.249107835343523	0.130598634683506
0.249587811904878	0.12905280265168
0.250067788466234	0.127464471274925
0.250547765027589	0.125839256496824
0.251027741588945	0.124183733491108
0.2515077181503	0.122505570978036
0.251987694711656	0.12081349772664
0.252467671273011	0.11911710795247
0.252947647834367	0.117426482809151
0.253427624395722	0.115751588966249
0.253907600957078	0.114101717367192
0.254387577518434	0.112485088087009
0.254867554079789	0.110908677920983
0.255347530641145	0.109378353945412
0.2558275072025	0.107899325644776
0.256307483763856	0.106476556991759
0.256787460325211	0.105115111661434
0.257267436886567	0.103820323725354
0.257747413447922	0.102597624464301
0.258227390009278	0.101451922389282
0.258707366570633	0.100386943241101
0.259187343131989	0.0994046224946157
0.259667319693344	0.0985047076037921
0.2601472962547	0.0976847525836005
0.260627272816056	0.0969404975480545
0.261107249377411	0.0962664934045419
0.261587225938767	0.0956569086445691
0.262067202500122	0.0951061975088822
0.262547179061478	0.0946094397505675
0.263027155622833	0.0941624061056195
0.263507132184189	0.0937615177966353
0.263987108745544	0.0934037273195429
0.2644670853069	0.0930864597591737
0.264947061868255	0.0928075906355526
0.265427038429611	0.092565427335688
0.265907014990966	0.0923585887056839
0.266386991552322	0.0921857492525973
0.266866968113677	0.0920453105580862
0.267346944675033	0.0919352396284045
0.267826921236389	0.0918529654655853
0.268306897797744	0.0917953826560275
0.2687868743591	0.0917589813126118
0.269266850920455	0.0917400357618596
0.269746827481811	0.0917346972276294
0.270226804043166	0.0917391994023103
0.270706780604522	0.0917500615161159
0.271186757165877	0.0917642828091481
0.271666733727233	0.0917796349341327
0.272146710288588	0.0917950045790733
0.272626686849944	0.0918104940896688
0.273106663411299	0.0918274205206481
0.273586639972655	0.0918481952108562
0.27406661653401	0.0918760591063868
0.274546593095366	0.0919147527210821
0.275026569656722	0.0919683644076723
0.275506546218077	0.0920413075822565
0.275986522779433	0.0921384451944707
0.276466499340788	0.0922652780633684
0.276946475902144	0.0924280330050633
0.277426452463499	0.0926336359242129
0.277906429024855	0.0928896157401363
0.27838640558621	0.0932037108933744
0.278866382147566	0.093583208081215
0.279346358708921	0.094034314455593
0.279826335270277	0.0945616482990193
0.280306311831632	0.0951680325734743
0.280786288392988	0.0958547918101875
0.281266264954343	0.0966222701873026
0.281746241515699	0.0974702762529638
0.282226218077055	0.0983983987275291
0.28270619463841	0.0994060311234992
0.283186171199766	0.100491867047451
0.283666147761121	0.101653313381027
0.284146124322477	0.10288622868946
0.284626100883832	0.10418495323361
0.285106077445188	0.105542680042967
0.285586054006543	0.106952240072325
0.286066030567899	0.108406925613915
0.286546007129254	0.109901065709739
0.28702598369061	0.111430337354623
0.287505960251965	0.1129917393066
0.287985936813321	0.114583322450344
0.288465913374677	0.116203893215778
0.288945889936032	0.117852756899725
0.289425866497388	0.119529466309829
0.289905843058743	0.121233562406598
0.290385819620099	0.122964384851157
0.290865796181454	0.124721003927802
0.29134577274281	0.126502288422032
0.291825749304165	0.128307085572657
0.292305725865521	0.130134451764033
0.292785702426876	0.131983751601655
0.293265678988232	0.133854515307688
0.293745655549587	0.135746102434107
0.294225632110943	0.137657341845526
0.294705608672299	0.139586098402703
0.295185585233654	0.141528970917397
0.29566556179501	0.143481324620496
0.296145538356365	0.145437638754217
0.296625514917721	0.147391936113955
0.297105491479076	0.149338247407887
0.297585468040432	0.15127096005757
0.298065444601787	0.153185028583657
0.298545421163143	0.155076020633351
0.299025397724498	0.156940147681767
0.299505374285854	0.158774319197018
0.299985350847209	0.160576429627175
0.300465327408565	0.162345768667135
0.30094530396992	0.164083371948742
0.301425280531276	0.165792195587417
0.301905257092631	0.16747702761742
0.302385233653987	0.169144114138359
0.302865210215343	0.170800496220634
0.303345186776698	0.172453222990301
0.303825163338054	0.174108638697083
0.304305139899409	0.175772001921462
0.304785116460765	0.177447427124441
0.30526509302212	0.179137997037254
0.305745069583476	0.180845953397347
0.306225046144831	0.182572939295226
0.306705022706187	0.184320154318347
0.307184999267542	0.186088418331535
0.307664975828898	0.187878162355103
0.308144952390253	0.189689333953289
0.308624928951609	0.191521234329647
0.309104905512965	0.19337239916381
0.30958488207432	0.195240456331061
0.310064858635676	0.197122072321494
0.310544835197031	0.199013142906901
0.311024811758387	0.200909064241361
0.311504788319742	0.202805014278323
0.311984764881098	0.204696235278617
0.312464741442453	0.206578263034581
0.312944718003809	0.208446967200013
0.313424694565164	0.210298556411845
0.31390467112652	0.212129555435557
0.314384647687875	0.213936750780614
0.314864624249231	0.215717213324556
0.315344600810586	0.217468413566803
0.315824577371942	0.219188251279008
0.316304553933298	0.220875029911793
0.316784530494653	0.222527373080687
0.317264507056009	0.224144084025814
0.317744483617364	0.225723985067362
0.31822446017872	0.227265845544896
0.318704436740075	0.228768347187658
0.319184413301431	0.230230092986996
0.319664389862786	0.231649649477072
0.320144366424142	0.23302563653374
0.320624342985497	0.234356925659696
0.321104319546853	0.23564286634636
0.321584296108208	0.236883363789807
0.322064272669564	0.238078790134874
0.32254424923092	0.239229722816813
0.323024225792275	0.24033647582494
0.323504202353631	0.241398536506751
0.323984178914986	0.242414118167809
0.324464155476342	0.243379904389442
0.324944132037697	0.24429104862279
0.325424108599053	0.245141467638945
0.325904085160408	0.245924188095353
0.326384061721764	0.246631622989428
0.326864038283119	0.247255798607701
0.327344014844475	0.247788474421736
0.32782399140583	0.248221106467095
0.328303967967186	0.248544888428946
0.328783944528541	0.248750963388845
0.329263921089897	0.248830752381406
0.329743897651253	0.248776399944717
0.330223874212608	0.248581342911305
0.330703850773964	0.248240801442753
0.331183827335319	0.247752076441701
0.331663803896675	0.247114647235611
0.33214378045803	0.246330071252319
0.332623757019386	0.24540158211381
0.333103733580741	0.244333577773904
0.333583710142097	0.243131152439461
0.334063686703452	0.241799762356113
0.334543663264808	0.240345144810381
0.335023639826163	0.238773409552664
0.335503616387519	0.237091150426458
0.335983592948874	0.235305470187743
0.33646356951023	0.233423902162916
0.336943546071586	0.231454122495064
0.337423522632941	0.229403538106581
0.337903499194297	0.227278950404743
0.338383475755652	0.225086426419385
0.338863452317008	0.222831377457494
0.339343428878363	0.220518837669339
0.339823405439719	0.218153714581272
0.340303382001074	0.215741006874162
0.34078335856243	0.213285888835417
0.341263335123785	0.210793647047594
0.341743311685141	0.208269372332446
0.342223288246496	0.205717718095841
0.342703264807852	0.203142727519315
0.343183241369208	0.200547815092699
0.343663217930563	0.197935743237023
0.344143194491919	0.195308662714141
0.344623171053274	0.192668175086435
0.34510314761463	0.190015425935234
0.345583124175985	0.187351127173038
0.346063100737341	0.184675653328353
0.346543077298696	0.18198912456647
0.347023053860052	0.179291550938557
0.347503030421407	0.176582993544449
0.347983006982763	0.173863754154405
0.348462983544118	0.171134412345416
0.348942960105474	0.168395834960234
0.349422936666829	0.165649143634675
0.349902913228185	0.162895615945165
0.350382889789541	0.160136556869927
0.350862866350896	0.157373271919573
0.351342842912252	0.154606996395916
0.351822819473607	0.151838771994993
0.352302796034963	0.149069312159429
0.352782772596318	0.146298899915409
0.353262749157674	0.143527357383586
0.353742725719029	0.140754112816958
0.354222702280385	0.137978385251878
0.35470267884174	0.135199546810435
0.355182655403096	0.132417592151574
0.355662631964451	0.129633544677337
0.356142608525807	0.126849673497179
0.356622585087162	0.124069538350927
0.357102561648518	0.121297701384718
0.357582538209874	0.118539206133001
0.358062514771229	0.11579905506702
0.358542491332585	0.113081780147789
0.35902246789394	0.110391193390182
0.359502444455296	0.107730541380272
0.359982421016651	0.105102832775271
0.360462397578007	0.102511145898043
0.360942374139362	0.0999589904071601
0.361422350700718	0.0974506305214453
0.361902327262073	0.0949911981215396
0.362382303823429	0.0925867711465903
0.362862280384784	0.0902444259551982
0.36334225694614	0.0879722387610121
0.363822233507496	0.0857791568473096
0.364302210068851	0.0836747596075381
0.364782186630207	0.0816688386978289
0.365262163191562	0.0797710151159667
0.365742139752918	0.0779903293710274
0.366222116314273	0.0763348826510253
0.366702092875629	0.074811489083541
0.367182069436984	0.0734253564056588
0.36766204599834	0.072179696334052
0.368142022559695	0.0710754077719093
0.368621999121051	0.070110670698663
0.369101975682406	0.069280633762156
0.369581952243762	0.0685774152328615
0.370061928805117	0.0679903449590183
0.370541905366473	0.0675062731958384
0.371021881927829	0.0671101424440063
0.371501858489184	0.0667856369195037
0.37198183505054	0.0665157971448167
0.372461811611895	0.0662836393145905
0.372941788173251	0.0660728244416844
0.373421764734606	0.0658682562601894
0.373901741295962	0.0656565927630904
0.374381717857317	0.0654265944199324
0.374861694418673	0.0651692189136114
0.375341670980028	0.0648776779683443
0.375821647541384	0.0645476369146912
0.376301624102739	0.0641774396191679
0.376781600664095	0.0637682214538584
0.377261577225451	0.0633240218817036
0.377741553786806	0.0628517501388793
0.378221530348162	0.0623609188267037
0.378701506909517	0.0618630881531062
0.379181483470873	0.061371169439218
0.379661460032228	0.0608986023593303
0.380141436593584	0.0604585378310838
0.380621413154939	0.0600631466702209
0.381101389716295	0.0597230744670217
0.38158136627765	0.0594470722356095
0.382061342839006	0.0592419299925213
0.382541319400361	0.0591125422745986
0.383021295961717	0.0590620364297613
0.383501272523072	0.0590920749713324
0.383981249084428	0.0592031910225558
0.384461225645783	0.0593949873890568
0.384941202207139	0.0596663193701064
0.385421178768495	0.0600154768816921
0.38590115532985	0.0604404473857613
0.386381131891206	0.0609391839593252
0.386861108452561	0.0615098458208766
0.387341085013917	0.0621509166530879
0.387821061575272	0.0628611690902766
0.388301038136628	0.0636395081697606
0.388781014697983	0.0644847877852416
0.389260991259339	0.0653957049709405
0.389740967820694	0.0663708949054892
0.39022094438205	0.0674092245762999
0.390700920943405	0.0685101282288768
0.391180897504761	0.0696738221947461
0.391660874066117	0.0709014040887787
0.392140850627472	0.0721948539282831
0.392620827188828	0.0735567655815505
0.393100803750183	0.0749899445659174
0.393580780311539	0.0764970498385595
0.394060756872894	0.0780802840692299
0.39454073343425	0.0797410196790013
0.395020709995605	0.0814794802701363
0.395500686556961	0.0832944228652337
0.395980663118316	0.0851829670192307
0.396460639679672	0.0871405658853592
0.396940616241027	0.0891611830288964
0.397420592802383	0.091237555977864
0.397900569363739	0.093361613629083
0.398380545925094	0.0955249083967288
0.39886052248645	0.0977190382486102
0.399340499047805	0.0999359685282048
0.399820475609161	0.102168249780789
0.400300452170516	0.104409082789332
0.400780428731872	0.106652294776314
0.401260405293227	0.108892181731751
0.401740381854583	0.111123290683229
0.402220358415938	0.113340273680368
0.402700334977294	0.115537906725046
0.403180311538649	0.117711205818051
0.403660288100005	0.119855531071122
0.40414026466136	0.121966685300056
0.404620241222716	0.124040923933677
0.405100217784072	0.126074916759458
0.405580194345427	0.128065710161924
0.406060170906783	0.130010676596014
0.406540147468138	0.131907458397164
0.407020124029494	0.133754029271887
0.407500100590849	0.135548687623006
0.407980077152205	0.137289915373745
0.40846005371356	0.138976234810185
0.408940030274916	0.140606053508377
0.409420006836271	0.142177494299294
0.409899983397627	0.143688361566148
0.410379959958982	0.145136243883229
0.410859936520338	0.146518649754758
0.411339913081693	0.147833209872421
0.411819889643049	0.149077873415757
0.412299866204405	0.150250943749454
0.41277984276576	0.151351103352998
0.413259819327116	0.152377528013349
0.413739795888471	0.153329924451617
0.414219772449827	0.154208501208897
0.414699749011182	0.155013969413413
0.415179725572538	0.155747503350594
0.415659702133893	0.156410626352928
0.416139678695249	0.157005129019654
0.416619655256604	0.157533008342527
0.41709963181796	0.157996405970749
0.417579608379315	0.158397532604705
0.418059584940671	0.158738595047854
0.418539561502027	0.159021735756045
0.419019538063382	0.159248974425056
0.419499514624738	0.159422164276437
0.419979491186093	0.159542979572183
0.420459467747449	0.15961292530488
0.420939444308804	0.159633369131729
0.42141942087016	0.159605618357856
0.421899397431515	0.159531058250783
0.422379373992871	0.159411252045028
0.422859350554226	0.159247917004438
0.423339327115582	0.1590428584498
0.423819303676937	0.158797807763371
0.424299280238293	0.158514063214611
0.424779256799648	0.158192087728497
0.425259233361004	0.157831236660756
0.42573920992236	0.157429595259961
0.426219186483715	0.156984023271833
0.426699163045071	0.156490507686033
0.427179139606426	0.155944679424043
0.427659116167782	0.155342377659353
0.428139092729137	0.154680151570027
0.428619069290493	0.15395551561899
0.429099045851848	0.153166883091039
0.429579022413204	0.152313362067879
0.430058998974559	0.151394512697823
0.430538975535915	0.150410026015351
0.43101895209727	0.149359478207741
0.431498928658626	0.148242257990937
0.431978905219982	0.147057608198369
0.432458881781337	0.145804708038331
0.432938858342693	0.144482777040774
0.433418834904048	0.143091212372891
0.433898811465404	0.141629752066994
0.434378788026759	0.140098640943621
0.434858764588115	0.138498787199626
0.43533874114947	0.13683190649511
0.435818717710826	0.135100666722438
0.436298694272181	0.133308703361682
0.436778670833537	0.131460522516315
0.437258647394892	0.129561391527467
0.437738623956248	0.127617247390056
0.438218600517603	0.125634602511465
0.438698577078959	0.123620461086752
0.439178553640314	0.121582208602319
0.43965853020167	0.119527426110171
0.440138506763026	0.117463726147242
0.440618483324381	0.115398601735502
0.441098459885737	0.113339357992148
0.441578436447092	0.11129314814519
0.442058413008448	0.109267019067986
0.442538389569803	0.107267767117156
0.443018366131159	0.105301684025945
0.443498342692514	0.103374232201425
0.44397831925387	0.101489512006406
0.444458295815225	0.0996496852116143
0.444938272376581	0.0978546724282178
0.445418248937936	0.0961021457637079
0.445898225499292	0.0943878651144803
0.446378202060648	0.0927063863119044
0.446858178622003	0.0910519438015084
0.447338155183359	0.0894193106436495
0.447818131744714	0.0878045762009376
0.44829810830607	0.0862057380830262
0.448778084867425	0.084623012870282
0.449258061428781	0.0830589240124836
0.449738037990136	0.0815182240922323
0.450218014551492	0.0800075941034816
0.450697991112847	0.0785351764528531
0.451177967674203	0.0771101802294677
0.451657944235558	0.0757425091541142
0.452137920796914	0.0744424066353595
0.45261789735827	0.0732201351972755
0.453097873919625	0.0720857094511128
0.453577850480981	0.0710486560685157
0.454057827042336	0.0701178209237502
0.454537803603692	0.0693013057193557
0.455017780165047	0.0686064416462284
0.455497756726403	0.0680397756385865
0.455977733287758	0.0676070794559502
0.456457709849114	0.0673132364835178
0.456937686410469	0.0671619621396694
0.457417662971825	0.0671554842651821
0.45789763953318	0.0672942201364079
0.458377616094536	0.0675764739620061
0.458857592655891	0.0679984284402221
0.459337569217247	0.0685544182473184
0.459817545778603	0.0692373292212417
0.460297522339958	0.0700390891708549
0.460777498901314	0.0709511720017242
0.461257475462669	0.0719649463889749
0.461737452024025	0.0730719013327626
0.46221742858538	0.0742637551565444
0.462697405146736	0.0755324312046145
0.463177381708091	0.0768699598842146
0.463657358269447	0.0782684657196624
0.464137334830802	0.0797202590322538
0.464617311392158	0.0812180477937331
0.465097287953513	0.0827551535426989
0.465577264514869	0.0843257662298439
0.466057241076224	0.0859251668474189
0.46653721763758	0.0875497134026805
0.467017194198936	0.089196586136684
0.467497170760291	0.0908635291342493
0.467977147321647	0.0925484869252132
0.468457123883002	0.0942492091274435
0.468937100444358	0.0959630166188976
0.469417077005713	0.0976867343260765
0.469897053567069	0.0994166502175558
0.470377030128424	0.101148655930886
0.47085700668978	0.10287849718959
0.471336983251135	0.104601930931986
0.471816959812491	0.106314813965579
0.472296936373846	0.108013164325405
0.472776912935202	0.109693004744954
0.473256889496557	0.111350056418554
0.473736866057913	0.112979474109755
0.474216842619269	0.1145757262744
0.474696819180624	0.116132650867514
0.47517679574198	0.117643687616101
0.475656772303335	0.119102274437434
0.476136748864691	0.12050231649345
0.476616725426046	0.121838531380827
0.477096701987402	0.123106666645708
0.477576678548757	0.124303591236371
0.478056655110113	0.125427228911674
0.478536631671468	0.126476304100147
0.479016608232824	0.12745009124252
0.479496584794179	0.128348163545882
0.479976561355535	0.129170220196536
0.480456537916891	0.129916023291533
0.480936514478246	0.130585469299583
0.481416491039602	0.131178739735021
0.481896467600957	0.131696439654736
0.482376444162313	0.132139635838827
0.482856420723668	0.132509801215528
0.483336397285024	0.132808696823666
0.483816373846379	0.133038341282838
0.484296350407735	0.133200958804717
0.48477632696909	0.133298992686568
0.485256303530446	0.133335069825004
0.485736280091801	0.133311911815812
0.486216256653157	0.133232144260295
0.486696233214512	0.133098100404825
0.487176209775868	0.132911659834997
0.487656186337224	0.13267426699293
0.488136162898579	0.132387210930413
0.488616139459935	0.132051940036066
0.48909611602129	0.131670252440932
0.489576092582646	0.131244391832504
0.490056069144001	0.130777028551104
0.490536045705357	0.130271122697331
0.491016022266712	0.129729862526783
0.491495998828068	0.129156669542712
0.491975975389423	0.128555169999833
0.492455951950779	0.127929141663275
0.492935928512134	0.127282365408643
0.49341590507349	0.126618246202821
0.493895881634845	0.125939504476911
0.494375858196201	0.125248026968784
0.494855834757557	0.124544885826621
0.495335811318912	0.123830478138416
0.495815787880268	0.123104845522534
0.496295764441623	0.122367923009738
0.496775741002979	0.121619623993897
0.497255717564334	0.120859752941488
0.49773569412569	0.120087837650194
0.498215670687045	0.11930294353232
0.498695647248401	0.118503675960917
0.499175623809756	0.117688425010522
0.499655600371112	0.116855806557707
0.500135576932467	0.116005073556009
0.500615553493823	0.115136403542325
0.501095530055178	0.114251088846519
0.501575506616534	0.113351435537834
0.50205548317789	0.112440430132543
0.502535459739245	0.11152144979976
0.503015436300601	0.110597996485852
0.503495412861956	0.109673437195825
0.503975389423312	0.108750979390296
0.504455365984667	0.107833856283059
0.504935342546023	0.106925587317566
0.505415319107378	0.106030246493776
0.505895295668734	0.105152748880832
0.506375272230089	0.104298901632684
0.506855248791445	0.10347521583999
0.507335225352801	0.102688580934006
0.507815201914156	0.101945904171466
0.508295178475512	0.101253656023393
0.508775155036867	0.100617470065262
0.509255131598223	0.100041854028335
0.509735108159578	0.0995300464715474
0.510215084720934	0.0990839919899077
0.510695061282289	0.0987044728696589
0.511175037843645	0.0983913672807957
0.511655014405	0.0981440091743329
0.512134990966356	0.0979614923409607
0.512614967527711	0.0978429590220361
0.513094944089067	0.0977877372186738
0.513574920650422	0.0977953481209149
0.514054897211778	0.0978653762659429
0.514534873773133	0.0979973134806485
0.515014850334489	0.0981904134312905
0.515494826895845	0.0984436712577955
0.5159748034572	0.0987559679341147
0.516454780018556	0.0991262871453925
0.516934756579911	0.0995538604248004
0.517414733141267	0.100038258596461
0.517894709702622	0.100579450632542
0.518374686263978	0.101177863552329
0.518854662825333	0.101834369665589
0.519334639386689	0.102550229528542
0.519814615948044	0.103327052725679
0.5202945925094	0.104166723689222
0.520774569070755	0.105071171538731
0.521254545632111	0.106042119464101
0.521734522193466	0.107080978474423
0.522214498754822	0.108188722582588
0.522694475316178	0.109365784116648
0.523174451877533	0.110612085741957
0.523654428438889	0.111927098788495
0.524134405000244	0.113309837931583
0.5246143815616	0.11475896647066
0.525094358122955	0.116272953522524
0.525574334684311	0.11785025426452
0.526054311245666	0.119489440498777
0.526534287807022	0.121189284969855
0.527014264368377	0.122948628537995
0.527494240929733	0.124766133572198
0.527974217491088	0.12664001192207
0.528454194052444	0.12856779970839
0.5289341706138	0.130546177169708
0.529414147175155	0.132570944994857
0.529894123736511	0.134637137526313
0.530374100297866	0.136739174727427
0.530854076859222	0.138870930096066
0.531334053420577	0.141025796984619
0.531814029981933	0.143196760885194
0.532294006543288	0.145376462772536
0.532773983104644	0.147557278423626
0.533253959665999	0.149731510601609
0.533733936227355	0.151891665644347
0.53421391278871	0.154030668677034
0.534693889350066	0.156141963000805
0.535173865911421	0.158219381893941
0.535653842472777	0.160256912571581
0.536133819034132	0.162248353595705
0.536613795595488	0.164187004073344
0.537093772156844	0.166065462818858
0.537573748718199	0.167875671771092
0.538053725279555	0.169609222983413
0.53853370184091	0.17125789751811
0.539013678402266	0.172814301290234
0.539493654963621	0.174272597414648
0.539973631524977	0.175629143888078
0.540453608086332	0.176882784844788
0.540933584647688	0.178034819486564
0.541413561209043	0.179088749884175
0.541893537770399	0.18004959115126
0.542373514331755	0.180922933274858
0.54285349089311	0.181714093418304
0.543333467454466	0.182427322404383
0.543813444015821	0.183065195315131
0.544293420577177	0.183628496722474
0.544773397138532	0.184116412636954
0.545253373699888	0.184526791573877
0.545733350261243	0.184856623224699
0.546213326822599	0.18510256232028
0.546693303383954	0.185261221989762
0.54717327994531	0.185329500422278
0.547653256506665	0.185304976260342
0.548133233068021	0.185186017413471
0.548613209629376	0.184971716769954
0.549093186190732	0.184661817902652
0.549573162752087	0.18425646934668
0.550053139313443	0.18375598122981
0.550533115874799	0.183160717089702
0.551013092436154	0.18247107160875
0.55149306899751	0.1816875634181
0.551973045558865	0.180811093384238
0.552453022120221	0.179843156128013
0.552932998681576	0.178786019375625
0.553412975242932	0.17764291535897
0.553892951804287	0.176418232018739
0.554372928365643	0.175117594600826
0.554852904926998	0.173747899054801
0.555332881488354	0.172317234167722
0.555812858049709	0.170834653804407
0.556292834611065	0.16930978124717
0.556772811172421	0.167752370628271
0.557252787733776	0.166171900372047
0.557732764295132	0.164577334285493
0.558212740856487	0.162977045816275
0.558692717417843	0.16137888694199
0.559172693979198	0.159790302118708
0.559652670540554	0.158218520987205
0.560132647101909	0.156670702445382
0.560612623663265	0.155153965223407
0.56109260022462	0.153675289738659
0.561572576785976	0.152241383855302
0.562052553347332	0.150858488473569
0.562532529908687	0.149532290259581
0.563012506470043	0.148267773357563
0.563492483031398	0.147069018013803
0.563972459592754	0.145939033084071
0.564452436154109	0.144879656240193
0.564932412715465	0.143891283022375
0.56541238927682	0.142972674476034
0.565892365838176	0.142120912029473
0.566372342399531	0.141331476067583
0.566852318960887	0.140598452263374
0.567332295522242	0.139915038108303
0.567812272083598	0.139274074535656
0.568292248644953	0.138668589453807
0.568772225206309	0.13809235090033
0.569252201767664	0.137540220133218
0.56973217832902	0.137008167965231
0.570212154890376	0.136493215214231
0.570692131451731	0.135993263875656
0.571172108013087	0.135506768289828
0.571652084574442	0.135032410389296
0.572132061135798	0.134568960073401
0.572612037697153	0.134115327789139
0.573092014258509	0.133670694937645
0.573571990819864	0.133234681252599
0.57405196738122	0.132807425607498
0.574531943942575	0.132389567991078
0.575011920503931	0.131982095829577
0.575491897065286	0.131586171102523
0.575971873626642	0.131203020324245
0.576451850187997	0.130833906439612
0.576931826749353	0.130480174499607
0.577411803310709	0.130143387450262
0.577891779872064	0.129825331345303
0.57837175643342	0.129527903610899
0.578851732994775	0.129252923534836
0.579331709556131	0.129001864732361
0.579811686117486	0.128775526085289
0.580291662678842	0.128573897161739
0.580771639240197	0.128396179262728
0.581251615801553	0.128240938666376
0.581731592362908	0.128106466025811
0.582211568924264	0.127991209715032
0.582691545485619	0.127894000180392
0.583171522046975	0.127814084871623
0.583651498608331	0.127750995927718
0.584131475169686	0.127704206693799
0.584611451731042	0.127672716710203
0.585091428292397	0.127654826521224
0.585571404853753	0.127648110386506
0.586051381415108	0.127649713816404
0.586531357976464	0.127656828141484
0.587011334537819	0.127667131342147
0.587491311099175	0.127679080253956
0.58797128766053	0.127691944724851
0.588451264221886	0.127705565990159
0.588931240783241	0.127720037438283
0.589411217344597	0.127735291984776
0.589891193905952	0.127750699274271
0.590371170467308	0.127764812076203
0.590851147028663	0.127775259418571
0.591331123590019	0.12777863460003
0.591811100151375	0.127770633568719
0.59229107671273	0.127746458413397
0.592771053274086	0.127701269462542
0.593251029835441	0.127630624761474
0.593731006396797	0.127530857774151
0.594210982958152	0.127399162526063
0.594690959519508	0.127233358361149
0.595170936080863	0.12703153132709
0.595650912642219	0.126791656750248
0.596130889203574	0.126511290802167
0.59661086576493	0.126187452073146
0.597090842326286	0.125816767331515
0.597570818887641	0.125395755219176
0.598050795448997	0.124921060484512
0.598530772010352	0.124389546198756
0.599010748571708	0.123798377315498
0.599490725133063	0.123144972419643
0.599970701694419	0.122426976871298
0.600450678255774	0.12164243234849
0.60093065481713	0.120790083726425
0.601410631378485	0.119869571567461
0.601890607939841	0.118881529458939
0.602370584501196	0.117827501016522
0.602850561062552	0.116709622136386
0.603330537623907	0.115530274179283
0.603810514185263	0.114291882749267
0.604290490746618	0.11299683679229
0.604770467307974	0.111647588537496
0.60525044386933	0.110246974981247
0.605730420430685	0.108798674626447
0.606210396992041	0.10730760075838
0.606690373553396	0.105780093232019
0.607170350114752	0.104223895373917
0.607650326676107	0.102647906362916
0.608130303237463	0.101061814406003
0.608610279798818	0.0994757447020225
0.609090256360174	0.0978998688246527
0.609570232921529	0.0963440534238864
0.610050209482885	0.0948175246948366
0.61053018604424	0.0933285647415311
0.611010162605596	0.091884231517432
0.611490139166952	0.0904902894892538
0.611970115728307	0.089151274074054
0.612450092289663	0.0878706934278762
0.612930068851018	0.0866513456048859
0.613410045412374	0.0854957838383903
0.613890021973729	0.0844066658582428
0.614369998535085	0.0833870100691641
0.61484997509644	0.0824402753633251
0.615329951657796	0.0815702653753635
0.615809928219151	0.0807809271135074
0.616289904780507	0.0800764177040948
0.616769881341863	0.07946128110737
0.617249857903218	0.0789406367158058
0.617729834464574	0.0785203076085917
0.618209811025929	0.0782068095898738
0.618689787587285	0.078007028490381
0.61916976414864	0.0779277272619476
0.619649740709996	0.0779750721265256
0.620129717271351	0.0781542488096692
0.620609693832707	0.0784692545937688
0.621089670394062	0.0789230105817894
0.621569646955418	0.0795176228173186
0.622049623516773	0.0802546407678848
0.622529600078129	0.0811352877387665
0.623009576639484	0.0821606224608784
0.62348955320084	0.083331620217263
0.623969529762195	0.0846491600908277
0.624449506323551	0.0861139750081855
0.624929482884907	0.0877265380686998
0.625409459446262	0.0894868647176058
0.625889436007618	0.0913942110676449
0.626369412568973	0.0934468019553154
0.626849389130329	0.0956416334769057
0.627329365691684	0.0979743735634245
0.62780934225304	0.100439391236374
0.628289318814395	0.103029908646745
0.628769295375751	0.105738149657795
0.629249271937106	0.108555492200269
0.629729248498462	0.111472611361689
0.630209225059817	0.11447957589313
0.630689201621173	0.117565893223209
0.631169178182528	0.120720609940707
0.631649154743884	0.123932425741076
0.63212913130524	0.12718982241573
0.632609107866595	0.130481244565288
0.633089084427951	0.133795218659213
0.633569060989306	0.137120380234629
0.634049037550662	0.140445440936753
0.634529014112017	0.143759091366328
0.635008990673373	0.147049832245776
0.635488967234728	0.150305883965927
0.635968943796084	0.153515122565119
0.636448920357439	0.156665077824751
0.636928896918795	0.159743067334558
0.63740887348015	0.162736385740701
0.637888850041506	0.165632475543095
0.638368826602862	0.168419131816224
0.638848803164217	0.171084761524907
0.639328779725573	0.17361854636309
0.639808756286928	0.176010569756038
0.640288732848284	0.178251967415137
0.640768709409639	0.180335100498505
0.641248685970995	0.182253660186028
0.64172866253235	0.184002783561384
0.642208639093706	0.185579187962539
0.642688615655061	0.186981155152007
0.643168592216417	0.188208337558145
0.643648568777772	0.189261542833842
0.644128545339128	0.190142374947561
0.644608521900483	0.190852729170835
0.645088498461839	0.191394467971901
0.645568475023194	0.191769395972263
0.64604845158455	0.191979291172728
0.646528428145906	0.192025950432052
0.647008404707261	0.191911293414965
0.647488381268617	0.191637260316716
0.647968357829972	0.191205652782469
0.648448334391328	0.190618026210728
0.648928310952683	0.18987570975135
0.649408287514039	0.188979927711579
0.649888264075394	0.187932224216291
0.65036824063675	0.186734924074271
0.650848217198105	0.18539151093557
0.651328193759461	0.183906713030116
0.651808170320817	0.182286396552432
0.652288146882172	0.180537265216122
0.652768123443528	0.178666458572664
0.653248100004883	0.176681097234576
0.653728076566239	0.174588104283369
0.654208053127594	0.172394207857204
0.65468802968895	0.170106021346338
0.655168006250305	0.167730163929748
0.655647982811661	0.16527346096623
0.656127959373016	0.162743073242219
0.656607935934372	0.160146557655714
0.657087912495727	0.157491862692136
0.657567889057083	0.154787256527692
0.658047865618438	0.152041205456718
0.658527842179794	0.149262320801082
0.659007818741149	0.146459371603049
0.659487795302505	0.143641274308634
0.659967771863861	0.140817002985617
0.660447748425216	0.137995416970305
0.660927724986572	0.135184961197689
0.661407701547927	0.132393268941037
0.661887678109283	0.129626839595852
0.662367654670638	0.126890954549621
0.662847631231994	0.124189762893885
0.663327607793349	0.121526588124004
0.663807584354705	0.118904407882651
0.66428756091606	0.116326308261459
0.664767537477416	0.113795768792807
0.665247514038771	0.111316852289211
0.665727490600127	0.108894142382255
0.666207467161483	0.106532497551936
0.666687443722838	0.10423682761005
0.667167420284194	0.102011864352822
0.667647396845549	0.0998618555816896
0.668127373406905	0.0977903965620347
0.66860734996826	0.09580037102116
0.669087326529616	0.0938939257823003
0.669567303090971	0.0920725740845566
0.670047279652327	0.0903374965856419
0.670527256213682	0.0886898601648159
0.671007232775038	0.0871311351013853
0.671487209336393	0.085663360494167
0.671967185897749	0.0842892213712601
0.672447162459104	0.0830119907400503
0.67292713902046	0.0818354558589876
0.673407115581816	0.0807637892482655
0.673887092143171	0.0798013813599393
0.674367068704527	0.0789527476251723
0.674847045265882	0.0782224907622471
0.675327021827238	0.0776153367158721
0.675806998388593	0.0771361307638595
0.676286974949949	0.0767897608318657
0.676766951511304	0.076581012797562
0.67724692807266	0.0765143510894135
0.677726904634015	0.0765936035741091
0.678206881195371	0.0768216819484871
0.678686857756726	0.0772003940740692
0.679166834318082	0.0777303733625085
0.679646810879438	0.0784111689469799
0.680126787440793	0.0792415239809326
0.680606764002149	0.0802196028944384
0.681086740563504	0.0813431282622164
0.68156671712486	0.0826094154866263
0.682046693686215	0.0840152614414647
0.682526670247571	0.0855566597991437
0.683006646808926	0.0872286096875338
0.683486623370282	0.0890250926136147
0.683966599931637	0.0909390169850018
0.684446576492993	0.0929621765643734
0.684926553054348	0.0950852971975223
0.685406529615704	0.0972981161182574
0.685886506177059	0.0995893948583866
0.686366482738415	0.101947075601308
0.686846459299771	0.104358597014291
0.687326435861126	0.106811205141531
0.687806412422482	0.109292270196865
0.688286388983837	0.111789617203472
0.688766365545193	0.114291673712733
0.689246342106548	0.116787499774064
0.689726318667904	0.119266781868649
0.690206295229259	0.121719890363168
0.690686271790615	0.124137808782019
0.69116624835197	0.126512212933311
0.691646224913326	0.128835428099402
0.692126201474681	0.131100192795173
0.692606178036037	0.133299253959552
0.693086154597393	0.135425132736072
0.693566131158748	0.137470093310195
0.694046107720104	0.139426458492532
0.694526084281459	0.141287104824657
0.695006060842815	0.143045987563948
0.69548603740417	0.144698370144178
0.695966013965526	0.146240728524966
0.696445990526881	0.147670136237923
0.696925967088237	0.148983569645505
0.697405943649592	0.15017725163625
0.697885920210948	0.151246284314238
0.698365896772303	0.152184631819418
0.698845873333659	0.15298569683498
0.699325849895014	0.153643094067882
0.69980582645637	0.154151401823113
0.700285803017725	0.15450679149394
0.700765779579081	0.154707428141166
0.701245756140437	0.154753571008967
0.701725732701792	0.154647502346589
0.702205709263148	0.154393314377402
0.702685685824503	0.153996622943493
0.703165662385859	0.153464185044099
0.703645638947214	0.152803555153496
0.70412561550857	0.15202271806253
0.704605592069925	0.151129663046352
0.705085568631281	0.15013201538423
0.705565545192636	0.14903682895208
0.706045521753992	0.147850532263733
0.706525498315347	0.146579171655405
0.707005474876703	0.145228916808091
0.707485451438059	0.143806649210575
0.707965427999414	0.142320408126594
0.70844540456077	0.140779603480175
0.708925381122125	0.139194882275182
0.709405357683481	0.13757781127425
0.709885334244836	0.135940477353041
0.710365310806192	0.134294982021633
0.710845287367547	0.13265285361225
0.711325263928903	0.131024644109952
0.711805240490258	0.129419519689958
0.712285217051614	0.127844908894117
0.712765193612969	0.126306425129338
0.713245170174325	0.124808074150267
0.71372514673568	0.123352633196214
0.714205123297036	0.121942417147418
0.714685099858392	0.120580060502362
0.715165076419747	0.119269018732792
0.715645052981103	0.118013786208916
0.716125029542458	0.116819868264681
0.716605006103814	0.115693421807173
0.717084982665169	0.114640867958753
0.717564959226525	0.113668692769314
0.71804493578788	0.112783397457179
0.718524912349236	0.111991513179992
0.719004888910591	0.111299713752437
0.719484865471947	0.110714861400254
0.719964842033302	0.110243990802008
0.720444818594658	0.109894231099548
0.720924795156014	0.109672642458342
0.721404771717369	0.109585999326241
0.721884748278725	0.109640655769433
0.72236472484008	0.109842469637526
0.722844701401436	0.110196661158206
0.723324677962791	0.110707623149801
0.723804654524147	0.111378717063908
0.724284631085502	0.112212069745161
0.724764607646858	0.113208377239264
0.725244584208213	0.114366841455609
0.725724560769569	0.115685246260987
0.726204537330924	0.11716015813191
0.72668451389228	0.118787243785096
0.727164490453635	0.1205615410075
0.727644467014991	0.122477558598422
0.728124443576347	0.124529264444266
0.728604420137702	0.126709999468752
0.729084396699058	0.129012351116049
0.729564373260413	0.131428069809416
0.730044349821769	0.133948066538157
0.730524326383124	0.136562367903149
0.73100430294448	0.139260051759308
0.731484279505835	0.142029170709483
0.731964256067191	0.144856701090237
0.732444232628546	0.147728703268246
0.732924209189902	0.150630691912954
0.733404185751257	0.153548205574955
0.733884162312613	0.156467430354193
0.734364138873969	0.159375781935396
0.734844115435324	0.162262292749019
0.73532409199668	0.165117721027361
0.735804068558035	0.167934366116619
0.736284045119391	0.170705732920647
0.736764021680746	0.173426211332622
0.737243998242102	0.176090822314525
0.737723974803457	0.17869509564079
0.738203951364813	0.181235102303757
0.738683927926168	0.183707518738816
0.739163904487524	0.186109734824171
0.739643881048879	0.188440024143894
0.740123857610235	0.190697784497432
0.74060383417159	0.192883673153521
0.741083810732946	0.194999705132918
0.741563787294302	0.197049319897626
0.742043763855657	0.199037325418442
0.742523740417013	0.200969665619755
0.743003716978368	0.202853111521045
0.743483693539724	0.204694928774139
0.743963670101079	0.206502570409711
0.744443646662435	0.2082833077221
0.74492362322379	0.210043931205042
0.745403599785146	0.211790355595595
0.745883576346501	0.21352719397595
0.746363552907857	0.215257309184021
0.746843529469212	0.21698144989376
0.747323506030568	0.218697949928353
0.747803482591924	0.220402773269441
0.748283459153279	0.222089894766614
0.748763435714635	0.223751961702149
0.74924341227599	0.225380979789034
0.749723388837346	0.226968912863399
0.750203365398701	0.228508027374253
0.750683341960057	0.229990863882371
0.751163318521412	0.231409729591483
0.751643295082768	0.232756105173206
0.752123271644123	0.234020083771117
0.752603248205479	0.235190003243943
0.753083224766834	0.236252399983938
0.75356320132819	0.237192388589029
0.754043177889545	0.237994282011306
0.754523154450901	0.238642402100997
0.755003131012256	0.239122014688768
0.755483107573612	0.239420157460688
0.755963084134968	0.239526232382585
0.756443060696323	0.239432490247574
0.756923037257679	0.239134423034569
0.757403013819034	0.238631042642218
0.75788299038039	0.237924981669859
0.758362966941745	0.237022130665962
0.758842943503101	0.235930821559662
0.759322920064456	0.234660729040001
0.759802896625812	0.233221478071424
0.760282873187167	0.231621285696501
0.760762849748523	0.229866178013987
0.761242826309878	0.22795979828637
0.761722802871234	0.225903815229312
0.76220277943259	0.223698905727813
0.762682755993945	0.22134597217882
0.763162732555301	0.218847213408155
0.763642709116656	0.216206989837299
0.764122685678012	0.21343232812755
0.764602662239367	0.210533016517824
0.765082638800723	0.207521423606317
0.765562615362078	0.204412199182491
0.766042591923434	0.201221766149763
0.766522568484789	0.19796768598978
0.767002545046145	0.194668023951323
0.7674825216075	0.191340826231259
0.767962498168856	0.188003767939577
0.768442474730211	0.184673966879097
0.768922451291567	0.181367947594613
0.769402427852923	0.178101726123108
0.769882404414278	0.174890863907562
0.770362380975634	0.171750368649774
0.770842357536989	0.168694550468776
0.771322334098345	0.165736828035486
0.7718023106597	0.162889484832779
0.772282287221056	0.160163394168254
0.772762263782411	0.15756784841922
0.773242240343767	0.155110417324856
0.773722216905122	0.152796831526974
0.774202193466478	0.150630925639264
0.774682170027833	0.148614732360679
0.775162146589189	0.146748612484125
0.775642123150544	0.145031543024577
0.7761220997119	0.143461537361124
0.776602076273256	0.142036106741505
0.777082052834611	0.140752673909318
0.777562029395967	0.139608928794069
0.778042005957322	0.138602869385846
0.778521982518678	0.137732581955225
0.779001959080033	0.136995860961009
0.779481935641389	0.136389789266159
0.779961912202744	0.135910412493045
0.7804418887641	0.135552739469201
0.780921865325455	0.135311047745588
0.781401841886811	0.135179515252037
0.781881818448166	0.135152876728371
0.782361795009522	0.135226852740602
0.782841771570878	0.135398251505066
0.783321748132233	0.135664766591163
0.783801724693589	0.136024427669765
0.784281701254944	0.136474884830007
0.7847616778163	0.137012792570815
0.785241654377655	0.13763345826319
0.785721630939011	0.1383307897483
0.786201607500366	0.139097526476544
0.786681584061722	0.139925637070203
0.787161560623077	0.140806906969774
0.787641537184433	0.141733554004297
0.788121513745788	0.14269877105432
0.788601490307144	0.143697034907161
0.789081466868499	0.144724272233313
0.789561443429855	0.145777738010247
0.790041419991211	0.146855677305261
0.790521396552566	0.147956806830237
0.791001373113922	0.149079799455414
0.791481349675277	0.150222964529974
0.791961326236633	0.151384289138993
0.792441302797988	0.152561718191355
0.792921279359344	0.153753556419883
0.793401255920699	0.154958759068171
0.793881232482055	0.156177102000033
0.79436120904341	0.157408982302974
0.794841185604766	0.158655055418548
0.795321162166121	0.159915790597426
0.795801138727477	0.161191057450535
0.796281115288832	0.162479730926622
0.796761091850188	0.163779559112958
0.797241068411544	0.165087168542827
0.797721044972899	0.166398033240618
0.798201021534255	0.167706477567167
0.79868099809561	0.169005777335636
0.799160974656966	0.170288254024107
0.799640951218321	0.171545472847138
0.800120927779677	0.172768661423434
0.800600904341032	0.173949320600738
0.801080880902388	0.175079750830241
0.801560857463743	0.176153581218232
0.802040834025099	0.177165946881909
0.802520810586455	0.178113168056083
0.80300078714781	0.17899209115123
0.803480763709166	0.179799376904522
0.803960740270521	0.180530661220215
0.804440716831877	0.181179970832985
0.804920693393232	0.181739734431415
0.805400669954588	0.182201331623034
0.805880646515943	0.182555913511312
0.806360623077299	0.182795546293095
0.806840599638654	0.18291429848214
0.80732057620001	0.182909156829629
0.807800552761365	0.182780743543044
0.808280529322721	0.182533745331976
0.808760505884076	0.182176599029045
0.809240482445432	0.181720742499686
0.809720459006787	0.181179504229336
0.810200435568143	0.180566661247582
0.810680412129499	0.179895000575984
0.811160388690854	0.179175421418697
0.81164036525221	0.178416575113311
0.812120341813565	0.177625112305407
0.812600318374921	0.176806384958392
0.813080294936276	0.175965061302057
0.813560271497632	0.175105264570413
0.814040248058987	0.174230392697905
0.814520224620343	0.173342598781899
0.815000201181698	0.17244209369405
0.815480177743054	0.171526783194014
0.815960154304409	0.170592530824939
0.816440130865765	0.169633824059125
0.816920107427121	0.168644768072323
0.817400083988476	0.167620053796978
0.817880060549832	0.166555573900234
0.818360037111187	0.165448650603749
0.818840013672543	0.164298017988445
0.819319990233898	0.163103554500377
0.819799966795254	0.161865999754393
0.820279943356609	0.160586751939587
0.820759919917965	0.159267584245892
0.82123989647932	0.157910248215584
0.821719873040676	0.156515992383939
0.822199849602031	0.1550850115027
0.822679826163387	0.15361610712685
0.823159802724742	0.152106830165017
0.823639779286098	0.150553986985759
0.824119755847454	0.148954445005743
0.824599732408809	0.147306196561009
0.825079708970165	0.145609249145058
0.82555968553152	0.143866086961099
0.826039662092876	0.14208184813668
0.826519638654231	0.140264243649953
0.826999615215587	0.138423336358942
0.827479591776942	0.13657145422644
0.827959568338298	0.134723158007374
0.828439544899653	0.132894949339414
0.828919521461009	0.131104753819521
0.829399498022364	0.129371199174985
0.82987947458372	0.127712696027229
0.830359451145075	0.126146687743319
0.830839427706431	0.124689157995562
0.831319404267786	0.123354359400352
0.831799380829142	0.122154788381662
0.832279357390498	0.121101360738465
0.832759333951853	0.120203481496069
0.833239310513209	0.119469108354637
0.833719287074564	0.118904839439341
0.83419926363592	0.118515995601625
0.834679240197275	0.118306701202927
0.835159216758631	0.118279992792562
0.835639193319986	0.118437798157408
0.836119169881342	0.118780811322667
0.836599146442697	0.119308262929447
0.837079123004053	0.120017676086071
0.837559099565409	0.120904762600847
0.838039076126764	0.121963644744854
0.83851905268812	0.123187297746477
0.838999029249475	0.124568101668211
0.839479005810831	0.126098312566326
0.839958982372186	0.12777034396022
0.840438958933542	0.1295769248563
0.840918935494897	0.131511168585902
0.841398912056253	0.133566365733746
0.841878888617608	0.135735664106527
0.842358865178964	0.138011795024017
0.842838841740319	0.140386864511025
0.843318818301675	0.142852098282638
0.84379879486303	0.14539777610715
0.844278771424386	0.148013393078763
0.844758747985742	0.150687892680487
0.845238724547097	0.153409912928366
0.845718701108453	0.156168132010575
0.846198677669808	0.158951563656064
0.846678654231164	0.161749662911049
0.847158630792519	0.164552444431591
0.847638607353875	0.167350585412978
0.84811858391523	0.170135476743637
0.848598560476586	0.172899355499016
0.849078537037941	0.175635510576797
0.849558513599297	0.178338379812058
0.850038490160652	0.181003515733733
0.850518466722008	0.18362751404724
0.850998443283363	0.186207795932904
0.851478419844719	0.188742094221643
0.851958396406075	0.191227903147502
0.85243837296743	0.193662001286865
0.852918349528786	0.196040106744625
0.853398326090141	0.198356765473426
0.853878302651497	0.200605710581281
0.854358279212852	0.202780559504039
0.854838255774208	0.204875690786474
0.855318232335563	0.206887220701055
0.855798208896919	0.208813918537284
0.856278185458274	0.210657775944774
0.85675816201963	0.212423960442945
0.857238138580986	0.214120305143958
0.857718115142341	0.215756247783323
0.858198091703697	0.217341491196985
0.858678068265052	0.218884849475264
0.859158044826408	0.220393388466038
0.859638021387763	0.22187189244208
0.860117997949119	0.223322850847983
0.860597974510474	0.224746830442524
0.86107795107183	0.226142870260155
0.861557927633185	0.227508912684617
0.862037904194541	0.228842289565361
0.862517880755896	0.230139927465787
0.862997857317252	0.231398375321875
0.863477833878607	0.232613880901817
0.863957810439963	0.233782413285315
0.864437787001318	0.234899578553641
0.864917763562674	0.235960649803926
0.86539774012403	0.236960646381613
0.865877716685385	0.237894446916861
0.866357693246741	0.238757111241528
0.866837669808096	0.239544267373219
0.867317646369452	0.240252408385665
0.867797622930807	0.240879165916944
0.868277599492163	0.241423450503625
0.868757576053518	0.241885442366594
0.869237552614874	0.242266509568472
0.869717529176229	0.24256908162685
0.870197505737585	0.24279633200391
0.87067748229894	0.242951823784778
0.871157458860296	0.243039098460386
0.871637435421652	0.24306125122391
0.872117411983007	0.243020546986223
0.872597388544363	0.242918198455832
0.873077365105718	0.242754220906304
0.873557341667074	0.2425274970197
0.874037318228429	0.242236036125705
0.874517294789785	0.241877401555247
0.87499727135114	0.241449287280076
0.875477247912496	0.2409502351006
0.875957224473851	0.240380181587209
0.876437201035207	0.239740765999064
0.876917177596562	0.239035236777657
0.877397154157918	0.238267971059916
0.877877130719273	0.237443722398665
0.878357107280629	0.236566889643
0.878837083841985	0.235640908769228
0.87931706040334	0.234668063844338
0.879797036964696	0.233649714331013
0.880277013526051	0.232586757293741
0.880756990087407	0.23148016643651
0.881236966648762	0.230331539211871
0.881716943210118	0.229143485076369
0.882196919771473	0.227919731257728
0.882676896332829	0.2266650239858
0.883156872894184	0.225384916153758
0.88363684945554	0.224085428343581
0.884116826016895	0.222772656263217
0.884596802578251	0.221452405917008
0.885076779139606	0.220129899160888
0.885556755700962	0.218809574109142
0.886036732262317	0.217495019675527
0.886516708823673	0.216189056071066
0.886996685385029	0.214893850004195
0.887476661946384	0.213611054864628
0.88795663850774	0.212341953318806
0.888436615069095	0.21108754676479
0.888916591630451	0.209848570948997
0.889396568191806	0.208625547559366
0.889876544753162	0.207418856553025
0.890356521314517	0.206228807660743
0.890836497875873	0.205055756258011
0.891316474437228	0.203900165373496
0.891796450998584	0.202762580272106
0.89227642755994	0.201643533803628
0.892756404121295	0.200543437808493
0.893236380682651	0.199462361361749
0.893716357244006	0.198399716811778
0.894196333805362	0.197353955187958
0.894676310366717	0.196322365949571
0.895156286928073	0.195301047656893
0.895636263489428	0.194285041887622
0.896116240050784	0.193268616050787
0.896596216612139	0.192245677744095
0.897076193173495	0.191210250508492
0.89755616973485	0.190156895804673
0.898036146296206	0.189081054252718
0.898516122857561	0.187979386319844
0.898996099418917	0.186850068221127
0.899476075980273	0.185693099053744
0.899956052541628	0.18451040074598
0.900436029102984	0.183305619768167
0.900916005664339	0.182083720341945
0.901395982225695	0.180850453905906
0.90187595878705	0.179611547714199
0.902355935348406	0.17837187682967
0.902835911909761	0.177134927160428
0.903315888471117	0.175902584618061
0.903795865032472	0.174675035593439
0.904275841593828	0.173450892266645
0.904755818155183	0.172227366044466
0.905235794716539	0.171000488627298
0.905715771277894	0.169765259257388
0.90619574783925	0.168515905326655
0.906675724400606	0.16724603542294
0.907155700961961	0.165948853463732
0.907635677523317	0.164617382157593
0.908115654084672	0.163244708909714
0.908595630646028	0.161824138119532
0.909075607207383	0.160349537694955
0.909555583768739	0.158815682999585
0.910035560330094	0.157218547732258
0.91051553689145	0.15555560073493
0.910995513452805	0.153826079960991
0.911475490014161	0.152030791446088
0.911955466575516	0.150171660278354
0.912435443136872	0.148251037080035
0.912915419698228	0.146270818887813
0.913395396259583	0.144231642415745
0.913875372820939	0.142132608049807
0.914355349382294	0.139971307541695
0.91483532594365	0.137744271218339
0.915315302505005	0.135447764485226
0.915795279066361	0.133078563607667
0.916275255627716	0.130634454732296
0.916755232189072	0.128114743035361
0.917235208750427	0.125520679910796
0.917715185311783	0.12285582348675
0.918195161873138	0.120126362240366
0.918675138434494	0.117341352556963
0.919155114995849	0.114512631494925
0.919635091557205	0.111654343126884
0.920115068118561	0.108782029928411
0.920595044679916	0.105911582864012
0.921075021241272	0.103058364503096
0.921554997802627	0.100236648685631
0.922034974363983	0.0974595083951056
0.922514950925338	0.0947389941670857
0.922994927486694	0.0920862979999577
0.923474904048049	0.0895117465707447
0.923954880609405	0.0870246951031751
0.92443485717076	0.0846332830005958
0.924914833732116	0.0823442713492695
0.925394810293471	0.0801632211290135
0.925874786854827	0.0780949081497861
0.926354763416183	0.0761437419535572
0.926834739977538	0.0743141165445044
0.927314716538894	0.072610536461118
0.927794693100249	0.0710374969230912
0.928274669661605	0.0695993219601488
0.92875464622296	0.0683000249909687
0.929234622784316	0.0671430905160159
0.929714599345671	0.0661313167289137
0.930194575907027	0.065266705603955
0.930674552468382	0.0645502412571946
0.931154529029738	0.0639816880995175
0.931634505591093	0.0635595889151878
0.932114482152449	0.0632815042648682
0.932594458713804	0.063144408827698
0.93307443527516	0.0631451861704229
0.933554411836516	0.0632809917956774
0.934034388397871	0.0645591956029851
0.934514364959227	0.0659273056826155
0.934994341520582	0.0673485034217621
0.935474318081938	0.068786831193003
0.935954294643293	0.070212303993836
0.936434271204649	0.0716024980170999
0.936914247766004	0.0729422119922036
0.93739422432736	0.0742222857077143
0.937874200888715	0.075438210889849
0.938354177450071	0.0765888495375103
0.938834154011426	0.0776753799527473
0.939314130572782	0.0787004878532201
0.939794107134137	0.0796677743268286
0.940274083695493	0.0805813380048006
0.940754060256848	0.0814454893640963
0.941234036818204	0.0822645623007675
0.94171401337956	0.0830427970725548
0.942193989940915	0.0837842681992076
0.942673966502271	0.0844928357738873
0.943153943063626	0.0851721116836216
0.943633919624982	0.0858254362837678
0.944113896186337	0.0864558616099342
0.944593872747693	0.0870661448445223
0.945073849309048	0.0876587572511138
0.945553825870404	0.0882359066777509
0.946033802431759	0.0887995705218441
0.946513778993115	0.0893515350633958
0.946993755554471	0.089893432075375
0.947473732115826	0.090426767009944
0.947953708677182	0.0909529393956839
0.948433685238537	0.0914732551165832
0.948913661799893	0.0919889312932041
0.949393638361248	0.0925010995316114
0.949873614922604	0.0930108109025468
0.950353591483959	0.0935190409222523
0.950833568045315	0.094026693994096
0.95131354460667	0.0945346073634552
0.951793521168026	0.095043555101586
0.952273497729381	0.0955542528812381
0.952753474290737	0.0960673599543113
0.953233450852092	0.0965834784066047
0.953713427413448	0.0971031512795362
0.954193403974804	0.097626860781391
0.954673380536159	0.0981550235302822
0.955153357097515	0.0986879866826096
0.95563333365887	0.0992260264659765
0.956113310220226	0.0997693490299504
0.956593286781581	0.100318093236241
0.957073263342937	0.100872337456948
0.957553239904292	0.101432107725681
0.958033216465648	0.101997387564792
0.958513193027003	0.102568126455762
0.958993169588359	0.10314424549989
0.959473146149714	0.103725638843334
0.95995312271107	0.104312174531308
0.960433099272425	0.104903692170472
0.960913075833781	0.105500000033092
0.961393052395137	0.106100870939356
0.961873028956492	0.106706039160827
0.962353005517848	0.107315198441523
0.962832982079203	0.107928003472474
0.963312958640559	0.108544071005876
0.963792935201914	0.109162980859546
0.96427291176327	0.109784277491332
0.964752888324625	0.11040747159392
0.965232864885981	0.111032039673979
0.965712841447336	0.111657425432054
0.966192818008692	0.112283042839537
0.966672794570047	0.112908280818756
0.967152771131403	0.113532509549853
0.967632747692759	0.114155089314949
0.968112724254114	0.114775378646843
0.96859270081547	0.115392741243724
0.969072677376825	0.116006551135694
0.969552653938181	0.116616195269045
0.970032630499536	0.117221073273455
0.970512607060892	0.117820596957331
0.970992583622247	0.118414191650415
0.971472560183603	0.119001296487801
0.971952536744958	0.119581363024651
0.972432513306314	0.12015385252805
0.972912489867669	0.120718231994362
0.973392466429025	0.121273968719316
0.97387244299038	0.121820526326923
0.974352419551736	0.122357363253449
0.974832396113092	0.122883933993458
0.975312372674447	0.123399693480047
0.975792349235803	0.123904104062559
0.976272325797158	0.12439664179544
0.976752302358514	0.124876801965597
0.977232278919869	0.125344103850263
0.977712255481225	0.125798094560435
0.97819223204258	0.126238348710412
0.978672208603936	0.126664466458546
0.979152185165291	0.12707606959471
0.979632161726647	0.127472795210791
0.980112138288002	0.1278542865925
0.980592114849358	0.128220186118975
0.981072091410713	0.128570132032249
0.981552067972069	0.128903759820655
0.982032044533425	0.129220709035203
0.98251202109478	0.129520634763231
