0	0.0651706244459273
0.000479976487876561	0.0694295345557091
0.000959952975753123	0.0736341961296268
0.00143992946362968	0.0777846832678233
0.00191990595150625	0.0818810668139577
0.00239988243938281	0.0859234039301182
0.00287985892725937	0.0899117315129596
0.00335983541513593	0.0938460626939959
0.00383981190301249	0.0977263850009071
0.00431978839088905	0.101552660975121
0.00479976487876561	0.105324834588212
0.00527974136664218	0.109042839348575
0.00575971785451874	0.112706607783664
0.0062396943423953	0.116316081735512
0.00671967083027186	0.119871221545879
0.00719964731814842	0.123372010764191
0.00767962380602498	0.126818459996807
0.00815960029390154	0.130210609125021
0.00863957678177811	0.1335485271312
0.00911955326965467	0.136832310135315
0.00959952975753123	0.140062080844551
0.0100795062454078	0.143237989287811
0.0105594827332844	0.146360211895671
0.0110394592211609	0.149428948830332
0.0115194357090375	0.15244442025628
0.011999412196914	0.15540686184797
0.0124793886847906	0.158316519541351
0.0129593651726672	0.161173646221767
0.0134393416605437	0.163978500896391
0.0139193181484203	0.166731350181223
0.0143992946362968	0.169432471993764
0.0148792711241734	0.172082160733158
0.01535924761205	0.174680731731759
0.0158392240999265	0.177228525544228
0.0163192005878031	0.179725909939854
0.0167991770756796	0.18217327895405
0.0172791535635562	0.184571049604354
0.0177591300514328	0.186919658632584
0.0182391065393093	0.189219559465977
0.0187190830271859	0.1914712200021
0.0191990595150625	0.193675119611049
0.019679036002939	0.195831745478179
0.0201590124908156	0.197941588839329
0.0206389889786921	0.20000514080923
0.0211189654665687	0.202022888210178
0.0215989419544453	0.203995310615637
0.0220789184423218	0.205922879045791
0.0225588949301984	0.207806056532832
0.0230388714180749	0.209645301120377
0.0235188479059515	0.211441071398191
0.0239988243938281	0.213193829504156
0.0244788008817046	0.214904040939156
0.0249587773695812	0.216572171019535
0.0254387538574578	0.21819867762033
0.0259187303453343	0.219784002060628
0.0263987068332109	0.221328564395527
0.0268786833210874	0.222832762975773
0.027358659808964	0.224296975813595
0.0278386362968406	0.22572156110402
0.0283186127847171	0.227106856726106
0.0287985892725937	0.228453172444462
0.0292785657604702	0.229760773877102
0.0297585422483468	0.231029862112709
0.0302385187362234	0.23226054983466
0.0307184952240999	0.233452835428033
0.0311984717119765	0.234606586293372
0.031678448199853	0.235721531913304
0.0321584246877296	0.236797262859843
0.0326384011756062	0.237833236482255
0.0331183776634827	0.238828789150851
0.0335983541513593	0.239783148725143
0.0340783306392359	0.24069544564248
0.0345583071271124	0.241564724211571
0.035038283614989	0.242389949880746
0.0355182601028655	0.243170009382976
0.0359982365907421	0.243903706599212
0.0364782130786187	0.244589756682255
0.0369581895664952	0.245226778660155
0.0374381660543718	0.245813286722447
0.0379181425422483	0.2463476726924
0.0383981190301249	0.246828177884851
0.0388780955180015	0.247252854163116
0.039358072005878	0.247619512802337
0.0398380484937546	0.24792566646767
0.0403180249816312	0.248168473106966
0.0407980014695077	0.248344684901694
0.0412779779573843	0.24845060408402
0.0417579544452608	0.248482045827296
0.0422379309331374	0.248434300360729
0.042717907421014	0.248302087797294
0.0431978839088905	0.248079509325026
0.0436778603967671	0.24776000126994
0.0441578368846436	0.247336285400326
0.0446378133725202	0.246800335969532
0.0451177898603968	0.246143397798602
0.0455977663482733	0.245356093016733
0.0460777428361499	0.244428669423989
0.0465577193240265	0.243351480948514
0.047037695811903	0.24211578204072
0.0475176722997796	0.240714881804057
0.0479976487876561	0.239145587173044
0.0484776252755327	0.237409637041275
0.0489576017634093	0.235514414547734
0.0494375782512858	0.234012862507465
0.0499175547391624	0.232389833684852
0.0503975312270389	0.23064921286082
0.0508775077149155	0.228797872558501
0.0513574842027921	0.226845378939901
0.0518374606906686	0.224803506342836
0.0523174371785452	0.222685684191051
0.0527974136664218	0.22050643735758
0.0532773901542983	0.218280818722597
0.0537573666421749	0.216023875414824
0.0542373431300514	0.213750210228843
0.054717319617928	0.211473677325813
0.0551972961058046	0.20920723129692
0.0556772725936811	0.206962771990828
0.0561572490815577	0.204750983890379
0.0566372255694342	0.202581306655506
0.0571172020573108	0.200461887230496
0.0575971785451874	0.198399479383985
0.0580771550330639	0.196399405848032
0.0585571315209405	0.194465617144322
0.059037108008817	0.192600893475559
0.0595170844966936	0.190807169065905
0.0599970609845702	0.189085874690199
0.0604770374724467	0.187438161891399
0.0609570139603233	0.185865095099858
0.0614369904481999	0.184367705852518
0.0619169669360764	0.182946781930572
0.062396943423953	0.181602518963275
0.0628769199118295	0.180334226476718
0.0633568963997061	0.179140120465254
0.0638368728875827	0.178017220175526
0.0643168493754592	0.176961472840852
0.0647968258633358	0.175968107967477
0.0652768023512123	0.175032045229028
0.0657567788390889	0.174148247250849
0.0662367553269655	0.173311975350402
0.066716731814842	0.172518939586165
0.0671967083027186	0.17176536213729
0.0676766847905952	0.171048000129007
0.0681566612784717	0.17036404454004
0.0686366377663483	0.169710911927578
0.0691166142542248	0.169086085677864
0.0695965907421014	0.168486975912134
0.070076567229978	0.167910682646586
0.0705565437178545	0.167353739952369
0.0710365202057311	0.166811926209381
0.0715164966936076	0.166280175053315
0.0719964731814842	0.165752634455684
0.0724764496693608	0.165223029025055
0.0729564261572373	0.164685089172841
0.0734364026451139	0.164132973146647
0.0739163791329905	0.163561636352165
0.074396355620867	0.162967056475895
0.0748763321087436	0.162346248589991
0.0753563085966201	0.161697368911202
0.0758362850844967	0.161019923513348
0.0763162615723733	0.160314986407228
0.0767962380602498	0.159585350679271
0.0772762145481264	0.15883571382035
0.0777561910360029	0.158072614778979
0.0782361675238795	0.157304060928055
0.0787161440117561	0.156538984408303
0.0791961204996326	0.155786457242425
0.0796760969875092	0.155054722064275
0.0801560734753858	0.154350449164742
0.0806360499632623	0.15367828916561
0.0811160264511389	0.153040634034148
0.0815960029390154	0.152437624346271
0.082075979426892	0.151867431601711
0.0825559559147686	0.151326653222278
0.0830359324026451	0.150810767109111
0.0835159088905217	0.150314649351242
0.0839958853783982	0.149833056854168
0.0844758618662748	0.149361031454779
0.0849558383541514	0.148894290393756
0.0854358148420279	0.148429547899602
0.0859157913299045	0.147964781289483
0.086395767817781	0.147499370030135
0.0868757443056576	0.147033956857599
0.0873557207935342	0.146570040632481
0.0878356972814107	0.146109456716899
0.0883156737692873	0.145653657892774
0.0887956502571638	0.145203125555838
0.0892756267450404	0.144757085644708
0.089755603232917	0.144313530404693
0.0902355797207935	0.143869453424946
0.0907155562086701	0.143421399436458
0.0911955326965467	0.14296607885534
0.0916755091844232	0.142500907318597
0.0921554856722998	0.142024494837347
0.0926354621601763	0.141537181363257
0.0931154386480529	0.141041146387094
0.0935954151359295	0.14054014407543
0.094075391623806	0.140038971730696
0.0945553681116826	0.139542666675281
0.0950353445995591	0.139055437652197
0.0955153210874357	0.138579832662265
0.0959952975753123	0.138116374922381
0.0964752740631888	0.137663726688988
0.0969552505510654	0.137219289056662
0.097435227038942	0.136780147576688
0.0979152035268185	0.136343859241688
0.0983951800146951	0.135908874136509
0.0988751565025716	0.135474521956043
0.0993551329904482	0.135040566773775
0.0998351094783248	0.134606439683115
0.100315085966201	0.134170717951133
0.100795062454078	0.133730940758808
0.101275038941954	0.133283740551523
0.101755015429831	0.132825246990154
0.102234991917708	0.132351693498178
0.102714968405584	0.131859989628014
0.103194944893461	0.131348253804707
0.103674921381337	0.130816313848266
0.104154897869214	0.130266048695967
0.10463487435709	0.12970152596998
0.105114850844967	0.129128876191467
0.105594827332844	0.128555736608212
0.10607480382072	0.127990293058744
0.106554780308597	0.127440210843539
0.107034756796473	0.126911569824592
0.10751473328435	0.126408062845385
0.107994709772226	0.125930786672169
0.108474686260103	0.125478637772912
0.108954662747979	0.125049074651385
0.109434639235856	0.124639132862277
0.109914615723733	0.124246326511566
0.110394592211609	0.123869117563575
0.110874568699486	0.123506918187587
0.111354545187362	0.123159827628198
0.111834521675239	0.122828063819375
0.112314498163115	0.122511445391268
0.112794474650992	0.122209090912524
0.113274451138868	0.121919223548324
0.113754427626745	0.121639088025829
0.114234404114622	0.121365104465713
0.114714380602498	0.121093079970247
0.115194357090375	0.120818461612758
0.115674333578251	0.120536812608856
0.116154310066128	0.120244343013753
0.116634286554004	0.11993831806486
0.117114263041881	0.119617475733216
0.117594239529758	0.119282382859065
0.118074216017634	0.118935580042552
0.118554192505511	0.118581587922366
0.119034168993387	0.118226753470432
0.119514145481264	0.117878885207778
0.11999412196914	0.117546830082226
0.120474098457017	0.117240068255801
0.120954074944893	0.116968294722258
0.12143405143277	0.116741065951236
0.121914027920647	0.116567562738112
0.122394004408523	0.116456394252655
0.1228739808964	0.116415474041195
0.123353957384276	0.116451846540047
0.123833933872153	0.116571467294641
0.124313910360029	0.11677901711332
0.124793886847906	0.117077770014445
0.125273863335783	0.117469550609862
0.125753839823659	0.117954898387089
0.126233816311536	0.118533380494366
0.126713792799412	0.119203939886768
0.127193769287289	0.119965211746291
0.127673745775165	0.12081572358345
0.128153722263042	0.121753938894834
0.128633698750918	0.1227782977348
0.129113675238795	0.12388726039334
0.129593651726672	0.125079365445546
0.130073628214548	0.126353223129592
0.130553604702425	0.127707462390285
0.131033581190301	0.12914053577137
0.131513557678178	0.13065031519477
0.131993534166054	0.132233624526944
0.132473510653931	0.133885752119883
0.132953487141807	0.135600091972175
0.133433463629684	0.137367938048599
0.133913440117561	0.139178553686384
0.134393416605437	0.141019472393911
0.134873393093314	0.142876989588883
0.13535336958119	0.144736788979951
0.135833346069067	0.146584633097974
0.136313322556943	0.148407005179037
0.13679329904482	0.150191587172606
0.137273275532697	0.151927534341911
0.137753252020573	0.153605567883313
0.13823322850845	0.155217913347968
0.138713204996326	0.156758198821285
0.139193181484203	0.158221449687286
0.139673157972079	0.15960417731771
0.140153134459956	0.160904503843452
0.140633110947832	0.162122432641869
0.141113087435709	0.163260069771379
0.141593063923586	0.164321638223293
0.142073040411462	0.165313359874828
0.142553016899339	0.166243201873602
0.143032993387215	0.167120437052898
0.143512969875092	0.167955121061327
0.143992946362968	0.168757423774844
0.144472922850845	0.169536856220007
0.144952899338722	0.170301486551154
0.145432875826598	0.1710572625008
0.145912852314475	0.171807483111708
0.146392828802351	0.172552703990492
0.146872805290228	0.173291047712637
0.147352781778104	0.174018829190155
0.147832758265981	0.174731335487217
0.148312734753857	0.17542362156009
0.148792711241734	0.176091041825313
0.149272687729611	0.176729616514392
0.149752664217487	0.177336173704819
0.150232640705364	0.177908330445053
0.15071261719324	0.17844445422612
0.151192593681117	0.178943791517714
0.151672570168993	0.179406542804981
0.15215254665687	0.179833924627531
0.152632523144747	0.180228225728495
0.153112499632623	0.180592749702928
0.1535924761205	0.180931515600592
0.154072452608376	0.181248882618393
0.154552429096253	0.181549238580203
0.155032405584129	0.181836566586559
0.155512382072006	0.182114008378882
0.155992358559882	0.182383600381093
0.156472335047759	0.182646122116547
0.156952311535636	0.182901056915769
0.157432288023512	0.183146765396092
0.157912264511389	0.183380751521057
0.158392240999265	0.183599954285025
0.158872217487142	0.18380122603613
0.159352193975018	0.183981831371028
0.159832170462895	0.18413960337449
0.160312146950772	0.184272910336129
0.160792123438648	0.184380515749652
0.161272099926525	0.184461272411345
0.161752076414401	0.184513752844
0.162232052902278	0.184536054520896
0.162712029390154	0.184525790164275
0.163192005878031	0.184480266830003
0.163671982365907	0.184396813772122
0.164151958853784	0.184273089926359
0.164631935341661	0.184107387425021
0.165111911829537	0.183898922896899
0.165591888317414	0.18364804018985
0.16607186480529	0.183356289910359
0.166551841293167	0.183026473973158
0.167031817781043	0.182662705757941
0.16751179426892	0.182270472801548
0.167991770756796	0.18185657587449
0.168471747244673	0.181428900610385
0.16895172373255	0.180996058073805
0.169431700220426	0.180567011189405
0.169911676708303	0.180150628337918
0.170391653196179	0.17975527888988
0.170871629684056	0.179388528541692
0.171351606171932	0.179056962059642
0.171831582659809	0.178766193235658
0.172311559147686	0.178520955674399
0.172791535635562	0.178325048647592
0.173271512123439	0.17818118091605
0.173751488611315	0.178090754276307
0.174231465099192	0.178053576328241
0.174711441587068	0.178067646163122
0.175191418074945	0.178129259550188
0.175671394562821	0.178233392214418
0.176151371050698	0.178374310954336
0.176631347538575	0.178546366515035
0.177111324026451	0.17874465351536
0.177591300514328	0.17896539289278
0.178071277002204	0.179206068064572
0.178551253490081	0.179465323387264
0.179031229977957	0.179742655070575
0.179511206465834	0.180038070555979
0.179991182953711	0.180351807898725
0.180471159441587	0.180684099048827
0.180951135929464	0.181035016237562
0.18143111241734	0.181404271425978
0.181911088905217	0.181790985794594
0.182391065393093	0.182193537405538
0.18287104188097	0.18260956427851
0.183351018368846	0.183036025627813
0.183830994856723	0.183469436717634
0.1843109713446	0.183906157866379
0.184790947832476	0.184342642893954
0.185270924320353	0.184775581079118
0.185750900808229	0.185201982615481
0.186230877296106	0.185618984585057
0.186710853783982	0.186023624441498
0.187190830271859	0.186412670644576
0.187670806759735	0.186782527378813
0.188150783247612	0.187129029949504
0.188630759735489	0.187447379749848
0.189110736223365	0.187732134405953
0.189590712711242	0.187977245438669
0.190070689199118	0.1881761653609
0.190550665686995	0.188322250275567
0.191030642174871	0.188409224348118
0.191510618662748	0.188431617418409
0.191990595150625	0.188385092163801
0.192470571638501	0.188266559787213
0.192950548126378	0.188073907901132
0.193430524614254	0.18780558895758
0.193910501102131	0.187460254026724
0.194390477590007	0.187036497586976
0.194870454077884	0.186532815109778
0.19535043056576	0.185947981904003
0.195830407053637	0.185281616062926
0.196310383541514	0.184534665255118
0.19679036002939	0.183709651104872
0.197270336517267	0.182810571528071
0.197750313005143	0.181842366742946
0.19823028949302	0.180810164401513
0.198710265980896	0.179718555534773
0.199190242468773	0.178571076111107
0.19967021895665	0.177370006156862
0.200150195444526	0.176116572954311
0.200630171932403	0.174811340648226
0.201110148420279	0.173454666905613
0.201590124908156	0.172047150779566
0.202070101396032	0.170589918029826
0.202550077883909	0.169084689421042
0.203030054371785	0.167533717329873
0.203510030859662	0.165939645616429
0.203990007347539	0.164305327838809
0.204469983835415	0.162633703524349
0.204949960323292	0.160927597764822
0.205429936811168	0.159189479489638
0.205909913299045	0.157421325049309
0.206389889786921	0.155624628325348
0.206869866274798	0.153800450497394
0.207349842762675	0.151949688150041
0.207829819250551	0.150073592556362
0.208309795738428	0.148174197964804
0.208789772226304	0.146254573311332
0.209269748714181	0.144319004765696
0.209749725202057	0.142372851704437
0.210229701689934	0.140422172497322
0.21070967817781	0.13847343803672
0.211189654665687	0.136533155131653
0.211669631153564	0.134607383075712
0.21214960764144	0.132701447630421
0.212629584129317	0.130819834364405
0.213109560617193	0.128965875504836
0.21358953710507	0.127141548399932
0.214069513592946	0.125347469307054
0.214549490080823	0.123582922291019
0.2150294665687	0.121845950906389
0.215509443056576	0.120133787929142
0.215989419544453	0.118443278125942
0.216469396032329	0.116771240025347
0.216949372520206	0.115114836236596
0.217429349008082	0.113471833517031
0.217909325495959	0.111840635261871
0.218389301983835	0.11022033995454
0.218869278471712	0.108610792273232
0.219349254959589	0.107012625085857
0.219829231447465	0.105427252525381
0.220309207935342	0.103856838835255
0.220789184423218	0.102304253060451
0.221269160911095	0.100772895313757
0.221749137398971	0.0992663658168813
0.222229113886848	0.0977881231928285
0.222709090374724	0.0963411548010069
0.223189066862601	0.0949276353211275
0.223669043350478	0.0935487242878612
0.224149019838354	0.0922045424424591
0.224628996326231	0.0908941968633691
0.225108972814107	0.0896159090814675
0.225588949301984	0.0883672914099787
0.22606892578986	0.0871456302312285
0.226548902277737	0.085948178532703
0.227028878765614	0.0847725542737682
0.22750885525349	0.0836171847456378
0.227988831741367	0.0824816516608258
0.228468808229243	0.0813670573425262
0.22894878471712	0.0802763098411812
0.229428761204996	0.0792140602636301
0.229908737692873	0.0781863941524508
0.230388714180749	0.0772003184444298
0.230868690668626	0.076263077265711
0.231348667156503	0.075381333625874
0.231828643644379	0.074560521155617
0.232308620132256	0.0738044312354055
0.232788596620132	0.0731150862147261
0.233268573108009	0.0724929444343272
0.233748549595885	0.0719372938685181
0.234228526083762	0.071446657115815
0.234708502571638	0.0710191358218316
0.235188479059515	0.0706526254009778
0.235668455547392	0.0703448304434142
0.236148432035268	0.0700931767936067
0.236628408523145	0.0698947645725507
0.237108385011021	0.0697463657086267
0.237588361498898	0.069644548446078
0.238068337986774	0.0695858731793726
0.238548314474651	0.069567177680763
0.239028290962528	0.0695859991690675
0.239508267450404	0.069640833908161
0.239988243938281	0.069731127953345
0.240468220426157	0.0698570721460077
0.240948196914034	0.0700193789016079
0.24142817340191	0.0702189963288922
0.241908149889787	0.0704567615174488
0.242388126377663	0.0707329939662
0.24286810286554	0.0710470877836659
0.243348079353417	0.0713971253708122
0.243828055841293	0.0717795390957881
0.24430803232917	0.0721889666443275
0.244788008817046	0.0726184315062166
0.245267985304923	0.0730598709611191
0.245747961792799	0.0735049489439014
0.246227938280676	0.0739458474241188
0.246707914768553	0.0743758703069351
0.247187891256429	0.0747898541031979
0.247667867744306	0.0751841275828638
0.248147844232182	0.075555986481631
0.248627820720059	0.075903027444606
0.249107797207935	0.0762227297371368
0.249587773695812	0.0765121810118128
0.250067750183688	0.0767681200334663
0.250547726671565	0.0769873137872003
0.251027703159442	0.0771669872641939
0.251507679647318	0.0773052519684996
0.251987656135195	0.077401601838197
0.252467632623071	0.0774572654435219
0.252947609110948	0.0774752211251089
0.253427585598824	0.0774600844838107
0.253907562086701	0.0774178515513724
0.254387538574578	0.0773554653241032
0.254867515062454	0.0772805206213418
0.255347491550331	0.0772010749620415
0.255827468038207	0.0771254377180849
0.256307444526084	0.0770620339226937
0.25678742101396	0.077019518721061
0.257267397501837	0.0770068990033424
0.257747373989713	0.0770334899065954
0.25822735047759	0.0771088603435369
0.258707326965467	0.0772427200549222
0.259187303453343	0.0774446962641475
0.25966727994122	0.0777241379073286
0.260147256429096	0.0780898654652709
0.260627232916973	0.0785498824420809
0.261107209404849	0.0791111318770631
0.261587185892726	0.0797792997194399
0.262067162380603	0.0805584072703364
0.262547138868479	0.0814505554503563
0.263027115356356	0.0824558499348341
0.263507091844232	0.0835724342819299
0.263987068332109	0.0847965963936783
0.264467044819985	0.0861231322259154
0.264947021307862	0.0875457923514195
0.265426997795738	0.0890577637487299
0.265906974283615	0.0906521357856095
0.266386950771492	0.0923222441921833
0.266866927259368	0.0940617741160588
0.267346903747245	0.0958648746107865
0.267826880235121	0.0977262368278946
0.268306856722998	0.0996411137017123
0.268786833210874	0.101605320769348
0.269266809698751	0.103615249067298
0.269746786186628	0.105667912108472
0.270226762674504	0.107760969681963
0.270706739162381	0.109892599541969
0.271186715650257	0.112061209968682
0.271666692138134	0.114265121405776
0.27214666862601	0.116502196222939
0.272626645113887	0.118769498095435
0.273106621601763	0.121063139120066
0.27358659808964	0.123378324815294
0.274066574577517	0.125709518066502
0.274546551065393	0.128050789384137
0.27502652755327	0.130396258392895
0.275506504041146	0.132740273969801
0.275986480529023	0.135077366424256
0.276466457016899	0.137402102574043
0.276946433504776	0.139708797662458
0.277426409992653	0.141991184794011
0.277906386480529	0.144242400952242
0.278386362968406	0.146455307974264
0.278866339456282	0.148623035695185
0.279346315944159	0.15073950464775
0.279826292432035	0.152799722261355
0.280306268919912	0.154799658057653
0.280786245407788	0.156735810123758
0.281266221895665	0.158604610239189
0.281746198383542	0.160401931388903
0.282226174871418	0.162122927517732
0.282706151359295	0.163762395475446
0.283186127847171	0.165315494320378
0.283666104335048	0.166778573987158
0.284146080822924	0.168149833419298
0.284626057310801	0.169429711852337
0.285106033798677	0.170620941111838
0.285586010286554	0.171728310974677
0.286065986774431	0.172758202746014
0.286545963262307	0.17371810587612
0.287025939750184	0.174616188479244
0.28750591623806	0.17546085899684
0.287985892725937	0.176260300825375
0.288465869213813	0.177022109409863
0.28894584570169	0.177753092017207
0.289425822189567	0.178459105383798
0.289905798677443	0.179144978507505
0.29038577516532	0.179814568750166
0.290865751653196	0.18047083635221
0.291345728141073	0.181115904340991
0.291825704628949	0.181751191109261
0.292305681116826	0.182377569670715
0.292785657604702	0.182995512099574
0.293265634092579	0.183605282041648
0.293745610580456	0.184207113736809
0.294225587068332	0.184801281620227
0.294705563556209	0.185388205228076
0.295185540044085	0.18596842714701
0.295665516531962	0.186542456944057
0.296145493019838	0.187110538638899
0.296625469507715	0.187672443429178
0.297105445995591	0.188227255588813
0.297585422483468	0.188773308521835
0.298065398971345	0.18930833066426
0.298545375459221	0.189829655856921
0.299025351947098	0.190334463217118
0.299505328434974	0.190819999958174
0.299985304922851	0.191283636412856
0.300465281410727	0.191722753072358
0.300945257898604	0.192134604011327
0.301425234386481	0.192516183733965
0.301905210874357	0.192864160031266
0.302385187362234	0.193175055917873
0.30286516385011	0.193445530765223
0.303345140337987	0.193672593012531
0.303825116825863	0.193853660223178
0.30430509331374	0.193986445939135
0.304785069801616	0.194068649524821
0.305265046289493	0.194097609731171
0.30574502277737	0.194070139536956
0.306224999265246	0.193982556740509
0.306704975753123	0.193830897956892
0.307184952240999	0.193611303513668
0.307664928728876	0.193320432113775
0.308144905216752	0.19295572803023
0.308624881704629	0.192515564887512
0.309104858192506	0.191999216342973
0.309584834680382	0.191406659008921
0.310064811168259	0.190738367082727
0.310544787656135	0.189995261835597
0.311024764144012	0.189178651721713
0.311504740631888	0.188290216241554
0.311984717119765	0.187332040689807
0.312464693607641	0.186306638605097
0.312944670095518	0.18521684781725
0.313424646583395	0.184065754855294
0.313904623071271	0.182856563043357
0.314384599559148	0.181592441006039
0.314864576047024	0.180276410879149
0.315344552534901	0.178911358365644
0.315824529022777	0.177500141619764
0.316304505510654	0.176045826078737
0.31678448199853	0.174551911286471
0.317264458486407	0.173022442747892
0.317744434974284	0.171461898867268
0.31822441146216	0.16987485932576
0.318704387950037	0.168265610890589
0.319184364437913	0.166637819289705
0.31966434092579	0.164994361818592
0.320144317413666	0.163337456608515
0.320624293901543	0.161669055690018
0.32110427038942	0.159991291402034
0.321584246877296	0.158306860416023
0.322064223365173	0.156619251893462
0.322544199853049	0.154932719042243
0.323024176340926	0.153252133440752
0.323504152828802	0.151582855383903
0.323984129316679	0.149930669650203
0.324464105804555	0.148301792568461
0.324944082292432	0.146702963874301
0.325424058780309	0.145141492920252
0.325904035268185	0.143625158545642
0.326384011756062	0.142161989962124
0.326863988243938	0.140760025141512
0.327343964731815	0.139426995295193
0.327823941219691	0.138170015659391
0.328303917707568	0.136995369724651
0.328783894195445	0.135908354221406
0.329263870683321	0.13491311013415
0.329743847171198	0.134012549797178
0.330223823659074	0.133208393270228
0.330703800146951	0.132501249764009
0.331183776634827	0.131890879184036
0.331663753122704	0.131376457495471
0.33214372961058	0.130956573021694
0.332623706098457	0.130629008976534
0.333103682586334	0.130390441049759
0.33358365907421	0.130235969852545
0.334063635562087	0.130158716502925
0.334543612049963	0.130149776095228
0.33502358853784	0.13019852941181
0.335503565025716	0.130293288564845
0.335983541513593	0.130422199866037
0.33646351800147	0.130574120803787
0.336943494489346	0.130739451826672
0.337423470977223	0.130910747575632
0.337903447465099	0.131082796324403
0.338383423952976	0.131252213972997
0.338863400440852	0.131416931703936
0.339343376928729	0.13157559303497
0.339823353416605	0.131726855887483
0.340303329904482	0.131868814421734
0.340783306392359	0.131998620403464
0.341263282880235	0.132112300759958
0.341743259368112	0.132204816144639
0.342223235855988	0.132270285789903
0.342703212343865	0.1323023154554
0.343183188831741	0.132294521204665
0.343663165319618	0.132241255540417
0.344143141807495	0.132138235500782
0.344623118295371	0.131983091217037
0.345103094783248	0.131775865575565
0.345583071271124	0.131519100327543
0.346063047759001	0.131217359290994
0.346543024246877	0.130876469553573
0.347023000734754	0.13050276422467
0.34750297722263	0.130102364602253
0.347982953710507	0.129680719417175
0.348462930198384	0.129242465377348
0.34894290668626	0.128791486055954
0.349422883174137	0.128331140128444
0.349902859662013	0.127864640898024
0.35038283614989	0.127395404261358
0.350862812637766	0.126927262545028
0.351342789125643	0.126464631618874
0.351822765613519	0.126012584230031
0.352302742101396	0.125576690386468
0.352782718589273	0.12516280651895
0.353262695077149	0.124776799927346
0.353742671565026	0.124424186450587
0.354222648052902	0.124109712049172
0.354702624540779	0.123837133414834
0.355182601028655	0.123609186602141
0.355662577516532	0.123427728042395
0.356142554004409	0.123293966441523
0.356622530492285	0.123208746555711
0.357102506980162	0.123172782006519
0.357582483468038	0.123186893888139
0.358062459955915	0.123252170628378
0.358542436443791	0.123370023806537
0.359022412931668	0.12354206674103
0.359502389419544	0.123769951204809
0.359982365907421	0.124055033120422
0.360462342395298	0.124398023708692
0.360942318883174	0.124798671031561
0.361422295371051	0.125255629031176
0.361902271858927	0.125766495500087
0.362382248346804	0.126328073772477
0.36286222483468	0.126936737159916
0.363342201322557	0.127588839431997
0.363822177810434	0.12828103999321
0.36430215429831	0.129010523633404
0.364782130786187	0.129774998184951
0.365262107274063	0.130572606411198
0.36574208376194	0.131401884006088
0.366222060249816	0.132261706476142
0.366702036737693	0.133151100732204
0.367182013225569	0.134068934988009
0.367661989713446	0.135013534609075
0.368141966201323	0.135982305755403
0.368621942689199	0.136971327889963
0.369101919177076	0.137974960759345
0.369581895664952	0.138985562601421
0.370061872152829	0.139993399835424
0.370541848640705	0.140986638908052
0.371021825128582	0.141951533114151
0.371501801616459	0.14287287107278
0.371981778104335	0.143734696246151
0.372461754592212	0.144521288477525
0.372941731080088	0.145218476286204
0.373421707567965	0.145814740074985
0.373901684055841	0.146301958467732
0.374381660543718	0.14667567578381
0.374861637031594	0.146934836954648
0.375341613519471	0.147080805875868
0.375821590007348	0.147116370792544
0.376301566495224	0.14704503725782
0.376781542983101	0.146870764594387
0.377261519470977	0.146598073329013
0.377741495958854	0.146232509418182
0.37822147244673	0.14578100706689
0.378701448934607	0.145252063901898
0.379181425422484	0.144655566118746
0.37966140191036	0.144002230449034
0.380141378398237	0.143302726773878
0.380621354886113	0.142566905144008
0.38110133137399	0.14180323109901
0.381581307861866	0.141018405705829
0.382061284349743	0.14021728244173
0.382541260837619	0.139402925990227
0.383021237325496	0.138576751846372
0.383501213813373	0.137738679799507
0.383981190301249	0.136887436802423
0.384461166789126	0.136020944835214
0.384941143277002	0.135137042301487
0.385421119764879	0.134234370551558
0.385901096252755	0.133313282166262
0.386381072740632	0.132376629598324
0.386861049228508	0.131430455022523
0.387341025716385	0.130484181461683
0.387821002204262	0.129550320688648
0.388300978692138	0.128643698122619
0.388780955180015	0.1277804179695
0.389260931667891	0.126976644919874
0.389740908155768	0.126247659270962
0.390220884643644	0.125607251619827
0.390700861131521	0.125067541280757
0.391180837619398	0.124639197541947
0.391660814107274	0.124331938398869
0.392140790595151	0.124155118062694
0.392620767083027	0.124118362615557
0.393100743570904	0.124231878188669
0.39358072005878	0.124506370608857
0.394060696546657	0.124952622986047
0.394540673034533	0.125580867254602
0.39502064952241	0.126400058898926
0.395500626010287	0.127417378068916
0.395980602498163	0.128637980329243
0.39646057898604	0.130065001413616
0.396940555473916	0.131699837120336
0.397420531961793	0.133542525833356
0.397900508449669	0.13559199509281
0.398380484937546	0.137846236308671
0.398860461425423	0.140302291659503
0.399340437913299	0.142956023558683
0.399820414401176	0.145801854914801
0.400300390889052	0.148832737157529
0.400780367376929	0.152040323440689
0.401260343864805	0.1554153637203
0.401740320352682	0.158948055162109
0.402220296840558	0.162628202014254
0.402700273328435	0.166445242486488
0.403180249816312	0.170388110977831
0.403660226304188	0.174444926356102
0.404140202792065	0.178602830166187
0.404620179279941	0.182848146125767
0.405100155767818	0.187166815216023
0.405580132255694	0.191544992197163
0.406060108743571	0.195969604402739
0.406540085231447	0.200428609671153
0.407020061719324	0.204910983521649
0.407500038207201	0.209406422762912
0.407980014695077	0.213904852941268
0.408459991182954	0.218396029118396
0.40893996767083	0.222869445335721
0.409419944158707	0.227314481328039
0.409899920646583	0.231720729131758
0.41037989713446	0.236078394382691
0.410859873622337	0.240378717206282
0.411339850110213	0.24461431403151
0.41181982659809	0.24877927544666
0.412299803085966	0.25286902067774
0.412779779573843	0.256880029799673
0.413259756061719	0.260809536497245
0.413739732549596	0.264655333005822
0.414219709037472	0.268415793216992
0.414699685525349	0.272090064777842
0.415179662013226	0.275678307022605
0.415659638501102	0.279181784409267
0.416139614988979	0.282602616972521
0.416619591476855	0.28594319752925
0.417099567964732	0.289205484302404
0.417579544452608	0.292390384974425
0.418059520940485	0.295497388794271
0.418539497428361	0.298524531108294
0.419019473916238	0.30146866326613
0.419499450404115	0.304325824913537
0.419979426891991	0.307091506316704
0.420459403379868	0.309760722512901
0.420939379867744	0.312328013862234
0.421419356355621	0.314787471650633
0.421899332843497	0.317132874088909
0.422379309331374	0.319358001648128
0.422859285819251	0.321457127924718
0.423339262307127	0.323425467032322
0.423819238795004	0.325259231959887
0.42429921528288	0.32695527720049
0.424779191770757	0.328510454441812
0.425259168258633	0.329920835915566
0.42573914474651	0.331181017540645
0.426219121234386	0.332283861784745
0.426699097722263	0.33322072986525
0.42717907421014	0.333982136443637
0.427659050698016	0.334558748276267
0.428139027185893	0.334942454034905
0.428619003673769	0.335127138318031
0.429098980161646	0.335109229570428
0.429578956649522	0.334887936672648
0.430058933137399	0.334465018285299
0.430538909625276	0.333844248693672
0.431018886113152	0.33303091810476
0.431498862601029	0.332031143156068
0.431978839088905	0.330851091281902
0.432458815576782	0.329496242557118
0.432938792064658	0.327970807631772
0.433418768552535	0.326277389297733
0.433898745040411	0.324417075551939
0.434378721528288	0.322389852265168
0.434858698016165	0.320195338605281
0.435338674504041	0.317833772034655
0.435818650991918	0.315306916875693
0.436298627479794	0.312618421947636
0.436778603967671	0.30977374277087
0.437258580455547	0.306779693914092
0.437738556943424	0.303643655298961
0.438218533431301	0.300372604177335
0.438698509919177	0.296972462878715
0.439178486407054	0.293447851082829
0.43965846289493	0.289802311084346
0.440138439382807	0.286038811177007
0.440618415870683	0.282160356472171
0.44109839235856	0.278170503903656
0.441578368846436	0.274073784993055
0.442058345334313	0.269875970545763
0.44253832182219	0.265584240788954
0.443018298310066	0.261207274120594
0.443498274797943	0.256755389371947
0.443978251285819	0.25224049910639
0.444458227773696	0.247675797057601
0.444938204261572	0.24307520404418
0.445418180749449	0.238452836198931
0.445898157237326	0.23382251916291
0.446378133725202	0.229197462761915
0.446858110213079	0.224590149050192
0.447338086700955	0.220012515669395
0.447818063188832	0.215476236666889
0.448298039676708	0.210993017311729
0.448778016164585	0.206574771454872
0.449257992652461	0.202233697016153
0.449737969140338	0.197982284156831
0.450217945628215	0.193833248603374
0.450697922116091	0.189799359512114
0.451177898603968	0.185893253349308
0.451657875091844	0.182127196483018
0.452137851579721	0.178512756197372
0.452617828067597	0.175060508745042
0.453097804555474	0.17177987529824
0.453577781043351	0.168679160644203
0.454057757531227	0.165765707334164
0.454537734019104	0.163046110330396
0.45501771050698	0.16052636346863
0.455497686994857	0.158211939483475
0.455977663482733	0.156107845065651
0.45645763997061	0.154218572503858
0.456937616458486	0.152547764704952
0.457417592946363	0.151097760683999
0.45789756943424	0.14986909577816
0.458377545922116	0.148859929960187
0.458857522409993	0.148065517599473
0.459337498897869	0.147478033561604
0.459817475385746	0.147086819058854
0.460297451873622	0.146878905156378
0.460777428361499	0.146839741653894
0.461257404849375	0.146953957652028
0.461737381337252	0.147205925989903
0.462217357825129	0.147580129058836
0.462697334313005	0.148061399868393
0.463177310800882	0.148635060208091
0.463657287288758	0.149287231358048
0.464137263776635	0.15000538760478
0.464617240264511	0.150778861066379
0.465097216752388	0.151599121145955
0.465577193240265	0.15245988730467
0.466057169728141	0.153357035409901
0.466537146216018	0.154288236991553
0.467017122703894	0.155252447289564
0.467497099191771	0.156249338933433
0.467977075679647	0.157278716111138
0.468457052167524	0.158339884537202
0.4689370286554	0.159431048748158
0.469417005143277	0.160548803928088
0.469896981631154	0.16168790845836
0.47037695811903	0.162841357317666
0.470856934606907	0.164000782626317
0.471336911094783	0.165157029100388
0.47181688758266	0.166300883255236
0.472296864070536	0.167423679481927
0.472776840558413	0.168517691108902
0.47325681704629	0.169576155635543
0.473736793534166	0.170592983831943
0.474216770022043	0.17156204044909
0.474696746509919	0.172476274374015
0.475176722997796	0.17332686696083
0.475656699485672	0.17410270074411
0.476136675973549	0.174790374530715
0.476616652461425	0.175375077647197
0.477096628949302	0.175842083324931
0.477576605437179	0.176178581643971
0.478056581925055	0.17637543376921
0.478536558412932	0.176428415904834
0.479016534900808	0.176338701868628
0.479496511388685	0.176112654257476
0.479976487876561	0.175761141036269
0.480456464364438	0.175298265141894
0.480936440852315	0.17473991561968
0.481416417340191	0.174102388152973
0.481896393828068	0.173401153997838
0.482376370315944	0.172649691696982
0.482856346803821	0.171858806496318
0.483336323291697	0.171036497844128
0.483816299779574	0.170188370258874
0.48429627626745	0.169318325475062
0.484776252755327	0.168429510006853
0.485256229243204	0.167525093860445
0.48573620573108	0.166608825998975
0.486216182218957	0.165685159028988
0.486696158706833	0.164759050154876
0.48717613519471	0.16383531234177
0.487656111682586	0.162917948768616
0.488136088170463	0.162009548498638
0.488616064658339	0.16111087040637
0.489096041146216	0.160220563677719
0.489576017634093	0.159335243305376
0.490055994121969	0.158449957918775
0.490535970609846	0.157558908694052
0.491015947097722	0.156656130535875
0.491495923585599	0.155736147189707
0.491975900073475	0.154794417706122
0.492455876561352	0.153827548372948
0.492935853049228	0.152833201111696
0.493415829537105	0.151809887297704
0.493895806024982	0.150756714582823
0.494375782512858	0.149673243226778
0.494855759000735	0.148559474667297
0.495335735488611	0.147415968117237
0.495815711976488	0.146243986030263
0.496295688464364	0.145045796573907
0.496775664952241	0.143824947769819
0.497255641440118	0.142586361909045
0.497735617927994	0.141336126392669
0.498215594415871	0.140081181137866
0.498695570903747	0.138828981392624
0.499175547391624	0.137587225562202
0.4996555238795	0.136363609536753
0.500135500367377	0.135165621272074
0.500615476855254	0.134000371818454
0.50109545334313	0.13287440313713
0.501575429831007	0.131793410259852
0.502055406318883	0.13076200122213
0.50253538280676	0.129783675948618
0.503015359294636	0.128861083065304
0.503495335782513	0.127996419657566
0.503975312270389	0.12719188456609
0.504455288758266	0.126450016234824
0.504935265246143	0.125773855760119
0.505415241734019	0.125166849816252
0.505895218221896	0.124632575008126
0.506375194709772	0.12417432858092
0.506855171197649	0.123794743123792
0.507335147685525	0.123495587694207
0.507815124173402	0.123277749385962
0.508295100661278	0.123141172705813
0.508775077149155	0.123084905100859
0.509255053637032	0.12310729923224
0.509735030124908	0.123206205410375
0.510215006612785	0.123379095411913
0.510694983100661	0.12362330533519
0.511174959588538	0.123936141540803
0.511654936076414	0.124314826244483
0.512134912564291	0.124756436950922
0.512614889052168	0.125257880925199
0.513094865540044	0.125815881809491
0.513574842027921	0.126427146569997
0.514054818515797	0.127088639011977
0.514534795003674	0.127797792922032
0.51501477149155	0.128552689257895
0.515494747979427	0.129352295159691
0.515974724467303	0.13019640017594
0.51645470095518	0.131085209133103
0.516934677443057	0.132018708982046
0.517414653930933	0.132995901561901
0.51789463041881	0.134013967534939
0.518374606906686	0.135067757686946
0.518854583394563	0.136149775421673
0.519334559882439	0.137250717206779
0.519814536370316	0.138360477429599
0.520294512858193	0.139469454354516
0.520774489346069	0.140569859203158
0.521254465833946	0.141656811387184
0.521734442321822	0.142728851265465
0.522214418809699	0.143787826975842
0.522694395297575	0.144838090876929
0.523174371785452	0.145885312646629
0.523654348273328	0.146935098263938
0.524134324761205	0.147991792008055
0.524614301249082	0.149057557851535
0.525094277736958	0.150131956263385
0.525574254224835	0.151212107414954
0.526054230712711	0.152293278995247
0.526534207200588	0.153369613048185
0.527014183688464	0.154434895678937
0.527494160176341	0.155483129814027
0.527974136664217	0.156508834524904
0.528454113152094	0.157507203089611
0.528934089639971	0.158474248129352
0.529414066127847	0.159406831324632
0.529894042615724	0.16030262049937
0.5303740191036	0.16115987732955
0.530853995591477	0.161977073556927
0.531333972079353	0.162752492624676
0.53181394856723	0.163483880838359
0.532293925055107	0.164168203289658
0.532773901542983	0.164801725707854
0.53325387803086	0.165380398312662
0.533733854518736	0.165900476768053
0.534213831006613	0.166359040833729
0.534693807494489	0.16675434380294
0.535173783982366	0.167085889630757
0.535653760470242	0.167354351267032
0.536133736958119	0.16756123346363
0.536613713445996	0.167708553989134
0.537093689933872	0.167798676115538
0.537573666421749	0.167834419007192
0.538053642909625	0.167819172795474
0.538533619397502	0.167757068422154
0.539013595885378	0.167653025180344
0.539493572373255	0.167512769974975
0.539973548861131	0.167342656597352
0.540453525349008	0.167149325832651
0.540933501836885	0.166939184663538
0.541413478324761	0.1667181244436
0.541893454812638	0.16649132812712
0.542373431300514	0.166263203413944
0.542853407788391	0.166037357088286
0.543333384276267	0.165816591950316
0.543813360764144	0.165602856658425
0.544293337252021	0.165397211604394
0.544773313739897	0.165199701584339
0.545253290227774	0.16500932906377
0.54573326671565	0.164824333182438
0.546213243203527	0.164642516545646
0.546693219691403	0.164461456394663
0.54717319617928	0.164278731878193
0.547653172667157	0.164092077347671
0.548133149155033	0.163899277945325
0.54861312564291	0.163698068855487
0.549093102130786	0.163486174886832
0.549573078618663	0.163261457498766
0.550053055106539	0.163022269875951
0.550533031594416	0.162767879660121
0.551013008082292	0.162498650250217
0.551492984570169	0.162216044608649
0.551972961058045	0.161922485342461
0.552452937545922	0.161621066700332
0.552932914033799	0.161315307315231
0.553412890521675	0.161009189320223
0.553892867009552	0.160707447458848
0.554372843497428	0.160415989361263
0.554852819985305	0.160142136791005
0.555332796473181	0.159894521366326
0.555812772961058	0.159682691355083
0.556292749448935	0.159516454276534
0.556772725936811	0.159405099246847
0.557252702424688	0.159356757651945
0.557732678912564	0.159378049462952
0.558212655400441	0.159473943594942
0.558692631888317	0.159647836138222
0.559172608376194	0.159901686866543
0.559652584864071	0.160236088472261
0.560132561351947	0.160650355462768
0.560612537839824	0.161142692508063
0.5610925143277	0.16171039659021
0.561572490815577	0.162350163973044
0.562052467303453	0.163058532455319
0.56253244379133	0.163832301557444
0.563012420279206	0.164668831570976
0.563492396767083	0.16556626320493
0.56397237325496	0.166523451529676
0.564452349742836	0.167539710339663
0.564932326230713	0.168614445996689
0.565412302718589	0.169746736232558
0.565892279206466	0.17093479817669
0.566372255694342	0.17217559037618
0.566852232182219	0.173464617067155
0.567332208670096	0.174795972189779
0.567812185157972	0.176162645744875
0.568292161645849	0.177557045905177
0.568772138133725	0.178971483506144
0.569252114621602	0.180398625620207
0.569732091109478	0.181831876194052
0.570212067597355	0.18326562377864
0.570692044085231	0.184695398809463
0.571172020573108	0.186118256997887
0.571651997060985	0.187533180850268
0.572131973548861	0.188941217137915
0.572611950036738	0.190345197949557
0.573091926524614	0.191749070049959
0.573571903012491	0.193156829064926
0.574051879500367	0.194571201563509
0.574531855988244	0.195992481746154
0.57501183247612	0.197417867161893
0.575491808963997	0.198841316555963
0.575971785451874	0.200253954331949
0.57645176193975	0.201644880319534
0.576931738427627	0.203002087684238
0.577411714915503	0.204313305259342
0.57789169140338	0.205566798482565
0.578371667891256	0.206751886384787
0.578851644379133	0.207859181508597
0.57933162086701	0.208880777784015
0.579811597354886	0.209810401787292
0.580291573842763	0.21064322160717
0.580771550330639	0.211375485609317
0.581251526818516	0.212004222370719
0.581731503306392	0.212527044627646
0.582211479794269	0.212941998420941
0.582691456282145	0.213247647220965
0.583171432770022	0.213443241693274
0.583651409257899	0.213528935147416
0.584131385745775	0.213506035048413
0.584611362233652	0.213377249922724
0.585091338721528	0.213146709037976
0.585571315209405	0.212819875192594
0.586051291697281	0.212403381149981
0.586531268185158	0.211904766705423
0.587011244673035	0.211332014179856
0.587491221160911	0.210693137464052
0.587971197648788	0.209995858851831
0.588451174136664	0.209247378977366
0.588931150624541	0.208454218087131
0.589411127112417	0.207622216279726
0.589891103600294	0.206756615185031
0.590371080088171	0.205862270130588
0.590851056576047	0.204943883248708
0.591331033063924	0.204006099303063
0.5918110095518	0.203053351732032
0.592290986039677	0.20208957137519
0.592770962527553	0.201117745339886
0.59325093901543	0.200139430369231
0.593730915503306	0.199154387400648
0.594210891991183	0.198160606830033
0.594690868479059	0.197154752145999
0.595170844966936	0.196132960552459
0.595650821454813	0.195091676809808
0.596130797942689	0.194028307582719
0.596610774430566	0.192941567526445
0.597090750918442	0.191831497928475
0.597570727406319	0.190699191446592
0.598050703894195	0.189546380408851
0.598530680382072	0.188375040965583
0.599010656869949	0.187187123570233
0.599490633357825	0.185984371459206
0.599970609845702	0.184768150097415
0.600450586333578	0.183539293111305
0.600930562821455	0.182298026270629
0.601410539309331	0.181043989563149
0.601890515797208	0.179776256907032
0.602370492285085	0.178493373527689
0.602850468772961	0.177193426783446
0.603330445260838	0.175874158773918
0.603810421748714	0.174533116592417
0.604290398236591	0.173167801303356
0.604770374724467	0.171775786557401
0.605250351212344	0.170354909009718
0.60573032770022	0.168903531881975
0.606210304188097	0.167420716363301
0.606690280675974	0.165906182051822
0.60717025716385	0.164360038266188
0.607650233651727	0.162782359374066
0.608130210139603	0.161172675288013
0.60861018662748	0.159529593551442
0.609090163115356	0.157850648982796
0.609570139603233	0.156132486754456
0.610050116091109	0.154371263039392
0.610530092578986	0.152563181727276
0.611010069066863	0.150704856854396
0.611490045554739	0.148793553749193
0.611970022042616	0.146827265484883
0.612449998530492	0.14480478335908
0.612929975018369	0.142725835223412
0.613409951506245	0.140591506940701
0.613889927994122	0.138404773757538
0.614369904481999	0.136171006838453
0.614849880969875	0.133898112621298
0.615329857457752	0.131596196812795
0.615809833945628	0.12927672160449
0.616289810433505	0.12695153861838
0.616769786921381	0.12463190614536
0.617249763409258	0.122327800136356
0.617729739897134	0.120047621686984
0.618209716385011	0.117798322774655
0.618689692872888	0.11558571024638
0.619169669360764	0.113414894415445
0.619649645848641	0.111290731781239
0.620129622336517	0.109218210808174
0.620609598824394	0.107202698242993
0.62108957531227	0.105250110663288
0.621569551800147	0.103366815712489
0.622049528288024	0.10155934709334
0.6225295047759	0.0998339307770396
0.623009481263777	0.0981959420618715
0.623489457751653	0.0966494036019023
0.62396943423953	0.0951968258055463
0.624449410727406	0.0938392772134533
0.624929387215283	0.0925766406947371
0.625409363703159	0.0914079728680494
0.625889340191036	0.090331955454298
0.626369316678913	0.0893472109124518
0.626849293166789	0.0884525162233953
0.627329269654666	0.087646988015985
0.627809246142542	0.0869302423005628
0.628289222630419	0.0863022762445425
0.628769199118295	0.0857632655713399
0.629249175606172	0.0853133535329259
0.629729152094048	0.084952417064928
0.630209128581925	0.0846797227730129
0.630689105069802	0.084493724929874
0.631169081557678	0.0843919910607693
0.631649058045555	0.0843712980379016
0.632129034533431	0.0844278304565631
0.632609011021308	0.084557377050139
0.633088987509184	0.0847553505857685
0.633568963997061	0.0850168276740058
0.634048940484938	0.0853366527453274
0.634528916972814	0.0857093971169989
0.635008893460691	0.0861292696618486
0.635488869948567	0.0865902826794751
0.635968846436444	0.0870864712926629
0.63644882292432	0.0876119857905079
0.636928799412197	0.0881612092215275
0.637408775900073	0.0887289683085789
0.63788875238795	0.0893107010985781
0.638368728875827	0.089902522516111
0.638848705363703	0.0905012432575447
0.63932868185158	0.0911043511440099
0.639808658339456	0.091710168535081
0.640288634827333	0.09231813195761
0.640768611315209	0.0929289809286581
0.641248587803086	0.09354478396547
0.641728564290962	0.0941687730684836
0.642208540778839	0.094804774680311
0.642688517266716	0.0954563397806303
0.643168493754592	0.09612595650211
0.643648470242469	0.0968146644513147
0.644128446730345	0.0975220736004849
0.644608423218222	0.0982469002753742
0.645088399706098	0.0989877545026023
0.645568376193975	0.0997439103112613
0.646048352681852	0.100515791574455
0.646528329169728	0.101305124172903
0.647008305657605	0.102114664974306
0.647488282145481	0.102947758659152
0.647968258633358	0.103808079181192
0.648448235121234	0.104699461062393
0.648928211609111	0.10562564356892
0.649408188096988	0.10659007051001
0.649888164584864	0.107595697176907
0.650368141072741	0.108644717696347
0.650848117560617	0.109738404148751
0.651328094048494	0.110877373325718
0.65180807053637	0.112062111761324
0.652288047024247	0.113293743756238
0.652768023512123	0.114574833078212
0.653248	0.115909870465725
0.653727976487877	0.117305364451032
0.654207952975753	0.118769698502843
0.65468792946363	0.120312838669642
0.655167905951506	0.121945930584023
0.655647882439383	0.123680801479242
0.656127858927259	0.125529417749681
0.656607835415136	0.127503310737491
0.657087811903013	0.129612954251383
0.657567788390889	0.131866977325741
0.658047764878766	0.134271550863356
0.658527741366642	0.136830072878828
0.659007717854519	0.13954314718231
0.659487694342395	0.1424088513088
0.659967670830272	0.145423323335306
0.660447647318148	0.148581372968655
0.660927623806025	0.151877074312259
0.661407600293902	0.155304315186215
0.661887576781778	0.158857085307732
0.662367553269655	0.162529472748186
0.662847529757531	0.166315611780847
0.663327506245408	0.17020953708305
0.663807482733284	0.174204902533936
0.664287459221161	0.17829463241559
0.664767435709037	0.18247057375881
0.665247412196914	0.186723188851779
0.665727388684791	0.191041344150219
0.666207365172667	0.195412220181956
0.666687341660544	0.19982134672468
0.66716731814842	0.204252886637031
0.667647294636297	0.208690127535262
0.668127271124173	0.213116115743866
0.66860724761205	0.217514363520706
0.669087224099927	0.221869443906131
0.669567200587803	0.226167381347827
0.67004717707568	0.230395920808357
0.670527153563556	0.234544554768634
0.671007130051433	0.238604324808912
0.671487106539309	0.242567710834404
0.671967083027186	0.246428573062533
0.672447059515062	0.250182033586717
0.672927036002939	0.253824468874789
0.673407012490816	0.257353500405015
0.673886988978692	0.260767712873922
0.674366965466569	0.264066295610794
0.674846941954445	0.267248693481469
0.675326918442322	0.270314130885087
0.675806894930198	0.273261212811992
0.676286871418075	0.276087895513055
0.676766847905951	0.278791680838577
0.677246824393828	0.281369890320617
0.677726800881705	0.2838201366746
0.678206777369581	0.28614067248841
0.678686753857458	0.28833044455161
0.679166730345334	0.290388963926242
0.679646706833211	0.292316082766915
0.680126683321087	0.294111635402567
0.680606659808964	0.295775200467852
0.681086636296841	0.29730612310842
0.681566612784717	0.298703739729614
0.682046589272594	0.299967572382202
0.68252656576047	0.301097421464286
0.683006542248347	0.302093280470439
0.683486518736223	0.302955093955309
0.6839664952241	0.303682401199016
0.684446471711976	0.304274107671389
0.684926448199853	0.304728462770207
0.68540642468773	0.305043298230687
0.685886401175606	0.305216472171145
0.686366377663483	0.305246417655242
0.686846354151359	0.305132605841688
0.687326330639236	0.304875827750889
0.687806307127112	0.304478335034592
0.688286283614989	0.303943849458899
0.688766260102866	0.303277547789194
0.689246236590742	0.302486089717646
0.689726213078619	0.301577607652574
0.690206189566495	0.300561468453432
0.690686166054372	0.299447786442551
0.691166142542248	0.298246664344511
0.691646119030125	0.296967304162971
0.692126095518002	0.295617216212998
0.692606072005878	0.294201744692288
0.693086048493755	0.292723996066874
0.693566024981631	0.291185193055622
0.694046001469508	0.289585267329329
0.694525977957384	0.287923483792974
0.695005954445261	0.286198935659559
0.695485930933137	0.284410845380697
0.695965907421014	0.282558608695937
0.696445883908891	0.28064169045262
0.696925860396767	0.278659506737273
0.697405836884644	0.27661136626284
0.69788581337252	0.274496434683983
0.698365789860397	0.272313724655221
0.698845766348273	0.270062129332741
0.69932574283615	0.267740537383419
0.699805719324026	0.265347929883683
0.700285695811903	0.262883438482193
0.70076567229978	0.260346357699911
0.701245648787656	0.257736102881158
0.701725625275533	0.255052086024454
0.702205601763409	0.252293618504621
0.702685578251286	0.249459882572435
0.703165554739162	0.246550009106239
0.703645531227039	0.243563312829114
0.704125507714916	0.240499739231303
0.704605484202792	0.237360349690547
0.705085460690669	0.234147610744496
0.705565437178545	0.23086535693576
0.706045413666422	0.227518453745452
0.706525390154298	0.224112063916007
0.707005366642175	0.220650809536824
0.707485343130051	0.217138230962305
0.707965319617928	0.213576558609467
0.708445296105805	0.209966846720851
0.708925272593681	0.206309505021485
0.709405249081558	0.202604989854596
0.709885225569434	0.198854298027368
0.710365202057311	0.195059370133489
0.710845178545187	0.191223390287382
0.711325155033064	0.187350810356171
0.71180513152094	0.183447286336036
0.712285108008817	0.179519733567675
0.712765084496694	0.175576307678871
0.71324506098457	0.171626258934351
0.713725037472447	0.167679765461108
0.714205013960323	0.163747749821912
0.7146849904482	0.159841585240804
0.715164966936076	0.155972870012206
0.715644943423953	0.152153222901163
0.71612491991183	0.148394062477693
0.716604896399706	0.14470632843087
0.717084872887583	0.141100260162401
0.717564849375459	0.137585267444678
0.718044825863336	0.134169774652194
0.718524802351212	0.130861181730365
0.719004778839089	0.127665991504718
0.719484755326965	0.124589865911632
0.719964731814842	0.121637578318361
0.720444708302719	0.118813004044343
0.720924684790595	0.11611912579617
0.721404661278472	0.113558010718664
0.721884637766348	0.111131008353454
0.722364614254225	0.108839052836798
0.722844590742101	0.106682910540871
0.723324567229978	0.10466333568754
0.723804543717855	0.102781171243753
0.724284520205731	0.101037167895588
0.724764496693608	0.0994316656030117
0.725244473181484	0.097964361390065
0.725724449669361	0.0966343098308283
0.726204426157237	0.0954399105241292
0.726684402645114	0.0943790207964416
0.72716437913299	0.0934491065713004
0.727644355620867	0.0926474022987968
0.728124332108744	0.0919708507005417
0.72860430859662	0.0914159837432236
0.729084285084497	0.0909785483701913
0.729564261572373	0.0906529786096137
0.73004423806025	0.0904318963172695
0.730524214548126	0.090305785478745
0.731004191036003	0.0902627055156252
0.731484167523879	0.0902884232672424
0.731964144011756	0.0903670821390455
0.732444120499633	0.0904821073390216
0.732924096987509	0.0906171910826033
0.733404073475386	0.0907574352439578
0.733884049963262	0.090890258112622
0.734364026451139	0.0910057984577437
0.734844002939015	0.0910969710606373
0.735323979426892	0.0911591229675705
0.735803955914769	0.0911893871166528
0.736283932402645	0.0911860708806957
0.736763908890522	0.0911482620613968
0.737243885378398	0.0910754190589939
0.737723861866275	0.090967269845543
0.738203838354151	0.0908240356857057
0.738683814842028	0.09064673349785
0.739163791329905	0.090437492095845
0.739643767817781	0.0901998883770165
0.740123744305658	0.0899389080022841
0.740603720793534	0.0896605254588926
0.741083697281411	0.089371154634442
0.741563673769287	0.089077029862259
0.742043650257164	0.0887835679375862
0.74252362674504	0.0884951494436441
0.743003603232917	0.0882150984444491
0.743483579720793	0.0879457774385145
0.74396355620867	0.0876888712002318
0.744443532696547	0.0874458441003739
0.744923509184423	0.0872182643111203
0.7454034856723	0.0870081346133995
0.745883462160176	0.0868182878648147
0.746363438648053	0.0866526350499963
0.746843415135929	0.0865161558317691
0.747323391623806	0.0864147557042773
0.747803368111683	0.0863548968648083
0.748283344599559	0.0863429436876969
0.748763321087436	0.0863844141861486
0.749243297575312	0.0864834531648062
0.749723274063189	0.086642496171084
0.750203250551065	0.0868622724437089
0.750683227038942	0.0871421099581757
0.751163203526819	0.0874803518409442
0.751643180014695	0.087874732422536
0.752123156502572	0.088322673629822
0.752603132990448	0.0888215095454418
0.753083109478325	0.0893686319847139
0.753563085966201	0.08996158046277
0.754043062454078	0.0905981108801625
0.754523038941954	0.0912763179146172
0.755003015429831	0.0919948126761497
0.755482991917708	0.0927527677364377
0.755962968405584	0.0935498913270631
0.756442944893461	0.0943863458726268
0.756922921381337	0.0952625137897949
0.757402897869214	0.0961786910830864
0.75788287435709	0.0971348612440561
0.758362850844967	0.0981304478555397
0.758842827332843	0.0991641005606814
0.75932280382072	0.100233655079553
0.759802780308597	0.101336193820211
0.760282756796473	0.102468166785414
0.76076273328435	0.103625692283597
0.761242709772226	0.104805015209967
0.761722686260103	0.106002981023412
0.762202662747979	0.107217387480983
0.762682639235856	0.108447091535074
0.763162615723733	0.109691859531183
0.763642592211609	0.110951959153675
0.764122568699486	0.112227598594952
0.764602545187362	0.113518360360219
0.765082521675239	0.114822900642197
0.765562498163115	0.116138936309422
0.766042474650992	0.11746351735048
0.766522451138869	0.118793510859304
0.767002427626745	0.120126058964949
0.767482404114622	0.121458849268536
0.767962380602498	0.122790188990876
0.768442357090375	0.124118871891126
0.768922333578251	0.125443777418488
0.769402310066128	0.126763420355747
0.769882286554004	0.12807562339972
0.770362263041881	0.129377323785555
0.770842239529758	0.130664550989339
0.771322216017634	0.131932740351021
0.771802192505511	0.133177156421527
0.772282168993387	0.134393239577398
0.772762145481264	0.135576843739971
0.77324212196914	0.136724302715269
0.773722098457017	0.137832186067574
0.774202074944893	0.13889705200954
0.77468205143277	0.13991543262343
0.775162027920647	0.140883847086665
0.775642004408523	0.141798850359114
0.7761219808964	0.142657241635229
0.776601957384276	0.143456224303799
0.777081933872153	0.144193341557526
0.777561910360029	0.144866444175647
0.778041886847906	0.145473699942354
0.778521863335783	0.146013615555455
0.779001839823659	0.146485235836445
0.779481816311536	0.146888617945867
0.779961792799412	0.147225208596627
0.780441769287289	0.147498007006148
0.780921745775165	0.147711496333029
0.781401722263042	0.147871302313583
0.781881698750919	0.147983572531534
0.782361675238795	0.148054384397194
0.782841651726672	0.148089312074953
0.783321628214548	0.148093237260204
0.783801604702425	0.148070267718226
0.784281581190301	0.148023703468264
0.784761557678178	0.147955903745915
0.785241534166054	0.1478680237714
0.785721510653931	0.147759673887871
0.786201487141807	0.147628706508484
0.786681463629684	0.147471231372213
0.787161440117561	0.147282055184728
0.787641416605437	0.14705560044962
0.788121393093314	0.146786994157237
0.78860136958119	0.146472950904945
0.789081346069067	0.146112313864715
0.789561322556943	0.145706149891351
0.79004129904482	0.145257396460494
0.790521275532697	0.14477027028715
0.791001252020573	0.144249740544648
0.79148122850845	0.143701062064381
0.791961204996326	0.143129440769332
0.792441181484203	0.142539808684073
0.792921157972079	0.141936586516082
0.793401134459956	0.14132345915643
0.793881110947833	0.140703287056548
0.794361087435709	0.140078151910377
0.794841063923586	0.139449410862473
0.795321040411462	0.138817862079086
0.795801016899339	0.138183877699032
0.796280993387215	0.137547398923984
0.796760969875092	0.136907739516111
0.797240946362968	0.136263341449691
0.797720922850845	0.135611529215795
0.798200899338722	0.134948423095317
0.798680875826598	0.134269115645993
0.799160852314475	0.133568132466169
0.799640828802351	0.13284002708036
0.800120805290228	0.132080067166447
0.800600781778104	0.131284760999636
0.801080758265981	0.130452181059224
0.801560734753857	0.129582026307088
0.802040711241734	0.128675587966128
0.802520687729611	0.127735685822099
0.803000664217487	0.126766728002179
0.803480640705364	0.125774798428254
0.80396061719324	0.124767741660143
0.804440593681117	0.123755075551143
0.804920570168993	0.122747649880381
0.80540054665687	0.121757079163355
0.805880523144747	0.120795043070276
0.806360499632623	0.119872635277221
0.8068404761205	0.118999842321466
0.807320452608376	0.118185227188936
0.807800429096253	0.11743581510024
0.808280405584129	0.116757145211428
0.808760382072006	0.116153369566217
0.809240358559882	0.115627401002016
0.809720335047759	0.115181103627257
0.810200311535636	0.114815570070603
0.810680288023512	0.114531406193429
0.811160264511389	0.114329028674899
0.811640240999265	0.114208874286849
0.812120217487142	0.114171471330417
0.812600193975018	0.114217357393466
0.813080170462895	0.114346956789691
0.813560146950772	0.114560437512739
0.814040123438648	0.1148576719886
0.814520099926525	0.115238309487008
0.815000076414401	0.115701882519756
0.815480052902278	0.116247773324248
0.815960029390154	0.116874997247208
0.816440005878031	0.117581755626783
0.816919982365907	0.118364825312586
0.817399958853784	0.119218979202371
0.817879935341661	0.120136601495149
0.818359911829537	0.121107644057391
0.818839888317414	0.122119958555379
0.81931986480529	0.123159957147045
0.819799841293167	0.124213418035811
0.820279817781043	0.125266356078442
0.82075979426892	0.12630577279557
0.821239770756796	0.127320137641503
0.821719747244673	0.128299613957099
0.82219972373255	0.129236114011772
0.822679700220426	0.130123195231497
0.823159676708303	0.130955925969947
0.823639653196179	0.131730814868384
0.824119629684056	0.132445789992762
0.824599606171932	0.133100251436878
0.825079582659809	0.133695290931558
0.825559559147686	0.134233948421216
0.826039535635562	0.134721546598216
0.826519512123439	0.135166052373877
0.826999488611315	0.135578204523977
0.827479465099192	0.135971225020229
0.827959441587068	0.136360190624779
0.828439418074945	0.136761114963307
0.828919394562821	0.137189772598763
0.829399371050698	0.137660545961193
0.829879347538575	0.13818556092944
0.830359324026451	0.138774268126999
0.830839300514328	0.139433578575181
0.831319277002204	0.140168236383224
0.831799253490081	0.140981174589268
0.832279229977957	0.141873776099144
0.832759206465834	0.142845975087593
0.83323918295371	0.143896101033931
0.833719159441587	0.145020765818482
0.834199135929464	0.146215017091863
0.83467911241734	0.147472798456818
0.835159088905217	0.148787538469968
0.835639065393093	0.150152731774002
0.83611904188097	0.151562273376683
0.836599018368846	0.153010585597789
0.837078994856723	0.154492522451638
0.8375589713446	0.156003140922855
0.838038947832476	0.157537443046347
0.838518924320353	0.159090323760315
0.838998900808229	0.160656693638108
0.839478877296106	0.162231773090099
0.839958853783982	0.163811357818879
0.840438830271859	0.165392045709567
0.840918806759736	0.166971304145819
0.841398783247612	0.168547298852589
0.841878759735489	0.17011846065927
0.842358736223365	0.171683022033964
0.842838712711242	0.17323855662986
0.843318689199118	0.174781670675283
0.843798665686995	0.176307920677687
0.844278642174871	0.177811990171309
0.844758618662748	0.179288033569892
0.845238595150624	0.18073008312833
0.845718571638501	0.182132439026349
0.846198548126378	0.18348987310915
0.846678524614254	0.184797559673748
0.847158501102131	0.18605068030603
0.847638477590007	0.187243792182469
0.848118454077884	0.188370190537088
0.84859843056576	0.189421435462969
0.849078407053637	0.190387209201294
0.849558383541514	0.191255739240013
0.85003836002939	0.192014677109225
0.850518336517267	0.192652162967237
0.850998313005143	0.193157737721433
0.85147828949302	0.193522949668594
0.851958265980896	0.193741480144577
0.852438242468773	0.193808857501804
0.85291821895665	0.193721968531275
0.853398195444526	0.193478667520655
0.853878171932403	0.193077618784107
0.854358148420279	0.192518484557822
0.854838124908156	0.191802384505481
0.855318101396032	0.190932429382605
0.855798077883909	0.189914158111386
0.856278054371786	0.188755684019471
0.856758030859662	0.187467499446684
0.857238007347539	0.186061967231991
0.857717983835415	0.184552654962259
0.858197960323292	0.182953769993971
0.858677936811168	0.181279625535565
0.859157913299045	0.179544231338851
0.859637889786921	0.177761098207555
0.860117866274798	0.175943215969511
0.860597842762674	0.174102914335385
0.861077819250551	0.1722517365682
0.861557795738428	0.170400264823594
0.862037772226304	0.168557992890552
0.862517748714181	0.16673319658204
0.862997725202057	0.164932909891581
0.863477701689934	0.163162929904731
0.86395767817781	0.161427982997471
0.864437654665687	0.159731907197835
0.864917631153564	0.158077884888354
0.86539760764144	0.15646874556816
0.865877584129317	0.154907487752964
0.866357560617193	0.153397819666556
0.86683753710507	0.151944639163357
0.867317513592946	0.150554262358288
0.867797490080823	0.149234394191198
0.8682774665687	0.14799385887831
0.868757443056576	0.146842149467616
0.869237419544453	0.145788924549443
0.869717396032329	0.1448436586373
0.870197372520206	0.144015429189801
0.870677349008082	0.143312786862753
0.871157325495959	0.142743713397277
0.871637301983835	0.142315553606861
0.872117278471712	0.142034804551516
0.872597254959589	0.141906912646103
0.873077231447465	0.141936015492408
0.873557207935342	0.142124641983528
0.874037184423218	0.142473553497688
0.874517160911095	0.142981715521888
0.874997137398971	0.143646168553788
0.875477113886848	0.144461952860002
0.875957090374724	0.145422058679282
0.876437066862601	0.146517383084062
0.876917043350478	0.147736659434796
0.877397019838354	0.149066636743852
0.877876996326231	0.150492395005668
0.878356972814107	0.15199786263671
0.878836949301984	0.153566485546576
0.87931692578986	0.155182038023104
0.879796902277737	0.15682941259381
0.880276878765614	0.158495402266996
0.88075685525349	0.160169332336948
0.881236831741367	0.161843609883056
0.881716808229243	0.163514037985556
0.88219678471712	0.16517984533775
0.882676761204996	0.166843312961191
0.883156737692873	0.168509056922426
0.88363671418075	0.170182921172407
0.884116690668626	0.171870825376104
0.884596667156503	0.1735777649168
0.885076643644379	0.175307048075903
0.885556620132256	0.177059913392169
0.886036596620132	0.178835600445432
0.886516573108009	0.180631653287753
0.886996549595885	0.182444331035626
0.887476526083762	0.184269123589817
0.887956502571638	0.186101179979675
0.888436479059515	0.187935602397485
0.888916455547392	0.189767733263845
0.889396432035268	0.191593248787905
0.889876408523145	0.193408010834251
0.890356385011021	0.195207854739556
0.890836361498898	0.196988332268678
0.891316337986774	0.198744490552034
0.891796314474651	0.200470976125871
0.892276290962528	0.202162591412603
0.892756267450404	0.203815013463464
0.893236243938281	0.20542563109356
0.893716220426157	0.206994222639273
0.894196196914034	0.208523217737505
0.89467617340191	0.210017469839283
0.895156149889787	0.211483725044135
0.895636126377664	0.212929777718837
0.89611610286554	0.214363565958097
0.896596079353417	0.215792459487652
0.897076055841293	0.217222829761576
0.89755603232917	0.218659864345175
0.898036008817046	0.220107688249486
0.898515985304923	0.221569592059411
0.898995961792799	0.22304829291906
0.899475938280676	0.22454607293929
0.899955914768553	0.226064818486879
0.900435891256429	0.227605875524424
0.900915867744306	0.229169897564282
0.901395844232182	0.230756735344477
0.901875820720059	0.232365380514374
0.902355797207935	0.23399396680217
0.902835773695812	0.235639826963746
0.903315750183688	0.23729949284178
0.903795726671565	0.238968654640357
0.904275703159442	0.240642227114376
0.904755679647318	0.242314308047396
0.905235656135195	0.243978009105419
0.905715632623071	0.245625329288965
0.906195609110948	0.247247045019271
0.906675585598824	0.248832480497498
0.907155562086701	0.250369422660372
0.907635538574578	0.251844212322688
0.908115515062454	0.253241972515833
0.908595491550331	0.254546989340472
0.909075468038207	0.255743292697841
0.909555444526084	0.256815147832377
0.91003542101396	0.257747474759387
0.910515397501837	0.258526186659281
0.910995373989713	0.259138408887015
0.91147535047759	0.259572597078071
0.911955326965467	0.259818788024453
0.912435303453343	0.259868986765473
0.91291527994122	0.259717632776458
0.913395256429096	0.25936190443525
0.913875232916973	0.258801841970663
0.914355209404849	0.258040186652235
0.914835185892726	0.257081922237861
0.915315162380603	0.255933644988245
0.915795138868479	0.254602873931324
0.916275115356356	0.253097426504977
0.916755091844232	0.251424886036696
0.917235068332109	0.249592249209584
0.917715044819985	0.247605688398154
0.918195021307862	0.245470508906388
0.918674997795738	0.243191240929715
0.919154974283615	0.240771807652584
0.919634950771492	0.238215646408059
0.920114927259368	0.235525830425756
0.920594903747245	0.232705146422586
0.921074880235121	0.229756184492194
0.921554856722998	0.226681333459665
0.922034833210874	0.223482803270872
0.922514809698751	0.220162737033899
0.922994786186627	0.216723569333013
0.923474762674504	0.213168302271918
0.923954739162381	0.209500822446515
0.924434715650257	0.205726128670955
0.924914692138134	0.201850414019849
0.92539466862601	0.197880991161832
0.925874645113887	0.193826274877045
0.926354621601763	0.189695736322394
0.92683459808964	0.185499899764801
0.927314574577517	0.181250364533363
0.927794551065393	0.176959794016102
0.92827452755327	0.1726418184501
0.928754504041146	0.168311167051688
0.929234480529023	0.163983775944207
0.929714457016899	0.159676739734098
0.930194433504776	0.155408118563354
0.930674409992652	0.151196640957499
0.931154386480529	0.147326786986267
0.931634362968406	0.143599941455628
0.932114339456282	0.140048007125203
0.932594315944159	0.136690879104946
0.933074292432035	0.133537307850676
0.933554268919912	0.130587350697681
0.934034245407788	0.127835091084609
0.934514221895665	0.125270989369357
0.934994198383541	0.122883661929017
0.935474174871418	0.120661106340524
0.935954151359295	0.118591478041701
0.936434127847171	0.11666354895491
0.936914104335048	0.114866946012414
0.937394080822924	0.113192250121065
0.937874057310801	0.111631007311711
0.938354033798677	0.110175681130869
0.938834010286554	0.108819565341142
0.939313986774431	0.107556684596253
0.939793963262307	0.10638169460488
0.940273939750184	0.105289792777307
0.94075391623806	0.104276650402771
0.941233892725937	0.103338370319457
0.941713869213813	0.10247145898941
0.94219384570169	0.101672808770123
0.942673822189567	0.100939680497158
0.943153798677443	0.100269679293581
0.94363377516532	0.0996607250240799
0.944113751653196	0.0991110217411594
0.944593728141073	0.0986190248901855
0.945073704628949	0.0981834112348593
0.945553681116826	0.0978030545995208
0.946033657604702	0.0974770050527892
0.946513634092579	0.0972044705087148
0.946993610580456	0.0969848004207103
0.947473587068332	0.096817471290164
0.947953563556209	0.0967020737518753
0.948433540044085	0.0966383010329264
0.948913516531962	0.0966259386110112
0.949393493019838	0.0966648549232521
0.949873469507715	0.0967549929977687
0.950353445995591	0.0968963628982828
0.950833422483468	0.0970890348873318
0.951313398971345	0.0973331332266453
0.951793375459221	0.0976288305442702
0.952273351947098	0.0979763427074252
0.952753328434974	0.0983759245214497
0.953233304922851	0.0988278667858458
0.953713281410727	0.0993324917548616
0.954193257898604	0.0998901469815592
0.954673234386481	0.100501198411538
0.955153210874357	0.101166023123977
0.955633187362234	0.101885001809669
0.95611316385011	0.102658514031639
0.956593140337987	0.103486936671835
0.957073116825863	0.104370645112411
0.95755309331374	0.105310016755351
0.958033069801617	0.106305435814097
0.958513046289493	0.107357296545045
0.95899302277737	0.108466005134749
0.959472999265246	0.10963198023125
0.959952975753123	0.110855651841524
0.960432952240999	0.112137459014846
0.960912928728876	0.113477848459328
0.961392905216752	0.114877273553022
0.961872881704629	0.116336193463797
0.962352858192505	0.117855072374136
0.962832834680382	0.119434378807667
0.963312811168259	0.121074585054774
0.963792787656135	0.122776166950964
0.964272764144012	0.124539604438149
0.964752740631888	0.126365381183583
0.965232717119765	0.128253983504764
0.965712693607641	0.130205897021446
0.966192670095518	0.13222160093541
0.966672646583395	0.134301560252198
0.967152623071271	0.136446218773628
0.967632599559148	0.138655994215143
0.968112576047024	0.140931276434042
0.968592552534901	0.14327242719003
0.969072529022777	0.145679781042371
0.969552505510654	0.148153645671122
0.970032481998531	0.150694301541623
0.970512458486407	0.153301998165822
0.970992434974284	0.155976949723633
0.97147241146216	0.158719331801737
0.971952387950037	0.161529282338887
0.972432364437913	0.164406903272555
0.97291234092579	0.167352264263612
0.973392317413666	0.170365406115056
0.973872293901543	0.173446343473501
0.97435227038942	0.176595066123326
0.974832246877296	0.179811542020125
0.975312223365173	0.183095719610789
0.975792199853049	0.186447531762405
0.976272176340926	0.189866900658019
0.976752152828802	0.193353741443325
0.977232129316679	0.196907959894316
0.977712105804555	0.200529452547806
0.978192082292432	0.204218109722992
0.978672058780309	0.20797382035674
0.979152035268185	0.211796479501834
0.979632011756062	0.21568600217125
