0	0.287283966377467
0.000479976413935433	0.284532147909601
0.000959952827870866	0.28182191415431
0.0014399292418063	0.279153008343061
0.00191990565574173	0.276525133676832
0.00239988206967717	0.273937945605598
0.0028798584836126	0.271391051361722
0.00335983489754803	0.268884018961045
0.00383981131148347	0.266416400276001
0.0043197877254189	0.263987744833945
0.00479976413935433	0.26159760932589
0.00527974055328977	0.259245559090742
0.0057597169672252	0.256931162023502
0.00623969338116063	0.254653982432169
0.00671966979509606	0.25241357779736
0.0071996462090315	0.250209498321727
0.00767962262296693	0.248041292189115
0.00815959903690236	0.24590851705486
0.0086395754508378	0.243810751586255
0.00911955186477323	0.241747603706324
0.00959952827870866	0.239718716691349
0.0100795046926441	0.23772377068766
0.0105594811065795	0.235762477160561
0.011039457520515	0.233834569967002
0.0115194339344504	0.23193979594287
0.0119994103483858	0.230077904370015
0.0124793867623213	0.228248637746731
0.0129593631762567	0.226451727083332
0.0134393395901921	0.224686892336079
0.0139193160041276	0.222953848139758
0.014399292418063	0.221252312111001
0.0148792688319984	0.219582012756591
0.0153592452459339	0.217942693275438
0.0158392216598693	0.216334111657581
0.0163191980738047	0.214756034895705
0.0167991744877402	0.213208229667793
0.0172791509016756	0.211690453104125
0.017759127315611	0.210202445699016
0.0182391037295465	0.208743926037107
0.0187190801434819	0.207314589358314
0.0191990565574173	0.205914108526462
0.0196790329713528	0.204542136907769
0.0201590093852882	0.203198313174704
0.0206389857992236	0.201882267825148
0.0211189622131591	0.200593629050522
0.0215989386270945	0.199332029672938
0.0220789150410299	0.198097114109763
0.0225588914549654	0.196888544084531
0.0230388678689008	0.195706002967039
0.0235188442828362	0.194549200950259
0.0239988206967717	0.193417877626426
0.0244787971107071	0.192311801220945
0.0249587735246425	0.191230767075236
0.025438749938578	0.190174594894421
0.0259187263525134	0.189143124203632
0.0263987027664488	0.188136211125539
0.0268786791803843	0.187153728053311
0.0273586555943197	0.186195567408386
0.0278386320082551	0.185261647181948
0.0283186084221906	0.18435191716836
0.028798584836126	0.183466362772414
0.0292785612500614	0.182605006213488
0.0297585376639969	0.181767904311984
0.0302385140779323	0.180955145713417
0.0307184904918677	0.180166849527503
0.0311984669058032	0.17940317016845
0.0316784433197386	0.178664304928924
0.032158419733674	0.177950503026131
0.0326383961476095	0.177262073727182
0.0331183725615449	0.176599390507085
0.0335983489754803	0.175962885359567
0.0340783253894158	0.175353036233241
0.0345583018033512	0.174770349759273
0.0350382782172866	0.174215343539138
0.0355182546312221	0.173688532761666
0.0359982310451575	0.173190427403394
0.0364782074590929	0.172721537649292
0.0369581838730284	0.172282389031261
0.0374381602869638	0.171873546675236
0.0379181367008992	0.171495640440404
0.0383981131148347	0.171149384477784
0.0388780895287701	0.170835595544373
0.0393580659427055	0.170555207382179
0.039838042356641	0.170309272127871
0.0403180187705764	0.170098951479955
0.0407979951845118	0.169925500795003
0.0412779715984473	0.169790241428021
0.0417579480123827	0.169694515973793
0.0422379244263181	0.169639628776619
0.0427179008402536	0.169626767617099
0.043197877254189	0.16965689835246
0.0436778536681244	0.169730621767306
0.0441578300820599	0.169847976849835
0.0446378064959953	0.17000816538586
0.0451177829099307	0.170209183394098
0.0455977593238662	0.170447356202315
0.0460777357378016	0.170716787854025
0.046557712151737	0.171008772494611
0.0470376885656725	0.171311334048572
0.0475176649796079	0.171609215765757
0.0479976413935433	0.171884880825206
0.0484776178074788	0.172121414950883
0.0489575942214142	0.172308593588037
0.0494375706353496	0.171755239595335
0.0499175470492851	0.17115341740273
0.0503975234632205	0.17050519023663
0.0508774998771559	0.169811997891167
0.0513574762910914	0.169074785844417
0.0518374527050268	0.16829417269915
0.0523174291189622	0.167470729611478
0.0527974055328977	0.166605496494444
0.0532773819468331	0.165700204769053
0.0537573583607685	0.164757339067548
0.054237334774704	0.163779979778184
0.0547173111886394	0.162771359414585
0.0551972876025748	0.161734410812069
0.0556772640165102	0.160671373923867
0.0561572404304457	0.159583482262512
0.0566372168443811	0.158470897262802
0.0571171932583166	0.157333009135005
0.057597169672252	0.1561688251113
0.0580771460861874	0.154977320918055
0.0585571225001228	0.15375781245974
0.0590370989140583	0.15251011637812
0.0595170753279937	0.151234336551668
0.0599970517419292	0.149930527123554
0.0604770281558646	0.14859836463632
0.0609570045698	0.147236780241157
0.0614369809837354	0.145843766729967
0.0619169573976709	0.144416499876992
0.0623969338116063	0.142951697162129
0.0628769102255417	0.141446268651478
0.0633568866394772	0.139898114141174
0.0638368630534126	0.138306783809974
0.064316839467348	0.136673828847549
0.0647968158812835	0.135002941473186
0.0652767922952189	0.133299682617965
0.0657567687091544	0.131570902816479
0.0662367451230898	0.1298241687623
0.0667167215370252	0.128067175751359
0.0671966979509606	0.126307131529799
0.0676766743648961	0.124550275223577
0.0681566507788315	0.122801499486014
0.0686366271927669	0.121064071051425
0.0691166036067024	0.11933958859851
0.0695965800206378	0.117628189991244
0.0700765564345733	0.115928865926911
0.0705565328485087	0.114239942724173
0.0710365092624441	0.1125596273727
0.0715164856763795	0.110886413137249
0.071996462090315	0.109219350476435
0.0724764385042504	0.107558314237601
0.0729564149181858	0.105904111446919
0.0734363913321213	0.104258315688598
0.0739163677460567	0.10262307866338
0.0743963441599921	0.10100079190657
0.0748763205739276	0.0993935738485232
0.075356296987863	0.0978027728402915
0.0758362734017985	0.0962287199894884
0.0763162498157339	0.0946706985562981
0.0767962262296693	0.0931271512966535
0.0772762026436047	0.0915961071246584
0.0777561790575402	0.0900756410365656
0.0782361554714756	0.088564221867244
0.078716131885411	0.0870610078115115
0.0791961082993465	0.0855659578486355
0.0796760847132819	0.0840798221219591
0.0801560611272173	0.082604231903491
0.0806360375411528	0.0811418565614314
0.0811160139550882	0.0796964787321411
0.0815959903690236	0.0782731650661377
0.0820759667829591	0.0768784195201899
0.0825559431968945	0.0755200865031483
0.0830359196108299	0.0742070745071709
0.0835158960247654	0.0729490063306844
0.0839958724387008	0.0717557408264725
0.0844758488526362	0.0706367821868269
0.0849558252665717	0.0696007564975469
0.0854358016805071	0.0686549449017448
0.0859157780944425	0.0678049815101863
0.086395754508378	0.0670548534244965
0.0868757309223134	0.0664071141770649
0.0873557073362488	0.0658631736641007
0.0878356837501843	0.0654237681144585
0.0883156601641197	0.0650894538901708
0.0887956365780551	0.0648608101837776
0.0892756129919906	0.0647383816184529
0.089755589405926	0.0647223205345546
0.0902355658198614	0.0648117348761542
0.0907155422337969	0.0650039139033684
0.0911955186477323	0.0652937725843597
0.0916754950616677	0.0656736619588485
0.0921554714756032	0.0661337359495855
0.0926354478895386	0.0666628204951176
0.093115424303474	0.067249532894979
0.0935954007174095	0.0678833673853833
0.0940753771313449	0.0685556826213317
0.0945553535452803	0.0692603760420024
0.0950353299592158	0.0699942324488571
0.0955153063731512	0.0707568425916311
0.0959952827870866	0.0715502114005754
0.0964752592010221	0.0723780761976802
0.0969552356149575	0.0732449948522749
0.0974352120288929	0.0741552487320922
0.0979151884428284	0.0751117808097159
0.0983951648567638	0.0761153452450639
0.0988751412706992	0.0771639946500025
0.0993551176846347	0.0782531115930233
0.0998350940985701	0.0793758615051399
0.100315070512506	0.080523916732164
0.100795046926441	0.0816884223717775
0.101275023340376	0.0828609300496084
0.101754999754312	0.0840340283695482
0.102234976168247	0.085201764672188
0.102714952582183	0.0863598114367843
0.103194928996118	0.0875053137883355
0.103674905410054	0.0886366100529432
0.104154881823989	0.0897529212444202
0.104634858237924	0.0908538293623234
0.10511483465186	0.0919388877292076
0.105594811065795	0.0930072744184308
0.106074787479731	0.0940574941350015
0.106554763893666	0.0950873092898109
0.107034740307602	0.0960939677790858
0.107514716721537	0.0970744695857275
0.107994693135472	0.098025910608591
0.108474669549408	0.0989458631181739
0.108954645963343	0.0998325698797692
0.109434622377279	0.100684931345657
0.109914598791214	0.101502527233934
0.11039457520515	0.102285626304017
0.110874551619085	0.103035326783356
0.11135452803302	0.103753914196059
0.111834504446956	0.104445277310887
0.112314480860891	0.105115079605748
0.112794457274827	0.105770692309361
0.113274433688762	0.10642077620355
0.113754410102698	0.107074576769612
0.114234386516633	0.107741238703608
0.114714362930569	0.108429249103001
0.115194339344504	0.109146121045578
0.115674315758439	0.109898308286585
0.116154292172375	0.11069133184477
0.11663426858631	0.111529974833995
0.117114245000246	0.112418443448765
0.117594221414181	0.113360403222975
0.118074197828117	0.114358902609605
0.118554174242052	0.115416222626401
0.119034150655987	0.116533652620112
0.119514127069923	0.1177112964639
0.119994103483858	0.118948049445399
0.120474079897794	0.120241732342632
0.120954056311729	0.121589348797073
0.121434032725665	0.122987436413886
0.1219140091396	0.124432450879288
0.122393985553535	0.125921039337068
0.122873961967471	0.127450219780581
0.123353938381406	0.129017406663392
0.123833914795342	0.130620316915737
0.124313891209277	0.132256950994396
0.124793867623213	0.133925615991285
0.125273844037148	0.135624910125569
0.125753820451083	0.137353679487407
0.126233796865019	0.139110951748571
0.126713773278954	0.140895866186102
0.12719374969289	0.1427077558469
0.127673726106825	0.144546188973575
0.128153702520761	0.146410942682301
0.128633678934696	0.148301928180745
0.129113655348632	0.15021899693343
0.129593631762567	0.152161510836969
0.130073608176502	0.154127956335306
0.130553584590438	0.156115702980691
0.131033561004373	0.158121024322954
0.131513537418309	0.160139419610601
0.131993513832244	0.162166273902337
0.13247349024618	0.16419758247289
0.132953466660115	0.166230553750225
0.13343344307405	0.168263902364188
0.133913419487986	0.170297812096896
0.134393395901921	0.172333593429308
0.134873372315857	0.174373246917361
0.135353348729792	0.176419089077896
0.135833325143728	0.178473478395532
0.136313301557663	0.18053860209211
0.136793277971598	0.182616344129849
0.137273254385534	0.18470822413884
0.137753230799469	0.18681526253863
0.138233207213405	0.188937779783197
0.13871318362734	0.191075155494594
0.139193160041276	0.193225569001551
0.139673136455211	0.195385775529324
0.140153112869147	0.197551046249456
0.140633089283082	0.199715283262195
0.141113065697017	0.201871352360297
0.141593042110953	0.204011500703056
0.142073018524888	0.206127678728473
0.142552994938824	0.208211734228707
0.143032971352759	0.210255501837345
0.143512947766695	0.212250784854252
0.14399292418063	0.214189384425688
0.144472900594565	0.216063367615143
0.144952877008501	0.217865386934096
0.145432853422436	0.219589121591512
0.145912829836372	0.221229680472645
0.146392806250307	0.222783769674837
0.146872782664243	0.224249403994847
0.147352759078178	0.225625340582867
0.147832735492113	0.226910326331746
0.148312711906049	0.228102398562927
0.148792688319984	0.229198490015561
0.14927266473392	0.230194418679092
0.149752641147855	0.231085127572716
0.150232617561791	0.231865178554653
0.150712593975726	0.232529312797493
0.151192570389661	0.233072949577794
0.151672546803597	0.233492555126113
0.152152523217532	0.233785959522017
0.152632499631468	0.233952567690973
0.153112476045403	0.233993521830206
0.153592452459339	0.233911746133269
0.154072428873274	0.233711889454135
0.154552405287209	0.233400261303245
0.155032381701145	0.232984764918157
0.15551235811508	0.232474732365418
0.155992334529016	0.231880591423896
0.156472310942951	0.23121352907967
0.156952287356887	0.230485065475079
0.157432263770822	0.229706490504146
0.157912240184758	0.228888283654561
0.158392216598693	0.228039678151714
0.158872193012628	0.227168374464544
0.159352169426564	0.226280500640795
0.159832145840499	0.225380852644659
0.160312122254435	0.224473296539741
0.16079209866837	0.223561149180148
0.161272075082306	0.222647435120546
0.161752051496241	0.221734816857181
0.162232027910176	0.220825236311641
0.162712004324112	0.21991945366219
0.163191980738047	0.219016706431753
0.163671957151983	0.218114590519691
0.164151933565918	0.217209396278706
0.164631909979854	0.216296726100248
0.165111886393789	0.215372240899999
0.165591862807724	0.214432328714664
0.16607183922166	0.21347454095365
0.166551815635595	0.212497711771662
0.167031792049531	0.211501719052955
0.167511768463466	0.210486901874238
0.167991744877402	0.209453387983966
0.168471721291337	0.208400446873851
0.168951697705272	0.207325981906404
0.169431674119208	0.206226287885811
0.169911650533143	0.205096210131665
0.170391626947079	0.203929675281953
0.170871603361014	0.202720666597827
0.17135157977495	0.20146430540556
0.171831556188885	0.200157699624998
0.172311532602821	0.198800357831832
0.172791509016756	0.197394149852839
0.173271485430691	0.195942722646285
0.173751461844627	0.19445074155347
0.174231438258562	0.192923270070177
0.174711414672498	0.19136542836321
0.175191391086433	0.189782332466283
0.175671367500369	0.188179339719562
0.176151343914304	0.186562287644865
0.176631320328239	0.184937741649421
0.177111296742175	0.183313079576817
0.17759127315611	0.181696376378952
0.178071249570046	0.180096134727109
0.178551225983981	0.178520941374584
0.179031202397917	0.176978990768789
0.179511178811852	0.175477701383479
0.179991155225787	0.174023351421347
0.180471131639723	0.172620725793641
0.180951108053658	0.171272966994149
0.181431084467594	0.169981753041433
0.181911060881529	0.168747679865984
0.182391037295465	0.167570818447199
0.1828710137094	0.166451237888575
0.183350990123335	0.165389309915281
0.183830966537271	0.164385824663765
0.184310942951206	0.16344197112485
0.184790919365142	0.162559177585292
0.185270895779077	0.161739048415264
0.185750872193013	0.160983597482156
0.186230848606948	0.160295662103393
0.186710825020884	0.159679370656529
0.187190801434819	0.159140636833481
0.187670777848754	0.158687296404255
0.18815075426269	0.158328676663087
0.188630730676625	0.1580746950197
0.189110707090561	0.157934686380629
0.189590683504496	0.157916170840813
0.190070659918432	0.158023986948661
0.190550636332367	0.15825999340626
0.191030612746302	0.158623233720454
0.191510589160238	0.15911045509624
0.191990565574173	0.159716920757118
0.192470541988109	0.160437183192116
0.192950518402044	0.161265552550222
0.19343049481598	0.16219626480077
0.193910471229915	0.163223424919211
0.19439044764385	0.164340775297865
0.194870424057786	0.165541448517777
0.195350400471721	0.16681790445462
0.195830376885657	0.168161994115646
0.196310353299592	0.169565075989095
0.196790329713528	0.171018118551356
0.197270306127463	0.172511837292469
0.197750282541398	0.174036731508232
0.198230258955334	0.17558307532893
0.198710235369269	0.177140974435458
0.199190211783205	0.178700513742425
0.19967018819714	0.180251926388193
0.200150164611076	0.181785910248356
0.200630141025011	0.183294025741961
0.201110117438947	0.184769111808632
0.201590093852882	0.186205760175248
0.202070070266817	0.187600761153608
0.202550046680753	0.188953271331968
0.203030023094688	0.190264842476959
0.203509999508624	0.191539098523526
0.203989975922559	0.192780967264104
0.204469952336495	0.193995725704605
0.20494992875043	0.195188048785109
0.205429905164365	0.1963611065939
0.205909881578301	0.197516030282502
0.206389857992236	0.198651844915486
0.206869834406172	0.199765625922887
0.207349810820107	0.200852841114101
0.207829787234043	0.201907898858619
0.208309763647978	0.202924596597221
0.208789740061913	0.203896434593945
0.209269716475849	0.204816988720295
0.209749692889784	0.205680333509194
0.21022966930372	0.206481200055902
0.210709645717655	0.207215002818853
0.211189622131591	0.207877719660875
0.211669598545526	0.208465640577486
0.212149574959461	0.208975033283796
0.212629551373397	0.209401876462638
0.213109527787332	0.209741733665698
0.213589504201268	0.209989792356863
0.214069480615203	0.210141084894303
0.214549457029139	0.210190966461488
0.215029433443074	0.210135651485763
0.21550940985701	0.209972714969989
0.215989386270945	0.209701405306286
0.21646936268488	0.209322722989044
0.216949339098816	0.208839067053728
0.217429315512751	0.208253662956997
0.217909291926687	0.207569926882107
0.218389268340622	0.20679095833498
0.218869244754558	0.20591925027897
0.219349221168493	0.20495673906787
0.219829197582428	0.203905150444225
0.220309173996364	0.202766435583121
0.220789150410299	0.201543104490339
0.221269126824235	0.200238381238002
0.22174910323817	0.198856159927899
0.222229079652106	0.197400920555272
0.222709056066041	0.195877635466462
0.223189032479976	0.194291746576373
0.223669008893912	0.192649163908858
0.224148985307847	0.190956239986453
0.224628961721783	0.189219709289092
0.225108938135718	0.187446724068214
0.225588914549654	0.1856447841301
0.226068890963589	0.183821585665538
0.226548867377524	0.181984852143368
0.22702884379146	0.180142101928919
0.227508820205395	0.178300204885634
0.227988796619331	0.176464980868596
0.228468773033266	0.174640866142901
0.228948749447202	0.172830725790404
0.229428725861137	0.171035863198494
0.229908702275073	0.169256311963533
0.230388678689008	0.167491168039115
0.230868655102943	0.165738956818133
0.231348631516879	0.163997928213164
0.231828607930814	0.16226623597729
0.23230858434475	0.160541887242627
0.232788560758685	0.158822654849601
0.233268537172621	0.15710594209469
0.233748513586556	0.155388697443723
0.234228490000491	0.153667291363272
0.234708466414427	0.151937508214535
0.235188442828362	0.150194602584939
0.235668419242298	0.148433451749206
0.236148395656233	0.14664872203673
0.236628372070169	0.144835091535233
0.237108348484104	0.14298740591791
0.237588324898039	0.141100879486958
0.238068301311975	0.139171310917737
0.23854827772591	0.137195374746005
0.239028254139846	0.135170983784957
0.239508230553781	0.133097758670988
0.239988206967717	0.130977344998915
0.240468183381652	0.12881356214558
0.240948159795587	0.126612189599838
0.241428136209523	0.124380471994804
0.241908112623458	0.122126465016874
0.242388089037394	0.119858508414874
0.242868065451329	0.117584760444179
0.243348041865265	0.11531303369862
0.2438280182792	0.113050979273012
0.244307994693135	0.110806543610664
0.244787971107071	0.108588365163617
0.245267947521006	0.106405917682883
0.245747923934942	0.104269287416081
0.246227900348877	0.102188650257289
0.246707876762813	0.100173596968482
0.247187853176748	0.0982325008494285
0.247667829590684	0.0963720901174606
0.248147806004619	0.0945973787599581
0.248627782418554	0.0929118963338022
0.24910775883249	0.0913180946334375
0.249587735246425	0.0898177427441183
0.250067711660361	0.0884122273634676
0.250547688074296	0.0871027695315509
0.251027664488232	0.0858905068358787
0.251507640902167	0.084776415200742
0.251987617316102	0.083761192267956
0.252467593730038	0.0828452651245834
0.252947570143973	0.0820288398355434
0.253427546557909	0.0813119740829448
0.253907522971844	0.0806945567242672
0.25438749938578	0.0801762692790975
0.254867475799715	0.0797565171890304
0.25534745221365	0.0794343074025564
0.255827428627586	0.0792080379795944
0.256307405041521	0.0790753316959285
0.256787381455457	0.0790329698086384
0.257267357869392	0.0790769630236301
0.257747334283328	0.0792028367419711
0.258227310697263	0.0794061109850747
0.258707287111199	0.079682703543084
0.259187263525134	0.0800290637208856
0.259667239939069	0.0804419411691412
0.260147216353005	0.0809177856089082
0.26062719276694	0.0814519176735493
0.261107169180876	0.0820378303677545
0.261587145594811	0.0826667827491941
0.262067122008747	0.0833278539272263
0.262547098422682	0.0840084981859617
0.263027074836617	0.0846954537748506
0.263507051250553	0.0853757524037067
0.263987027664488	0.0860377351114051
0.264467004078424	0.0866720406897812
0.264946980492359	0.0872723068219302
0.265426956906295	0.0878354675535122
0.26590693332023	0.0883617664511848
0.266386909734165	0.088854392126474
0.266866886148101	0.0893186989419834
0.267346862562036	0.0897612290777893
0.267826838975972	0.0901887592321485
0.268306815389907	0.0906075159316269
0.268786791803843	0.0910229307731085
0.269266768217778	0.0914398863201732
0.269746744631713	0.0918630411276447
0.270226721045649	0.0922971058771745
0.270706697459584	0.0927470353736029
0.27118667387352	0.0932177782124545
0.271666650287455	0.0937136425012112
0.272146626701391	0.0942377040530691
0.272626603115326	0.0947913867936816
0.273106579529261	0.0953742354618074
0.273586555943197	0.0959841407243063
0.274066532357132	0.0966177680002658
0.274546508771068	0.0972710105919673
0.275026485185003	0.0979394548803074
0.275506461598939	0.0986187817496101
0.275986438012874	0.0993049709743212
0.27646641442681	0.0999944438448346
0.276946390840745	0.100684244893888
0.27742636725468	0.101372242042624
0.277906343668616	0.102057220236972
0.278386320082551	0.102738872063554
0.278866296496487	0.103417652591284
0.279346272910422	0.104094539796513
0.279826249324358	0.104770726265766
0.280306225738293	0.105447430687483
0.280786202152228	0.10612579758965
0.281266178566164	0.106806853508515
0.281746154980099	0.107491521076047
0.282226131394035	0.108180645521923
0.28270610780797	0.108874849839603
0.283186084221906	0.109574325132986
0.283666060635841	0.11027871745266
0.284146037049776	0.11098707520108
0.284626013463712	0.111697877884726
0.285105989877647	0.112409281880613
0.285585966291583	0.113119377337037
0.286065942705518	0.113826319457693
0.286545919119454	0.114528336442669
0.287025895533389	0.115223601553362
0.287505871947324	0.115909984111504
0.28798584836126	0.116584928751685
0.288465824775195	0.117245394830814
0.288945801189131	0.117887762109165
0.289425777603066	0.118507798904616
0.289905754017002	0.119100759902577
0.290385730430937	0.1196614578583
0.290865706844873	0.120184394116114
0.291345683258808	0.120663992218838
0.291825659672743	0.121094851122468
0.292305636086679	0.121471953710363
0.292785612500614	0.121790903871652
0.29326558891455	0.12204806836619
0.293745565328485	0.122240651757729
0.294225541742421	0.12236676433358
0.294705518156356	0.122425462941265
0.295185494570291	0.122416731376472
0.295665470984227	0.122341563224494
0.296145447398162	0.122201968110713
0.296625423812098	0.122000832117132
0.297105400226033	0.121741646415056
0.297585376639969	0.121428185783303
0.298065353053904	0.121064217554423
0.298545329467839	0.120653440725681
0.299025305881775	0.120199524410814
0.29950528229571	0.119706243419889
0.299985258709646	0.119177606783671
0.300465235123581	0.118617905816363
0.300945211537517	0.118031574892597
0.301425187951452	0.11742301417703
0.301905164365388	0.116796362449035
0.302385140779323	0.116155316105751
0.302865117193258	0.115503057876323
0.303345093607194	0.1148423762973
0.303825070021129	0.114175838100852
0.304305046435065	0.113506011327904
0.304785022849	0.112835618567457
0.305264999262935	0.112167607557601
0.305744975676871	0.111505153921632
0.306224952090806	0.110851672200636
0.306704928504742	0.110210797665784
0.307184904918677	0.109586438515918
0.307664881332613	0.10898290455584
0.308144857746548	0.108404975213553
0.308624834160484	0.107857876379139
0.309104810574419	0.10734718982418
0.309584786988354	0.106878739109091
0.31006476340229	0.106458338115442
0.310544739816225	0.106091506874004
0.311024716230161	0.105783218229969
0.311504692644096	0.105537691971928
0.311984669058032	0.105358226353652
0.312464645471967	0.105247172852441
0.312944621885902	0.10520599788962
0.313424598299838	0.105235483167451
0.313904574713773	0.105335959543592
0.314384551127709	0.105507506476065
0.314864527541644	0.10574999439902
0.31534450395558	0.106063056713051
0.315824480369515	0.106445931229098
0.31630445678345	0.106897247943019
0.316784433197386	0.107414809708468
0.317264409611321	0.107995499232754
0.317744386025257	0.108635348013493
0.318224362439192	0.109329761603743
0.318704338853128	0.110073666141589
0.319184315267063	0.110861577913254
0.319664291680999	0.111687619599293
0.320144268094934	0.112545451753872
0.320624244508869	0.11342811903611
0.321104220922805	0.114328061997552
0.32158419733674	0.115237303596475
0.322064173750676	0.116147663989554
0.322544150164611	0.117051018928783
0.323024126578547	0.117939611034269
0.323504102992482	0.118806186880111
0.323984079406417	0.11964395886409
0.324464055820353	0.120446528114819
0.324944032234288	0.121207764491133
0.325424008648224	0.121921659762426
0.325903985062159	0.122582269626957
0.326383961476095	0.123183715852171
0.32686393789003	0.123720166787064
0.327343914303965	0.124185870947855
0.327823890717901	0.124575234418928
0.328303867131836	0.124882949993682
0.328783843545772	0.125104241621369
0.329263819959707	0.125235215763026
0.329743796373643	0.125273158781181
0.330223772787578	0.125216645965378
0.330703749201513	0.125065459412679
0.331183725615449	0.124820389775421
0.331663702029384	0.124483112115742
0.33214367844332	0.124055945620535
0.332623654857255	0.123541674073035
0.333103631271191	0.122943404739554
0.333583607685126	0.122264379931923
0.334063584099062	0.121507605834223
0.334543560512997	0.120675565053419
0.335023536926932	0.11976996959224
0.335503513340868	0.118791791235052
0.335983489754803	0.117741640034591
0.336463466168739	0.116620371267587
0.336943442582674	0.115429634664017
0.33742341899661	0.114172416272083
0.337903395410545	0.112853296428227
0.33838337182448	0.111478435565203
0.338863348238416	0.110055369006234
0.339343324652351	0.108592743348118
0.339823301066287	0.107099944327482
0.340303277480222	0.105586821178971
0.340783253894158	0.10406339752035
0.341263230308093	0.10253956094443
0.341743206722028	0.101024998454426
0.342223183135964	0.0995293443993031
0.342703159549899	0.0980623402509285
0.343183135963835	0.096633903027845
0.34366311237777	0.0952540493276284
0.344143088791706	0.0939325118478184
0.344623065205641	0.0926781683448853
0.345103041619576	0.0914984880100721
0.345583018033512	0.0903991391548228
0.346062994447447	0.0893839275343324
0.346542970861383	0.0884551575382186
0.347022947275318	0.087614230854682
0.347502923689254	0.0868621475581644
0.347982900103189	0.086199694477571
0.348462876517124	0.0856273406734543
0.34894285293106	0.0851448692632037
0.349422829344995	0.0847508672544644
0.349902805758931	0.084442371538539
0.350382782172866	0.084214858389544
0.350862758586802	0.0840625112103614
0.351342735000737	0.0839787106600542
0.351822711414673	0.0839566844782951
0.352302687828608	0.0839900296079422
0.352782664242543	0.0840729868038677
0.353262640656479	0.0842005317325087
0.353742617070414	0.0843683004904511
0.35422259348435	0.0845723819927549
0.354702569898285	0.0848092509271352
0.355182546312221	0.0850759679462041
0.355662522726156	0.0853706340376844
0.356142499140091	0.0856928862590094
0.356622475554027	0.0860442737100417
0.357102451967962	0.0864282794195295
0.357582428381898	0.0868499918034579
0.358062404795833	0.0873154163767897
0.358542381209769	0.0878306675408989
0.359022357623704	0.0884012799887934
0.359502334037639	0.0890318365626591
0.359982310451575	0.0897259465417679
0.36046228686551	0.0904864448977053
0.360942263279446	0.0913155750186116
0.361422239693381	0.092215050800859
0.361902216107317	0.0931860009559014
0.362382192521252	0.0942287903525138
0.362862168935188	0.0953428389250718
0.363342145349123	0.0965266477701974
0.363822121763058	0.0977780450012158
0.364302098176994	0.099094560119352
0.364782074590929	0.100473831653059
0.365262051004865	0.101913899030106
0.3657420274188	0.103413378852392
0.366222003832736	0.104971417442567
0.366701980246671	0.106587530463171
0.367181956660606	0.108261385256147
0.367661933074542	0.109992631396266
0.368141909488477	0.111780766705902
0.368621885902413	0.113625186555441
0.369101862316348	0.115525325210041
0.369581838730284	0.117480846142823
0.370061815144219	0.119491769781284
0.370541791558154	0.121558503168106
0.37102176797209	0.123681692682884
0.371501744386025	0.125862012543355
0.371981720799961	0.128099744664668
0.372461697213896	0.130394295885246
0.372941673627832	0.132743780950417
0.373421650041767	0.135144807504402
0.373901626455702	0.137592428454019
0.374381602869638	0.140080237092259
0.374861579283573	0.142600506215288
0.375341555697509	0.145144394733088
0.375821532111444	0.147702190279276
0.37630150852538	0.150263511401747
0.376781484939315	0.152817500060998
0.377261461353251	0.155353151881946
0.377741437767186	0.157859687573155
0.378221414181121	0.160326906562129
0.378701390595057	0.16274555124775
0.379181367008992	0.165107494525724
0.379661343422928	0.167405722193188
0.380141319836863	0.169634149998934
0.380621296250799	0.171787318411159
0.381101272664734	0.173859924325963
0.381581249078669	0.175846568506821
0.382061225492605	0.177741718516924
0.38254120190654	0.17953974848477
0.383021178320476	0.181235062713074
0.383501154734411	0.182822313748752
0.383981131148347	0.18429658270905
0.384461107562282	0.185653553118463
0.384941083976217	0.186889803212324
0.385421060390153	0.188003059164397
0.385901036804088	0.188992484408799
0.386381013218024	0.189859011207924
0.386860989631959	0.190605477739235
0.387340966045895	0.191236443121264
0.38782094245983	0.191757910302937
0.388300918873765	0.192176824902568
0.388780895287701	0.192500370755188
0.389260871701636	0.192735302730937
0.389740848115572	0.192887466206104
0.390220824529507	0.192961392583139
0.390700800943443	0.19296025241447
0.391180777357378	0.192886070074441
0.391660753771313	0.192740055761051
0.392140730185249	0.19252304660076
0.392620706599184	0.192236054503567
0.39310068301312	0.191880650206484
0.393580659427055	0.191459282757722
0.394060635840991	0.190975526351066
0.394540612254926	0.190434163465207
0.395020588668862	0.189840976489274
0.395500565082797	0.189202396450819
0.395980541496732	0.188525119352881
0.396460517910668	0.187815799606337
0.396940494324603	0.187080740643744
0.397420470738539	0.18632571148102
0.397900447152474	0.185555961782492
0.39838042356641	0.184776330232057
0.398860399980345	0.183991213168909
0.39934037639428	0.183204411898391
0.399820352808216	0.182418830525164
0.400300329222151	0.181636095484886
0.400780305636087	0.180856287068597
0.401260282050022	0.180078006689419
0.401740258463958	0.179298651010607
0.402220234877893	0.1785149612443
0.402700211291828	0.177723739585671
0.403180187705764	0.176922375564405
0.403660164119699	0.176109049359626
0.404140140533635	0.175282794069515
0.40462011694757	0.174443444578063
0.405100093361506	0.173591459332589
0.405580069775441	0.172727851756677
0.406060046189376	0.171854281548137
0.406540022603312	0.170973224047253
0.407019999017247	0.170088179746322
0.407499975431183	0.169203761904922
0.407979951845118	0.168325537198651
0.408459928259054	0.167459722886232
0.408939904672989	0.166612890062665
0.409419881086925	0.165791640856812
0.40989985750086	0.165002279785472
0.410379833914795	0.16425060820708
0.410859810328731	0.163541816872824
0.411339786742666	0.162880450501086
0.411819763156602	0.162270409923354
0.412299739570537	0.161715001915562
0.412779715984473	0.161217061862415
0.413259692398408	0.160779125929486
0.413739668812343	0.16040361881443
0.414219645226279	0.160093020718296
0.414699621640214	0.159849997907204
0.41517959805415	0.159677471104276
0.415659574468085	0.159578624374696
0.416139550882021	0.159556887261344
0.416619527295956	0.159615822160742
0.417099503709891	0.159758994713439
0.417579480123827	0.159989810601339
0.418059456537762	0.160311302132932
0.418539432951698	0.160725859916758
0.419019409365633	0.161235075957651
0.419499385779569	0.161839695390973
0.419979362193504	0.162539481283783
0.42045933860744	0.163333025686998
0.420939315021375	0.164217547018427
0.42141929143531	0.165188578847948
0.421899267849246	0.166239665302075
0.422379244263181	0.16736232714829
0.422859220677117	0.168546329070033
0.423339197091052	0.169780237963825
0.423819173504987	0.171052202008831
0.424299149918923	0.172350712043703
0.424779126332858	0.173665098450069
0.425259102746794	0.174985758259426
0.425739079160729	0.176304092348485
0.426219055574665	0.177612308288236
0.4266990319886	0.178903328303138
0.427179008402536	0.180170947827005
0.427658984816471	0.181410086002635
0.428138961230406	0.182616927218079
0.428618937644342	0.183788828264635
0.429098914058277	0.184924026313032
0.429578890472213	0.18602132553415
0.430058866886148	0.187079699970624
0.430538843300084	0.188098019688563
0.431018819714019	0.189074968759062
0.431498796127954	0.190009071710691
0.43197877254189	0.190898618481647
0.432458748955825	0.191741580289653
0.432938725369761	0.192535461038501
0.433418701783696	0.193277140518959
0.433898678197632	0.193962853852605
0.434378654611567	0.194588341738545
0.434858631025502	0.195148932742956
0.435338607439438	0.19563965174374
0.435818583853373	0.196055311211363
0.436298560267309	0.196390505861427
0.436778536681244	0.196639533565015
0.43725851309518	0.196796502346622
0.437738489509115	0.196855564201516
0.438218465923051	0.196811139226466
0.438698442336986	0.196658120436349
0.439178418750921	0.19639204106954
0.439658395164857	0.196009314409004
0.440138371578792	0.195507369136145
0.440618347992728	0.19488468284632
0.441098324406663	0.194140614114616
0.441578300820599	0.193274974487265
0.442058277234534	0.192287349114705
0.442538253648469	0.191176472298189
0.443018230062405	0.189939843899338
0.44349820647634	0.188573770098327
0.443978182890276	0.187074036314315
0.444458159304211	0.185437158748952
0.444938135718147	0.183661772595564
0.445418112132082	0.181749871552953
0.445898088546017	0.179707538786608
0.446378064959953	0.177544971939902
0.446858041373888	0.175275863730197
0.447338017787824	0.172916493671781
0.447817994201759	0.170484701938842
0.448297970615695	0.167998866590148
0.44877794702963	0.165477046806866
0.449257923443565	0.16293636793849
0.449737899857501	0.160392726146269
0.450217876271436	0.157860715659965
0.450697852685372	0.155353751943425
0.451177829099307	0.152884377823328
0.451657805513243	0.15046465257811
0.452137781927178	0.14810636568803
0.452617758341114	0.145821141221902
0.453097734755049	0.143620307936592
0.453577711168984	0.141514636155755
0.45405768758292	0.139513955669299
0.454537663996855	0.137626737601352
0.455017640410791	0.135859595382831
0.455497616824726	0.134217034504695
0.455977593238662	0.132701406049663
0.456457569652597	0.131313035695682
0.456937546066532	0.130050511989112
0.457417522480468	0.128911326881295
0.457897498894403	0.127892662601414
0.458377475308339	0.126992189656245
0.458857451722274	0.126208575967909
0.45933742813621	0.125541641125029
0.459817404550145	0.124992090028219
0.46029738096408	0.124561021395508
0.460777357378016	0.12424927084721
0.461257333791951	0.124056874547553
0.461737310205887	0.123982816283715
0.462217286619822	0.124025121242816
0.462697263033758	0.12418121146605
0.463177239447693	0.124448336595543
0.463657215861628	0.12482397214299
0.464137192275564	0.125306072380606
0.464617168689499	0.125893110546774
0.465097145103435	0.126583896202948
0.46557712151737	0.127377317670905
0.466057097931306	0.1282721265228
0.466537074345241	0.129266755183519
0.467017050759176	0.130359122316892
0.467497027173112	0.131546531725183
0.467977003587047	0.13282563953911
0.468456980000983	0.134192481475695
0.468936956414918	0.135642609661205
0.469416932828854	0.137171381763962
0.469896909242789	0.13877420160074
0.470376885656725	0.140446725501031
0.47085686207066	0.142185029135518
0.471336838484595	0.143985732236763
0.471816814898531	0.145846074360611
0.472296791312466	0.147763809717958
0.472776767726402	0.149736853235125
0.473256744140337	0.151762798685227
0.473736720554273	0.153838455491034
0.474216696968208	0.155959402089417
0.474696673382143	0.158119757761439
0.475176649796079	0.16031233052954
0.475656626210014	0.162529077595563
0.47613660262395	0.164761820286401
0.476616579037885	0.167003144674287
0.477096555451821	0.16924708851504
0.477576531865756	0.171489576340242
0.478056508279691	0.173728596489761
0.478536484693627	0.175964006836299
0.479016461107562	0.178196991488076
0.479496437521498	0.180429520741969
0.479976413935433	0.182663853442829
0.480456390349369	0.184901989486213
0.480936366763304	0.187145190659691
0.48141634317724	0.18939371076008
0.481896319591175	0.191646745200733
0.48237629600511	0.193902582995735
0.482856272419046	0.196159051818113
0.483336248832981	0.198414000708786
0.483816225246917	0.200665634484716
0.484296201660852	0.202912732155058
0.484776178074788	0.205154749625118
0.485256154488723	0.207391545516151
0.485736130902658	0.209622966060817
0.486216107316594	0.211848520046782
0.486696083730529	0.214067120071834
0.487176060144465	0.216276813289578
0.4876560365584	0.218474716521718
0.488136012972336	0.220657026724504
0.488615989386271	0.222819031995014
0.489095965800206	0.224955194614786
0.489575942214142	0.22705929640982
0.490055918628077	0.229124540689092
0.490535895042013	0.231143638011379
0.491015871455948	0.233108879144079
0.491495847869884	0.235012113025204
0.491975824283819	0.236844693552154
0.492455800697755	0.238597552275033
0.49293577711169	0.24026136741341
0.493415753525625	0.241826773149766
0.493895729939561	0.243284662277576
0.494375706353496	0.244626527795067
0.494855682767432	0.245844731081759
0.495335659181367	0.24693269149605
0.495815635595303	0.247885125553046
0.496295612009238	0.248698328956661
0.496775588423173	0.249370409765836
0.497255564837109	0.249901352470316
0.497735541251044	0.250292874376825
0.49821551766498	0.250548010299691
0.498695494078915	0.250670511512848
0.499175470492851	0.250664235563292
0.499655446906786	0.250532636798456
0.500135423320721	0.250278561962856
0.500615399734657	0.249904420446509
0.501095376148592	0.249412477591432
0.501575352562528	0.248805062204669
0.502055328976463	0.248084638550019
0.502535305390399	0.247253728577175
0.503015281804334	0.246314631011421
0.503495258218269	0.245269164654644
0.503975234632205	0.244118571516503
0.50445521104614	0.242863607896922
0.504935187460076	0.241504854495071
0.505415163874011	0.240043090236839
0.505895140287947	0.238479532705011
0.506375116701882	0.236815946194364
0.506855093115818	0.235054692466231
0.507335069529753	0.233198681953604
0.507815045943688	0.231251206614576
0.508295022357624	0.229215772696154
0.508774998771559	0.227095934168651
0.509254975185495	0.224895156158436
0.50973495159943	0.222616671554374
0.510214928013366	0.220263345299121
0.510694904427301	0.217837612079313
0.511174880841236	0.215341503876501
0.511654857255172	0.212776753513358
0.512134833669107	0.21014495484527
0.512614810083043	0.207447746701591
0.513094786496978	0.204686996246987
0.513574762910914	0.201864977437609
0.514054739324849	0.198984539848237
0.514534715738785	0.196049049662529
0.51501469215272	0.193062240887777
0.515494668566655	0.190028038530054
0.515974644980591	0.18695039320801
0.516454621394526	0.183833069873048
0.516934597808462	0.180679597976458
0.517414574222397	0.177493366003831
0.517894550636332	0.174277729317927
0.518374527050268	0.17103609773268
0.518854503464203	0.167772027477389
0.519334479878139	0.164489162430222
0.519814456292074	0.161191154364502
0.52029443270601	0.157881696826694
0.520774409119945	0.154564640330068
0.52125438553388	0.151244106253185
0.521734361947816	0.14792473423536
0.522214338361751	0.144611891153823
0.522694314775687	0.141311692562977
0.523174291189622	0.138030862435783
0.523654267603558	0.134776535300383
0.524134244017493	0.131556036988484
0.524614220431429	0.12837669472704
0.525094196845364	0.125245762461296
0.525574173259299	0.122170446534875
0.526054149673235	0.119157891167208
0.52653412608717	0.116215091745358
0.527014102501106	0.113348740295108
0.527494078915041	0.110564985852252
0.527974055328977	0.107869103432434
0.528454031742912	0.105265203480911
0.528934008156847	0.102756034761061
0.529413984570783	0.100342907641844
0.529893960984718	0.098025782191512
0.530373937398654	0.0958035344999538
0.530853913812589	0.0936743243602535
0.531333890226525	0.0916359494183116
0.53181386664046	0.0896861489348449
0.532293843054396	0.0878228459166447
0.532773819468331	0.0860441987767677
0.533253795882266	0.0843485044608614
0.533733772296202	0.082734088959268
0.534213748710137	0.0811992460918325
0.534693725124073	0.0797421249712776
0.535173701538008	0.0783607112066528
0.535653677951943	0.0770530030689609
0.536133654365879	0.0758171606553441
0.536613630779814	0.0746516234349882
0.53709360719375	0.0735553890986754
0.537573583607685	0.0725283522119355
0.538053560021621	0.0715713233363196
0.538533536435556	0.0706859178766228
0.539013512849492	0.0698741826934935
0.539493489263427	0.0691377232554368
0.539973465677362	0.0684765612336326
0.540453442091298	0.0678881990622602
0.540933418505233	0.0673669265090513
0.541413394919169	0.0669036428505125
0.541893371333104	0.0664864842272815
0.54237334774704	0.0661019198047475
0.542853324160975	0.0657358306888127
0.54333330057491	0.0653745900963343
0.543813276988846	0.065005843117215
0.544293253402781	0.0646187832101362
0.544773229816717	0.0642041764578152
0.545253206230652	0.0637545291920263
0.545733182644588	0.0632642662960518
0.546213159058523	0.0627298891523468
0.546693135472458	0.0621500831671331
0.547173111886394	0.0615256070214014
0.547653088300329	0.0608589599268387
0.548133064714265	0.0601538367577711
0.5486130411282	0.0594145611360241
0.549093017542136	0.0586456641264161
0.549572993956071	0.0578518265600895
0.550052970370007	0.0570381106441844
0.550532946783942	0.0562105117855319
0.551012923197877	0.0553763894126848
0.551492899611813	0.0545446925304254
0.551972876025748	0.0537258690707209
0.552452852439684	0.052931421234398
0.552932828853619	0.0521730031846928
0.553412805267555	0.051461592640627
0.55389278168149	0.0508067576061212
0.554372758095425	0.0502161199356216
0.554852734509361	0.049695108115804
0.555332710923296	0.0492472109588539
0.555812687337232	0.0488743748143168
0.556292663751167	0.0485776541123665
0.556772640165103	0.048357862968809
0.557252616579038	0.0482160936967099
0.557732592992973	0.0481539729795075
0.558212569406909	0.0481737694430547
0.558692545820844	0.048278115056849
0.55917252223478	0.0484695552632642
0.559652498648715	0.0487500735471798
0.560132475062651	0.0491207049335868
0.560612451476586	0.0495814115367457
0.561092427890521	0.0501312119461792
0.561572404304457	0.0507683826359573
0.562052380718392	0.0514907218322432
0.562532357132328	0.0522958224653552
0.563012333546263	0.0531811975237362
0.563492309960199	0.0541443908460183
0.563972286374134	0.0551832415311443
0.564452262788069	0.0562961790632448
0.564932239202005	0.0574824039135508
0.56541221561594	0.0587419875059719
0.565892192029876	0.0600757575342651
0.566372168443811	0.0614848481603969
0.566852144857747	0.0629700424306321
0.567332121271682	0.0645311281547524
0.567812097685618	0.0661664182105314
0.568292074099553	0.0678726156932628
0.568772050513488	0.0696450490103496
0.569252026927424	0.0714782029071926
0.569732003341359	0.0733663510856988
0.570211979755295	0.0753039897728251
0.57069195616923	0.0772859559529993
0.571171932583166	0.0793072106116675
0.571651908997101	0.0813623985682054
0.572131885411036	0.0834453693008734
0.572611861824972	0.0855489244166816
0.573091838238907	0.0876648516250606
0.573571814652843	0.0897842478214717
0.574051791066778	0.0918981125533203
0.574531767480714	0.0939980129031419
0.575011743894649	0.0960765496601076
0.575491720308584	0.0981276825083037
0.57597169672252	0.100147043480453
0.576451673136455	0.102131966592089
0.576931649550391	0.104081251967424
0.577411625964326	0.105994803841395
0.577891602378262	0.107873106437415
0.578371578792197	0.109716534433863
0.578851555206132	0.111524648501514
0.579331531620068	0.113295651566
0.579811508034003	0.115026178481401
0.580291484447939	0.116711467586195
0.580771460861874	0.11834585757052
0.58125143727581	0.119923449937081
0.581731413689745	0.121438819351259
0.582211390103681	0.122887642434566
0.582691366517616	0.124267210187848
0.583171342931551	0.125576670868691
0.583651319345487	0.126817071490525
0.584131295759422	0.127991170125944
0.584611272173358	0.129103069525171
0.585091248587293	0.130157650196353
0.585571225001229	0.13115998465107
0.586051201415164	0.132114931512493
0.586531177829099	0.133026912180481
0.587011154243035	0.133899873435277
0.58749113065697	0.134737455803523
0.587971107070906	0.135543261642159
0.588451083484841	0.136321053615953
0.588931059898777	0.137074844589112
0.589411036312712	0.13780890619497
0.589891012726647	0.138527667773076
0.590370989140583	0.139235576841283
0.590850965554518	0.139937012627722
0.591330941968454	0.140636243087188
0.591810918382389	0.141337433828552
0.592290894796325	0.142044759757257
0.59277087121026	0.142762373846119
0.593250847624196	0.14349414857595
0.593730824038131	0.144243397871852
0.594210800452066	0.145012583556525
0.594690776866002	0.145802961193159
0.595170753279937	0.146614418917817
0.595650729693873	0.147445623807811
0.596130706107808	0.14829438753847
0.596610682521743	0.149158190115756
0.597090658935679	0.150034736118975
0.597570635349614	0.150922276866623
0.59805061176355	0.151819743731974
0.598530588177485	0.152726717745788
0.599010564591421	0.153643223838656
0.599490541005356	0.154569429571293
0.599970517419292	0.155505467736779
0.600450493833227	0.156451315219853
0.600930470247162	0.15740668762098
0.601410446661098	0.158370944773843
0.601890423075033	0.159343010005508
0.602370399488969	0.160321365007869
0.602850375902904	0.161304038998159
0.60333035231684	0.162288394671332
0.603810328730775	0.163270770714676
0.60429030514471	0.164246083095488
0.604770281558646	0.165207410743419
0.605250257972581	0.166145715669188
0.605730234386517	0.167049946973479
0.606210210800452	0.167907514611642
0.606690187214388	0.168705055399386
0.607170163628323	0.169429379653417
0.607650140042258	0.170068338846648
0.608130116456194	0.170611386094918
0.608610092870129	0.171049876032004
0.609090069284065	0.171377123877275
0.609570045698	0.171588282324915
0.610050022111936	0.171680111652331
0.610529998525871	0.171650838828527
0.611009974939807	0.171500061358298
0.611489951353742	0.171228710613534
0.611969927767677	0.170839136025001
0.612449904181613	0.170335238101419
0.612929880595548	0.169722612415817
0.613409857009484	0.169008591992559
0.613889833423419	0.168202207746366
0.614369809837354	0.167313936479766
0.61484978625129	0.166355224661139
0.615329762665225	0.165337887401669
0.615809739079161	0.16427356061925
0.616289715493096	0.163173236115104
0.616769691907032	0.162046982802525
0.617249668320967	0.16090390318632
0.617729644734903	0.159752317734749
0.618209621148838	0.158599942678276
0.618689597562773	0.157454038102863
0.619169573976709	0.156321411413104
0.619649550390644	0.155208363350166
0.62012952680458	0.154120558313722
0.620609503218515	0.15306298009169
0.621089479632451	0.152039899132911
0.621569456046386	0.15105493256066
0.622049432460321	0.150111280074314
0.622529408874257	0.149211937936452
0.623009385288192	0.148359750408538
0.623489361702128	0.147557350892759
0.623969338116063	0.146806999951849
0.624449314529999	0.146110324973659
0.624929290943934	0.145468134957112
0.62540926735787	0.144880416591136
0.625889243771805	0.144346436469237
0.62636922018574	0.143864921884963
0.626849196599676	0.143434266388733
0.627329173013611	0.143052631159169
0.627809149427547	0.14271796584624
0.628289125841482	0.14242797222905
0.628769102255418	0.142180012314263
0.629249078669353	0.141970994888167
0.629729055083288	0.141797350052633
0.630209031497224	0.141655054152561
0.630689007911159	0.141539679952372
0.631168984325095	0.14144647149649
0.63164896073903	0.141370440640865
0.632128937152966	0.141306482402807
0.632608913566901	0.141249511303922
0.633088889980836	0.141194617198126
0.633568866394772	0.141137235411112
0.634048842808707	0.141073331096702
0.634528819222643	0.140999632084497
0.635008795636578	0.140914008070676
0.635488772050514	0.140815845324383
0.635968748464449	0.14070618286999
0.636448724878384	0.140587625546843
0.63692870129232	0.140463943655748
0.637408677706255	0.140339296592338
0.637888654120191	0.140217301897663
0.638368630534126	0.140100273333413
0.638848606948062	0.139988715819856
0.639328583361997	0.139881274452378
0.639808559775932	0.139775218327595
0.640288536189868	0.139667096539969
0.640768512603803	0.13955332297558
0.641248489017739	0.139430678871634
0.641728465431674	0.139296514611149
0.64220844184561	0.139148463838087
0.642688418259545	0.138984013840562
0.643168394673481	0.138800151565607
0.643648371087416	0.138593069062343
0.644128347501351	0.138358090097127
0.644608323915287	0.138089821056371
0.645088300329222	0.137782416739894
0.645568276743158	0.13742999891871
0.646048253157093	0.137027083175077
0.646528229571029	0.136568881012019
0.647008205984964	0.136051489258587
0.647488182398899	0.135471987462698
0.647968158812835	0.134828401992515
0.64844813522677	0.134119700432679
0.648928111640706	0.133345819823582
0.649408088054641	0.132507775083314
0.649888064468577	0.131607664169728
0.650368040882512	0.13064853693467
0.650848017296447	0.129634045533819
0.651327993710383	0.128568076514818
0.651807970124318	0.127454334668342
0.652287946538254	0.126296027820282
0.652767922952189	0.125095754773146
0.653247899366125	0.123855671469527
0.65372787578006	0.122577745869295
0.654207852193995	0.121264138847771
0.654687828607931	0.119917506067207
0.655167805021866	0.11854123115724
0.655647781435802	0.117139625295846
0.656127757849737	0.115718027924965
0.656607734263673	0.11428266785898
0.657087710677608	0.112840587521575
0.657567687091543	0.111399536535235
0.658047663505479	0.109967635628075
0.658527639919414	0.10855298791435
0.65900761633335	0.107163345632635
0.659487592747285	0.10580573569008
0.659967569161221	0.104486073390115
0.660447545575156	0.103208913113579
0.660927521989092	0.101977212975465
0.661407498403027	0.100792232154671
0.661887474816962	0.0996537216725539
0.662367451230898	0.0985603527733105
0.662847427644833	0.097510136410236
0.663327404058769	0.0965009653887428
0.663807380472704	0.0955311625918366
0.66428735688664	0.0945996758505189
0.664767333300575	0.0937059508728048
0.66524730971451	0.0928497489147121
0.665727286128446	0.0920309156854863
0.666207262542381	0.091249124418736
0.666687238956317	0.0905038256492165
0.667167215370252	0.089794374691421
0.667647191784188	0.0891201351659561
0.668127168198123	0.088480478921001
0.668607144612059	0.0878747485626337
0.669087121025994	0.0873021130558019
0.669567097439929	0.086761327395499
0.670047073853865	0.0862505052011602
0.6705270502678	0.0857669823188235
0.671007026681736	0.0853072430144614
0.671487003095671	0.0848670640401403
0.671966979509607	0.0844418247215188
0.672446955923542	0.0840268294934554
0.672926932337477	0.0836175564079167
0.673406908751413	0.0832099525316326
0.673886885165348	0.0828008354690078
0.674366861579284	0.0823882453853304
0.674846837993219	0.081971714944389
0.675326814407154	0.0815525075798483
0.67580679082109	0.081133749338023
0.676286767235025	0.080720379041052
0.676766743648961	0.080318871225422
0.677246720062896	0.0799368667572588
0.677726696476832	0.0795827889269596
0.678206672890767	0.0792653699083048
0.678686649304703	0.0789931457222019
0.679166625718638	0.0787741143208134
0.679646602132573	0.0786154653778524
0.680126578546509	0.0785233454054054
0.680606554960444	0.0785027786424129
0.68108653137438	0.0785577301265227
0.681566507788315	0.0786912968444544
0.682046484202251	0.0789061244669915
0.682526460616186	0.0792049673406619
0.683006437030121	0.0795910019275142
0.683486413444057	0.0800678170496602
0.683966389857992	0.0806391297320266
0.684446366271928	0.0813081592018236
0.684926342685863	0.0820767909805022
0.685406319099799	0.0829449604962305
0.685886295513734	0.0839104010537414
0.68636627192767	0.0849688402085609
0.686846248341605	0.0861145980893457
0.68732622475554	0.0873414478326869
0.687806201169476	0.0886434244302776
0.688286177583411	0.090015443483587
0.688766153997347	0.0914536214811385
0.689246130411282	0.0929554216319639
0.689726106825218	0.0945197222624922
0.690206083239153	0.0961469631026126
0.690686059653088	0.0978391641598112
0.691166036067024	0.0995997632632739
0.691646012480959	0.101433235062588
0.692125988894895	0.103344471979587
0.69260596530883	0.105338004164127
0.693085941722765	0.107417351202968
0.693565918136701	0.109584659004271
0.694045894550636	0.111840546334373
0.694525870964572	0.114184142227643
0.695005847378507	0.116613229294134
0.695485823792443	0.119124292216608
0.695965800206378	0.1217124797031
0.696445776620314	0.124371684846215
0.696925753034249	0.127094712032438
0.697405729448184	0.129873572746182
0.69788570586212	0.132700042348421
0.698365682276055	0.135566317210305
0.698845658689991	0.138465471144553
0.699325635103926	0.14139175185185
0.699805611517862	0.144340762089105
0.700285587931797	0.147309601257331
0.700765564345732	0.150296887881612
0.701245540759668	0.153302648447866
0.701725517173603	0.156327987603225
0.702205493587539	0.15937452798879
0.702685470001474	0.162443589245527
0.70316544641541	0.16553531454985
0.703645422829345	0.168648052845474
0.704125399243281	0.171778102597871
0.704605375657216	0.17491986541187
0.705085352071151	0.178066409901413
0.705565328485087	0.181210193183304
0.706045304899022	0.184343630772542
0.706525281312958	0.187459511313008
0.707005257726893	0.190551109657102
0.707485234140829	0.193612020090334
0.707965210554764	0.196635870536118
0.708445186968699	0.199616074306892
0.708925163382635	0.202545580633628
0.70940513979657	0.205416743391529
0.709885116210506	0.20822129194557
0.710365092624441	0.210950487393203
0.710845069038377	0.213595558334311
0.711325045452312	0.216148195112998
0.711805021866248	0.218600940602707
0.712284998280183	0.220947522219715
0.712764974694118	0.223182885186141
0.713244951108054	0.22530286304903
0.713724927521989	0.227303783010235
0.714204903935925	0.229182194882498
0.71468488034986	0.230934714612246
0.715164856763795	0.232558150252987
0.715644833177731	0.234049908701608
0.716124809591666	0.235408283773153
0.716604786005602	0.236632609110006
0.717084762419537	0.237723267687228
0.717564738833473	0.23868143372559
0.718044715247408	0.239508611557156
0.718524691661343	0.240206363334288
0.719004668075279	0.240776131586084
0.719484644489214	0.241219146737316
0.71996462090315	0.241536569306391
0.720444597317085	0.241729769080816
0.720924573731021	0.241800577325356
0.721404550144956	0.241751571121879
0.721884526558892	0.241586324841811
0.722364502972827	0.241309512762751
0.722844479386762	0.240926921486914
0.723324455800698	0.240445451876244
0.723804432214633	0.239872986321545
0.724284408628569	0.239218196342326
0.724764385042504	0.23849044622173
0.72524436145644	0.237699639306355
0.725724337870375	0.236856000481779
0.72620431428431	0.235969813761237
0.726684290698246	0.235051080534923
0.727164267112181	0.234108995653328
0.727644243526117	0.233151497189248
0.728124219940052	0.232184941240092
0.728604196353988	0.23121400151681
0.729084172767923	0.23024177706368
0.729564149181859	0.229270164664299
0.730044125595794	0.228300351387237
0.730524102009729	0.22733336339145
0.731004078423665	0.226370537989511
0.7314840548376	0.225413884771415
0.731964031251536	0.224466210486606
0.732444007665471	0.223531140041201
0.732923984079407	0.222613059501665
0.733403960493342	0.221716946734705
0.733883936907277	0.220848059456458
0.734363913321213	0.220011621900752
0.734843889735148	0.21921248646348
0.735323866149084	0.218454753264538
0.735803842563019	0.217741481597987
0.736283818976954	0.217074537140268
0.73676379539089	0.216454568098991
0.737243771804825	0.215881120939211
0.737723748218761	0.215352871902873
0.738203724632696	0.214867856918361
0.738683701046632	0.214423697966228
0.739163677460567	0.214017834127923
0.739643653874503	0.213647759838064
0.740123630288438	0.21331115496907
0.740603606702373	0.213005964762625
0.741083583116309	0.21273042965594
0.741563559530244	0.212483104853127
0.74204353594418	0.212262797894565
0.742523512358115	0.212068349209107
0.743003488772051	0.211898327256627
0.743483465185986	0.211750732947812
0.743963441599921	0.211622642607567
0.744443418013857	0.211509934392893
0.744923394427792	0.211407326181067
0.745403370841728	0.211308576822883
0.745883347255663	0.21120679717454
0.746363323669599	0.21109496216274
0.746843300083534	0.210966469408368
0.74732327649747	0.210815633285488
0.747803252911405	0.210638096633488
0.74828322932534	0.21043107316183
0.748763205739276	0.21019328562419
0.749243182153211	0.20992474722121
0.749723158567147	0.209626464871768
0.750203134981082	0.209300018440057
0.750683111395018	0.208947142968644
0.751163087808953	0.208569463544345
0.751643064222888	0.208168361361392
0.752123040636824	0.207744980487468
0.752603017050759	0.207300346197708
0.753082993464695	0.206835528627022
0.75356296987863	0.206351787866491
0.754042946292566	0.20585062224337
0.754522922706501	0.205333694408078
0.755002899120436	0.204802855773333
0.755482875534372	0.20426026919009
0.755962851948307	0.203708478903454
0.756442828362243	0.203150413899426
0.756922804776178	0.202589381184344
0.757402781190114	0.202028931350183
0.757882757604049	0.20147254486085
0.758362734017984	0.200923292820313
0.75884271043192	0.200383527899557
0.759322686845855	0.199854608116608
0.759802663259791	0.199336831756604
0.760282639673726	0.198829656434134
0.760762616087662	0.198331973926926
0.761242592501597	0.197842448149915
0.761722568915532	0.197359918118471
0.762202545329468	0.196883576729176
0.762682521743403	0.196412874094161
0.763162498157339	0.195947403640597
0.763642474571274	0.195486813355026
0.76412245098521	0.19503063624508
0.764602427399145	0.194578182213563
0.765082403813081	0.194128555392429
0.765562380227016	0.193680605130398
0.766042356640951	0.193232797090108
0.766522333054887	0.192783128856269
0.767002309468822	0.192329160706385
0.767482285882758	0.191868098825257
0.767962262296693	0.191396994787442
0.768442238710629	0.190912999512149
0.768922215124564	0.19041351823387
0.769402191538499	0.189896288943818
0.769882167952435	0.189359396692248
0.77036214436637	0.188801118772641
0.770842120780306	0.188219679156258
0.771322097194241	0.187613009464057
0.771802073608177	0.186978369009817
0.772282050022112	0.18631180723539
0.772762026436048	0.185607582091836
0.773242002849983	0.184857623733984
0.773721979263918	0.184051221825913
0.774201955677854	0.183175187717167
0.774681932091789	0.182214451717052
0.775161908505725	0.181153116835119
0.77564188491966	0.179975877485496
0.776121861333596	0.178669389608368
0.776601837747531	0.177223095932918
0.777081814161466	0.175629570696803
0.777561790575402	0.173884250965731
0.778041766989337	0.171984634102068
0.778521743403273	0.169929116080052
0.779001719817208	0.167715990803977
0.779481696231143	0.165342785150152
0.779961672645079	0.162806300557382
0.780441649059014	0.160103398225994
0.78092162547295	0.15723230862966
0.781401601886885	0.154194022047992
0.781881578300821	0.150993395930005
0.782361554714756	0.147639634297596
0.782841531128692	0.144145984530533
0.783321507542627	0.140528789970214
0.783801483956562	0.1368063728871
0.784281460370498	0.132998085850097
0.784761436784433	0.129123712783982
0.785241413198369	0.125203239140323
0.785721389612304	0.121256851443351
0.78620136602624	0.117304961613228
0.786681342440175	0.113368089047628
0.78716131885411	0.109466554218071
0.787641295268046	0.105620016857607
0.788121271681981	0.101847102800956
0.788601248095917	0.0981652030194475
0.789081224509852	0.0945904831705649
0.789561200923788	0.0911380400612753
0.790041177337723	0.087822114725004
0.790521153751659	0.0846563199840895
0.791001130165594	0.0816539180065577
0.791481106579529	0.0788281705467983
0.791961082993465	0.0761925367635591
0.7924410594074	0.0737606874552187
0.792921035821336	0.0715463138711276
0.793401012235271	0.0695626848563147
0.793880988649207	0.0678219321627337
0.794360965063142	0.0663344073208666
0.794840941477077	0.0651081966116519
0.795320917891013	0.0641488401383559
0.795800894304948	0.06345928684294
0.796280870718884	0.0630400809123781
0.796760847132819	0.0628895564267903
0.797240823546755	0.0630040292560095
0.79772079996069	0.0633780780107082
0.798200776374625	0.0640048921244037
0.798680752788561	0.0648765359069554
0.799160729202496	0.0659842655301062
0.799640705616432	0.0673188128795774
0.800120682030367	0.0688704823584672
0.800600658444303	0.0706290562876285
0.801080634858238	0.0725836472332855
0.801560611272173	0.0747225745032452
0.802040587686109	0.0770333382941332
0.802520564100044	0.0795027249394043
0.80300054051398	0.0821170256644474
0.803480516927915	0.08486230030615
0.803960493341851	0.087724613328037
0.804440469755786	0.0906902658924803
0.804920446169721	0.093745916116094
0.805400422583657	0.0968784649844106
0.805880398997592	0.100074852030149
0.806360375411528	0.103321786877924
0.806840351825463	0.106605375639283
0.807320328239399	0.109910807345976
0.807800304653334	0.113222334456861
0.80828028106727	0.116523546768221
0.808760257481205	0.119797949146801
0.80924023389514	0.123029738516354
0.809720210309076	0.126204588236381
0.810200186723011	0.129310211400117
0.810680163136947	0.132336599351753
0.811160139550882	0.13527590036984
0.811640115964818	0.138121874356715
0.812120092378753	0.140869233285504
0.812600068792688	0.143513149221811
0.813080045206624	0.146048985398431
0.813560021620559	0.148472221412514
0.814039998034495	0.150778653362809
0.81451997444843	0.152964851240328
0.814999950862366	0.155028685393995
0.815479927276301	0.156969760491821
0.815959903690237	0.158789707918475
0.816439880104172	0.160492264157166
0.816919856518107	0.162083109708598
0.817399832932043	0.163569426859145
0.817879809345978	0.164959223613935
0.818359785759914	0.166260526433895
0.818839762173849	0.167480706278641
0.819319738587785	0.168626004916209
0.81979971500172	0.169701404892535
0.820279691415655	0.17071086679364
0.820759667829591	0.171657788063892
0.821239644243526	0.172545494896469
0.821719620657462	0.17337755343752
0.822199597071397	0.174157788369632
0.822679573485332	0.174890187944426
0.823159549899268	0.175578822861865
0.823639526313203	0.176227878619694
0.824119502727139	0.176841841714154
0.824599479141074	0.177425897455094
0.82507945555501	0.177986158713368
0.825559431968945	0.178529587915802
0.826039408382881	0.17906358085342
0.826519384796816	0.179595275058657
0.826999361210751	0.180130665870033
0.827479337624687	0.180673863844972
0.827959314038622	0.181226665008321
0.828439290452558	0.181788522871785
0.828919266866493	0.182356886012296
0.829399243280429	0.182927811648549
0.829879219694364	0.183496597874032
0.830359196108299	0.184058252939737
0.830839172522235	0.184607705419615
0.83131914893617	0.185139747489027
0.831799125350106	0.185648778264392
0.832279101764041	0.186128438079873
0.832759078177977	0.186571358481741
0.833239054591912	0.186969089009408
0.833719031005848	0.187312277206811
0.834199007419783	0.187591026073026
0.834678983833718	0.187795437273075
0.835158960247654	0.187916079745508
0.835638936661589	0.187944399523976
0.836118913075525	0.187873048503601
0.83659888948946	0.187696064418557
0.837078865903396	0.187408852530569
0.837558842317331	0.187008220833645
0.838038818731266	0.186492406835234
0.838518795145202	0.1858610738092
0.838998771559137	0.185115324057684
0.839478747973073	0.184257890816144
0.839958724387008	0.183293412631183
0.840438700800944	0.182228516196027
0.840918677214879	0.18107168516309
0.841398653628814	0.179832999570104
0.84187863004275	0.17852366341434
0.842358606456685	0.177155324769318
0.842838582870621	0.175739440212066
0.843318559284556	0.174286709285592
0.843798535698492	0.172806604632393
0.844278512112427	0.171307140699939
0.844758488526362	0.16979487223413
0.845238464940298	0.168274996725852
0.845718441354233	0.166751695543614
0.846198417768169	0.165228660147926
0.846678394182104	0.163709583469076
0.84715837059604	0.162198585513219
0.847638347009975	0.160700653895603
0.84811832342391	0.159221913485523
0.848598299837846	0.157769571167108
0.849078276251781	0.156351658896644
0.849558252665717	0.154976719749459
0.850038229079652	0.153653403186097
0.850518205493588	0.152390039695728
0.850998181907523	0.151194329310262
0.851478158321459	0.150073154082143
0.851958134735394	0.14903248913283
0.852438111149329	0.148077514407587
0.852918087563265	0.147212893676389
0.8533980639772	0.146443096396327
0.853878040391136	0.145772700878677
0.854358016805071	0.145206554913577
0.854837993219007	0.144749489402023
0.855317969632942	0.144405711896036
0.855797946046877	0.144178111302197
0.856277922460813	0.144067620975021
0.856757898874748	0.144072730055702
0.857237875288684	0.144189516163183
0.857717851702619	0.144412068986875
0.858197828116555	0.144733193718409
0.85867780453049	0.145145091832101
0.859157780944426	0.145639920126495
0.859637757358361	0.146210045426752
0.860117733772296	0.146848159104069
0.860597710186232	0.147547259305423
0.861077686600167	0.148300689600188
0.861557663014103	0.149102273168527
0.862037639428038	0.149946705640981
0.862517615841974	0.150829890043049
0.862997592255909	0.151749061680624
0.863477568669844	0.152702536827635
0.86395754508378	0.153689131211264
0.864437521497715	0.154707294628202
0.864917497911651	0.155754252820816
0.865397474325586	0.156825350894621
0.865877450739521	0.157913758254072
0.866357427153457	0.159010653381269
0.866837403567392	0.160105880907399
0.867317379981328	0.161188777157892
0.867797356395263	0.162248876618174
0.868277332809199	0.163276498440321
0.868757309223134	0.164263212444202
0.86923728563707	0.165202160687017
0.869717262051005	0.166088233633602
0.87019723846494	0.166918263234314
0.870677214878876	0.167691067064888
0.871157191292811	0.168407298178391
0.871637167706747	0.169069071800598
0.872117144120682	0.169679485707261
0.872597120534618	0.17024208806547
0.873077096948553	0.170760648359404
0.873557073362488	0.171239348179681
0.874037049776424	0.171683353013891
0.874517026190359	0.172099481625308
0.874997002604295	0.172496872141601
0.87547697901823	0.172887295615951
0.875956955432166	0.173284924878571
0.876436931846101	0.173705385253892
0.876916908260037	0.174164469479178
0.877396884673972	0.174676718166708
0.877876861087907	0.175254185176285
0.878356837501843	0.175905591744633
0.878836813915778	0.176636153120033
0.879316790329714	0.17744790533987
0.879796766743649	0.178340399763584
0.880276743157585	0.179311585063489
0.88075671957152	0.180358635252356
0.881236695985455	0.181478419793174
0.881716672399391	0.182667798262249
0.882196648813326	0.183923787771719
0.882676625227262	0.185243667365188
0.883156601641197	0.186625010787612
0.883636578055133	0.188065713133218
0.884116554469068	0.189563957023521
0.884596530883003	0.191118147264698
0.885076507296939	0.192726698981241
0.885556483710874	0.194387742877922
0.88603646012481	0.196098879083499
0.886516436538745	0.197857023792331
0.886996412952681	0.199658321160967
0.887476389366616	0.201498231182025
0.887956365780551	0.203371743641325
0.888436342194487	0.205273573983878
0.888916318608422	0.207198299357609
0.889396295022358	0.20914036137483
0.889876271436293	0.211093789078106
0.890356247850229	0.213051725288935
0.890836224264164	0.215005906882
0.891316200678099	0.21694622346613
0.891796177092035	0.218860504326471
0.89227615350597	0.220734781584838
0.892756129919906	0.222554113872239
0.893236106333841	0.224303649675233
0.893716082747777	0.225969610274255
0.894196059161712	0.227540065712146
0.894676035575648	0.229005277974903
0.895156011989583	0.230357382331483
0.895635988403518	0.231589748207942
0.896115964817454	0.232696396541524
0.896595941231389	0.233671616638714
0.897075917645325	0.234509874235464
0.89755589405926	0.235206142782071
0.898035870473196	0.23575642325833
0.898515846887131	0.236158267484652
0.898995823301066	0.236411237366462
0.899475799715002	0.236517229761291
0.899955776128937	0.236480525746988
0.900435752542873	0.236307715189943
0.900915728956808	0.236007539436095
0.901395705370744	0.235590596016249
0.901875681784679	0.235068921071945
0.902355658198614	0.234455693314151
0.90283563461255	0.233765068590856
0.903315611026485	0.233011993146211
0.903795587440421	0.23221196074352
0.904275563854356	0.231380797648017
0.904755540268292	0.230534291876307
0.905235516682227	0.229687668064649
0.905715493096163	0.228855100907375
0.906195469510098	0.228049369164401
0.906675445924033	0.227281694163903
0.907155422337969	0.226561914539931
0.907635398751904	0.225898974072149
0.90811537516584	0.225301344318877
0.908595351579775	0.224777218034117
0.90907532799371	0.224334547071392
0.909555304407646	0.223980702010784
0.910035280821581	0.223721809321171
0.910515257235517	0.223562131378806
0.910995233649452	0.223503651080448
0.911475210063388	0.223545791354429
0.911955186477323	0.223685490000563
0.912435162891259	0.223917643484885
0.912915139305194	0.224235671463378
0.913395115719129	0.224632033213296
0.913875092133065	0.225098711434035
0.914355068547	0.225627443711789
0.914835044960936	0.226209775766661
0.915315021374871	0.226837064525718
0.915794997788807	0.227500519385991
0.916274974202742	0.228191204992125
0.916754950616677	0.228900139752437
0.917234927030613	0.229618406846713
0.917714903444548	0.230337333414988
0.918194879858484	0.231048710329084
0.918674856272419	0.231745031265033
0.919154832686355	0.232419664328131
0.91963480910029	0.233066930135484
0.920114785514225	0.233682015982253
0.920594761928161	0.234260688215633
0.921074738342096	0.234798846871562
0.921554714756032	0.235292082046615
0.922034691169967	0.235735349296416
0.922514667583903	0.236122959652892
0.922994643997838	0.236448912252394
0.923474620411774	0.236707442809789
0.923954596825709	0.23689356873606
0.924434573239644	0.237003467929497
0.92491454965358	0.237034551530312
0.925394526067515	0.236985207229525
0.925874502481451	0.236854394376107
0.926354478895386	0.236641319385847
0.926834455309322	0.236345322397599
0.927314431723257	0.235966074338143
0.927794408137192	0.235504161109953
0.928274384551128	0.235850768200327
0.928754360965063	0.236030234491744
0.929234337378999	0.236047998211566
0.929714313792934	0.235913256932369
0.93019429020687	0.235638083954817
0.930674266620805	0.235236124815846
0.93115424303474	0.234721433825828
0.931634219448676	0.234107639665006
0.932114195862611	0.233407438246277
0.932594172276547	0.232632338255535
0.933074148690482	0.231792578537498
0.933554125104418	0.230897149998581
0.934034101518353	0.229953873052635
0.934514077932288	0.228969507356373
0.934994054346224	0.227949875268351
0.935474030760159	0.226899986727251
0.935954007174095	0.225824159022391
0.93643398358803	0.224726127183753
0.936913960001966	0.223609138958995
0.937393936415901	0.22247603186307
0.937873912829837	0.221329289738792
0.938353889243772	0.220171077752431
0.938833865657707	0.219003257620215
0.939313842071643	0.217827388813892
0.939793818485578	0.216644719382304
0.940273794899514	0.215456176655277
0.940753771313449	0.214262367322802
0.941233747727385	0.213063594013564
0.94171372414132	0.21185989300127
0.942193700555255	0.21065108589806
0.942673676969191	0.209436833049253
0.943153653383126	0.208216682945799
0.943633629797062	0.206990108286456
0.944113606210997	0.205756519413592
0.944593582624933	0.20451526235673
0.945073559038868	0.203265613955193
0.945553535452803	0.20200677873802
0.946033511866739	0.200737890104437
0.946513488280674	0.199458021718699
0.94699346469461	0.198166206174405
0.947473441108545	0.196861454654487
0.947953417522481	0.195542775866148
0.948433393936416	0.194209192886079
0.948913370350352	0.192859751981447
0.949393346764287	0.191493527336455
0.949873323178222	0.190109624280853
0.950353299592158	0.188707179244684
0.950833276006093	0.187285356279073
0.951313252420029	0.185843346073199
0.951793228833964	0.184380366796153
0.952273205247899	0.182895665593068
0.952753181661835	0.181388520892577
0.95323315807577	0.179858247010267
0.953713134489706	0.178304197260436
0.954193110903641	0.176725765488591
0.954673087317577	0.175122386043984
0.955153063731512	0.173493531931614
0.955633040145448	0.171838711641537
0.956113016559383	0.170157467253891
0.956592992973318	0.168449373948264
0.957072969387254	0.166714038896635
0.957552945801189	0.164951097353153
0.958032922215125	0.16316020644694
0.95851289862906	0.161341037486417
0.958992875042996	0.159493267017156
0.959472851456931	0.157616569038556
0.959952827870866	0.15571061123793
0.960432804284802	0.153775055572373
0.960912780698737	0.151809562959591
0.961392757112673	0.149813801559537
0.961872733526608	0.147787456033289
0.962352709940544	0.145730233520088
0.962832686354479	0.143641866095878
0.963312662768414	0.141522109574746
0.96379263918235	0.139370738561606
0.964272615596285	0.13718753991221
0.964752592010221	0.134972308675063
0.965232568424156	0.132724846498817
0.965712544838092	0.130444962347578
0.966192521252027	0.128132475695384
0.966672497665963	0.125787221653066
0.967152474079898	0.123409055336362
0.967632450493833	0.120997855469934
0.968112426907769	0.118553526932503
0.968592403321704	0.116076001902031
0.96907237973564	0.11356524033761
0.969552356149575	0.111021229687767
0.970032332563511	0.108443982728702
0.970512308977446	0.105833533525904
0.970992285391381	0.103189931502815
0.971472261805317	0.100513233336373
0.971952238219252	0.0978034969202187
0.972432214633188	0.0950607796607293
0.972912191047123	0.0922851382139022
0.973392167461059	0.089476629520443
0.973872143874994	0.0866353128774209
0.974352120288929	0.0837612485880773
0.974832096702865	0.0808544926508616
0.9753120731168	0.077915091813199
0.975792049530736	0.0749430795849537
0.976272025944671	0.0719384746393463
0.976752002358607	0.0689012880925159
