0	0.149294384649819
0.000479976487876561	0.148047464944975
0.000959952975753123	0.146816167624904
0.00143992946362968	0.145600680454368
0.00191990595150625	0.144401215263462
0.00239988243938281	0.143217998074607
0.00287985892725937	0.142051260155323
0.00335983541513593	0.140901229297335
0.00383981190301249	0.139768119801146
0.00431978839088905	0.138652125404459
0.00479976487876561	0.137553416829727
0.00527974136664218	0.136472139624384
0.00575971785451874	0.135408414958029
0.0062396943423953	0.134362340709468
0.00671967083027186	0.133333993092575
0.00719964731814842	0.132323428418639
0.00767962380602498	0.131330686995765
0.00815960029390154	0.130355796591032
0.00863957678177811	0.129398778310618
0.00911955326965467	0.128459653740567
0.00959952975753123	0.127538451418835
0.0100795062454078	0.126635209880767
0.0105594827332844	0.125749980178186
0.0110394592211609	0.124882827215533
0.0115194357090375	0.124033829521803
0.011999412196914	0.123203078396181
0.0124793886847906	0.122390676784419
0.0129593651726672	0.121596737675502
0.0134393416605437	0.120821380071933
0.0139193181484203	0.120064722590143
0.0143992946362968	0.119326875167856
0.0148792711241734	0.118607931556771
0.01535924761205	0.117907963121855
0.0158392240999265	0.117227016304808
0.0163192005878031	0.116565114346698
0.0167991770756796	0.115922262641574
0.0172791535635562	0.115298455383106
0.0177591300514328	0.114693682994551
0.0182391065393093	0.114107937825191
0.0187190830271859	0.113541217684164
0.0191990595150625	0.112993527178642
0.019679036002939	0.112464878352502
0.0201590124908156	0.111955290324343
0.0206389889786921	0.111464790239386
0.0211189654665687	0.110993416438673
0.0215989419544453	0.110541219880803
0.0220789184423218	0.110108260845751
0.0225588949301984	0.109694601045804
0.0230388714180749	0.109300291434282
0.0235188479059515	0.108925355283972
0.0239988243938281	0.108569771831092
0.0244788008817046	0.108233465348717
0.0249587773695812	0.1079163014304
0.0254387538574578	0.107618091700086
0.0259187303453343	0.107338606550896
0.0263987068332109	0.107077589514675
0.0268786833210874	0.106834769988851
0.027358659808964	0.106609873774811
0.0278386362968406	0.106402630013755
0.0283186127847171	0.106212770710716
0.0287985892725937	0.106040027835542
0.0292785657604702	0.105884130081859
0.0297585422483468	0.105744797940512
0.0302385187362234	0.105621736375342
0.0307184952240999	0.105514629079562
0.0311984717119765	0.105423135902667
0.031678448199853	0.105346894102428
0.0321584246877296	0.105285524142286
0.0326384011756062	0.105238639520163
0.0331183776634827	0.105205856298499
0.0335983541513593	0.105186802190198
0.0340783306392359	0.10518112462309
0.0345583071271124	0.10518849653845
0.035038283614989	0.105208620550452
0.0355182601028655	0.10524123690365
0.0359982365907421	0.105286129999634
0.0364782130786187	0.105343132005622
0.0369581895664952	0.105412124112701
0.0374381660543718	0.105493035518193
0.0379181425422483	0.10558583975544
0.0383981190301249	0.105690554777268
0.0388780955180015	0.105807249553084
0.039358072005878	0.105936058554814
0.0398380484937546	0.106077205700912
0.0403180249816312	0.106231037504762
0.0407980014695077	0.106398059259072
0.0412779779573843	0.106578974602339
0.0417579544452608	0.106774728090033
0.0422379309331374	0.106986549142442
0.042717907421014	0.107215997289557
0.0431978839088905	0.107465014540846
0.0436778603967671	0.107735981571954
0.0441578368846436	0.108031772457996
0.0446378133725202	0.108355799579702
0.0451177898603968	0.108712034134074
0.0455977663482733	0.109104978470186
0.0460777428361499	0.109539553795442
0.0465577193240265	0.110020852629552
0.047037695811903	0.110553692285661
0.0475176722997796	0.111141889958674
0.0479976487876561	0.111787211286502
0.0484776252755327	0.112488028015435
0.0489576017634093	0.113237882028627
0.0494375782512858	0.11450721634452
0.0499175547391624	0.115794872462426
0.0503975312270389	0.117095867216729
0.0508775077149155	0.118405834321822
0.0513574842027921	0.119721377919021
0.0518374606906686	0.121040222240388
0.0523174371785452	0.122361126465362
0.0527974136664218	0.123683538528905
0.0532773901542983	0.12500710724009
0.0537573666421749	0.126331170467547
0.0542373431300514	0.127654383371973
0.054717319617928	0.128974612273577
0.0551972961058046	0.130288897544239
0.0556772725936811	0.131593481403702
0.0561572490815577	0.132883868265032
0.0566372255694342	0.134154881895619
0.0571172020573108	0.1354006696662
0.0575971785451874	0.136614807365759
0.0580771550330639	0.137790395369557
0.0585571315209405	0.138920132833282
0.059037108008817	0.139996392017955
0.0595170844966936	0.141011349393558
0.0599970609845702	0.141957131371333
0.0604770374724467	0.142826088298623
0.0609570139603233	0.143611208666245
0.0614369904481999	0.144306625920865
0.0619169669360764	0.144908167462587
0.062396943423953	0.145413767710603
0.0628769199118295	0.145823454582825
0.0633568963997061	0.146138914219435
0.0638368728875827	0.146362800550226
0.0643168493754592	0.146497872026036
0.0647968258633358	0.146546294081529
0.0652768023512123	0.146509309583984
0.0657567788390889	0.146387153164834
0.0662367553269655	0.146179113816777
0.066716731814842	0.145883778342664
0.0671967083027186	0.145499272388272
0.0676766847905952	0.145023456771273
0.0681566612784717	0.144454214526092
0.0686366377663483	0.143789869825012
0.0691166142542248	0.143029642873703
0.0695965907421014	0.142174236307737
0.070076567229978	0.1412265373577
0.0705565437178545	0.140192095594014
0.0710365202057311	0.139079245015633
0.0715164966936076	0.1378987554763
0.0719964731814842	0.13666302682597
0.0724764496693608	0.135384977340847
0.0729564261572373	0.134076966855572
0.0734364026451139	0.13274983223785
0.0739163791329905	0.131412262961908
0.074396355620867	0.130070649164022
0.0748763321087436	0.128729412611397
0.0753563085966201	0.127391576928822
0.0758362850844967	0.126059412424542
0.0763162615723733	0.124735006074632
0.0767962380602498	0.123420723454717
0.0772762145481264	0.122119402893082
0.0777561910360029	0.12083440293696
0.0782361675238795	0.11956949787844
0.0787161440117561	0.118328714141966
0.0791961204996326	0.117116054963717
0.0796760969875092	0.115935231326066
0.0801560734753858	0.114789435665215
0.0806360499632623	0.113681285529677
0.0811160264511389	0.112612959463092
0.0815960029390154	0.111586481344928
0.082075979426892	0.110603995956912
0.0825559559147686	0.109668018146665
0.0830359324026451	0.10878162314317
0.0835159088905217	0.107948526117795
0.0839958853783982	0.107173049537428
0.0844758618662748	0.106460109987616
0.0849558383541514	0.105815113008526
0.0854358148420279	0.105243824412391
0.0859157913299045	0.104752175500284
0.086395767817781	0.104345975505539
0.0868757443056576	0.104030513130032
0.0873557207935342	0.103810203596378
0.0878356972814107	0.103688351702787
0.0883156737692873	0.103666960280555
0.0887956502571638	0.103746622524842
0.0892756267450404	0.103926528666555
0.089755603232917	0.10420449116672
0.0902355797207935	0.104577002035907
0.0907155562086701	0.105039310097671
0.0911955326965467	0.105585494698086
0.0916755091844232	0.106208537993096
0.0921554856722998	0.106900493715846
0.0926354621601763	0.107652701333105
0.0931154386480529	0.108456057143738
0.0935954151359295	0.109301261429694
0.094075391623806	0.110179026808258
0.0945553681116826	0.111080256998802
0.0950353445995591	0.111996192368599
0.0955153210874357	0.112918530394576
0.0959952975753123	0.113839671696336
0.0964752740631888	0.114753007755245
0.0969552505510654	0.115653098290973
0.097435227038942	0.116535652959411
0.0979152035268185	0.117397413733768
0.0983951800146951	0.118235822173751
0.0988751565025716	0.119048637816293
0.0993551329904482	0.119833705332007
0.0998351094783248	0.120589041811338
0.100315085966201	0.121313362061943
0.100795062454078	0.122007058179514
0.101275038941954	0.122673058670116
0.101755015429831	0.123317205959517
0.102234991917708	0.123948063027557
0.102714968405584	0.124576038214672
0.103194944893461	0.125211838855866
0.103674921381337	0.125864861324766
0.104154897869214	0.126541963246302
0.10463487435709	0.127246811744992
0.105114850844967	0.127979952355033
0.105594827332844	0.128739566636183
0.10607480382072	0.129522412501657
0.106554780308597	0.130324660229021
0.107034756796473	0.131142502824048
0.10751473328435	0.131972305377182
0.107994709772226	0.132810310347635
0.108474686260103	0.133652357623358
0.108954662747979	0.134493777545566
0.109434639235856	0.135329421342743
0.109914615723733	0.136153910922715
0.110394592211609	0.136962103213231
0.110874568699486	0.137749530786389
0.111354545187362	0.138512689077964
0.111834521675239	0.139249169407172
0.112314498163115	0.13995765064559
0.112794474650992	0.140637809961945
0.113274451138868	0.141290199926089
0.113754427626745	0.141916172315448
0.114234404114622	0.142517710548507
0.114714380602498	0.143097142728706
0.115194357090375	0.143656780863261
0.115674333578251	0.144198689909657
0.116154310066128	0.144724426923579
0.116634286554004	0.145234891514468
0.117114263041881	0.145730417838101
0.117594239529758	0.146210973567884
0.118074216017634	0.146676294566985
0.118554192505511	0.147126203535131
0.119034168993387	0.147560794076856
0.119514145481264	0.147980398280832
0.11999412196914	0.148385514576405
0.120474098457017	0.148776802064314
0.120954074944893	0.149154956472884
0.12143405143277	0.149520803972436
0.121914027920647	0.149875490293741
0.122394004408523	0.150220533058663
0.1228739808964	0.150557767600697
0.123353957384276	0.150889303639112
0.123833933872153	0.151217257125268
0.124313910360029	0.151543423733461
0.124793886847906	0.15186906913073
0.125273863335783	0.15219481573521
0.125753839823659	0.152520673850882
0.126233816311536	0.152846321907644
0.126713792799412	0.153171338383178
0.127193769287289	0.15349532796923
0.127673745775165	0.153817937924832
0.128153722263042	0.154138750600499
0.128633698750918	0.154457190231278
0.129113675238795	0.154772544253889
0.129593651726672	0.155084053617812
0.130073628214548	0.155391036442437
0.130553604702425	0.155693010855958
0.131033581190301	0.155989736972347
0.131513557678178	0.156281175182774
0.131993534166054	0.156567435171919
0.132473510653931	0.156848744232455
0.132953487141807	0.15712545512706
0.133433463629684	0.157398129878394
0.133913440117561	0.157667719989675
0.134393416605437	0.157935739731499
0.134873393093314	0.158204290880086
0.13535336958119	0.158475904450216
0.135833346069067	0.158753214448451
0.136313322556943	0.15903857291063
0.13679329904482	0.159333696684463
0.137273275532697	0.159639472762535
0.137753252020573	0.159955966691284
0.13823322850845	0.160282529305525
0.138713204996326	0.1606179833477
0.139193181484203	0.160960792405143
0.139673157972079	0.16130912682308
0.140153134459956	0.161660836022667
0.140633110947832	0.162013434246003
0.141113087435709	0.162364102972665
0.141593063923586	0.162709785981826
0.142073040411462	0.163047428453949
0.142553016899339	0.163374263754943
0.143032993387215	0.163688001284629
0.143512969875092	0.16398693684594
0.143992946362968	0.164270006473834
0.144472922850845	0.164536810732529
0.144952899338722	0.164787542426709
0.145432875826598	0.165022903895401
0.145912852314475	0.165243973778976
0.146392828802351	0.165451990183236
0.146872805290228	0.16564803846516
0.147352781778104	0.165832762194079
0.147832758265981	0.166006153652374
0.148312734753857	0.166167462244571
0.148792711241734	0.166315280185371
0.149272687729611	0.166447839684777
0.149752664217487	0.166563296710342
0.150232640705364	0.166659944273731
0.15071261719324	0.166736338088816
0.151192593681117	0.16679131463647
0.151672570168993	0.166823775925107
0.15215254665687	0.166832379391079
0.152632523144747	0.166815279729329
0.153112499632623	0.166769915192609
0.1535924761205	0.166692762390601
0.154072452608376	0.166579211188643
0.154552429096253	0.16642363175789
0.155032405584129	0.166219633986323
0.155512382072006	0.16596049695808
0.155992358559882	0.165639683944211
0.156472335047759	0.16525123694618
0.156952311535636	0.164790035629158
0.157432288023512	0.164251909956347
0.157912264511389	0.163633565474753
0.158392240999265	0.162932310002962
0.158872217487142	0.162145725209735
0.159352193975018	0.161271434095622
0.159832170462895	0.160306972848799
0.160312146950772	0.159249801467793
0.160792123438648	0.158097434737049
0.161272099926525	0.1568477189181
0.161752076414401	0.155499166559707
0.162232052902278	0.15405127470115
0.162712029390154	0.152504885732774
0.163192005878031	0.150862530045205
0.163671982365907	0.149128516897401
0.164151958853784	0.147308788474131
0.164631935341661	0.145410582188835
0.165111911829537	0.143441899962046
0.165591888317414	0.141410832495728
0.16607186480529	0.139325028293558
0.166551841293167	0.137191252903305
0.167031817781043	0.135015076950788
0.16751179426892	0.132800781856231
0.167991770756796	0.130551471671479
0.168471747244673	0.128269275351134
0.16895172373255	0.125955773364664
0.169431700220426	0.12361247483219
0.169911676708303	0.121241177846928
0.170391653196179	0.118844329887438
0.170871629684056	0.116425477956103
0.171351606171932	0.113989486839248
0.171831582659809	0.111542602856284
0.172311559147686	0.109092414906442
0.172791535635562	0.106647706534124
0.173271512123439	0.104218257776264
0.173751488611315	0.10181471024351
0.174231465099192	0.09944836364356
0.174711441587068	0.0971309630341504
0.175191418074945	0.0948745149810828
0.175671394562821	0.0926910585203935
0.176151371050698	0.0905922941269811
0.176631347538575	0.088589213258125
0.177111324026451	0.0866917306288359
0.177591300514328	0.08490841472165
0.178071277002204	0.0832463016720033
0.178551253490081	0.0817108795844151
0.179031229977957	0.0803062493842192
0.179511206465834	0.0790353991920316
0.179991182953711	0.0779004468269912
0.180471159441587	0.0769028427452908
0.180951135929464	0.0760435205264944
0.18143111241734	0.0753229775349613
0.181911088905217	0.0747413024145468
0.182391065393093	0.0742981200117935
0.18287104188097	0.0739924338340778
0.183351018368846	0.0738224822822068
0.183830994856723	0.0737856061858888
0.1843109713446	0.0738781243709631
0.184790947832476	0.0740953592556072
0.185270924320353	0.0744318670484165
0.185750900808229	0.0748818038696021
0.186230877296106	0.0754391960749162
0.186710853783982	0.0760980883590766
0.187190830271859	0.0768525062207521
0.187670806759735	0.0776961760232643
0.188150783247612	0.0786221530087658
0.188630759735489	0.0796225443857245
0.189110736223365	0.080688380477324
0.189590712711242	0.0818097439272873
0.190070689199118	0.0829761960340096
0.190550665686995	0.0841773179522045
0.191030642174871	0.0854032967526505
0.191510618662748	0.0866454008136175
0.191990595150625	0.0878961648356584
0.192470571638501	0.0891492395566663
0.192950548126378	0.0903989998895737
0.193430524614254	0.0916399869279134
0.193910501102131	0.0928664248858944
0.194390477590007	0.0940720681711817
0.194870454077884	0.095250397409524
0.19535043056576	0.0963950956802934
0.195830407053637	0.0975006812519038
0.196310383541514	0.0985629431963761
0.19679036002939	0.099579034899208
0.197270336517267	0.100547307287826
0.197750313005143	0.101466909182426
0.19823028949302	0.102337419524871
0.198710265980896	0.103158865402059
0.199190242468773	0.103932062060571
0.19967021895665	0.104659069985256
0.200150195444526	0.105343734850664
0.200630171932403	0.105992025424988
0.201110148420279	0.106611939462722
0.201590124908156	0.107213044443053
0.202070101396032	0.107805808436801
0.202550077883909	0.108400829677885
0.203030054371785	0.109008212291524
0.203510030859662	0.10963728963991
0.203990007347539	0.110296559360839
0.204469983835415	0.110993728778098
0.204949960323292	0.111735855405917
0.205429936811168	0.112529394039326
0.205909913299045	0.113379980478593
0.206389889786921	0.114292161643865
0.206869866274798	0.115269074896534
0.207349842762675	0.116312081111681
0.207829819250551	0.117420541934582
0.208309795738428	0.118591891483592
0.208789772226304	0.119821859183294
0.209269748714181	0.121104716395821
0.209749725202057	0.122433562129116
0.210229701689934	0.12380061797435
0.21070967817781	0.125197482575881
0.211189654665687	0.126615412654416
0.211669631153564	0.128045746522196
0.21214960764144	0.129480350278528
0.212629584129317	0.130912023058116
0.213109560617193	0.132334743968012
0.21358953710507	0.133743770047089
0.214069513592946	0.135135486327916
0.214549490080823	0.13650714484004
0.2150294665687	0.137856486353886
0.215509443056576	0.13918128909279
0.215989419544453	0.140478844299697
0.216469396032329	0.141745669425867
0.216949372520206	0.142977282847225
0.217429349008082	0.144168107005665
0.217909325495959	0.145311541726423
0.218389301983835	0.14640028728412
0.218869278471712	0.147426719406537
0.219349254959589	0.14838343303297
0.219829231447465	0.149263796180586
0.220309207935342	0.150062418234296
0.220789184423218	0.150775412701481
0.221269160911095	0.15140055741359
0.221749137398971	0.151937236389616
0.222229113886848	0.152386281105754
0.222709090374724	0.152749826953933
0.223189066862601	0.153031223422587
0.223669043350478	0.15323485066026
0.224149019838354	0.153365974439992
0.224628996326231	0.153430541886226
0.225108972814107	0.153434889091057
0.225588949301984	0.153385372934999
0.22606892578986	0.15328804618072
0.226548902277737	0.153148375228202
0.227028878765614	0.152971106714701
0.22750885525349	0.152760313706786
0.227988831741367	0.152519589314554
0.228468808229243	0.152252280118763
0.22894878471712	0.151961772204959
0.229428761204996	0.15165172687536
0.229908737692873	0.151326144990852
0.230388714180749	0.150989280931517
0.230868690668626	0.150645522839918
0.231348667156503	0.15029923041992
0.231828643644379	0.149954659466066
0.232308620132256	0.149615983395838
0.232788596620132	0.149287391115774
0.233268573108009	0.148973130724645
0.233748549595885	0.148677490210871
0.234228526083762	0.148404697363252
0.234708502571638	0.148158778637143
0.235188479059515	0.147943374274206
0.235668455547392	0.147761600393918
0.236148432035268	0.147615912409772
0.236628408523145	0.14750797956772
0.237108385011021	0.14743857356982
0.237588361498898	0.147407518629268
0.238068337986774	0.147413657808059
0.238548314474651	0.147454940106351
0.239028290962528	0.147528638490897
0.239508267450404	0.147631744234992
0.239988243938281	0.147761414227632
0.240468220426157	0.147915353344447
0.240948196914034	0.148091879593121
0.24142817340191	0.14828968438201
0.241908149889787	0.148507358117792
0.242388126377663	0.148742820838433
0.24286810286554	0.148992873217742
0.243348079353417	0.149253078005161
0.243828055841293	0.149517948311625
0.24430803232917	0.149781407729364
0.244788008817046	0.150037320886469
0.245267985304923	0.150279895112833
0.245747961792799	0.150503869648747
0.246227938280676	0.150704533730393
0.246707914768553	0.150877564997274
0.247187891256429	0.151018855537938
0.247667867744306	0.151124507950453
0.248147844232182	0.151191076707155
0.248627820720059	0.151215886086948
0.249107797207935	0.151197415988717
0.249587773695812	0.151135567031691
0.250067750183688	0.151031696228051
0.250547726671565	0.150888423683644
0.251027703159442	0.150709361845602
0.251507679647318	0.150498681235259
0.251987656135195	0.150260704029538
0.252467632623071	0.149999548774062
0.252947609110948	0.149718848022578
0.253427585598824	0.149421494816403
0.253907562086701	0.149109500778145
0.254387538574578	0.148783922706539
0.254867515062454	0.148444927248691
0.255347491550331	0.14809197851762
0.255827468038207	0.147724241071093
0.256307444526084	0.147340944617005
0.25678742101396	0.146941620251828
0.257267397501837	0.14652614148627
0.257747373989713	0.14609464200388
0.25822735047759	0.145647229155741
0.258707326965467	0.145183675617428
0.259187303453343	0.144703297527273
0.25966727994122	0.144205122830983
0.260147256429096	0.143688203499401
0.260627232916973	0.143152074116334
0.261107209404849	0.142597216496691
0.261587185892726	0.142025379497924
0.262067162380603	0.141439738765847
0.262547138868479	0.140844960052489
0.263027115356356	0.140247154478624
0.263507091844232	0.139653827835395
0.263987068332109	0.139073870341113
0.264467044819985	0.138517432849284
0.264947021307862	0.137995646112508
0.265426997795738	0.137520214183653
0.265906974283615	0.137102893529026
0.266386950771492	0.136754869341448
0.266866927259368	0.136486192918194
0.267346903747245	0.136305374798907
0.267826880235121	0.136219132194495
0.268306856722998	0.136232316115309
0.268786833210874	0.136348042645516
0.269266809698751	0.13656790211625
0.269746786186628	0.13689221073866
0.270226762674504	0.137320267502779
0.270706739162381	0.137850556554695
0.271186715650257	0.138480873285136
0.271666692138134	0.139208462173831
0.27214666862601	0.140030136384424
0.272626645113887	0.14094237727508
0.273106621601763	0.141941405672512
0.27358659808964	0.143023204856053
0.274066574577517	0.144183536967593
0.274546551065393	0.145417749831852
0.27502652755327	0.146720274948269
0.275506504041146	0.148084035676143
0.275986480529023	0.149499895758492
0.276466457016899	0.150956205955012
0.276946433504776	0.152438748138764
0.277426409992653	0.153931215484576
0.277906386480529	0.155415948994653
0.278386362968406	0.15687485573045
0.278866339456282	0.158290379728095
0.279346315944159	0.159646203499559
0.279826292432035	0.160927640731646
0.280306268919912	0.16212187514672
0.280786245407788	0.163217999059295
0.281266221895665	0.164206892199103
0.281746198383542	0.165081175895636
0.282226174871418	0.165835199891392
0.282706151359295	0.166465011819562
0.283186127847171	0.166968421371596
0.283666104335048	0.167345103038608
0.284146080822924	0.16759660614381
0.284626057310801	0.167726285788062
0.285106033798677	0.167739176446527
0.285586010286554	0.167641631124499
0.286065986774431	0.167440783184547
0.286545963262307	0.167144006310386
0.287025939750184	0.166758459809639
0.28750591623806	0.166290754987652
0.287985892725937	0.165746883191579
0.288465869213813	0.165132363079861
0.28894584570169	0.164452566280686
0.289425822189567	0.163713159349038
0.289905798677443	0.162920472036857
0.29038577516532	0.162081637240217
0.290865751653196	0.161204506978803
0.291345728141073	0.160297380622486
0.291825704628949	0.159368458030079
0.292305681116826	0.158425194172551
0.292785657604702	0.157473808091863
0.293265634092579	0.156519145192263
0.293745610580456	0.155564818785564
0.294225587068332	0.15461359041228
0.294705563556209	0.153667758119146
0.295185540044085	0.152729479874406
0.295665516531962	0.151800829517517
0.296145493019838	0.150883646087827
0.296625469507715	0.149979259463603
0.297105445995591	0.149088333266457
0.297585422483468	0.148210799244167
0.298065398971345	0.147345969963618
0.298545375459221	0.146492591865968
0.299025351947098	0.145648889920366
0.299505328434974	0.144812584543903
0.299985304922851	0.143980884402648
0.300465281410727	0.143150440266481
0.300945257898604	0.142317478071593
0.301425234386481	0.141478063245891
0.301905210874357	0.140628431635137
0.302385187362234	0.139765340285773
0.30286516385011	0.138886362790739
0.303345140337987	0.1379899923192
0.303825116825863	0.13707563804961
0.30430509331374	0.136143665059218
0.304785069801616	0.135195338277827
0.305265046289493	0.134232657587144
0.30574502277737	0.133258200389346
0.306224999265246	0.132274934714444
0.306704975753123	0.131286015525875
0.307184952240999	0.130294580982992
0.307664928728876	0.129303569598654
0.308144905216752	0.128315593061189
0.308624881704629	0.127332892697969
0.309104858192506	0.126357332323381
0.309584834680382	0.125390428183448
0.310064811168259	0.124433476962273
0.310544787656135	0.123487818544792
0.311024764144012	0.122555109527495
0.311504740631888	0.121637569883548
0.311984717119765	0.12073821670585
0.312464693607641	0.119861131147244
0.312944670095518	0.119011533408729
0.313424646583395	0.118195653179278
0.313904623071271	0.117420342050641
0.314384599559148	0.116692543283894
0.314864576047024	0.116018614059527
0.315344552534901	0.115403709524337
0.315824529022777	0.114851289220426
0.316304505510654	0.114362940340135
0.31678448199853	0.113938477274625
0.317264458486407	0.11357627595011
0.317744434974284	0.113273637015742
0.31822441146216	0.113027182776186
0.318704387950037	0.112833133135882
0.319184364437913	0.112687506168444
0.31966434092579	0.112586220999149
0.320144317413666	0.112525250739086
0.320624293901543	0.112500865026065
0.32110427038942	0.112510001271827
0.321584246877296	0.112550489628714
0.322064223365173	0.112621106801491
0.322544199853049	0.11272147363808
0.323024176340926	0.112851791963201
0.323504152828802	0.113012412408046
0.323984129316679	0.113203463870881
0.324464105804555	0.113424570914743
0.324944082292432	0.113674673622918
0.325424058780309	0.113951993057943
0.325904035268185	0.11425418282244
0.326384011756062	0.114578457861563
0.326863988243938	0.114921709036442
0.327343964731815	0.115280657727789
0.327823941219691	0.11565191251863
0.328303917707568	0.116031865559647
0.328783894195445	0.11641665454056
0.329263870683321	0.11680218637246
0.329743847171198	0.117184158966409
0.330223823659074	0.117558204116798
0.330703800146951	0.117920210972315
0.331183776634827	0.118266614343718
0.331663753122704	0.118594645817414
0.33214372961058	0.11890256707629
0.332623706098457	0.119189796693074
0.333103682586334	0.119456867802098
0.33358365907421	0.119705317244386
0.334063635562087	0.119937367386216
0.334543612049963	0.120155406432847
0.33502358853784	0.120361425660999
0.335503565025716	0.12055653601641
0.335983541513593	0.120740514444358
0.33646351800147	0.12091157677072
0.336943494489346	0.121066457309766
0.337423470977223	0.121200786213647
0.337903447465099	0.121309659020105
0.338383423952976	0.121388366668031
0.338863400440852	0.121432977433303
0.339343376928729	0.121440670363207
0.339823353416605	0.121409759981894
0.340303329904482	0.121339427915247
0.340783306392359	0.121229248178983
0.341263282880235	0.121078809305202
0.341743259368112	0.120887512921121
0.342223235855988	0.120654508351144
0.342703212343865	0.120378709878824
0.343183188831741	0.120058909168496
0.343663165319618	0.119693844904453
0.344143141807495	0.119282079358585
0.344623118295371	0.118821739350369
0.345103094783248	0.118310249374354
0.345583071271124	0.117744208381862
0.346063047759001	0.117119555863562
0.346543024246877	0.116431982237302
0.347023000734754	0.115677407828699
0.34750297722263	0.114852393281844
0.347982953710507	0.113954456270726
0.348462930198384	0.112982195364588
0.34894290668626	0.111935219686181
0.349422883174137	0.110814082330645
0.349902859662013	0.109620368078595
0.35038283614989	0.108356813935228
0.350862812637766	0.107027454623934
0.351342789125643	0.105637816071534
0.351822765613519	0.104194989397432
0.352302742101396	0.102707497555996
0.352782718589273	0.101185087771302
0.353262695077149	0.0996384180952284
0.353742671565026	0.0980787625837696
0.354222648052902	0.0965176604210897
0.354702624540779	0.0949665231149098
0.355182601028655	0.0934361167398021
0.355662577516532	0.0919360797783969
0.356142554004409	0.0904744937158536
0.356622530492285	0.0890576236017507
0.357102506980162	0.0876899049829496
0.357582483468038	0.0863742560930463
0.358062459955915	0.0851125358240136
0.358542436443791	0.0839060555853383
0.359022412931668	0.0827559904542585
0.359502389419544	0.081663665028968
0.359982365907421	0.0806305748277768
0.360462342395298	0.0796582145207593
0.360942318883174	0.0787477603522263
0.361422295371051	0.0778998335073567
0.361902271858927	0.0771142885211093
0.362382248346804	0.0763901230542514
0.36286222483468	0.0757255187697466
0.363342201322557	0.0751179864815615
0.363822177810434	0.0745645909441945
0.36430215429831	0.0740622132912291
0.364782130786187	0.0736077255801372
0.365262107274063	0.0731981013497059
0.36574208376194	0.0728304576296249
0.366222060249816	0.0725020186822412
0.366702036737693	0.0722100230408567
0.367182013225569	0.0719516884508827
0.367661989713446	0.071724199991027
0.368141966201323	0.0715247180164539
0.368621942689199	0.0713504115696038
0.369101919177076	0.0711985430071351
0.369581895664952	0.0710666195762559
0.370061872152829	0.0709525002198308
0.370541848640705	0.0708544517762253
0.371021825128582	0.070771193791155
0.371501801616459	0.0707019802212469
0.371981778104335	0.0706468074312019
0.372461754592212	0.0706066852214779
0.372941731080088	0.0705838119628251
0.373421707567965	0.0705816013175908
0.373901684055841	0.0706045267483399
0.374381660543718	0.0706576810441229
0.374861637031594	0.0707461793412427
0.375341613519471	0.0708746931434552
0.375821590007348	0.0710471134942747
0.376301566495224	0.0712663889488814
0.376781542983101	0.0715345905917879
0.377261519470977	0.0718530501313092
0.377741495958854	0.0722223887658843
0.37822147244673	0.0726425141203748
0.378701448934607	0.0731125478685623
0.379181425422484	0.0736306564133611
0.37966140191036	0.0741940163107279
0.380141378398237	0.0747989655743131
0.380621354886113	0.0754411698177605
0.38110133137399	0.0761157817305579
0.381581307861866	0.0768175744642938
0.382061284349743	0.0775410142915003
0.382541260837619	0.0782802801679946
0.383021237325496	0.0790293243520696
0.383501213813373	0.0797819683658136
0.383981190301249	0.0805320569736001
0.384461166789126	0.081273600621607
0.384941143277002	0.082000830064397
0.385421119764879	0.0827081093085622
0.385901096252755	0.0833897373727988
0.386381072740632	0.0840396710439809
0.386861049228508	0.0846513125725969
0.387341025716385	0.0852175207307127
0.387821002204262	0.0857308335810186
0.388300978692138	0.0861838750259616
0.388780955180015	0.0865699092615304
0.389260931667891	0.0868834059209531
0.389740908155768	0.0871203525826608
0.390220884643644	0.0872783277674692
0.390700861131521	0.0873563895478522
0.391180837619398	0.0873547932960592
0.391660814107274	0.0872746826474191
0.392140790595151	0.0871180167687585
0.392620767083027	0.0868875021749472
0.393100743570904	0.0865864752174751
0.39358072005878	0.0862187879144694
0.394060696546657	0.085788684421889
0.394540673034533	0.0853005558356649
0.39502064952241	0.0847588178859692
0.395500626010287	0.0841679326954506
0.395980602498163	0.0835325484351771
0.39646057898604	0.0828576329799909
0.396940555473916	0.0821485902706138
0.397420531961793	0.081411213408332
0.397900508449669	0.080651510988092
0.398380484937546	0.0798754104888492
0.398860461425423	0.0790884505621947
0.399340437913299	0.0782955321312559
0.399820414401176	0.0775008611340249
0.400300390889052	0.0767080803321309
0.400780367376929	0.0759204260312875
0.401260343864805	0.0751407501632455
0.401740320352682	0.0743714308437614
0.402220296840558	0.0736142797874234
0.402700273328435	0.0728704005078617
0.403180249816312	0.0721400914621515
0.403660226304188	0.0714229072646043
0.404140202792065	0.0707178348816624
0.404620179279941	0.070023547491539
0.405100155767818	0.0693386798144259
0.405580132255694	0.0686620078860923
0.406060108743571	0.0679925581916763
0.406540085231447	0.0673296664829145
0.407020061719324	0.0666729989328073
0.407500038207201	0.066022457267419
0.407980014695077	0.0653780757010798
0.408459991182954	0.0647399299330794
0.40893996767083	0.0641080655023051
0.409419944158707	0.0634823418744383
0.409899920646583	0.0628623454011575
0.41037989713446	0.0622474633047121
0.410859873622337	0.0616369927615636
0.411339850110213	0.0610302477220055
0.41181982659809	0.0604267429079563
0.412299803085966	0.0598263247711241
0.412779779573843	0.059229221604133
0.413259756061719	0.0586361220620184
0.413739732549596	0.058048278500084
0.414219709037472	0.0574675954931318
0.414699685525349	0.0568967512300031
0.415179662013226	0.0563392951319441
0.415659638501102	0.0557995981347282
0.416139614988979	0.0552825780679273
0.416619591476855	0.0547932788116673
0.417099567964732	0.0543363982073667
0.417579544452608	0.0539158153259362
0.418059520940485	0.0535342573739244
0.418539497428361	0.0531932453606881
0.419019473916238	0.0528932931005723
0.419499450404115	0.0526342034314967
0.419979426891991	0.0524154319228989
0.420459403379868	0.0522364589454761
0.420939379867744	0.0520970320680829
0.421419356355621	0.0519972169412295
0.421899332843497	0.0519372879750822
0.422379309331374	0.0519174992526179
0.422859285819251	0.0519377031561143
0.423339262307127	0.0519969734513445
0.423819238795004	0.0520933909061251
0.42429921528288	0.0522240144176417
0.424779191770757	0.0523850041464831
0.425259168258633	0.0525719906807231
0.42573914474651	0.052780503992806
0.426219121234386	0.0530062446454767
0.426699097722263	0.0532452290830945
0.42717907421014	0.0534938526828401
0.427659050698016	0.0537487867682998
0.428139027185893	0.0540069304172399
0.428619003673769	0.0542654620539193
0.429098980161646	0.0545219172806105
0.429578956649522	0.0547742819161939
0.430058933137399	0.0550211414238111
0.430538909625276	0.0552616903834386
0.431018886113152	0.0554957420695982
0.431498862601029	0.0557239065600207
0.431978839088905	0.0559477909395388
0.432458815576782	0.0561700770188112
0.432938792064658	0.056394564554062
0.433418768552535	0.0566260708948694
0.433898745040411	0.0568700627102778
0.434378721528288	0.05713213263137
0.434858698016165	0.0574175065009065
0.435338674504041	0.0577306396502321
0.435818650991918	0.0580750075839936
0.436298627479794	0.0584531731968645
0.436778603967671	0.0588670052791963
0.437258580455547	0.0593179515006318
0.437738556943424	0.0598072855260547
0.438218533431301	0.0603362782873043
0.438698509919177	0.0609061781982702
0.439178486407054	0.061518164306078
0.43965846289493	0.0621733877776044
0.440138439382807	0.062873027754735
0.440618415870683	0.0636183273439256
0.44109839235856	0.0644107203345841
0.441578368846436	0.0652520177746023
0.442058345334313	0.0661444607638043
0.44253832182219	0.0670906262802707
0.443018298310066	0.0680931613933531
0.443498274797943	0.0691543771548489
0.443978251285819	0.0702757555839464
0.444458227773696	0.0714575469507053
0.444938204261572	0.0726985067170372
0.445418180749449	0.0739958814149052
0.445898157237326	0.0753456413227781
0.446378133725202	0.0767428720160846
0.446858110213079	0.0781821657031874
0.447338086700955	0.0796580546066319
0.447818063188832	0.081165317333506
0.448298039676708	0.082699128525848
0.448778016164585	0.0842550638845475
0.449257992652461	0.0858290762899796
0.449737969140338	0.0874174626017638
0.450217945628215	0.0890168119306487
0.450697922116091	0.0906239108671931
0.451177898603968	0.0922356446570813
0.451657875091844	0.0938489457146628
0.452137851579721	0.0954606975221594
0.452617828067597	0.0970676915364399
0.453097804555474	0.0986666492114212
0.453577781043351	0.100254288032395
0.454057757531227	0.101827413031037
0.454537734019104	0.103383004836797
0.45501771050698	0.104918129195291
0.455497686994857	0.106429759332612
0.455977663482733	0.10791460132761
0.45645763997061	0.109368924913056
0.456937616458486	0.110788465232378
0.457417592946363	0.112168670705236
0.45789756943424	0.113505113662129
0.458377545922116	0.114793913287935
0.458857522409993	0.116032100191055
0.459337498897869	0.117217842035084
0.459817475385746	0.118350382317909
0.460297451873622	0.119429836957664
0.460777428361499	0.120456916239023
0.461257404849375	0.12143261384717
0.461737381337252	0.122358036136933
0.462217357825129	0.123234441575256
0.462697334313005	0.124063320749232
0.463177310800882	0.124846498270957
0.463657287288758	0.125586142466913
0.464137263776635	0.126284649112309
0.464617240264511	0.126944428103399
0.465097216752388	0.127567707196061
0.465577193240265	0.128156352351064
0.466057169728141	0.128711817371725
0.466537146216018	0.129235243115994
0.467017122703894	0.129727711102037
0.467497099191771	0.130190567427478
0.467977075679647	0.130625658522178
0.468457052167524	0.131035352834591
0.4689370286554	0.131422391637175
0.469417005143277	0.13178957360401
0.469896981631154	0.132139363511452
0.47037695811903	0.132473586877217
0.470856934606907	0.132793339206575
0.471336911094783	0.133099076642206
0.47181688758266	0.13339085099098
0.472296864070536	0.133668579157226
0.472776840558413	0.133932147652509
0.47325681704629	0.134181375774013
0.473736793534166	0.13441585808629
0.474216770022043	0.134634714605905
0.474696746509919	0.134836350130217
0.475176722997796	0.13501840312724
0.475656699485672	0.135177846675725
0.476136675973549	0.135311195787194
0.476616652461425	0.135414780024001
0.477096628949302	0.135485040445754
0.477576605437179	0.135518723760715
0.478056581925055	0.135512999811739
0.478536558412932	0.135465508733841
0.479016534900808	0.135374340091809
0.479496511388685	0.135237960173904
0.479976487876561	0.135055226837959
0.480456464364438	0.134825479775709
0.480936440852315	0.134548583812298
0.481416417340191	0.134224937714952
0.481896393828068	0.133855542495277
0.482376370315944	0.133442067283792
0.482856346803821	0.132986791486252
0.483336323291697	0.132492413755509
0.483816299779574	0.131961752053659
0.48429627626745	0.131397322360916
0.484776252755327	0.130800910264357
0.485256229243204	0.130173284740251
0.48573620573108	0.129514157865803
0.486216182218957	0.128822370173235
0.486696158706833	0.128096189379509
0.48717613519471	0.127333601769875
0.487656111682586	0.126532494336651
0.488136088170463	0.125690712029042
0.488616064658339	0.124806080468696
0.489096041146216	0.123876503039115
0.489576017634093	0.12290011715597
0.490055994121969	0.121875620620882
0.490535970609846	0.120802693760921
0.491015947097722	0.119682278106924
0.491495923585599	0.118516604170923
0.491975900073475	0.11730899674431
0.492455876561352	0.116063449911461
0.492935853049228	0.114784140156265
0.493415829537105	0.113475074025676
0.493895806024982	0.112139935968057
0.494375782512858	0.110782121064848
0.494855759000735	0.109404959859667
0.495335735488611	0.108011986539527
0.495815711976488	0.106607226284168
0.496295688464364	0.105195487429947
0.496775664952241	0.103782497996797
0.497255641440118	0.102374765601075
0.497735617927994	0.10097933180717
0.498215594415871	0.0996035175273735
0.498695570903747	0.0982545037350953
0.499175547391624	0.0969388611439847
0.4996555238795	0.0956621744473194
0.500135500367377	0.0944287745297806
0.500615476855254	0.0932415303080215
0.50109545334313	0.0921018838590734
0.501575429831007	0.09101014530309
0.502055406318883	0.0899659449557317
0.50253538280676	0.0889688604777219
0.503015359294636	0.0880191537869072
0.503495335782513	0.0871182112446056
0.503975312270389	0.0862686956555053
0.504455288758266	0.0854745534823817
0.504935265246143	0.084740844939907
0.505415241734019	0.0840733078194772
0.505895218221896	0.0834780477979298
0.506375194709772	0.0829613830159816
0.506855171197649	0.0825296796703333
0.507335147685525	0.0821890471491613
0.507815124173402	0.0819449855782071
0.508295100661278	0.0818019218058729
0.508775077149155	0.0817627919929129
0.509255053637032	0.0818288163299907
0.509735030124908	0.0819995597315013
0.510215006612785	0.0822731861514838
0.510694983100661	0.0826469682303846
0.511174959588538	0.0831178496391138
0.511654936076414	0.0836828862567858
0.512134912564291	0.084339460606813
0.512614889052168	0.0850853593391926
0.513094865540044	0.0859187201326318
0.513574842027921	0.0868379783646217
0.514054818515797	0.087841772938018
0.514534795003674	0.0889288359756395
0.51501477149155	0.0900978656176094
0.515494747979427	0.0913473842310389
0.515974724467303	0.0926754561110753
0.51645470095518	0.0940793913913284
0.516934677443057	0.0955555254083666
0.517414653930933	0.0970991044962791
0.51789463041881	0.0987043149657303
0.518374606906686	0.100364589471357
0.518854583394563	0.102073132953231
0.519334559882439	0.103823559616785
0.519814536370316	0.105610480318948
0.520294512858193	0.107429950342256
0.520774489346069	0.109279521104008
0.521254465833946	0.111157952693894
0.521734442321822	0.113064680165619
0.522214418809699	0.114999193616548
0.522694395297575	0.116960440206306
0.523174371785452	0.118946581543566
0.523654348273328	0.120955047597929
0.524134324761205	0.122982741389237
0.524614301249082	0.125026309379724
0.525094277736958	0.127082470183599
0.525574254224835	0.129148124067447
0.526054230712711	0.131220252029669
0.526534207200588	0.13329566152359
0.527014183688464	0.135370678269156
0.527494160176341	0.137440802649665
0.527974136664217	0.13950054222662
0.528454113152094	0.141543390675478
0.528934089639971	0.143562055997687
0.529414066127847	0.145548953430465
0.529894042615724	0.147496907931208
0.5303740191036	0.149399678402336
0.530853995591477	0.151252270950463
0.531333972079353	0.153050970465765
0.53181394856723	0.154793098545205
0.532293925055107	0.156476514602102
0.532773901542983	0.158099121002403
0.53325387803086	0.159658517286113
0.533733854518736	0.161151910806857
0.534213831006613	0.16257628668575
0.534693807494489	0.16392867933025
0.535173783982366	0.165206450582402
0.535653760470242	0.166407506585078
0.536133736958119	0.167530397950553
0.536613713445996	0.168574248641872
0.537093689933872	0.169538601268833
0.537573666421749	0.170423267118286
0.538053642909625	0.171228271105646
0.538533619397502	0.171953890385554
0.539013595885378	0.172600749884859
0.539493572373255	0.173169914072704
0.539973548861131	0.17366309892005
0.540453525349008	0.174082870627288
0.540933501836885	0.174432691344035
0.541413478324761	0.174716792749426
0.541893454812638	0.174939958171801
0.542373431300514	0.175107178487901
0.542853407788391	0.175223257114195
0.543333384276267	0.17529247294005
0.543813360764144	0.175318359238938
0.544293337252021	0.17530363940109
0.544773313739897	0.175250238733195
0.545253290227774	0.175159373510089
0.54573326671565	0.175031617165132
0.546213243203527	0.174866938543972
0.546693219691403	0.17466470237064
0.54717319617928	0.17442374119945
0.547653172667157	0.174142526770168
0.548133149155033	0.1738194200803
0.54861312564291	0.173452942058431
0.549093102130786	0.173042019957946
0.549573078618663	0.172586090794055
0.550053055106539	0.17208496506977
0.550533031594416	0.171538596063795
0.551013008082292	0.170946834234122
0.551492984570169	0.170309257772464
0.551972961058045	0.16962527245453
0.552452937545922	0.168894456576639
0.552932914033799	0.168116867852891
0.553412890521675	0.167293259506413
0.553892867009552	0.166425154964253
0.554372843497428	0.165514657845683
0.554852819985305	0.164563999663833
0.555332796473181	0.163575144487222
0.555812772961058	0.16254950359058
0.556292749448935	0.161487793731363
0.556772725936811	0.160390091972229
0.557252702424688	0.159256066734619
0.557732678912564	0.158085262099771
0.558212655400441	0.156877322149404
0.558692631888317	0.155632000944346
0.559172608376194	0.154348959433483
0.559652584864071	0.153027512674544
0.560132561351947	0.151666421680787
0.560612537839824	0.15026383278932
0.5610925143277	0.148817518179058
0.561572490815577	0.147325294111206
0.562052467303453	0.145785548202781
0.56253244379133	0.144197705546671
0.563012420279206	0.142562456191971
0.563492396767083	0.140881647248823
0.56397237325496	0.139158016147036
0.564452349742836	0.137394848351019
0.564932326230713	0.135595761389007
0.565412302718589	0.133764681809897
0.565892279206466	0.131906042197891
0.566372255694342	0.130025020793043
0.566852232182219	0.128127630628042
0.567332208670096	0.126220509442317
0.567812185157972	0.124310566029779
0.568292161645849	0.122404555918933
0.568772138133725	0.12050872052049
0.569252114621602	0.118628655432395
0.569732091109478	0.116769508554565
0.570212067597355	0.114936353239609
0.570692044085231	0.113134574652616
0.571172020573108	0.111370160180077
0.571651997060985	0.109649730732312
0.572131973548861	0.107980331434307
0.572611950036738	0.106369071857121
0.573091926524614	0.10482272275214
0.573571903012491	0.10334734596198
0.574051879500367	0.101948099373604
0.574531855988244	0.100629201887294
0.57501183247612	0.09939402313066
0.575491808963997	0.0982451726795205
0.575971785451874	0.0971845853671045
0.57645176193975	0.0962135867062295
0.576931738427627	0.0953329149750524
0.577411714915503	0.0945427113958849
0.57789169140338	0.093842605747829
0.578371667891256	0.0932319299102366
0.578851644379133	0.0927099634525222
0.57933162086701	0.0922760605739096
0.579811597354886	0.0919295490732083
0.580291573842763	0.0916694579600379
0.580771550330639	0.091494156128289
0.581251526818516	0.091400965031714
0.581731503306392	0.0913858121435088
0.582211479794269	0.0914431088282801
0.582691456282145	0.091565892811007
0.583171432770022	0.0917461907718054
0.583651409257899	0.0919755674961342
0.584131385745775	0.0922457845089208
0.584611362233652	0.0925493520444772
0.585091338721528	0.0928798301219082
0.585571315209405	0.093231845280799
0.586051291697281	0.0936007980884509
0.586531268185158	0.0939824099156975
0.587011244673035	0.0943724223517348
0.587491221160911	0.0947663670992314
0.587971197648788	0.09515942493827
0.588451174136664	0.0955464298757418
0.588931150624541	0.0959220006558012
0.589411127112417	0.0962806169611941
0.589891103600294	0.0966166275162049
0.590371080088171	0.0969241952262239
0.590851056576047	0.0971972809454755
0.591331033063924	0.0974297627343716
0.5918110095518	0.0976156995995027
0.592290986039677	0.0977496707827075
0.592770962527553	0.0978271586217785
0.59325093901543	0.0978448455220609
0.593730915503306	0.0978008490037407
0.594210891991183	0.0976949859065087
0.594690868479059	0.0975289711639397
0.595170844966936	0.0973063876288569
0.595650821454813	0.0970325194700779
0.596130797942689	0.0967140562765794
0.596610774430566	0.0963585496672503
0.597090750918442	0.0959738339623281
0.597570727406319	0.0955675773859085
0.598050703894195	0.0951468915564019
0.598530680382072	0.0947179949849181
0.599010656869949	0.0942860314739102
0.599490633357825	0.0938549806400561
0.599970609845702	0.0934276493449351
0.600450586333578	0.0930059403003559
0.600930562821455	0.0925913034041885
0.601410539309331	0.0921851008378469
0.601890515797208	0.0917889481188034
0.602370492285085	0.0914050281318955
0.602850468772961	0.0910361455139912
0.603330445260838	0.090685600528122
0.603810421748714	0.0903571626949613
0.604290398236591	0.0900551778547717
0.604770374724467	0.0897846628527788
0.605250351212344	0.0895514282986257
0.60573032770022	0.0893620559211093
0.606210304188097	0.089223594097932
0.606690280675974	0.0891430815844774
0.60717025716385	0.0891270530913879
0.607650233651727	0.0891810887241567
0.608130210139603	0.0893095663373582
0.60861018662748	0.0895157134920331
0.609090163115356	0.089801792527913
0.609570139603233	0.0901692845461015
0.610050116091109	0.0906190648112041
0.610530092578986	0.0911515189099494
0.611010069066863	0.0917665566430905
0.611490045554739	0.0924636081941546
0.611970022042616	0.0932416730205078
0.612449998530492	0.0940993787498973
0.612929975018369	0.0950350518537565
0.613409951506245	0.0960468306528753
0.613889927994122	0.0971327204011906
0.614369904481999	0.0982905744164531
0.614849880969875	0.0995180167298382
0.615329857457752	0.100812298283325
0.615809833945628	0.102170049068158
0.616289810433505	0.103587042225463
0.616769786921381	0.10505802910794
0.617249763409258	0.106576670389113
0.617729739897134	0.108135589058136
0.618209716385011	0.109726553836742
0.618689692872888	0.111340682257514
0.619169669360764	0.112968654220196
0.619649645848641	0.114600917768092
0.620129622336517	0.116227846004812
0.620609598824394	0.117839824860488
0.62108957531227	0.119427380012494
0.621569551800147	0.120981325418523
0.622049528288024	0.122492918533948
0.6225295047759	0.123954040072524
0.623009481263777	0.125357460399614
0.623489457751653	0.126697125704685
0.62396943423953	0.127968335312142
0.624449410727406	0.129167676126122
0.624929387215283	0.130292720721344
0.625409363703159	0.131341500475845
0.625889340191036	0.132311882256325
0.626369316678913	0.133201044207093
0.626849293166789	0.134005259194711
0.627329269654666	0.134720063641621
0.627809246142542	0.135340843572979
0.628289222630419	0.135863571787538
0.628769199118295	0.136285479091671
0.629249175606172	0.136605403533892
0.629729152094048	0.136823804939114
0.630209128581925	0.13694246165565
0.630689105069802	0.136963983392424
0.631169081557678	0.13689131056514
0.631649058045555	0.136727474227706
0.632129034533431	0.136475650517947
0.632609011021308	0.136139213915336
0.633088987509184	0.135721741185951
0.633568963997061	0.135226994108962
0.634048940484938	0.134658755475747
0.634528916972814	0.134020510552256
0.635008893460691	0.133315221217063
0.635488869948567	0.132545233050275
0.635968846436444	0.131712331302929
0.63644882292432	0.130818029733408
0.636928799412197	0.129863957667149
0.637408775900073	0.128852057190934
0.63788875238795	0.127784722494408
0.638368728875827	0.126664848824127
0.638848705363703	0.125495733855381
0.63932868185158	0.124280860706525
0.639808658339456	0.123023795872494
0.640288634827333	0.121728151586537
0.640768611315209	0.120397581001328
0.641248587803086	0.11903580349419
0.641728564290962	0.117646668977808
0.642208540778839	0.116234278680281
0.642688517266716	0.114803048207121
0.643168493754592	0.113357696558128
0.643648470242469	0.111903181127834
0.644128446730345	0.110444462263495
0.644608423218222	0.108986096124957
0.645088399706098	0.10753182365315
0.645568376193975	0.106084241673367
0.646048352681852	0.104644621535379
0.646528329169728	0.103212942953285
0.647008305657605	0.101788172114335
0.647488282145481	0.100368593441866
0.647968258633358	0.098952073595723
0.648448235121234	0.0975361841463809
0.648928211609111	0.0961181647225812
0.649408188096988	0.0946947643561529
0.649888164584864	0.093262142856467
0.650368141072741	0.0918159236945231
0.650848117560617	0.0903514038083744
0.651328094048494	0.0888638973017589
0.65180807053637	0.0873491564308677
0.652288047024247	0.0858037369891193
0.652768023512123	0.0842252004046784
0.653248	0.0826121821808254
0.653727976487877	0.0809644186806647
0.654207952975753	0.0792827004816423
0.65468792946363	0.0775688263449231
0.655167905951506	0.0758256448831326
0.655647882439383	0.0740572129211141
0.656127858927259	0.0722689928370108
0.656607835415136	0.0704678505216745
0.657087811903013	0.0686618622807948
0.657567788390889	0.0668598570944644
0.658047764878766	0.0650706896790237
0.658527741366642	0.0633023997133197
0.659007717854519	0.0615616022225267
0.659487694342395	0.05985323752274
0.659967670830272	0.0581807588757549
0.660447647318148	0.0565466550975659
0.660927623806025	0.0549530954520722
0.661407600293902	0.0534024294976137
0.661887576781778	0.0518974825917376
0.662367553269655	0.0504415725915475
0.662847529757531	0.0490383568607057
0.663327506245408	0.0476916771700828
0.663807482733284	0.0464056155291632
0.664287459221161	0.0451847338787463
0.664767435709037	0.044034329867908
0.665247412196914	0.0429605357262914
0.665727388684791	0.041970248481275
0.666207365172667	0.0410708753586222
0.666687341660544	0.0402698848437987
0.66716731814842	0.0395742924581371
0.667647294636297	0.0389902171694128
0.668127271124173	0.0385225376994828
0.66860724761205	0.0381746799854775
0.669087224099927	0.0379485354012761
0.669567200587803	0.0378445094254702
0.67004717707568	0.0378617005214364
0.670527153563556	0.0379981637300893
0.671007130051433	0.0382511962111732
0.671487106539309	0.0386175815085025
0.671967083027186	0.0390937689898798
0.672447059515062	0.0396759937294142
0.672927036002939	0.0403603328298574
0.673407012490816	0.0411426822753909
0.673886988978692	0.0420186863093795
0.674366965466569	0.0429837356061549
0.674846941954445	0.0440330155349784
0.675326918442322	0.0451616075127386
0.675806894930198	0.0463645510537335
0.676286871418075	0.047636893852502
0.676766847905951	0.04897381842387
0.677246824393828	0.050370786181105
0.677726800881705	0.0518235601445972
0.678206777369581	0.0533281806642619
0.678686753857458	0.0548809147707663
0.679166730345334	0.0564781599879139
0.679646706833211	0.0581162741980317
0.680126683321087	0.0597914320086705
0.680606659808964	0.0614994901422851
0.681086636296841	0.0632359471420298
0.681566612784717	0.0649960090948155
0.682046589272594	0.0667746610833557
0.68252656576047	0.0685667399392759
0.683006542248347	0.0703670476032967
0.683486518736223	0.072170446365749
0.6839664952241	0.0739717866672224
0.684446471711976	0.0757657853944124
0.684926448199853	0.0775469973778413
0.68540642468773	0.0793098662502444
0.685886401175606	0.0810488371968745
0.686366377663483	0.0827584963255644
0.686846354151359	0.0844337090800073
0.687326330639236	0.086069709069579
0.687806307127112	0.087662114720281
0.688286283614989	0.0892068594522697
0.688766260102866	0.0906999795818789
0.689246236590742	0.0921374448039803
0.689726213078619	0.0935150506677028
0.690206189566495	0.094828378792876
0.690686166054372	0.0960728326419449
0.691166142542248	0.0972438308584959
0.691646119030125	0.0983371149124914
0.692126095518002	0.0993491561798503
0.692606072005878	0.100277502641738
0.693086048493755	0.101120964818689
0.693566024981631	0.101879537981094
0.694046001469508	0.102554084672983
0.694525977957384	0.103145797479731
0.695005954445261	0.103655743816191
0.695485930933137	0.104084665447326
0.695965907421014	0.104433085074126
0.696445883908891	0.104701572017301
0.696925860396767	0.104891002675038
0.697405836884644	0.105002587785011
0.69788581337252	0.105037681915283
0.698365789860397	0.10499755321407
0.698845766348273	0.104883188125401
0.69932574283615	0.104695261809249
0.699805719324026	0.104434487460352
0.700285695811903	0.104102216812876
0.70076567229978	0.103700901479191
0.701245648787656	0.103234341490381
0.701725625275533	0.102707692683025
0.702205601763409	0.102127151192604
0.702685578251286	0.101499392044537
0.703165554739162	0.100831178136262
0.703645531227039	0.100129171360215
0.704125507714916	0.0993998739403587
0.704605484202792	0.0986496466144513
0.705085460690669	0.0978847648736816
0.705565437178545	0.0971112835771866
0.706045413666422	0.0963348451327621
0.706525390154298	0.0955605255764763
0.707005366642175	0.0947927185544289
0.707485343130051	0.0940351121851805
0.707965319617928	0.0932909851470598
0.708445296105805	0.0925636068629876
0.708925272593681	0.0918565521078175
0.709405249081558	0.09117394729092
0.709885225569434	0.0905206138672354
0.710365202057311	0.0899019878186727
0.710845178545187	0.0893238952052769
0.711325155033064	0.0887922540415923
0.71180513152094	0.0883128108832865
0.712285108008817	0.087890817192341
0.712765084496694	0.0875307259376897
0.71324506098457	0.0872359081397217
0.713725037472447	0.087008540452823
0.714205013960323	0.08684965261118
0.7146849904482	0.0867593994415212
0.715164966936076	0.0867375137563389
0.715644943423953	0.086783840239855
0.71612491991183	0.0868987934353629
0.716604896399706	0.087083708041581
0.717084872887583	0.0873408442089516
0.717564849375459	0.0876731032541264
0.718044825863336	0.0880836426874226
0.718524802351212	0.0885754945281729
0.719004778839089	0.0891511796643574
0.719484755326965	0.0898125410273865
0.719964731814842	0.0905607671054218
0.720444708302719	0.0913965571568684
0.720924684790595	0.092320387961953
0.721404661278472	0.0933328399822792
0.721884637766348	0.0944348836426473
0.722364614254225	0.0956280299737207
0.722844590742101	0.0969143197043309
0.723324567229978	0.0982961612048937
0.723804543717855	0.0997760412629576
0.724284520205731	0.101356200918258
0.724764496693608	0.103038360987935
0.725244473181484	0.104823535993551
0.725724449669361	0.106711962961966
0.726204426157237	0.108703202377647
0.726684402645114	0.110796455061986
0.72716437913299	0.112990761413578
0.727644355620867	0.115285067162335
0.728124332108744	0.117678198379404
0.72860430859662	0.120168610908161
0.729084285084497	0.122753896426811
0.729564261572373	0.125430449353347
0.73004423806025	0.128193393365494
0.730524214548126	0.131036659876127
0.731004191036003	0.133953319081905
0.731484167523879	0.136936004955791
0.731964144011756	0.139977178072928
0.732444120499633	0.143069250885235
0.732924096987509	0.146204536681518
0.733404073475386	0.149374931511299
0.733884049963262	0.152571571356368
0.734364026451139	0.155784745294208
0.734844002939015	0.159003979993781
0.735323979426892	0.162218284577766
0.735803955914769	0.165416602353712
0.736283932402645	0.168588258657374
0.736763908890522	0.171723347851564
0.737243885378398	0.174813012356177
0.737723861866275	0.177849591790964
0.738203838354151	0.180826612364922
0.738683814842028	0.183738638908374
0.739163791329905	0.186580899129418
0.739643767817781	0.189348779030428
0.740123744305658	0.192037297322311
0.740603720793534	0.194640717440182
0.741083697281411	0.197152401653825
0.741563673769287	0.199564972503922
0.742043650257164	0.20187056607976
0.74252362674504	0.204061202368902
0.743003603232917	0.206129135980284
0.743483579720793	0.208067155044678
0.74396355620867	0.209868868735656
0.744443532696547	0.211529098453389
0.744923509184423	0.21304430609943
0.7454034856723	0.214413019710671
0.745883462160176	0.215636135191322
0.746363438648053	0.216716964104838
0.746843415135929	0.217660934758259
0.747323391623806	0.218475003584417
0.747803368111683	0.219166842526597
0.748283344599559	0.219744053067997
0.748763321087436	0.220213489512446
0.749243297575312	0.22058079123725
0.749723274063189	0.220850193010178
0.750203250551065	0.221024569571595
0.750683227038942	0.22110564254799
0.751163203526819	0.221094383523404
0.751643180014695	0.220991617536959
0.752123156502572	0.220798631702324
0.752603132990448	0.220517658657468
0.753083109478325	0.220152193566248
0.753563085966201	0.219707052882088
0.754043062454078	0.219188276669957
0.754523038941954	0.218602913585619
0.755003015429831	0.217958889217713
0.755482991917708	0.217264850454302
0.755962968405584	0.216530017322769
0.756442944893461	0.215763972489645
0.756922921381337	0.214976482074938
0.757402897869214	0.214177267698143
0.75788287435709	0.213375772492309
0.758362850844967	0.212580977361352
0.758842827332843	0.211801291972549
0.75932280382072	0.211044448769989
0.759802780308597	0.210317372573557
0.760282756796473	0.2096259885441
0.76076273328435	0.208975010821682
0.761242709772226	0.208367730980904
0.761722686260103	0.207805933088996
0.762202662747979	0.20728992160848
0.762682639235856	0.206818660233035
0.763162615723733	0.206390008983774
0.763642592211609	0.206001032130574
0.764122568699486	0.205648306022375
0.764602545187362	0.205328242372609
0.765082521675239	0.205037447401043
0.765562498163115	0.204773058487102
0.766042474650992	0.20453289672625
0.766522451138869	0.204315440623601
0.767002427626745	0.204119543934703
0.767482404114622	0.203943939974529
0.767962380602498	0.203786629100638
0.768442357090375	0.2036443884537
0.768922333578251	0.203512542276414
0.769402310066128	0.2033851307133
0.769882286554004	0.203255217782219
0.770362263041881	0.203115287328554
0.770842239529758	0.202957605110519
0.771322216017634	0.20277449122531
0.771802192505511	0.202558455159166
0.772282168993387	0.202302443744556
0.772762145481264	0.202000247939539
0.77324212196914	0.201647134359111
0.773722098457017	0.20124047353237
0.774202074944893	0.200780217198067
0.77468205143277	0.200269066774932
0.775162027920647	0.199712326245606
0.775642004408523	0.199117412930323
0.7761219808964	0.198493167499035
0.776601957384276	0.197849197034798
0.777081933872153	0.197195471993018
0.777561910360029	0.196542109931967
0.778041886847906	0.195899305634166
0.778521863335783	0.19527731010923
0.779001839823659	0.194686501761759
0.779481816311536	0.19413747740763
0.779961792799412	0.19364092785501
0.780441769287289	0.193207291570369
0.780921745775165	0.192846355500376
0.781401722263042	0.192566856210948
0.781881698750919	0.192376069691613
0.782361675238795	0.19227949698582
0.782841651726672	0.192280711210607
0.783321628214548	0.192381384972927
0.783801604702425	0.192581436894328
0.784281581190301	0.192879255279618
0.784761557678178	0.193271957002018
0.785241534166054	0.193755717943339
0.785721510653931	0.194326173591456
0.786201487141807	0.194978892323198
0.786681463629684	0.195709769719856
0.787161440117561	0.196515246290452
0.787641416605437	0.197392311660361
0.788121393093314	0.198338284213116
0.78860136958119	0.199350266173429
0.789081346069067	0.20042445832186
0.789561322556943	0.201555689582179
0.79004129904482	0.202737247985791
0.790521275532697	0.203960934597048
0.791001252020573	0.205217438456536
0.79148122850845	0.206496889115076
0.791961204996326	0.207789406350706
0.792441181484203	0.209085615560474
0.792921157972079	0.210376945705037
0.793401134459956	0.211655621042849
0.793881110947833	0.212914533401997
0.794361087435709	0.214147132785856
0.794841063923586	0.215347173339998
0.795321040411462	0.21650843629062
0.795801016899339	0.217624539493899
0.796280993387215	0.218688813909728
0.796760969875092	0.219694266731794
0.797240946362968	0.220633734816637
0.797720922850845	0.221500072579646
0.798200899338722	0.222286378664895
0.798680875826598	0.222986207458025
0.799160852314475	0.223593652948419
0.799640828802351	0.224103273504454
0.800120805290228	0.224510049639937
0.800600781778104	0.224809339527272
0.801080758265981	0.224996997010243
0.801560734753857	0.225069648477307
0.802040711241734	0.225025049733615
0.802520687729611	0.224862356151441
0.803000664217487	0.22458225516712
0.803480640705364	0.224186804719904
0.80396061719324	0.223679117794569
0.804440593681117	0.223062929622277
0.804920570168993	0.222342091180561
0.80540054665687	0.221520146503771
0.805880523144747	0.220600245780966
0.806360499632623	0.219585166333711
0.8068404761205	0.218477433479355
0.807320452608376	0.217279686741704
0.807800429096253	0.215995223660912
0.808280405584129	0.214628537450134
0.808760382072006	0.213185879884502
0.809240358559882	0.211675632097091
0.809720335047759	0.210108441013177
0.810200311535636	0.208497025621742
0.810680288023512	0.206855696125003
0.811160264511389	0.205199603696825
0.811640240999265	0.203543920638133
0.812120217487142	0.201903080976577
0.812600193975018	0.200290215696292
0.813080170462895	0.198716849401913
0.813560146950772	0.197192862764521
0.814040123438648	0.195726743490993
0.814520099926525	0.194326122133916
0.815000076414401	0.19299825615588
0.815480052902278	0.191750351743587
0.815960029390154	0.190589745175769
0.816440005878031	0.189523842916199
0.816919982365907	0.188559780283705
0.817399958853784	0.187704046261703
0.817879935341661	0.186962119491156
0.818359911829537	0.186338178209542
0.818839888317414	0.185835016070535
0.81931986480529	0.185454120876723
0.819799841293167	0.185195766236612
0.820279817781043	0.185059107117865
0.82075979426892	0.185042257039802
0.821239770756796	0.185142324497446
0.821719747244673	0.18535540980772
0.82219972373255	0.185676678169125
0.822679700220426	0.186100484385446
0.823159676708303	0.186620526083188
0.823639653196179	0.18723000731317
0.824119629684056	0.187921823941448
0.824599606171932	0.188688800045106
0.825079582659809	0.189523859792526
0.825559559147686	0.190420132855192
0.826039535635562	0.191371054155516
0.826519512123439	0.19237033305272
0.826999488611315	0.193411736789374
0.827479465099192	0.194488827274464
0.827959441587068	0.19559470645939
0.828439418074945	0.19672178214857
0.828919394562821	0.197861736327751
0.829399371050698	0.199005634809281
0.829879347538575	0.200144064289821
0.830359324026451	0.201267360801623
0.830839300514328	0.202365803447966
0.831319277002204	0.203429563224785
0.831799253490081	0.204448532949549
0.832279229977957	0.205412182116566
0.832759206465834	0.206309383952105
0.83323918295371	0.207128337138483
0.833719159441587	0.207856740666505
0.834199135929464	0.208482107490159
0.83467911241734	0.208992222975857
0.835159088905217	0.209375741579967
0.835639065393093	0.209622820630347
0.83611904188097	0.209725699100574
0.836599018368846	0.209679198227185
0.837078994856723	0.209480969364418
0.8375589713446	0.209131460136007
0.838038947832476	0.208633576572973
0.838518924320353	0.207992172695659
0.838998900808229	0.207213468183264
0.839478877296106	0.206304489059854
0.839958853783982	0.205272507396637
0.840438830271859	0.2041246550255
0.840918806759736	0.202867539069542
0.841398783247612	0.201506877249717
0.841878759735489	0.200047099709071
0.842358736223365	0.198491075688069
0.842838712711242	0.196839954547831
0.843318689199118	0.195093289505885
0.843798665686995	0.193249312876467
0.844278642174871	0.191305445788573
0.844758618662748	0.189258962025909
0.845238595150624	0.187107708860777
0.845718571638501	0.184850650931698
0.846198548126378	0.182488386772738
0.846678524614254	0.180023424718647
0.847158501102131	0.177460185511639
0.847638477590007	0.174804773621576
0.848118454077884	0.172064604285905
0.84859843056576	0.169247838653474
0.849078407053637	0.166362986884147
0.849558383541514	0.163418770688639
0.85003836002939	0.160424078591508
0.850518336517267	0.15738793595248
0.850998313005143	0.154319536475328
0.85147828949302	0.151228110134362
0.851958265980896	0.148122546798099
0.852438242468773	0.145010963693588
0.85291821895665	0.14190042084358
0.853398195444526	0.138796767860945
0.853878171932403	0.135704715724138
0.854358148420279	0.132628097831594
0.854838124908156	0.129570164230822
0.855318101396032	0.126533789255971
0.855798077883909	0.123521606300537
0.856278054371786	0.120536064568014
0.856758030859662	0.117579419669938
0.857238007347539	0.114653799919132
0.857717983835415	0.111761330156573
0.858197960323292	0.108904245213777
0.858677936811168	0.106084862210285
0.859157913299045	0.103305427252238
0.859637889786921	0.100567886331959
0.860117866274798	0.0978736180637562
0.860597842762674	0.0952231612547816
0.861077819250551	0.0926161022661599
0.861557795738428	0.0900511503418352
0.862037772226304	0.0875263591352836
0.862517748714181	0.0850394930949925
0.862997725202057	0.0825884549375176
0.863477701689934	0.0801716969801455
0.86395767817781	0.0777885690622783
0.864437654665687	0.0754396308510581
0.864917631153564	0.0731268349549302
0.86539760764144	0.0708535500775018
0.865877584129317	0.0686244658844733
0.866357560617193	0.0664454242300102
0.86683753710507	0.0643232210956787
0.867317513592946	0.0622655220162693
0.867797490080823	0.0602807104326081
0.8682774665687	0.0583776872487809
0.868757443056576	0.0565655561460913
0.869237419544453	0.0548531687885739
0.869717396032329	0.0532485001672864
0.870197372520206	0.0517581134162658
0.870677349008082	0.0503867849934138
0.871157325495959	0.0491374038684082
0.871637301983835	0.0480111304141382
0.872117278471712	0.0470077603860414
0.872597254959589	0.0461261233230636
0.873077231447465	0.0453644524200468
0.873557207935342	0.0447206396965221
0.874037184423218	0.0441922937822303
0.874517160911095	0.0437766940394342
0.874997137398971	0.0434708389707661
0.875477113886848	0.0432715412420695
0.875957090374724	0.0431755433315521
0.876437066862601	0.0431796704751173
0.876917043350478	0.0432810716707354
0.877397019838354	0.0434774710194877
0.877876996326231	0.0437672848784309
0.878356972814107	0.0441495783678956
0.878836949301984	0.0446238608653892
0.87931692578986	0.0451897094502878
0.879796902277737	0.0458463792807041
0.880276878765614	0.0465924938365539
0.88075685525349	0.0474257707863312
0.881236831741367	0.0483428670975172
0.881716808229243	0.0493392895241767
0.88219678471712	0.0504092415976321
0.882676761204996	0.0515454511182701
0.883156737692873	0.0527391552569639
0.88363671418075	0.0539802287204524
0.884116690668626	0.0552575534962285
0.884596667156503	0.0565597414743898
0.885076643644379	0.0578759776590122
0.885556620132256	0.0591967741574876
0.886036596620132	0.0605146384261753
0.886516573108009	0.0618244267599539
0.886996549595885	0.0631231328483237
0.887476526083762	0.0644093874141139
0.887956502571638	0.0656827460203891
0.888436479059515	0.0669427864943122
0.888916455547392	0.0681883307612847
0.889396432035268	0.0694169949451559
0.889876408523145	0.0706249427350527
0.890356385011021	0.0718071016130288
0.890836361498898	0.0729576488205751
0.891316337986774	0.0740704724224388
0.891796314474651	0.0751394617000217
0.892276290962528	0.0761588018402679
0.892756267450404	0.0771230180382616
0.893236243938281	0.0780269829128973
0.893716220426157	0.0788659764426758
0.894196196914034	0.0796357698540463
0.89467617340191	0.0803327253039198
0.895156149889787	0.0809540206377996
0.895636126377664	0.081497655295386
0.89611610286554	0.0819622723192683
0.896596079353417	0.082347044576714
0.897076055841293	0.0826514964796814
0.89755603232917	0.0828752351414999
0.898036008817046	0.0830178745580614
0.898515985304923	0.0830791184453198
0.898995961792799	0.0830589473054582
0.899475938280676	0.0829579718357082
0.899955914768553	0.0827778468245712
0.900435891256429	0.0825215264640371
0.900915867744306	0.082193353151883
0.901395844232182	0.0817990183796333
0.901875820720059	0.0813453930321148
0.902355797207935	0.0808402837633789
0.902835773695812	0.0802922056658854
0.903315750183688	0.0797102737949336
0.903795726671565	0.0791040863434618
0.904275703159442	0.0784834356964505
0.904755679647318	0.0778577949868876
0.905235656135195	0.0772356619955649
0.905715632623071	0.0766239003266554
0.906195609110948	0.0760273088131345
0.906675585598824	0.0754485870754775
0.907155562086701	0.074888722465712
0.907635538574578	0.0743476541170433
0.908115515062454	0.0738249611822825
0.908595491550331	0.0733203614607688
0.909075468038207	0.0728340249234276
0.909555444526084	0.0723666163658829
0.91003542101396	0.0719192654926224
0.910515397501837	0.0714935840250625
0.910995373989713	0.0710917734441805
0.91147535047759	0.0707167310091731
0.911955326965467	0.0703722715900287
0.912435303453343	0.0700632738791593
0.91291527994122	0.0697956455231325
0.913395256429096	0.0695761930351924
0.913875232916973	0.069412512662182
0.914355209404849	0.0693127996297286
0.914835185892726	0.0692856180305164
0.915315162380603	0.0693397125670184
0.915795138868479	0.0694837013902178
0.916275115356356	0.0697256458623457
0.916755091844232	0.0700726335241705
0.917235068332109	0.0705304986329524
0.917715044819985	0.0711036781241989
0.918195021307862	0.0717952972954889
0.918674997795738	0.0726074672554134
0.919154974283615	0.0735417198193596
0.919634950771492	0.0745994199041432
0.920114927259368	0.0757821172977082
0.920594903747245	0.0770917119010729
0.921074880235121	0.0785304471135091
0.921554856722998	0.0801007692862142
0.922034833210874	0.0818051600193147
0.922514809698751	0.083645938508718
0.922994786186627	0.0856251439073677
0.923474762674504	0.0877444797702155
0.923954739162381	0.0900051965876024
0.924434715650257	0.0924079183112343
0.924914692138134	0.09495244979885
0.92539466862601	0.0976375816545872
0.925874645113887	0.100460898881183
0.926354621601763	0.103418719208594
0.92683459808964	0.106506167706593
0.927314574577517	0.109717372812185
0.927794551065393	0.113045776166491
0.92827452755327	0.116484392428731
0.928754504041146	0.120025896375155
0.929234480529023	0.123662598766765
0.929714457016899	0.127386325000622
0.930194433504776	0.131188200143544
0.930674409992652	0.13505849074251
0.931154386480529	0.13949494383803
0.931634362968406	0.143778552445189
0.932114339456282	0.147879975301163
0.932594315944159	0.151776577260999
0.933074292432035	0.155455624752244
0.933554268919912	0.158913708556267
0.934034245407788	0.162154674305859
0.934514221895665	0.165187304365453
0.934994198383541	0.168023316913574
0.935474174871418	0.170675846397137
0.935954151359295	0.173158380818308
0.936434127847171	0.175484070683313
0.936914104335048	0.177665311041747
0.937394080822924	0.179713510811859
0.937874057310801	0.181638993224766
0.938354033798677	0.183450980276078
0.938834010286554	0.185157621198868
0.939313986774431	0.186766051914235
0.939793963262307	0.188282474335596
0.940273939750184	0.189712243952881
0.94075391623806	0.191059959646721
0.941233892725937	0.192329559077632
0.941713869213813	0.193524411780542
0.94219384570169	0.194647409469535
0.942673822189567	0.19570104716694
0.943153798677443	0.196687486961446
0.94363377516532	0.197608601797278
0.944113751653196	0.198466002719447
0.944593728141073	0.19926104957381
0.945073704628949	0.199994853913798
0.945553681116826	0.200668288605229
0.946033657604702	0.201282003516414
0.946513634092579	0.201836449409301
0.946993610580456	0.202331908927804
0.947473587068332	0.202768527573517
0.947953563556209	0.203146339762139
0.948433540044085	0.203465294044457
0.948913516531962	0.203725273915949
0.949393493019838	0.203926110886654
0.949873469507715	0.204067594078947
0.950353445995591	0.20414947833201
0.950833422483468	0.204171486545063
0.951313398971345	0.204133309929475
0.951793375459221	0.204034609698686
0.952273351947098	0.203875020980896
0.952753328434974	0.203654157027382
0.953233304922851	0.203371613960127
0.953713281410727	0.20302697195381
0.954193257898604	0.202619790320195
0.954673234386481	0.202149598635952
0.955153210874357	0.201615888276377
0.955633187362234	0.2010181055024
0.95611316385011	0.200355650541722
0.956593140337987	0.199627883625441
0.957073116825863	0.198834133288558
0.95755309331374	0.197973702985425
0.958033069801617	0.197045876178641
0.958513046289493	0.196049918145073
0.95899302277737	0.194985076853404
0.959472999265246	0.193850585852706
0.959952975753123	0.192645670770714
0.960432952240999	0.191369558338527
0.960912928728876	0.190021488349795
0.961392905216752	0.188600724353181
0.961872881704629	0.187106560194647
0.962352858192505	0.185538322885457
0.962832834680382	0.183895373727437
0.963312811168259	0.182177107630129
0.963792787656135	0.180382950951121
0.964272764144012	0.178512359648336
0.964752740631888	0.176564815468845
0.965232717119765	0.174539819867574
0.965712693607641	0.172436886012617
0.966192670095518	0.170255531395905
0.966672646583395	0.167995271598083
0.967152623071271	0.165655617688576
0.967632599559148	0.163236078044813
0.968112576047024	0.16073616410632
0.968592552534901	0.158155397678194
0.969072529022777	0.155493319258125
0.969552505510654	0.152749494516802
0.970032481998531	0.149923518341216
0.970512458486407	0.147015016293881
0.970992434974284	0.14402364519285
0.97147241146216	0.140949092400975
0.971952387950037	0.13779107637033
0.972432364437913	0.134549348558583
0.97291234092579	0.131223693619539
0.973392317413666	0.127813927294474
0.973872293901543	0.124319892329929
0.97435227038942	0.120741452396876
0.974832246877296	0.117078483714271
0.975312223365173	0.113330868312509
0.975792199853049	0.10949849042886
0.976272176340926	0.105581237108322
0.976752152828802	0.101579004592899
0.977232129316679	0.0974917059862397
0.977712105804555	0.0933192747383616
0.978192082292432	0.0890616641815525
0.978672058780309	0.084718842373326
0.979152035268185	0.0802907804138843
0.979632011756062	0.075777439856324
