0	0.151675495875706
0.000479976339527776	0.153171712061253
0.000959952679055553	0.154662906182282
0.00143992901858333	0.156149133329801
0.00191990535811111	0.157630431671742
0.00239988169763888	0.159106816604321
0.00287985803716666	0.160578279809465
0.00335983437669444	0.162044793614536
0.00383981071622221	0.163506321779018
0.00431978705574999	0.164962828280385
0.00479976339527776	0.166414287205488
0.00527973973480554	0.167860691760201
0.00575971607433332	0.169302058567324
0.00623969241386109	0.170738432197593
0.00671966875338887	0.172169885948907
0.00719964509291665	0.173596518655618
0.00767962143244442	0.175018446012994
0.0081595977719722	0.176435790141789
0.00863957411149998	0.17784866761855
0.00911955045102775	0.179257179488864
0.00959952679055553	0.180661403887451
0.0100795031300833	0.18206139447104
0.0105594794696111	0.183457185428215
0.0110394558091389	0.184848799055009
0.0115194321486666	0.186236252713132
0.0119994084881944	0.187619565583289
0.0124793848277222	0.188998760150069
0.01295936116725	0.190373858074522
0.0134393375067777	0.191744874071735
0.0139193138463055	0.193111810513446
0.0143992901858333	0.194474652644027
0.0148792665253611	0.195833369299152
0.0153592428648888	0.197187916656969
0.0158392192044166	0.198538242400848
0.0163191955439444	0.199884288718932
0.0167991718834722	0.201225993266211
0.017279148223	0.202563285482495
0.0177591245625277	0.203896081091189
0.0182391009020555	0.205224277257729
0.0187190772415833	0.206547750043522
0.0191990535811111	0.207866355223863
0.0196790299206388	0.209179934705177
0.0201590062601666	0.210488323970025
0.0206389825996944	0.211791359961255
0.0211189589392222	0.21308888474355
0.0215989352787499	0.214380743933194
0.0220789116182777	0.215666779787607
0.0225588879578055	0.216946823273083
0.0230388642973333	0.21822068547272
0.023518840636861	0.219488153515168
0.0239988169763888	0.22074899232551
0.0244787933159166	0.222002952842226
0.0249587696554444	0.223249782314746
0.0254387459949722	0.224489232980385
0.0259187223344999	0.225721065717625
0.0263986986740277	0.226945048696206
0.0268786750135555	0.22816094744671
0.0273586513530833	0.229368511117809
0.027838627692611	0.230567460332979
0.0283186040321388	0.231757478459734
0.0287985803716666	0.232938206644628
0.0292785567111944	0.234109243299321
0.0297585330507221	0.235270144466088
0.0302385093902499	0.236420422033551
0.0307184857297777	0.237559544843632
0.0311984620693055	0.238686938128143
0.0316784384088332	0.23980198008925
0.032158414748361	0.240904001916704
0.0326383910878888	0.2419922937644
0.0331183674274166	0.243066109967576
0.0335983437669444	0.244124677193729
0.0340783201064721	0.245167206091064
0.0345582964459999	0.246192904926623
0.0350382727855277	0.247200994928646
0.0355182491250555	0.248190729759774
0.0359982254645832	0.249161412893318
0.036478201804111	0.250112416961166
0.0369581781436388	0.25104320429807
0.0374381544831666	0.251953348091732
0.0379181308226943	0.252842549000743
0.0383981071622221	0.253710651491557
0.0388780835017499	0.25455765968814
0.0393580598412777	0.255383752265958
0.0398380361808054	0.256189295986604
0.0403180125203332	0.25697486544517
0.040797988859861	0.257741273023307
0.0412779651993888	0.258489612012944
0.0417579415389166	0.259221307155475
0.0422379178784443	0.259938169903235
0.0427178942179721	0.260642450592124
0.0431978705574999	0.261336875593223
0.0436778468970277	0.262024658828846
0.0441578232365554	0.262709484984406
0.0446377995760832	0.263395455047631
0.045117775915611	0.264086987716085
0.0455977522551388	0.264788661210999
0.0460777285946665	0.265504986710883
0.0465577049341943	0.266240125741673
0.0470376812737221	0.266997642685021
0.0475176576132499	0.267780520176608
0.0479976339527776	0.268591923441226
0.0484776102923054	0.269437627413235
0.0489575866318332	0.269829534829269
0.049437562971361	0.270128493142497
0.0499175393108887	0.27034262429278
0.0503975156504165	0.270479938965401
0.0508774919899443	0.27054766509578
0.0513574683294721	0.27055159838543
0.0518374446689999	0.270495583586305
0.0523174210085276	0.270381387170904
0.0527973973480554	0.270208818613389
0.0532773736875832	0.269976151842976
0.053757350027111	0.269680776668386
0.0542373263666387	0.269319860962549
0.0547173027061665	0.268890994053821
0.0551972790456943	0.268392714247675
0.0556772553852221	0.267824799125242
0.0561572317247498	0.267188199845379
0.0566372080642776	0.266484765499595
0.0571171844038054	0.265716824514846
0.0575971607433332	0.264886681519632
0.0580771370828609	0.263996187206807
0.0585571134223887	0.26304658419148
0.0590370897619165	0.262038593992064
0.0595170661014443	0.260972692989413
0.0599970424409721	0.259849435490493
0.0604770187804998	0.258669712298484
0.0609569951200276	0.257434771935904
0.0614369714595554	0.256145874188755
0.0619169477990832	0.254803589603085
0.0623969241386109	0.253407112381671
0.0628769004781387	0.251953791469754
0.0633568768176665	0.250439073208368
0.0638368531571943	0.248856841365722
0.064316829496722	0.247200155166895
0.0647968058362498	0.245462098144807
0.0652767821757776	0.243636605519934
0.0657567585153054	0.24171899894184
0.0662367348548332	0.239706179906245
0.0667167111943609	0.237596540652592
0.0671966875338887	0.235389730959675
0.0676766638734165	0.233086322611601
0.0681566402129443	0.230687597460118
0.068636616552472	0.228195492383704
0.0691165928919998	0.225612723305053
0.0695965692315276	0.222942885543809
0.0700765455710554	0.220190440333284
0.0705565219105831	0.217360526289323
0.0710364982501109	0.214458789989913
0.0715164745896387	0.211491180450775
0.0719964509291665	0.208463829159816
0.0724764272686942	0.205383126150237
0.072956403608222	0.202256059089984
0.0734363799477498	0.199090645702874
0.0739163562872776	0.195896206219162
0.0743963326268054	0.192683437916854
0.0748763089663331	0.189464284607374
0.0753562853058609	0.186251446252992
0.0758362616453887	0.183057707993887
0.0763162379849165	0.179895444200085
0.0767962143244442	0.176776381803921
0.077276190663972	0.173711605757079
0.0777561670034998	0.170711797323131
0.0782361433430276	0.167787535060828
0.0787161196825553	0.164949424181461
0.0791960960220831	0.162208148345626
0.0796760723616109	0.159574200612009
0.0801560487011387	0.157057293976503
0.0806360250406664	0.154665731149612
0.0811160013801942	0.152405973989495
0.081595977719722	0.150282331094905
0.0820759540592498	0.148297002507124
0.0825559303987776	0.146450368177834
0.0830359067383053	0.144741433122633
0.0835158830778331	0.143168374035468
0.0839958594173609	0.141729075829138
0.0844758357568887	0.140421394756871
0.0849558120964164	0.139243399352307
0.0854357884359442	0.138193594493523
0.085915764775472	0.137271145960779
0.0863957411149998	0.136476001523082
0.0868757174545275	0.135808907929949
0.0873556937940553	0.135271178756104
0.0878356701335831	0.134864233890098
0.0883156464731109	0.134588921091671
0.0887956228126386	0.13444492764177
0.0892755991521664	0.134430543132248
0.0897555754916942	0.134542818604639
0.090235551831222	0.134777983342661
0.0907155281707498	0.135132039187005
0.0911955045102775	0.135601251161408
0.0916754808498053	0.136182325237586
0.0921554571893331	0.136872387717493
0.0926354335288609	0.137668752991631
0.0931154098683886	0.138568466154669
0.0935953862079164	0.139567987799092
0.0940753625474442	0.140662887517135
0.094555338886972	0.141847404610081
0.0950353152264997	0.143114023826827
0.0955152915660275	0.144453256262284
0.0959952679055553	0.145853565603154
0.0964752442450831	0.147301690226175
0.0969552205846108	0.14878352054448
0.0974351969241386	0.150285169592473
0.0979151732636664	0.151793887698914
0.0983951496031942	0.153298720976907
0.098875125942722	0.154790645725986
0.0993551022822497	0.156262095996531
0.0998350786217775	0.157706276437951
0.100315054961305	0.159116538722648
0.100795031300833	0.160485954662914
0.101275007640361	0.161807532771964
0.101754983979889	0.163074868348491
0.102234960319416	0.164282883761276
0.102714936658944	0.165428402613568
0.103194912998472	0.166510480319833
0.103674889338	0.167530404755433
0.104154865677527	0.168491239192627
0.104634842017055	0.169397189237987
0.105114818356583	0.170253107988334
0.105594794696111	0.171064100381474
0.106074771035639	0.171835077286517
0.106554747375166	0.172570474590905
0.107034723714694	0.173274171473791
0.107514700054222	0.17394939747467
0.10799467639375	0.174598710413729
0.108474652733277	0.175224023411822
0.108954629072805	0.175826516422351
0.109434605412333	0.176406519478133
0.109914581751861	0.176963556612924
0.110394558091389	0.177496437679812
0.110874534430916	0.178003456279012
0.111354510770444	0.178482931355492
0.111834487109972	0.178933870470057
0.1123144634495	0.179356381407082
0.112794439789027	0.17975179228613
0.113274416128555	0.180122429335137
0.113754392468083	0.180471010714147
0.114234368807611	0.180799853765754
0.114714345147139	0.181110274806614
0.115194321486666	0.181402375450544
0.115674297826194	0.181675189484466
0.116154274165722	0.181927071725632
0.11663425050525	0.182156112699875
0.117114226844777	0.182360357247373
0.117594203184305	0.182537716274185
0.118074179523833	0.182685753666474
0.118554155863361	0.182801505995752
0.119034132202889	0.182881510091186
0.119514108542416	0.182922178626612
0.119994084881944	0.182920480755421
0.120474061221472	0.18287472040095
0.120954037561	0.182785376367926
0.121434013900527	0.182655751366999
0.121913990240055	0.182492267998561
0.122393966579583	0.182304194450675
0.122873942919111	0.182102990265008
0.123353919258639	0.181901426874383
0.123833895598166	0.1817125849182
0.124313871937694	0.18154880113313
0.124793848277222	0.181420931939962
0.12527382461675	0.181337793303707
0.125753800956277	0.181305806886298
0.126233777295805	0.181328926477241
0.126713753635333	0.181408767238308
0.127193729974861	0.181544817161583
0.127673706314389	0.181734815902877
0.128153682653916	0.18197521040767
0.128633658993444	0.182261598985015
0.129113635332972	0.182589261720251
0.1295936116725	0.182953666504691
0.130073588012027	0.183350768582948
0.130553564351555	0.183777202750391
0.131033540691083	0.184230455665441
0.131513517030611	0.184708947706323
0.131993493370139	0.185212152004353
0.132473469709666	0.185740717778259
0.132953446049194	0.186296506457825
0.133433422388722	0.18688259003874
0.13391339872825	0.187503332846042
0.134393375067777	0.188164370673448
0.134873351407305	0.188872523902309
0.135353327746833	0.189635673361309
0.135833304086361	0.190462682063379
0.136313280425889	0.191363043849331
0.136793256765416	0.192346388908683
0.137273233104944	0.193422046618877
0.137753209444472	0.194598615770953
0.138233185784	0.195883451491939
0.138713162123527	0.197282412083996
0.139193138463055	0.198799810669383
0.139673114802583	0.200438424917499
0.140153091142111	0.202199719278329
0.140633067481639	0.204084267451819
0.141113043821166	0.206091883213255
0.141593020160694	0.208221652933696
0.142072996500222	0.210471973423726
0.14255297283975	0.212840319114839
0.143032949179277	0.215322759642564
0.143512925518805	0.21791374979264
0.143992901858333	0.220606048860209
0.144472878197861	0.223390767247848
0.144952854537388	0.226257521499901
0.145432830876916	0.229194590086549
0.145912807216444	0.232188878050435
0.146392783555972	0.235225911396136
0.1468727598955	0.238289857353837
0.147352736235027	0.241363688109076
0.147832712574555	0.244429617908206
0.148312688914083	0.247469850973861
0.148792665253611	0.250467263758669
0.149272641593138	0.253406033314134
0.149752617932666	0.256272019768001
0.150232594272194	0.25905283781197
0.150712570611722	0.261737620228506
0.15119254695125	0.26431680553036
0.151672523290777	0.266781972974645
0.152152499630305	0.269125925758561
0.152632475969833	0.271342910631504
0.153112452309361	0.273428904913257
0.153592428648888	0.275381795451967
0.154072404988416	0.277201519876286
0.154552381327944	0.278890075392987
0.155032357667472	0.280451518191006
0.155512334007	0.281892069652243
0.155992310346527	0.283220114402141
0.156472286686055	0.284445978739138
0.156952263025583	0.285581566583524
0.157432239365111	0.286639710764492
0.157912215704638	0.287633481762641
0.158392192044166	0.288575533570779
0.158872168383694	0.289477466528753
0.159352144723222	0.290349326286638
0.15983212106275	0.291199482877604
0.160312097402277	0.292034723045665
0.160792073741805	0.292860492823111
0.161272050081333	0.293681177762635
0.161752026420861	0.294500355554195
0.162232002760388	0.295320975346134
0.162711979099916	0.296145523982607
0.163191955439444	0.296976150704561
0.163671931778972	0.297814951180131
0.1641519081185	0.298664315658685
0.164631884458027	0.299527212312159
0.165111860797555	0.30040727838037
0.165591837137083	0.301308911247601
0.166071813476611	0.302237092814644
0.166551789816138	0.30319708677598
0.167031766155666	0.304194081293148
0.167511742495194	0.305232806804822
0.167991718834722	0.306317226315823
0.16847169517425	0.307450532561182
0.168951671513777	0.308635234433032
0.169431647853305	0.309873286461993
0.169911624192833	0.311166241914323
0.170391600532361	0.312515402917936
0.170871576871888	0.313921822894197
0.171351553211416	0.315386294990024
0.171831529550944	0.316909410281531
0.172311505890472	0.318491361684432
0.17279148223	0.320131272670088
0.173271458569527	0.321826342557988
0.173751434909055	0.323570992812184
0.174231411248583	0.325356116848239
0.174711387588111	0.327168780456958
0.175191363927638	0.328992699246296
0.175671340267166	0.330809436248116
0.176151316606694	0.332599926675908
0.176631292946222	0.334345859887741
0.17711126928575	0.336030548599701
0.177591245625277	0.337639072124303
0.178071221964805	0.339157852716219
0.178551198304333	0.340573928804928
0.179031174643861	0.341874367345519
0.179511150983388	0.343046103949712
0.179991127322916	0.344076362846293
0.180471103662444	0.344953369140072
0.180951080001972	0.345666875638559
0.1814310563415	0.346208322131526
0.181911032681027	0.346570869771464
0.182391009020555	0.346749294090698
0.182870985360083	0.346739898300653
0.183350961699611	0.346540758640975
0.183830938039138	0.34615225362264
0.184310914378666	0.345577544863894
0.184790890718194	0.344822850583803
0.185270867057722	0.343897309928046
0.185750843397249	0.342812525489488
0.186230819736777	0.341581997371741
0.186710796076305	0.340220544735436
0.187190772415833	0.338743870808563
0.187670748755361	0.337168385592252
0.188150725094888	0.335511202202596
0.188630701434416	0.333790106037818
0.189110677773944	0.332023634550633
0.189590654113472	0.330231158473087
0.190070630452999	0.328432836389873
0.190550606792527	0.326649643571567
0.191030583132055	0.324903351870906
0.191510559471583	0.323215978798167
0.191990535811111	0.321608854102571
0.192470512150638	0.320101539953375
0.192950488490166	0.318710647729638
0.193430464829694	0.317448901914221
0.193910441169222	0.316325020397277
0.194390417508749	0.315344087657542
0.194870393848277	0.31450814331879
0.195350370187805	0.31381696873159
0.195830346527333	0.313268753027425
0.196310322866861	0.312860216724053
0.196790299206388	0.31258656066865
0.197270275545916	0.312441441736146
0.197750251885444	0.312416903813156
0.198230228224972	0.312503461919646
0.198710204564499	0.312690563111242
0.199190180904027	0.312967041829218
0.199670157243555	0.313321480630187
0.200150133583083	0.313742564209078
0.200630109922611	0.314219308630421
0.201110086262138	0.314740969179395
0.201590062601666	0.315296951361441
0.202070038941194	0.315876733534256
0.202550015280722	0.316469781656102
0.203029991620249	0.317065395699365
0.203509967959777	0.317652764501869
0.203989944299305	0.318221146392236
0.204469920638833	0.318760255846714
0.204949896978361	0.319260670416856
0.205429873317888	0.319714174912608
0.205909849657416	0.320113950962194
0.206389825996944	0.320454506100361
0.206869802336472	0.320731305203806
0.207349778675999	0.320940401255803
0.207829755015527	0.3210780313913
0.208309731355055	0.321140234889926
0.208789707694583	0.321122661796945
0.209269684034111	0.321020661713071
0.209749660373638	0.320829402739102
0.210229636713166	0.320544294203845
0.210709613052694	0.3201614805575
0.211189589392222	0.319678203256395
0.211669565731749	0.319092997925904
0.212149542071277	0.31840591263772
0.212629518410805	0.317618536168666
0.213109494750333	0.316733821828214
0.213589471089861	0.315755858378564
0.214069447429388	0.314689623730565
0.214549423768916	0.313540531361718
0.215029400108444	0.312313974650701
0.215509376447972	0.311014940032263
0.215989352787499	0.309647826307639
0.216469329127027	0.308216391829816
0.216949305466555	0.306723877805616
0.217429281806083	0.305173234482745
0.217909258145611	0.303567470766621
0.218389234485138	0.301910055988
0.218869210824666	0.300205300284345
0.219349187164194	0.298458592104746
0.219829163503722	0.296676489553012
0.220309139843249	0.294866899499394
0.220789116182777	0.293039246607226
0.221269092522305	0.291204413732404
0.221749068861833	0.289374536592739
0.22222904520136	0.28756262732326
0.222709021540888	0.285782012782816
0.223188997880416	0.284045764043721
0.223668974219944	0.282366136249379
0.224148950559472	0.28075414483292
0.224628926898999	0.279219307892707
0.225108903238527	0.277769604826093
0.225588879578055	0.276411369607834
0.226068855917583	0.275149281982641
0.22654883225711	0.273986419500123
0.227028808596638	0.272924286775913
0.227508784936166	0.271962812361424
0.227988761275694	0.271100518579749
0.228468737615222	0.270334796843252
0.228948713954749	0.269662347953322
0.229428690294277	0.269079606746125
0.229908666633805	0.268582996934371
0.230388642973333	0.26816896007868
0.23086861931286	0.267834032710866
0.231348595652388	0.267574721081088
0.231828571991916	0.2673872755079
0.232308548331444	0.267267430854057
0.232788524670972	0.26721023773574
0.233268501010499	0.267209819885401
0.233748477350027	0.267259173848979
0.234228453689555	0.267349940162539
0.234708430029083	0.267472233143278
0.23518840636861	0.267614558753812
0.235668382708138	0.267763938348539
0.236148359047666	0.267906145647938
0.236628335387194	0.268026191687133
0.237108311726722	0.268109068517558
0.237588288066249	0.268140572595936
0.238068264405777	0.268107924143634
0.238548240745305	0.268000200067837
0.239028217084833	0.267808587751558
0.23950819342436	0.267526308702722
0.239988169763888	0.267148222786173
0.240468146103416	0.266670350732232
0.240948122442944	0.266089492602895
0.241428098782472	0.265403194325723
0.241908075121999	0.264609974488764
0.242388051461527	0.263709680678958
0.242868027801055	0.262703774972397
0.243348004140583	0.261595415106078
0.24382798048011	0.260389249553865
0.244307956819638	0.259091058102863
0.244787933159166	0.25770736511427
0.245267909498694	0.256245244583192
0.245747885838222	0.254712250457962
0.246227862177749	0.253116244067106
0.246707838517277	0.251465057353962
0.247187814856805	0.249766169217562
0.247667791196333	0.248026182028102
0.24814776753586	0.246250221050918
0.248627743875388	0.244441533190711
0.249107720214916	0.242601469617348
0.249587696554444	0.240729755446315
0.250067672893972	0.238825098021519
0.250547649233499	0.236885949768107
0.251027625573027	0.23491123515232
0.251507601912555	0.232901135605773
0.251987578252083	0.230857654522206
0.25246755459161	0.228784969658413
0.252947530931138	0.226689606239159
0.253427507270666	0.224580473733375
0.253907483610194	0.222468681885803
0.254387459949722	0.220367210953494
0.254867436289249	0.21829048169922
0.255347412628777	0.216253955222723
0.255827388968305	0.214273838935881
0.256307365307833	0.212366775478511
0.25678734164736	0.210549479845077
0.257267317986888	0.208838619991915
0.257747294326416	0.207250908936056
0.258227270665944	0.20580318689113
0.258707247005471	0.204512451216257
0.259187223344999	0.203395727698097
0.259667199684527	0.202469608233342
0.260147176024055	0.201749365590982
0.260627152363583	0.201247977063062
0.26110712870311	0.200975069001923
0.261587105042638	0.20093618952961
0.262067081382166	0.201132373315681
0.262547057721694	0.201560201367473
0.263027034061222	0.202212105317883
0.263507010400749	0.203076955888325
0.263986986740277	0.204140762791764
0.264466963079805	0.205387490574619
0.264946939419333	0.206799702884066
0.26542691575886	0.208359181127251
0.265906892098388	0.210047395571911
0.266386868437916	0.211845893358877
0.266866844777444	0.21373648146975
0.267346821116972	0.21570146720154
0.267826797456499	0.217723982557509
0.268306773796027	0.21978850125407
0.268786750135555	0.221881673185666
0.269266726475083	0.223993241330031
0.26974670281461	0.226116516020811
0.270226679154138	0.228248344157844
0.270706655493666	0.230388603096162
0.271186631833194	0.232539175592537
0.271666608172721	0.234702687670509
0.272146584512249	0.236881577687373
0.272626560851777	0.239077759207218
0.273106537191305	0.241292782066139
0.273586513530833	0.243528338868704
0.27406648987036	0.245786838392596
0.274546466209888	0.248071703754443
0.275026442549416	0.250387323549751
0.275506418888944	0.25273869762634
0.275986395228471	0.255130779203569
0.276466371567999	0.25756786405523
0.276946347907527	0.260053377813214
0.277426324247055	0.262589917488196
0.277906300586583	0.265179231071416
0.27838627692611	0.267822173927045
0.278866253265638	0.270518588693367
0.279346229605166	0.2732670044898
0.279826205944694	0.276064288985938
0.280306182284221	0.27890540456245
0.280786158623749	0.281783181851708
0.281266134963277	0.284688316359532
0.281746111302805	0.287609627162147
0.282226087642333	0.29053428304424
0.28270606398186	0.293448079875217
0.283186040321388	0.296335926419881
0.283666016660916	0.299182285479493
0.284145993000444	0.301971592358856
0.284625969339971	0.304688788696302
0.285105945679499	0.307319872747512
0.285585922019027	0.309852329570698
0.286065898358555	0.312275535947406
0.286545874698083	0.314581047767665
0.28702585103761	0.316762651663947
0.287505827377138	0.318816421412549
0.287985803716666	0.320740839051461
0.288465780056194	0.322536588138842
0.288945756395721	0.324206007609511
0.289425732735249	0.325752410582311
0.289905709074777	0.327179264406557
0.290385685414305	0.328489336502765
0.290865661753833	0.329684285856489
0.29134563809336	0.33076474642512
0.291825614432888	0.331730624370855
0.292305590772416	0.332581571182997
0.292785567111944	0.33331746392394
0.293265543451471	0.33393837365278
0.293745519790999	0.334444167467506
0.294225496130527	0.334834097525647
0.294705472470055	0.335106311114425
0.295185448809583	0.335257503376414
0.29566542514911	0.33528314286302
0.296145401488638	0.335177931680175
0.296625377828166	0.334936111624785
0.297105354167694	0.33455185757166
0.297585330507221	0.334019648620466
0.298065306846749	0.333334413744817
0.298545283186277	0.332491741380015
0.299025259525805	0.331488315315354
0.299505235865333	0.330322274782378
0.29998521220486	0.328993425048959
0.300465188544388	0.327503340452962
0.300945164883916	0.32585521894802
0.301425141223444	0.324053478587391
0.301905117562971	0.322103329003903
0.302385093902499	0.32001042365108
0.302865070242027	0.317780802024705
0.303345046581555	0.315420897833812
0.303825022921082	0.312937614361852
0.30430499926061	0.310338437696816
0.304784975600138	0.307631363198999
0.305264951939666	0.304824552966284
0.305744928279194	0.301926043097367
0.306224904618721	0.298943566553741
0.306704880958249	0.29588442855095
0.307184857297777	0.29275565729827
0.307664833637305	0.289564249566261
0.308144809976832	0.286317235761416
0.30862478631636	0.283021559945402
0.309104762655888	0.279683874202734
0.309584738995416	0.276310119702578
0.310064715334944	0.272904969501767
0.310544691674471	0.269471470543952
0.311024668013999	0.266011046623445
0.311504644353527	0.262523612321079
0.311984620693055	0.259007880484052
0.312464597032582	0.25546183194051
0.31294457337211	0.251883426034453
0.313424549711638	0.248271126933115
0.313904526051166	0.244624239803615
0.314384502390694	0.240943007688628
0.314864478730221	0.237228545516982
0.315344455069749	0.233482607764769
0.315824431409277	0.229707607309439
0.316304407748805	0.225906754310906
0.316784384088332	0.222084304245965
0.31726436042786	0.218245982866888
0.317744336767388	0.214399503700923
0.318224313106916	0.210554722677711
0.318704289446444	0.206723522680338
0.319184265785971	0.202919622283382
0.319664242125499	0.199158440170178
0.320144218465027	0.195456915098743
0.320624194804555	0.191833252415586
0.321104171144082	0.188306550058101
0.32158414748361	0.184896271721623
0.322064123823138	0.181621657321804
0.322544100162666	0.178501072562003
0.323024076502194	0.175551471679876
0.323504052841721	0.172788137709894
0.323984029181249	0.170224704900877
0.324464005520777	0.167873314446661
0.324943981860305	0.165744780287906
0.325423958199832	0.163848709642105
0.32590393453936	0.162193803968427
0.326383910878888	0.16078820719736
0.326863887218416	0.159639805369594
0.327343863557944	0.158756436066423
0.327823839897471	0.158146124654853
0.328303816236999	0.157817128895528
0.328783792576527	0.157777740687687
0.329263768916055	0.15803583495549
0.329743745255582	0.158598353983075
0.33022372159511	0.159470921836978
0.330703697934638	0.160657667257352
0.331183674274166	0.162160993000101
0.331663650613694	0.163981328851468
0.332143626953221	0.166116908479175
0.332623603292749	0.168563569594941
0.333103579632277	0.171314558060032
0.333583555971805	0.174360583341945
0.334063532311332	0.177690188753482
0.33454350865086	0.181290325281024
0.335023484990388	0.185147103388108
0.335503461329916	0.189246426848876
0.335983437669443	0.193574389499676
0.336463414008971	0.198117402431696
0.336943390348499	0.202862057319678
0.337423366688027	0.207794469709534
0.337903343027555	0.212899411346402
0.338383319367082	0.218159571652217
0.33886329570661	0.223555024215484
0.339343272046138	0.229062942476805
0.339823248385666	0.23465785241062
0.340303224725194	0.240312247766337
0.340783201064721	0.245997590298997
0.341263177404249	0.251685584040054
0.341743153743777	0.257349349791505
0.342223130083305	0.262964257506834
0.342703106422832	0.268508605327009
0.34318308276236	0.273963770861414
0.343663059101888	0.279313820692691
0.344143035441416	0.284545055578697
0.344623011780944	0.289645658542306
0.345102988120471	0.294605214149164
0.345582964459999	0.299414297229915
0.346062940799527	0.30406425044915
0.346542917139055	0.308546882508224
0.347022893478582	0.312854209369207
0.34750286981811	0.316978471988361
0.347982846157638	0.320912184740586
0.348462822497166	0.324648388024481
0.348942798836693	0.328180964466855
0.349422775176221	0.331504763207478
0.349902751515749	0.334615376018366
0.350382727855277	0.337508811438064
0.350862704194805	0.340181006682338
0.351342680534332	0.342627443606304
0.35182265687386	0.34484280390761
0.352302633213388	0.346820912332687
0.352782609552916	0.348555007349913
0.353262585892443	0.350038129489083
0.353742562231971	0.351263311018529
0.354222538571499	0.352223945339945
0.354702514911027	0.352914274684753
0.355182491250555	0.35332995173818
0.355662467590082	0.353468769379072
0.35614244392961	0.353331517299129
0.356622420269138	0.35292256155944
0.357102396608666	0.352250070799941
0.357582372948193	0.351325949315829
0.358062349287721	0.350165183365901
0.358542325627249	0.348785055594695
0.359022301966777	0.347204400033991
0.359502278306305	0.345442911691082
0.359982254645832	0.343520530481883
0.36046223098536	0.341457101841235
0.360942207324888	0.339272086961431
0.361422183664416	0.33698454085753
0.361902160003943	0.334613198679966
0.362382136343471	0.332176403273582
0.362862112682999	0.329691685568753
0.363342089022527	0.327175260562187
0.363822065362055	0.324641284088948
0.364302041701582	0.322101123944246
0.36478201804111	0.319562927510429
0.365261994380638	0.317031611836018
0.365741970720166	0.314509233461873
0.366221947059693	0.311995773080208
0.366701923399221	0.309490025024593
0.367181899738749	0.306990269584882
0.367661876078277	0.304494754857485
0.368141852417805	0.302002001235561
0.368621828757332	0.299510878931174
0.36910180509686	0.297020597570348
0.369581781436388	0.294530791567007
0.370061757775916	0.292041615683539
0.370541734115443	0.289553707402472
0.371021710454971	0.287068046069546
0.371501686794499	0.284585658184152
0.371981663134027	0.282107263236962
0.372461639473555	0.279633070589985
0.372941615813082	0.277162738674823
0.37342159215261	0.2746953281407
0.373901568492138	0.27222934930729
0.374381544831666	0.269762949752019
0.374861521171193	0.267294183975712
0.375341497510721	0.264821267424994
0.375821473850249	0.262342869679086
0.376301450189777	0.259858375440356
0.376781426529305	0.257368184251303
0.377261402868832	0.254873971718353
0.37774137920836	0.2523787889093
0.378221355547888	0.249886983675948
0.378701331887416	0.247404140982236
0.379181308226943	0.244936857027058
0.379661284566471	0.242492241191081
0.380141260905999	0.240077352279482
0.380621237245527	0.237698678479058
0.381101213585054	0.235361662935926
0.381581189924582	0.233070401509737
0.38206116626411	0.230827629601028
0.382541142603638	0.228635078854412
0.383021118943166	0.226493809455426
0.383501095282693	0.224404440604742
0.383981071622221	0.22236723353958
0.384461047961749	0.220382021333635
0.384941024301277	0.218447820813732
0.385421000640804	0.216562494825416
0.385900976980332	0.214722536185894
0.38638095331986	0.212923077771917
0.386860929659388	0.211158150367194
0.387340905998916	0.209421296206407
0.387820882338443	0.207706212670093
0.388300858677971	0.20600758018054
0.388780835017499	0.20432192795174
0.389260811357027	0.202648402411958
0.389740787696554	0.200989236004509
0.390220764036082	0.199350127021923
0.39070074037561	0.197740290826962
0.391180716715138	0.196172217406031
0.391660693054666	0.194661098484073
0.392140669394193	0.193224284460965
0.392620645733721	0.191880793835823
0.393100622073249	0.190650773044278
0.393580598412777	0.189554694149283
0.394060574752304	0.188612433709389
0.394540551091832	0.18784222154612
0.39502052743136	0.187259549952046
0.395500503770888	0.186876254863948
0.395980480110416	0.186700072316467
0.396460456449943	0.186734691976057
0.396940432789471	0.186980291845363
0.397420409128999	0.187434424009399
0.397900385468527	0.188092966373
0.398380361808054	0.188950789498291
0.398860338147582	0.190002053483593
0.39934031448711	0.191240148217973
0.399820290826638	0.192657494408227
0.400300267166166	0.194245240296664
0.400780243505693	0.195993086012842
0.401260219845221	0.197889247551429
0.401740196184749	0.199920517167005
0.402220172524277	0.202072407530226
0.402700148863804	0.20432932360516
0.403180125203332	0.206674812522004
0.40366010154286	0.209092057026172
0.404140077882388	0.21156433707813
0.404620054221916	0.214075337642502
0.405100030561443	0.216609352800522
0.405580006900971	0.219151246912046
0.406059983240499	0.221686057579634
0.406539959580027	0.224198475193167
0.407019935919554	0.226672307316412
0.407499912259082	0.22909014408631
0.40797988859861	0.231433587406792
0.408459864938138	0.233683972836811
0.408939841277666	0.235823359374188
0.409419817617193	0.237835713148352
0.409899793956721	0.239708226899605
0.410379770296249	0.24143217880402
0.410859746635777	0.243003215784897
0.411339722975304	0.244421112214572
0.411819699314832	0.245689060146696
0.41229967565436	0.246812617297684
0.412779651993888	0.247798803852672
0.413259628333416	0.248655329280655
0.413739604672943	0.249390141411096
0.414219581012471	0.250011285466654
0.414699557351999	0.250526979150081
0.415179533691527	0.250945540807979
0.415659510031054	0.251275347959067
0.416139486370582	0.251524906651816
0.41661946271011	0.251703040160871
0.417099439049638	0.25181915061125
0.417579415389166	0.251883542154899
0.418059391728693	0.251907501118968
0.418539368068221	0.251902971975827
0.419019344407749	0.251881920514807
0.419499320747277	0.251855511632667
0.419979297086804	0.251833319414862
0.420459273426332	0.251822897641342
0.42093924976586	0.251829821935152
0.421419226105388	0.251858081311367
0.421899202444916	0.251910600653915
0.422379178784443	0.251989686813874
0.422859155123971	0.252097385568249
0.423339131463499	0.252235565536439
0.423819107803027	0.252405824577719
0.424299084142554	0.252609351905388
0.424779060482082	0.252846833751939
0.42525903682161	0.253118370176709
0.425739013161138	0.253423562072364
0.426218989500666	0.253761685435928
0.426698965840193	0.254131847753227
0.427178942179721	0.25453323194217
0.427658918519249	0.254965496699642
0.428138894858777	0.255429026705283
0.428618871198304	0.25592499170933
0.429098847537832	0.256455240992465
0.42957882387736	0.257022018495833
0.430058800216888	0.257627520772135
0.430538776556415	0.258273592083977
0.431018752895943	0.258961494995184
0.431498729235471	0.25969175421886
0.431978705574999	0.260464191578405
0.432458681914527	0.261277946597611
0.432938658254054	0.262131316182371
0.433418634593582	0.263021587702905
0.43389861093311	0.263944977430014
0.434378587272638	0.264896383691953
0.434858563612165	0.26586916970858
0.435338539951693	0.266855154960548
0.435818516291221	0.267844696788739
0.436298492630749	0.268826829113753
0.436778468970277	0.269789558098984
0.437258445309804	0.270720108126956
0.437738421649332	0.271605201818982
0.43821839798886	0.272431519054708
0.438698374328388	0.273186126643397
0.439178350667915	0.273856704279918
0.439658327007443	0.274431809698723
0.440138303346971	0.274901098479438
0.440618279686499	0.275255418862455
0.441098256026027	0.275486771467244
0.441578232365554	0.27558832445673
0.442058208705082	0.275554408395822
0.44253818504461	0.275380499457509
0.443018161384138	0.275063224173153
0.443498137723665	0.274600312141443
0.443978114063193	0.273990594102225
0.444458090402721	0.273234158446263
0.444938066742249	0.272332438493285
0.445418043081777	0.271288179718219
0.445898019421304	0.270105358154751
0.446377995760832	0.268789105477747
0.44685797210036	0.267345437089324
0.447337948439888	0.265780937098063
0.447817924779415	0.26410250755508
0.448297901118943	0.262317385197465
0.448777877458471	0.260433101956691
0.449257853797999	0.25845749828293
0.449737830137527	0.256398721862184
0.450217806477054	0.25426512473954
0.450697782816582	0.25206498915072
0.45117775915611	0.249806272744238
0.451657735495638	0.247496253406031
0.452137711835165	0.245141257295698
0.452617688174693	0.242746539308307
0.453097664514221	0.240316278569709
0.453577640853749	0.237853460532413
0.454057617193277	0.235359944423867
0.454537593532804	0.232836728107253
0.455017569872332	0.230284122588907
0.45549754621186	0.227701933594322
0.455977522551388	0.225089898856288
0.456457498890915	0.222447989902928
0.456937475230443	0.2197764595318
0.457417451569971	0.21707582250079
0.457897427909499	0.214346772915601
0.458377404249027	0.21159009154895
0.458857380588554	0.208806929471414
0.459337356928082	0.205999337975341
0.45981733326761	0.203170677037005
0.460297309607138	0.200325902095074
0.460777285946665	0.197471727011546
0.461257262286193	0.194616310539088
0.461737238625721	0.191768681068057
0.462217214965249	0.188938301857172
0.462697191304776	0.186134772231563
0.463177167644304	0.183367651760937
0.463657143983832	0.180646582256097
0.46413712032336	0.177981450309447
0.464617096662888	0.175382318717016
0.465097073002415	0.172859082669151
0.465577049341943	0.170420957720371
0.466057025681471	0.168075942816197
0.466537002020999	0.165830557270672
0.467016978360526	0.163689979368851
0.467496954700054	0.161658455922548
0.467976931039582	0.159739686622332
0.46845690737911	0.157936913307172
0.468936883718638	0.156252722430513
0.469416860058165	0.154688673431856
0.469896836397693	0.153244923826633
0.470376812737221	0.151920059949678
0.470856789076749	0.150711350607925
0.471336765416277	0.149615396478981
0.471816741755804	0.148628992629006
0.472296718095332	0.147749717913957
0.47277669443486	0.146976086520537
0.473256670774388	0.146307275416692
0.473736647113915	0.145742513373555
0.474216623453443	0.145280323878074
0.474696599792971	0.144918007383408
0.475176576132499	0.144651471014008
0.475656552472026	0.144475466527217
0.476136528811554	0.144384188080315
0.476616505151082	0.144371868951739
0.47709648149061	0.144433236052848
0.477576457830138	0.144563976958473
0.478056434169665	0.144761138799828
0.478536410509193	0.145023338848438
0.479016386848721	0.145351083019066
0.479496363188249	0.145747479800953
0.479976339527776	0.14621885206927
0.480456315867304	0.146774994938109
0.480936292206832	0.147429126838823
0.48141626854636	0.148197380683675
0.481896244885888	0.149097609624864
0.482376221225415	0.150147954492267
0.482856197564943	0.151365501798017
0.483336173904471	0.152765069153206
0.483816150243999	0.15435841820516
0.484296126583526	0.15615410942119
0.484776102923054	0.158157550958271
0.485256079262582	0.160371152623805
0.48573605560211	0.162794679102055
0.486216031941638	0.165425650899889
0.486696008281165	0.16825952678708
0.487175984620693	0.171290104598697
0.487655960960221	0.174510079045203
0.488135937299749	0.177911449370243
0.488615913639276	0.181485761177918
0.489095889978804	0.185224420682129
0.489575866318332	0.189118875398732
0.49005584265786	0.193160605323374
0.490535818997388	0.197341075172778
0.491015795336915	0.201651597572102
0.491495771676443	0.206083014263109
0.491975748015971	0.210625352732841
0.492455724355499	0.215267545882482
0.492935700695026	0.219997135973892
0.493415677034554	0.224800174002728
0.493895653374082	0.22966121233571
0.49437562971361	0.234563233267859
0.494855606053137	0.239487517402158
0.495335582392665	0.244413602588045
0.495815558732193	0.249319238392177
0.496295535071721	0.254180455033172
0.496775511411249	0.258971963589791
0.497255487750776	0.26366789907048
0.497735464090304	0.268242789506113
0.498215440429832	0.272672666078844
0.49869541676936	0.276936138001322
0.499175393108888	0.281015269470704
0.499655369448415	0.284896084429428
0.500135345787943	0.288568697441388
0.500615322127471	0.292027198291205
0.501095298466999	0.295269179265628
0.501575274806526	0.298295067569831
0.502055251146054	0.301107285056091
0.502535227485582	0.303709349290386
0.50301520382511	0.306104895498536
0.503495180164637	0.308296970158504
0.503975156504165	0.310287558716023
0.504455132843693	0.312077504515032
0.504935109183221	0.313666760833462
0.505415085522749	0.315054968754474
0.505895061862276	0.316242106893307
0.506375038201804	0.317229208018421
0.506855014541332	0.318018920611413
0.50733499088086	0.31861569389137
0.507814967220388	0.319025551904968
0.508294943559915	0.319255639305368
0.508774919899443	0.319313593745289
0.509254896238971	0.319206965634568
0.509734872578499	0.318942874121092
0.510214848918026	0.318527937682899
0.510694825257554	0.317968521843462
0.511174801597082	0.317271210282801
0.51165477793661	0.31644335287226
0.512134754276137	0.315493431358502
0.512614730615665	0.314431305858017
0.513094706955193	0.313268360974725
0.513574683294721	0.312017424553264
0.514054659634249	0.310692552445108
0.514534635973776	0.309308890967549
0.515014612313304	0.307882360503672
0.515494588652832	0.306429020458109
0.51597456499236	0.304964286837848
0.516454541331888	0.303502073332952
0.516934517671415	0.302054009233627
0.517414494010943	0.3006289240619
0.517894470350471	0.299232656423971
0.518374446689999	0.297868132442147
0.518854423029526	0.296535781487845
0.519334399369054	0.295234175187312
0.519814375708582	0.293960655782509
0.52029435204811	0.292711848021967
0.520774328387637	0.291484098460288
0.521254304727165	0.290273729207312
0.521734281066693	0.289077125894072
0.522214257406221	0.287890779694724
0.522694233745749	0.286711269706894
0.523174210085276	0.285535238073684
0.523654186424804	0.284359298118225
0.524134162764332	0.283179899031991
0.52461413910386	0.281993198855255
0.525094115443387	0.280795065777999
0.525574091782915	0.279581204917315
0.526054068122443	0.278347413552811
0.526534044461971	0.277089884186523
0.527014020801499	0.275805430276308
0.527493997141026	0.274491554703463
0.527973973480554	0.273146285604839
0.528453949820082	0.271767830612383
0.52893392615961	0.270354276264591
0.529413902499137	0.268903537561477
0.529893878838665	0.267413630745804
0.530373855178193	0.265883083804639
0.530853831517721	0.264311462407911
0.531333807857248	0.262699733121365
0.531813784196776	0.261050202771837
0.532293760536304	0.259366164853159
0.532773736875832	0.25765153094724
0.53325371321536	0.25591062925385
0.533733689554887	0.2541482160871
0.534213665894415	0.252369805620813
0.534693642233943	0.25058211900038
0.535173618573471	0.24879341672255
0.535653594912999	0.247013635736045
0.536133571252526	0.245254270725417
0.536613547592054	0.243528031059276
0.537093523931582	0.241848483736348
0.53757350027111	0.240229897229828
0.538053476610637	0.238687057125767
0.538533452950165	0.237235000993736
0.539013429289693	0.235888779365843
0.539493405629221	0.234663163544919
0.539973381968748	0.233572219538016
0.540453358308276	0.23262889129365
0.540933334647804	0.23184479943133
0.541413310987332	0.231230177821273
0.54189328732686	0.230793858487326
0.542373263666387	0.230543284570322
0.542853240005915	0.230484445704417
0.543333216345443	0.23062176862378
0.543813192684971	0.230957958175099
0.544293169024499	0.231493866909937
0.544773145364026	0.232228454081106
0.545253121703554	0.233158996438139
0.545733098043082	0.234281367525876
0.54621307438261	0.23559031777883
0.546693050722137	0.237079704546888
0.547173027061665	0.238742690954227
0.547653003401193	0.240571927256103
0.548132979740721	0.242559759837227
0.548612956080248	0.244698371119484
0.549092932419776	0.246979938127621
0.549572908759304	0.249396672713113
0.550052885098832	0.251940637729965
0.55053286143836	0.254603296637914
0.551012837777887	0.257375117802918
0.551492814117415	0.260245323426749
0.551972790456943	0.263201834177536
0.552452766796471	0.266231483938613
0.552932743135998	0.269320625316721
0.553412719475526	0.272455781442589
0.553892695815054	0.275624083704155
0.554372672154582	0.278813435571847
0.55485264849411	0.282012311543031
0.555332624833637	0.285209128683489
0.555812601173165	0.288391549878631
0.556292577512693	0.291545877195986
0.556772553852221	0.294656513271061
0.557252530191748	0.297705679140058
0.557732506531276	0.300673559490728
0.558212482870804	0.303538619688414
0.558692459210332	0.306278071080647
0.55917243554986	0.308868687172333
0.559652411889387	0.311287647699003
0.560132388228915	0.313513270024878
0.560612364568443	0.315525725197062
0.561092340907971	0.317307685508668
0.561572317247498	0.318844687207131
0.562052293587026	0.320125293380537
0.562532269926554	0.321140963490943
0.563012246266082	0.321885735245182
0.56349222260561	0.322355907100814
0.563972198945137	0.322549865329422
0.564452175284665	0.322467930120974
0.564932151624193	0.322112184749388
0.565412127963721	0.321486243354754
0.565892104303248	0.320594983372263
0.566372080642776	0.319443970179006
0.566852056982304	0.318038753877872
0.567332033321832	0.316384292929341
0.567812009661359	0.314484778448386
0.568291986000887	0.312343825276811
0.568771962340415	0.309965088259199
0.569251938679943	0.307352943493324
0.569731915019471	0.304513031212519
0.570211891358998	0.301452583378341
0.570691867698526	0.29818050219271
0.571171844038054	0.294707129235808
0.571651820377582	0.291044096411391
0.57213179671711	0.287204422093542
0.572611773056637	0.283202725456695
0.573091749396165	0.279055407450011
0.573571725735693	0.274780744345974
0.574051702075221	0.27039873894138
0.574531678414748	0.265930788376264
0.575011654754276	0.261399192674332
0.575491631093804	0.256826590161161
0.575971607433332	0.252235507759641
0.57645158377286	0.247648133059888
0.576931560112387	0.243086280216899
0.577411536451915	0.238571278754618
0.577891512791443	0.234123755974334
0.578371489130971	0.229763372171715
0.578851465470498	0.225508466397077
0.579331441810026	0.221375563595785
0.579811418149554	0.217379015222154
0.580291394489082	0.213530714098219
0.58077137082861	0.209840024166044
0.581251347168137	0.206313891995065
0.581731323507665	0.202956868202648
0.582211299847193	0.199770823438832
0.582691276186721	0.196754631106623
0.583171252526248	0.193903844001952
0.583651228865776	0.191210453748067
0.584131205205304	0.188663086382973
0.584611181544832	0.186247810611976
0.58509115788436	0.18394923995308
0.585571134223887	0.181751771357249
0.586051110563415	0.17964069079466
0.586531086902943	0.177602833550157
0.587011063242471	0.175626833025112
0.587491039581998	0.173703086569323
0.587971015921526	0.171823476833519
0.588450992261054	0.169981137571309
0.588930968600582	0.168170446436308
0.589410944940109	0.166387180704794
0.589890921279637	0.164628706985869
0.590370897619165	0.162894257054855
0.590850873958693	0.161185098215504
0.591330850298221	0.159504406789154
0.591810826637748	0.157856798981243
0.592290802977276	0.15624767744329
0.592770779316804	0.154682441089099
0.593250755656332	0.153165717638653
0.593730731995859	0.151700868299682
0.594210708335387	0.15028986983277
0.594690684674915	0.148933506593451
0.595170661014443	0.147631875036455
0.595650637353971	0.146385084302319
0.596130613693498	0.145193922300977
0.596610590033026	0.144060481884468
0.597090566372554	0.142988742833956
0.597570542712082	0.141984920789087
0.598050519051609	0.141057551239741
0.598530495391137	0.140217430690236
0.599010471730665	0.139477116085339
0.599490448070193	0.138849998986998
0.599970424409721	0.138349166558375
0.600450400749248	0.137986357011763
0.600930377088776	0.137770954658782
0.601410353428304	0.137709390218588
0.601890329767832	0.137805016424536
0.60237030610736	0.138058392870376
0.602850282446887	0.138467766266816
0.603330258786415	0.1390298064828
0.603810235125943	0.13974036325129
0.604290211465471	0.140595020193357
0.604770187804998	0.141589359453586
0.605250164144526	0.142719011974319
0.605730140484054	0.143979432732839
0.606210116823582	0.145365546779295
0.606690093163109	0.146871470624722
0.607170069502637	0.148490351907133
0.607650045842165	0.150214281387428
0.608130022181693	0.152034464952271
0.608609998521221	0.153941631109521
0.609089974860748	0.15592627747333
0.609569951200276	0.157978768458473
0.610049927539804	0.160089409821989
0.610529903879332	0.162248449312653
0.611009880218859	0.164446020080611
0.611489856558387	0.166672299939293
0.611969832897915	0.168917723543219
0.612449809237443	0.171173159861802
0.612929785576971	0.173430001068233
0.613409761916498	0.175680106568646
0.613889738256026	0.17791564237349
0.614369714595554	0.18012895671489
0.614849690935082	0.182312425374253
0.615329667274609	0.184458327956406
0.615809643614137	0.186558709253139
0.616289619953665	0.188605239647937
0.616769596293193	0.190588961410888
0.617249572632721	0.192499978537034
0.617729548972248	0.194327025715666
0.618209525311776	0.1960571451947
0.618689501651304	0.197675579595812
0.619169477990832	0.199165923923753
0.619649454330359	0.200510364497686
0.620129430669887	0.201690171089886
0.620609407009415	0.202686209955002
0.621089383348943	0.203479498110031
0.62156935968847	0.20405180976181
0.622049336027998	0.204386497548073
0.622529312367526	0.204469437795209
0.623009288707054	0.204290089066573
0.623489265046582	0.203842450636212
0.623969241386109	0.203125602920923
0.624449217725637	0.202143603465023
0.624929194065165	0.200904819453526
0.625409170404693	0.199420785109297
0.62588914674422	0.197704828247329
0.626369123083748	0.195771060617754
0.626849099423276	0.193634117708998
0.627329075762804	0.191309333575276
0.627809052102332	0.188813165265814
0.628289028441859	0.186163741581876
0.628769004781387	0.183380948843081
0.629248981120915	0.180485944323174
0.629728957460443	0.17750039526884
0.630208933799971	0.174445558199783
0.630688910139498	0.171341287933573
0.631168886479026	0.168205493612851
0.631648862818554	0.165053992765911
0.632128839158082	0.161900487620224
0.632608815497609	0.158756831553506
0.633088791837137	0.155633414890221
0.633568768176665	0.152539422640454
0.634048744516193	0.149483056649669
0.63452872085572	0.146471841732356
0.635008697195248	0.14351276372124
0.635488673534776	0.14061235220952
0.635968649874304	0.137776825287591
0.636448626213832	0.135012240200338
0.636928602553359	0.132324669593802
0.637408578892887	0.12972049595349
0.637888555232415	0.127206678604087
0.638368531571943	0.12479087766194
0.638848507911471	0.122481406733764
0.639328484250998	0.120287013291383
0.639808460590526	0.118216512786668
0.640288436930054	0.116278370975821
0.640768413269582	0.114480334076376
0.641248389609109	0.112829148336707
0.641728365948637	0.111330393984068
0.642208342288165	0.109988462030366
0.642688318627693	0.108806665977419
0.64316829496722	0.107787356243136
0.643648271306748	0.106932029208099
0.644128247646276	0.106241412320219
0.644608223985804	0.105715485350281
0.645088200325332	0.105353430079403
0.645568176664859	0.105153634203633
0.646048153004387	0.10511374967923
0.646528129343915	0.105230680171376
0.647008105683443	0.105500505775612
0.64748808202297	0.105918385373549
0.647968058362498	0.106478455645176
0.648448034702026	0.107173750997588
0.648928011041554	0.107996297959031
0.649407987381082	0.108937269039623
0.649887963720609	0.109987174452062
0.650367940060137	0.111136111154765
0.650847916399665	0.112374050253367
0.651327892739193	0.113691073629048
0.65180786907872	0.115077629035808
0.652287845418248	0.11652469649153
0.652767821757776	0.118023882632007
0.653247798097304	0.119567367791905
0.653727774436831	0.121147738869692
0.654207750776359	0.122757675826854
0.654687727115887	0.124389682474652
0.655167703455415	0.126035879873208
0.655647679794943	0.127688004341327
0.65612765613447	0.129337693311664
0.656607632473998	0.130976909562053
0.657087608813526	0.132598333844144
0.657567585153054	0.134195729139227
0.658047561492582	0.1357640132525
0.658527537832109	0.137298953706715
0.659007514171637	0.138796867951711
0.659487490511165	0.140254164381821
0.659967466850693	0.141666715893047
0.66044744319022	0.143029436051874
0.660927419529748	0.14433623784927
0.661407395869276	0.1455800843419
0.661887372208804	0.146753445380895
0.662367348548331	0.147849172951706
0.662847324887859	0.148861481990183
0.663327301227387	0.149786644513783
0.663807277566915	0.150623536575027
0.664287253906443	0.151373729443184
0.66476723024597	0.152041149237201
0.665247206585498	0.152631515742819
0.665727182925026	0.153151793472674
0.666207159264554	0.153609498079775
0.666687135604082	0.154012100813298
0.667167111943609	0.154366556029578
0.667647088283137	0.15467874740249
0.668127064622665	0.154952790571657
0.668607040962193	0.155190572138252
0.66908701730172	0.155391551348761
0.669566993641248	0.155552714480542
0.670046969980776	0.155668865877447
0.670526946320304	0.155733319966026
0.671006922659831	0.155738580566546
0.671486898999359	0.155676920912172
0.671966875338887	0.155540902935418
0.672446851678415	0.155323707406963
0.672926828017943	0.155019373060248
0.67340680435747	0.154623068821721
0.673886780696998	0.15413129117362
0.674366757036526	0.153541906643065
0.674846733376054	0.152854201105555
0.675326709715582	0.152068932745995
0.675806686055109	0.151188165047873
0.676286662394637	0.150215093126903
0.676766638734165	0.149153989281598
0.677246615073693	0.148010276974645
0.67772659141322	0.14679079552826
0.678206567752748	0.145504313086264
0.678686544092276	0.144161888997365
0.679166520431804	0.142776900983757
0.679646496771331	0.141364741768203
0.680126473110859	0.139942068269276
0.680606449450387	0.138525673616693
0.681086425789915	0.137131475381589
0.681566402129443	0.135773827440897
0.68204637846897	0.134465183234701
0.682526354808498	0.133216166955439
0.683006331148026	0.132035998820377
0.683486307487554	0.130932925165576
0.683966283827081	0.129914583731474
0.684446260166609	0.12898818889208
0.684926236506137	0.128160437443088
0.685406212845665	0.127437342141191
0.685886189185193	0.12682418590164
0.68636616552472	0.12632551312919
0.686846141864248	0.125945141112113
0.687326118203776	0.125686207327873
0.687806094543304	0.125551137388354
0.688286070882831	0.125541555796798
0.688766047222359	0.125658208525822
0.689246023561887	0.125900800735125
0.689725999901415	0.126267776993539
0.690205976240942	0.126756233093807
0.69068595258047	0.127361887244574
0.691165928919998	0.128079114661613
0.691645905259526	0.128901107642122
0.692125881599054	0.129820186329112
0.692605857938581	0.130827951424837
0.693085834278109	0.131915361318464
0.693565810617637	0.13307269116028
0.694045786957165	0.134289323432471
0.694525763296693	0.13555352412184
0.69500573963622	0.13685246539147
0.695485715975748	0.138172359355296
0.695965692315276	0.139498823057006
0.696445668654804	0.140817580306153
0.696925644994331	0.14211536053613
0.697405621333859	0.143380825902295
0.697885597673387	0.144605476019518
0.698365574012915	0.145784326732333
0.698845550352442	0.146916333501179
0.69932552669197	0.148004445043295
0.699805503031498	0.149055201531522
0.700285479371026	0.150077996311869
0.700765455710554	0.151084185359968
0.701245432050081	0.15208613296433
0.701725408389609	0.153096311546563
0.702205384729137	0.154126734219831
0.702685361068665	0.155188680049849
0.703165337408193	0.156292663465948
0.70364531374772	0.157448584919118
0.704125290087248	0.158665874902979
0.704605266426776	0.159953513638055
0.705085242766304	0.161320059616585
0.705565219105831	0.162773663906193
0.706045195445359	0.164321934172959
0.706525171784887	0.165971712589278
0.707005148124415	0.167728834649814
0.707485124463943	0.169597834615473
0.70796510080347	0.171581552309303
0.708445077142998	0.173680772713446
0.708925053482526	0.175893974901956
0.709405029822054	0.178217236970551
0.709885006161581	0.180644330452228
0.710364982501109	0.183167028073837
0.710844958840637	0.185775500499422
0.711324935180165	0.188458778967822
0.711804911519692	0.191205298950457
0.71228488785922	0.194003423565466
0.712764864198748	0.196841703933981
0.713244840538276	0.199709023689785
0.713724816877804	0.202594638172866
0.714204793217331	0.205488052285223
0.714684769556859	0.208378761781964
0.715164745896387	0.211256201082988
0.715644722235915	0.214109899601143
0.716124698575442	0.216929669929706
0.71660467491497	0.219705757088694
0.717084651254498	0.222428920557833
0.717564627594026	0.225090253779966
0.718044603933554	0.227680863952394
0.718524580273081	0.23019161721845
0.719004556612609	0.232613070253081
0.719484532952137	0.23493570037281
0.719964509291665	0.237150517140777
0.720444485631192	0.239249823445195
0.72092446197072	0.241227772573216
0.721404438310248	0.243080500589129
0.721884414649776	0.244805843981762
0.722364390989304	0.246402693021431
0.722844367328831	0.247870118784998
0.723324343668359	0.249206660595175
0.723804320007887	0.250410030644514
0.724284296347415	0.251477200463787
0.724764272686942	0.252404751936314
0.72524424902647	0.253189454274265
0.725724225365998	0.253828854997618
0.726204201705526	0.254321714114541
0.726684178045054	0.254668320743241
0.727164154384581	0.254870639683415
0.727644130724109	0.254932219812169
0.728124107063637	0.254857996591643
0.728604083403165	0.254654075258116
0.729084059742692	0.254327436882312
0.72956403608222	0.253885731685374
0.730044012421748	0.253337094472106
0.730523988761276	0.252689969035955
0.731003965100804	0.251952976435617
0.731483941440331	0.251134824076204
0.731963917779859	0.250244098578607
0.732443894119387	0.249289068923373
0.732923870458915	0.248277553863592
0.733403846798442	0.247216857607928
0.73388382313797	0.246113683548135
0.734363799477498	0.244974137762888
0.734843775817026	0.243803712071656
0.735323752156554	0.242607244568324
0.735803728496081	0.241388849762448
0.736283704835609	0.24015189842739
0.736763681175137	0.238899047181356
0.737243657514665	0.237632405651337
0.737723633854192	0.236353786701194
0.73820361019372	0.235064967704429
0.738683586533248	0.23376784709013
0.739163562872776	0.232464513659059
0.739643539212304	0.231157237815481
0.740123515551831	0.229848402978447
0.740603491891359	0.228540437039061
0.741083468230887	0.227235733380286
0.741563444570415	0.225936557969463
0.742043420909942	0.224644863355509
0.74252339724947	0.223362061195923
0.743003373588998	0.222088737634051
0.743483349928526	0.220824382990228
0.743963326268054	0.219567147869938
0.744443302607581	0.218313796421748
0.744923278947109	0.21705989481194
0.745403255286637	0.215800042462509
0.745883231626165	0.214528159586092
0.746363207965692	0.213237796092523
0.74684318430522	0.211922319562457
0.747323160644748	0.21057498370277
0.747803136984276	0.209189012583919
0.748283113323803	0.207757713179135
0.748763089663331	0.206274721551408
0.749243066002859	0.204734358399528
0.749723042342387	0.203131946109731
0.750203018681915	0.201463985042525
0.750682995021442	0.199728217738619
0.75116297136097	0.197923313083405
0.751642947700498	0.196048318519399
0.752122924040026	0.194102041977365
0.752602900379553	0.192082611062638
0.753082876719081	0.18998733227528
0.753562853058609	0.187812967738923
0.754042829398137	0.185556167873587
0.754522805737665	0.183214084170561
0.755002782077192	0.180785062298292
0.75548275841672	0.178269103515964
0.755962734756248	0.175668055690416
0.756442711095776	0.172985602708708
0.756922687435303	0.170226845325482
0.757402663774831	0.167397583734392
0.757882640114359	0.16450359765947
0.758362616453887	0.161550001657265
0.758842592793415	0.158540882902253
0.759322569132942	0.155479530012803
0.75980254547247	0.15236892172212
0.760282521811998	0.149212313853798
0.760762498151526	0.146013925317758
0.761242474491053	0.142779482555295
0.761722450830581	0.139516250714543
0.762202427170109	0.136232845367677
0.762682403509637	0.132938966232325
0.763162379849165	0.129645174104985
0.763642356188692	0.126362851444757
0.76412233252822	0.123104396572358
0.764602308867748	0.119883163957978
0.765082285207276	0.116713195186286
0.765562261546803	0.113608818533959
0.766042237886331	0.11058408851002
0.766522214225859	0.107652096101025
0.767002190565387	0.104824688893092
0.767482166904915	0.102112625478297
0.767962143244442	0.0995259295083667
0.76844211958397	0.0970743569989759
0.768922095923498	0.0947679364571119
0.769402072263026	0.0926173325695459
0.769882048602553	0.0906340448313434
0.770362024942081	0.0888304597234491
0.770842001281609	0.0872196320372418
0.771321977621137	0.0858149262702103
0.771801953960665	0.0846297518228855
0.772281930300192	0.0836771810689172
0.77276190663972	0.082969286446268
0.773241882979248	0.0825164998114114
0.773721859318776	0.0823270643465433
0.774201835658303	0.0824065761616275
0.774681811997831	0.0827577241926976
0.775161788337359	0.0833803440562098
0.775641764676887	0.0842716703397538
0.776121741016415	0.0854267626886279
0.776601717355942	0.0868389082304484
0.77708169369547	0.0884998292195493
0.777561670034998	0.0903997276963291
0.778041646374526	0.0925272771320206
0.778521622714053	0.0948695137996975
0.779001599053581	0.0974117405818464
0.779481575393109	0.100137561359079
0.779961551732637	0.103029121985228
0.780441528072164	0.106067535314126
0.780921504411692	0.109233195769422
0.78140148075122	0.112505865624697
0.781881457090748	0.115864638971009
0.782361433430276	0.11928781694206
0.782841409769803	0.122752705328376
0.783321386109331	0.126235636879187
0.783801362448859	0.129712369926855
0.784281338788387	0.133158807161869
0.784761315127914	0.136551866196303
0.785241291467442	0.139870373087246
0.78572126780697	0.143095749514988
0.786201244146498	0.146212429904995
0.786681220486026	0.149207999123147
0.787161196825553	0.15207309402346
0.787641173165081	0.154801097229807
0.788121149504609	0.157387904594723
0.788601125844137	0.159831799323485
0.789081102183665	0.162133511469126
0.789561078523192	0.164296290865205
0.79004105486272	0.166326017027557
0.790521031202248	0.16823121304938
0.791001007541776	0.170022786612302
0.791480983881303	0.171713474296586
0.791960960220831	0.173317145703223
0.792440936560359	0.174847908259387
0.792920912899887	0.176319197003876
0.793400889239414	0.177743092358832
0.793880865578942	0.179129891032555
0.79436084191847	0.180487906953663
0.794840818257998	0.181823627470954
0.795320794597526	0.183141974860963
0.795800770937053	0.184446624896427
0.796280747276581	0.185740241732824
0.796760723616109	0.187024634444375
0.797240699955637	0.188300733502126
0.797720676295165	0.189568564689309
0.798200652634692	0.190827236923906
0.79868062897422	0.192074844816256
0.799160605313748	0.193308403993088
0.799640581653276	0.194523902576974
0.800120557992803	0.195716343914899
0.800600534332331	0.196879795448317
0.801080510671859	0.198007477468285
0.801560487011387	0.199091900084067
0.802040463350914	0.200125041585628
0.802520439690442	0.201098611270113
0.80300041602997	0.202004310641002
0.803480392369498	0.202834072034746
0.803960368709026	0.203580152535451
0.804440345048553	0.20423507375229
0.804920321388081	0.204791461484637
0.805400297727609	0.205241829200891
0.805880274067137	0.205578443810242
0.806360250406664	0.20579340035453
0.806840226746192	0.205878806467789
0.80732020308572	0.205827060580027
0.807800179425248	0.205631141597792
0.808280155764776	0.205284882585568
0.808760132104303	0.204783199578048
0.809240108443831	0.20412238564479
0.809720084783359	0.203300251789366
0.810200061122887	0.202316206580987
0.810680037462414	0.201171220782312
0.811160013801942	0.199867680119647
0.81163999014147	0.198409084300707
0.812119966480998	0.196799766290542
0.812599942820526	0.19504461235742
0.813079919160053	0.193148853331175
0.813559895499581	0.191118006298607
0.814039871839109	0.188957922469404
0.814519848178637	0.186674815888133
0.814999824518164	0.184275377894964
0.815479800857692	0.181766913858815
0.81595977719722	0.179157347574699
0.816439753536748	0.176455185526879
0.816919729876276	0.173669539972399
0.817399706215803	0.170810164625145
0.817879682555331	0.167887487241096
0.818359658894859	0.164912619840599
0.818839635234387	0.161897316393349
0.819319611573914	0.158853928934348
0.819799587913442	0.155795299330775
0.82027956425297	0.152734612151952
0.820759540592498	0.149685172997997
0.821239516932025	0.146660174747315
0.821719493271553	0.143672486176651
0.822199469611081	0.140734487326728
0.822679445950609	0.137857977510392
0.823159422290137	0.13505415560428
0.823639398629664	0.132333632435748
0.824119374969192	0.129706441689129
0.82459935130872	0.127182025547392
0.825079327648248	0.124769203137073
0.825559303987776	0.122476123500297
0.826039280327303	0.120310083210639
0.826519256666831	0.118277241607972
0.826999233006359	0.116382288885651
0.827479209345887	0.114628108873019
0.827959185685414	0.113015591841827
0.828439162024942	0.111543736920747
0.82891913836447	0.110210026267393
0.829399114703998	0.109010988493905
0.829879091043526	0.107942866203146
0.830359067383053	0.107002234275775
0.830839043722581	0.106186338919078
0.831319020062109	0.105493150494393
0.831798996401637	0.104921168320661
0.832278972741164	0.104469020105503
0.832758949080692	0.104134983647242
0.83323892542022	0.10391664799042
0.833718901759748	0.103810713510245
0.834198878099276	0.103812912127202
0.834678854438803	0.103918079061589
0.835158830778331	0.104120370059912
0.835638807117859	0.104413476277857
0.836118783457387	0.104790831624518
0.836598759796914	0.105245822107345
0.837078736136442	0.1057719706815
0.83755871247597	0.106363124029892
0.838038688815498	0.107013667400625
0.838518665155025	0.107718756341361
0.838998641494553	0.1084744561496
0.839478617834081	0.109277784902715
0.839958594173609	0.110126522823772
0.840438570513137	0.111018869921117
0.840918546852664	0.111952994913152
0.841398523192192	0.112926662906197
0.84187849953172	0.113937077560822
0.842358475871248	0.114980860065886
0.842838452210775	0.116054067619443
0.843318428550303	0.11715227370542
0.843798404889831	0.11827056342009
0.844278381229359	0.119403345082596
0.844758357568887	0.12054409721787
0.845238333908414	0.121685234985334
0.845718310247942	0.122818105544507
0.84619828658747	0.123933246698369
0.846678262926998	0.125020893086062
0.847158239266525	0.126071605788452
0.847638215606053	0.127076924524214
0.848118191945581	0.128029872895154
0.848598168285109	0.128925117310015
0.849078144624636	0.129758678484764
0.849558120964164	0.130527356737545
0.850038097303692	0.13122806928036
0.85051807364322	0.131857252775905
0.850998049982748	0.132410434988203
0.851478026322275	0.132882144643513
0.851958002661803	0.133266293175386
0.852437979001331	0.133556837544461
0.852917955340859	0.133748482493161
0.853397931680387	0.133837387217267
0.853877908019914	0.133821653557504
0.854357884359442	0.133701390529836
0.85483786069897	0.133478418015225
0.855317837038498	0.133155658249019
0.855797813378025	0.132736310397483
0.856277789717553	0.132223138790376
0.856757766057081	0.131618006577107
0.857237742396609	0.130921676314443
0.857717718736137	0.130133995809726
0.858197695075664	0.129254511704251
0.858677671415192	0.128283239677996
0.85915764775472	0.127221230049177
0.859637624094248	0.126070814751282
0.860117600433775	0.124835607231127
0.860597576773303	0.123520368031115
0.861077553112831	0.122130782399345
0.861557529452359	0.12067325788052
0.862037505791887	0.119154822155158
0.862517482131414	0.11758311255088
0.862997458470942	0.115966282364822
0.86347743481047	0.114312811932365
0.863957411149998	0.112631255966479
0.864437387489525	0.110930020379605
0.864917363829053	0.109217218637966
0.865397340168581	0.107500618583211
0.865877316508109	0.105787606579316
0.866357292847637	0.104085261255775
0.866837269187164	0.102400450673231
0.867317245526692	0.100739867190873
0.86779722186622	0.0991099776927751
0.868277198205748	0.0975170235967249
0.868757174545275	0.0959670816378669
0.869237150884803	0.0944660277488336
0.869717127224331	0.0930193947620029
0.870197103563859	0.0916321596200757
0.870677079903386	0.0903084758199858
0.871157056242914	0.0890513500070301
0.871637032582442	0.0878624255757534
0.87211700892197	0.0867419395064621
0.872596985261498	0.0856888992675711
0.873076961601025	0.0847015135200146
0.873556937940553	0.0837776398273637
0.874036914280081	0.0829151114854272
0.874516890619609	0.0821119451538131
0.874996866959136	0.0813663927899614
0.875476843298664	0.0806767632258035
0.875956819638192	0.0800412562769717
0.87643679597772	0.079457988107411
0.876916772317248	0.07892522795901
0.877396748656775	0.078441905581583
0.877876724996303	0.0780081221904603
0.878356701335831	0.0776254419553502
0.878836677675359	0.0772969337286529
0.879316654014886	0.0770269064823444
0.879796630354414	0.0768202618388981
0.880276606693942	0.0766817764496339
0.88075658303347	0.0766155470337759
0.881236559372998	0.0766246163975612
0.881716535712525	0.0767108572709163
0.882196512052053	0.076875112943246
0.882676488391581	0.0771173513522342
0.883156464731109	0.0774369969220017
0.883636441070636	0.0778333528513635
0.884116417410164	0.0783057833267506
0.884596393749692	0.0788536274067942
0.88507637008922	0.0794760718928118
0.885556346428748	0.0801718292821882
0.886036322768275	0.0809387317137829
0.886516299107803	0.0817735230546404
0.886996275447331	0.0826718807039641
0.887476251786859	0.0836286861913546
0.887956228126386	0.0846386252918433
0.888436204465914	0.0856967685357833
0.888916180805442	0.0867988922908153
0.88939615714497	0.0879416199338428
0.889876133484498	0.0891222737666821
0.890356109824025	0.0903384426291964
0.890836086163553	0.0915875808393565
0.891316062503081	0.0928668736265045
0.891796038842609	0.094173313171203
0.892276015182136	0.0955039430282666
0.892755991521664	0.0968561994529401
0.893235967861192	0.0982282072085024
0.89371594420072	0.099618907460346
0.894195920540248	0.101027951876062
0.894675896879775	0.102455413746323
0.895155873219303	0.103901484861246
0.895635849558831	0.105366198750251
0.896115825898359	0.106849282058585
0.896595802237886	0.108350179492518
0.897075778577414	0.109868082557441
0.897555754916942	0.111401867777278
0.89803573125647	0.112950016836453
0.898515707595998	0.114510421911104
0.898995683935525	0.116080128087432
0.899475660275053	0.11765530836919
0.899955636614581	0.119231482987314
0.900435612954109	0.12080389665418
0.900915589293636	0.122368024482383
0.901395565633164	0.123920056263429
0.901875541972692	0.125457155302157
0.90235551831222	0.126977485100261
0.902835494651748	0.128480107416019
0.903315470991275	0.129964904579027
0.903795447330803	0.131432378716987
0.904275423670331	0.132883493756899
0.904755400009859	0.134319495422959
0.905235376349386	0.135741686487647
0.905715352688914	0.137151046532631
0.906195329028442	0.138548001968289
0.90667530536797	0.13993226114236
0.907155281707497	0.141302774764382
0.907635258047025	0.14265783840538
0.908115234386553	0.143995396326787
0.908595210726081	0.145313292774081
0.909075187065609	0.146609480752314
0.909555163405136	0.147882067306388
0.910035139744664	0.14912921347729
0.910515116084192	0.150348937803839
0.91099509242372	0.151538991007865
0.911475068763247	0.152696740516216
0.911955045102775	0.153819203289804
0.912435021442303	0.154903222428732
0.912914997781831	0.155945644971883
0.913394974121359	0.156943449180225
0.913874950460886	0.157893800638917
0.914354926800414	0.158794006592098
0.914834903139942	0.159641351712737
0.91531487947947	0.16043292447332
0.915794855818997	0.161165384423885
0.916274832158525	0.161834835207213
0.916754808498053	0.162436745291734
0.917234784837581	0.162965909122882
0.917714761177109	0.163416363329335
0.918194737516636	0.163781403055692
0.918674713856164	0.164053698069097
0.919154690195692	0.164225574285549
0.91963466653522	0.164289437527458
0.920114642874747	0.16423836637359
0.920594619214275	0.164066696959807
0.921074595553803	0.163770552341253
0.921554571893331	0.163348202447602
0.922034548232859	0.162800311797851
0.922514524572386	0.162130036984151
0.922994500911914	0.161342936217888
0.923474477251442	0.160446658466853
0.92395445359097	0.159450508514412
0.924434429930497	0.15836483435535
0.924914406270025	0.157200335543406
0.925394382609553	0.156321061293459
0.925874358949081	0.155379112971253
0.926354335288609	0.154395200631941
0.926834311628136	0.153386478741044
0.927314287967664	0.152366087916772
0.927794264307192	0.151343445618268
0.92827424064672	0.150324881008315
0.928754216986247	0.14931434771896
0.929234193325775	0.148314071023821
0.929714169665303	0.147325070770774
0.930194146004831	0.146347554904293
0.930674122344359	0.145381200594521
0.931154098683886	0.144425346932854
0.931634075023414	0.14347913284135
0.932114051362942	0.142541593278464
0.93259402770247	0.141611719213243
0.933074004041997	0.140688493156012
0.933553980381525	0.139770907945701
0.934033956721053	0.138857967180487
0.934513933060581	0.137948680002645
0.934993909400109	0.137042061363484
0.935473885739636	0.136137138409639
0.935953862079164	0.135232963873469
0.936433838418692	0.134328640488742
0.93691381475822	0.133423339772947
0.937393791097747	0.132516309261892
0.937873767437275	0.131606872031824
0.938353743776803	0.130694413906845
0.938833720116331	0.129778359524593
0.939313696455858	0.128858151271026
0.939793672795386	0.127933236271077
0.940273649134914	0.127003058668483
0.940753625474442	0.126067061081718
0.94123360181397	0.125124694253673
0.941713578153497	0.124175429413657
0.942193554493025	0.123218768836032
0.942673530832553	0.1222542527272
0.943153507172081	0.121281458409729
0.943633483511608	0.12029999381337
0.944113459851136	0.119309489458545
0.944593436190664	0.118309592367901
0.945073412530192	0.117299963450602
0.94555338886972	0.116280277824349
0.946033365209247	0.115250226522817
0.946513341548775	0.114209518599843
0.946993317888303	0.113157880171179
0.947473294227831	0.112095050886186
0.947953270567358	0.111020781466391
0.948433246906886	0.109934832480168
0.948913223246414	0.108836974468028
0.949393199585942	0.107726991817354
0.94987317592547	0.10660468836814
0.950353152264997	0.105469891088553
0.950833128604525	0.104322452094864
0.951313104944053	0.103162249341482
0.951793081283581	0.10198918619075
0.952273057623108	0.100803187994903
0.952753033962636	0.099604198087564
0.953233010302164	0.0983921732515849
0.953712986641692	0.0971670786405087
0.95419296298122	0.0959288821926222
0.954672939320747	0.0946775511387802
0.955152915660275	0.0934130510545475
0.955632891999803	0.0921353472063653
0.956112868339331	0.0908444079997688
0.956592844678859	0.0895402097237594
0.957072821018386	0.0882227400801989
0.957552797357914	0.0868920006389203
0.958032773697442	0.0855480081305915
0.95851275003697	0.0841907942036689
0.958992726376497	0.0828204039258974
0.959472702716025	0.0814368951073022
0.959952679055553	0.0800403379528401
0.960432655395081	0.0786308147712066
0.960912631734609	0.0772084197368426
0.961392608074136	0.0757732587021993
0.961872584413664	0.0743254490573573
0.962352560753192	0.0728651196341138
0.96283253709272	0.0713924106517005
0.963312513432247	0.0699074740203474
0.963792489771775	0.0684104745767798
0.964272466111303	0.0669015901279834
0.964752442450831	0.0653810104703812
0.965232418790358	0.0638489331203776
0.965712395129886	0.0623055552686521
0.966192371469414	0.0607510620618899
0.966672347808942	0.0591856146140969
0.96715232414847	0.0576093387239459
0.967632300487997	0.056022318388185
0.968112276827525	0.0544245959790073
0.968592253167053	0.0528161790030683
0.969072229506581	0.0511970501013891
0.969552205846108	0.049567179556853
0.970032182185636	0.0479265355237321
0.970512158525164	0.0462750906602892
0.970992134864692	0.0446128245740425
0.97147211120422	0.0429397247375156
0.971952087543747	0.0412557850691596
0.972432063883275	0.0395610059340866
0.972912040222803	0.0378553946734235
0.973392016562331	0.0361389661102449
