0	0.0680415725641902
0.000479976706944242	0.0688388614673173
0.000959953413888485	0.0696260373163165
0.00143993012083273	0.0704032566029068
0.00191990682777697	0.0711706914998386
0.00239988353472121	0.0719285287650215
0.00287986024166545	0.0726769686528665
0.0033598369486097	0.0734162238342633
0.00383981365555394	0.0741465183266789
0.00431979036249818	0.0748680864359192
0.00479976706944242	0.0755811717111348
0.00527974377638666	0.076286025914673
0.00575972048333091	0.0769829080083827
0.00623969719027515	0.0776720835648077
0.00671967389721939	0.0783538256616815
0.00719965060416363	0.0790284147463667
0.00767962731110788	0.0796961343781362
0.00815960401805212	0.0803572637093879
0.00863958072499636	0.0810120683474006
0.0091195574319406	0.0816607906368737
0.00959953413888485	0.0823036399543864
0.0100795108458291	0.082940786532889
0.0105594875527733	0.0835723597034349
0.0110394642597176	0.0841984502461279
0.0115194409666618	0.0848191156380096
0.0119994176736061	0.0854343871976378
0.0124793943805503	0.0860442770748962
0.0129593710874945	0.086648784972982
0.0134393477944388	0.0872479040516289
0.013919324501383	0.0878416252373023
0.0143993012083273	0.0884299398591193
0.0148792779152715	0.0890128422969597
0.0153592546222158	0.0895903320659727
0.01583923132916	0.0901624151534932
0.0163192080361042	0.0907291028974055
0.0167991847430485	0.0912904101252539
0.0172791614499927	0.0918463525063603
0.017759138156937	0.0923969429767118
0.0182391148638812	0.092942187132282
0.0187190915708254	0.0934820798784932
0.0191990682777697	0.09401660401807
0.0196790449847139	0.094545730890133
0.0201590216916582	0.0950694232261294
0.0206389983986024	0.0955876397715985
0.0211189751055467	0.0961003396179347
0.0215989518124909	0.0966074867373611
0.0220789285194351	0.0971090524247849
0.0225589052263794	0.0976050146740008
0.0230388819333236	0.0980953548170906
0.0235188586402679	0.0985800535274798
0.0239988353472121	0.0990590855511321
0.0244788120541564	0.0995324155868068
0.0249587887611006	0.0999999963151634
0.0254387654680448	0.100461768935681
0.0259187421749891	0.100917666621083
0.0263987188819333	0.101367620486237
0.0268786955888776	0.101811565164169
0.0273586722958218	0.102249443890755
0.0278386490027661	0.102681212705781
0.0283186257097103	0.103106842932542
0.0287986024166545	0.10352632193667
0.0292785791235988	0.103939655336057
0.029758555830543	0.104346870910322
0.0302385325374873	0.104748020806042
0.0307185092444315	0.105143181332532
0.0311984859513758	0.105532450660115
0.03167846265832	0.105915944845205
0.0321584393652642	0.106293792733518
0.0326384160722085	0.106666130922755
0.0331183927791527	0.107033100593465
0.033598369486097	0.10739484352181
0.0340783461930412	0.107751497088355
0.0345583228999854	0.108103187661714
0.0350382996069297	0.108450022524887
0.0355182763138739	0.108792081646932
0.0359982530208182	0.109129414548557
0.0364782297277624	0.109462044445731
0.0369582064347067	0.109789981111083
0.0374381831416509	0.110113238009303
0.0379181598485951	0.110431851054251
0.0383981365555394	0.110745892812394
0.0388781132624836	0.111055480595717
0.0393580899694279	0.111360777443873
0.0398380666763721	0.111661996252192
0.0403180433833164	0.111959409277993
0.0407980200902606	0.112253369756709
0.0412779967972048	0.112544347084593
0.0417579735041491	0.112832975826613
0.0422379502110933	0.1131201138128
0.0427179269180376	0.1134069116957
0.0431979036249818	0.113694897014023
0.0436778803319261	0.113986075933412
0.0441578570388703	0.114283049068816
0.0446378337458145	0.114589148753526
0.0451178104527588	0.114908596705349
0.045597787159703	0.115246674739328
0.0460777638666473	0.115609889838309
0.0465577405735915	0.116006106464491
0.0470377172805357	0.116444582052942
0.04751769398748	0.116935779669179
0.0479976706944242	0.117490773293642
0.0484776474013685	0.118119990192782
0.0489576241083127	0.118830974103656
0.049437600815257	0.119624875743797
0.0499175775222012	0.12089340926912
0.0503975542291454	0.12220986341012
0.0508775309360897	0.123568755504038
0.0513575076430339	0.12496450691495
0.0518374843499782	0.126391407589793
0.0523174610569224	0.127843599801315
0.0527974377638667	0.129315079746475
0.0532774144708109	0.130799746245129
0.0537573911777551	0.132291514923585
0.0542373678846994	0.133784396098099
0.0547173445916436	0.13527255071792
0.0551973212985879	0.13675034167659
0.0556772980055321	0.138212397649052
0.0561572747124763	0.139653743389183
0.0566372514194206	0.14107003935573
0.0571172281263648	0.142457797167631
0.0575972048333091	0.143814530653511
0.0580771815402533	0.145138841345781
0.0585571582471976	0.146430387422422
0.0590371349541418	0.147689619198489
0.059517111661086	0.148917467080611
0.0599970883680303	0.150114967461105
0.0604770650749745	0.151282873788338
0.0609570417819188	0.152421335487723
0.061437018488863	0.153529774633239
0.0619169951958073	0.154606770759665
0.0623969719027515	0.155650075882592
0.0628769486096957	0.156656673434927
0.06335692531664	0.157622830039103
0.0638369020235842	0.158544149342164
0.0643168787305285	0.159415795958312
0.0647968554374727	0.160232759346426
0.065276832144417	0.160990259949134
0.0657568088513612	0.161684168520763
0.0662367855583054	0.162311411783149
0.0667167622652497	0.162870230306506
0.0671967389721939	0.16336032969859
0.0676767156791382	0.16378274993365
0.0681566923860824	0.164139579297254
0.0686366690930267	0.164433612646347
0.0691166457999709	0.164668079874192
0.0695966225069151	0.164846479037836
0.0700765992138594	0.164972611184557
0.0705565759208036	0.165050693582314
0.0710365526277479	0.165085462548075
0.0715165293346921	0.165082138070661
0.0719965060416363	0.165046207793539
0.0724764827485806	0.164983064698884
0.0729564594555248	0.164897616687535
0.0734364361624691	0.164793827436692
0.0739164128694133	0.164674329044917
0.0743963895763576	0.164540193364264
0.0748763662833018	0.164390884695282
0.075356342990246	0.164224387186094
0.0758363196971903	0.1640375225673
0.0763162964041345	0.163826354079723
0.0767962731110788	0.163586637447793
0.077276249818023	0.163314271599156
0.0777562265249672	0.16300566953025
0.0782362032319115	0.162658015664175
0.0787161799388557	0.162269427862082
0.0791961566458	0.161839072271955
0.0796761333527442	0.161367051088017
0.0801561100596885	0.16085401292688
0.0806360867666327	0.16030066244251
0.0811160634735769	0.159707326587666
0.0815960401805212	0.159073610114058
0.0820760168874654	0.158398272367334
0.0825559935944097	0.157679472993057
0.0830359703013539	0.156915242996572
0.0835159470082982	0.156103983179092
0.0839959237152424	0.155244907734363
0.0844759004221866	0.154338257263123
0.0849558771291309	0.153385201757524
0.0854358538360751	0.152387610439793
0.0859158305430194	0.15134786898276
0.0863958072499636	0.150268765007259
0.0868757839569079	0.149153460619357
0.0873557606638521	0.148005581588923
0.0878357373707963	0.146829270208778
0.0883157140777406	0.145629047857302
0.0887956907846848	0.144409358583019
0.0892756674916291	0.143174032913603
0.0897556441985733	0.141925756341821
0.0902356209055176	0.140665682046222
0.0907155976124618	0.13939331142842
0.091195574319406	0.138106736429688
0.0916755510263503	0.136803104777087
0.0921555277332945	0.135479251046939
0.0926355044402388	0.134132411711078
0.093115481147183	0.132760856538184
0.0935954578541272	0.131364245064252
0.0940754345610715	0.129943823016046
0.0945554112680157	0.128502359081984
0.09503538797496	0.127043731386828
0.0955153646819042	0.125572314596445
0.0959953413888485	0.124092437974068
0.0964753180957927	0.122607989696011
0.0969552948027369	0.121122197495581
0.0974352715096812	0.119637711279739
0.0979152482166254	0.118156976945424
0.0983952249235697	0.116682729988367
0.0988752016305139	0.115218534301739
0.0993551783374582	0.113769256565553
0.0998351550444024	0.112341213641578
0.100315131751347	0.110941936505633
0.100795108458291	0.109579722745616
0.101275085165235	0.108263029788929
0.101755061872179	0.106999710421983
0.102235038579124	0.105796399816018
0.102715015286068	0.104658187854098
0.103194991993012	0.103588571350584
0.103674968699956	0.102589647421073
0.104154945406901	0.101662610555406
0.104634922113845	0.100808310188463
0.105114898820789	0.100027726850368
0.105594875527733	0.0993223202846073
0.106074852234678	0.0986941816796552
0.106554828941622	0.0981459639023492
0.107034805648566	0.0976807818919888
0.10751478235551	0.0973021276935272
0.107994759062455	0.0970137461631291
0.108474735769399	0.0968194769984951
0.108954712476343	0.0967231740247639
0.109434689183287	0.0967286698570632
0.109914665890231	0.0968398121835394
0.110394642597176	0.0970605230411856
0.11087461930412	0.0973947050036131
0.111354596011064	0.0978460399653337
0.111834572718008	0.0984176603146602
0.112314549424953	0.0991115707939231
0.112794526131897	0.0999279416574062
0.113274502838841	0.100864561442068
0.113754479545785	0.101916491860529
0.11423445625273	0.103076021941
0.114714432959674	0.104333060320323
0.115194409666618	0.105675812326221
0.115674386373562	0.107091508228381
0.116154363080507	0.108567159277566
0.116634339787451	0.110090158125172
0.117114316494395	0.111648563952269
0.117594293201339	0.113231205719458
0.118074269908284	0.114827753464145
0.118554246615228	0.116428690881373
0.119034223322172	0.11802530845049
0.119514200029116	0.119609850883242
0.119994176736061	0.121175715659445
0.120474153443005	0.122717644380982
0.120954130149949	0.124231770665868
0.121434106856893	0.1257154627895
0.121914083563838	0.127167060681214
0.122394060270782	0.128585611673624
0.122874036977726	0.129970469396104
0.12335401368467	0.131320910117042
0.123833990391615	0.132635910421351
0.124313967098559	0.133914028710378
0.124793943805503	0.135153319926341
0.125273920512447	0.136351449314717
0.125753897219391	0.137505911403197
0.126233873926336	0.138614334224641
0.12671385063328	0.139674953748624
0.127193827340224	0.1406871086697
0.127673804047168	0.141651570021931
0.128153780754113	0.142570716383783
0.128633757461057	0.143448498748808
0.129113734168001	0.144290078018458
0.129593710874945	0.145101263712476
0.13007368758189	0.145887903813815
0.130553664288834	0.146655244381252
0.131033640995778	0.147407344501972
0.131513617702722	0.148146613258658
0.131993594409667	0.14887350885341
0.132473571116611	0.149586525741879
0.132953547823555	0.150282466514616
0.133433524530499	0.150956971470652
0.133913501237444	0.151605227069352
0.134393477944388	0.15222264373459
0.134873454651332	0.152805345102488
0.135353431358276	0.153350508569111
0.135833408065221	0.153856442657288
0.136313384772165	0.154322375463524
0.136793361479109	0.154748187954994
0.137273338186053	0.15513419479298
0.137753314892998	0.155480992905337
0.138233291599942	0.15578942202802
0.138713268306886	0.15606062333025
0.13919324501383	0.156296111376382
0.139673221720775	0.156497952480469
0.140153198427719	0.156668969646161
0.140633175134663	0.156812729528991
0.141113151841607	0.15693336382179
0.141593128548551	0.157035363979637
0.142073105255496	0.15712316953667
0.14255308196244	0.157200678673304
0.143033058669384	0.157271033748861
0.143513035376328	0.157336502911375
0.143993012083273	0.157398414766388
0.144472988790217	0.157457277931457
0.144952965497161	0.157512957626666
0.145432942204105	0.157564658110949
0.14591291891105	0.157610959262529
0.146392895617994	0.157649842485053
0.146872872324938	0.157678635623031
0.147352849031882	0.157693995151139
0.147832825738827	0.157692005847808
0.148312802445771	0.157668156542077
0.148792779152715	0.157617344026468
0.149272755859659	0.157533984731699
0.149752732566604	0.157412208215379
0.150232709273548	0.157246122730234
0.150712685980492	0.157030313544067
0.151192662687436	0.156760381549401
0.151672639394381	0.156433472868625
0.152152616101325	0.156048570040448
0.152632592808269	0.155606593940379
0.153112569515213	0.155110281384118
0.153592546222158	0.154563811399542
0.154072522929102	0.153972194772087
0.154552499636046	0.153340732431276
0.15503247634299	0.15267453200933
0.155512453049934	0.151978039203341
0.155992429756879	0.151254762361084
0.156472406463823	0.150507228140482
0.156952383170767	0.149737060121555
0.157432359877711	0.148945307001057
0.157912336584656	0.148133012282349
0.1583923132916	0.147301807939367
0.158872289998544	0.14645441267378
0.159352266705488	0.145595042910519
0.159832243412433	0.14472953940695
0.160312220119377	0.143865243581535
0.160792196826321	0.143010751178051
0.161272173533265	0.142175651588103
0.16175215024021	0.141370193667787
0.162232126947154	0.14060488838918
0.162712103654098	0.139890107037698
0.163192080361042	0.139235653847084
0.163672057067987	0.138650245579472
0.164152033774931	0.138141062269406
0.164632010481875	0.137713548031482
0.165111987188819	0.137371482475399
0.165591963895764	0.13711719735758
0.166071940602708	0.136951969603981
0.166551917309652	0.136876400264222
0.167031894016596	0.136890641717649
0.167511870723541	0.136994380140496
0.167991847430485	0.137186767898834
0.168471824137429	0.137466321800005
0.168951800844373	0.137830928091818
0.169431777551318	0.138278052237001
0.169911754258262	0.138805055432659
0.170391730965206	0.13940944290008
0.17087170767215	0.140089044285163
0.171351684379095	0.140842120571967
0.171831661086039	0.14166736564499
0.172311637792983	0.142563741906326
0.172791614499927	0.143530331413747
0.173271591206871	0.144566224921358
0.173751567913816	0.145670342279126
0.17423154462076	0.14684117735534
0.174711521327704	0.14807659958039
0.175191498034648	0.149373741502742
0.175671474741593	0.150728984814002
0.176151451448537	0.152138051414503
0.176631428155481	0.15359622422503
0.177111404862425	0.155098731654923
0.17759138156937	0.156641178329853
0.178071358276314	0.158219959240169
0.178551334983258	0.159832546657308
0.179031311690202	0.161477514663506
0.179511288397147	0.163154339119678
0.179991265104091	0.164863043917231
0.180471241811035	0.166603685264389
0.180951218517979	0.168375788707035
0.181431195224924	0.170177947242528
0.181911171931868	0.172007645668031
0.182391148638812	0.173861247805866
0.182871125345756	0.175734195128777
0.183351102052701	0.177621378303131
0.183831078759645	0.179517458962872
0.184311055466589	0.181417091581366
0.184791032173533	0.183315083415491
0.185271008880478	0.185206431227744
0.185750985587422	0.187086318831055
0.186230962294366	0.18895019911297
0.18671093900131	0.190793980936086
0.187190915708254	0.192614241919015
0.187670892415199	0.194408325100393
0.188150869122143	0.196174288625695
0.188630845829087	0.197910694309786
0.189110822536031	0.199616210919995
0.189590799242976	0.201289140436553
0.19007077594992	0.20292703462454
0.190550752656864	0.204526481589589
0.191030729363808	0.206083129259776
0.191510706070753	0.207591953593698
0.191990682777697	0.209047642125413
0.192470659484641	0.210444998174081
0.192950636191585	0.211779384191143
0.19343061289853	0.213047087830564
0.193910589605474	0.214245475870822
0.194390566312418	0.215372950681095
0.194870543019362	0.216428735929039
0.195350519726307	0.217412321843148
0.195830496433251	0.218322516385907
0.196310473140195	0.219156381765499
0.196790449847139	0.219908365700366
0.197270426554084	0.22056987910309
0.197750403261028	0.22112962639658
0.198230379967972	0.221574726396551
0.198710356674916	0.221892151272461
0.199190333381861	0.222070165766875
0.199670310088805	0.222099506596096
0.200150286795749	0.221973959832251
0.200630263502693	0.221690210858664
0.201110240209638	0.221247397615887
0.201590216916582	0.220646541166457
0.202070193623526	0.219889994557483
0.20255017033047	0.218981137216611
0.203030147037415	0.217924287258929
0.203510123744359	0.216724537625153
0.203990100451303	0.215387572101212
0.204470077158247	0.213919460883886
0.204950053865191	0.212326369896965
0.205430030572136	0.21061433688193
0.20591000727908	0.208789329075197
0.206389983986024	0.206857359809124
0.206869960692968	0.204824596963045
0.207349937399913	0.202697453445449
0.207829914106857	0.200482629889609
0.208309890813801	0.19818713396387
0.208789867520745	0.195818447064782
0.20926984422769	0.193384743202958
0.209749820934634	0.190895010589737
0.210229797641578	0.188359172564182
0.210709774348522	0.185788151325981
0.211189751055467	0.183193597793057
0.211669727762411	0.180587382932077
0.212149704469355	0.177981070853374
0.212629681176299	0.175385471368434
0.213109657883244	0.172810142903276
0.213589634590188	0.170263021705282
0.214069611297132	0.167750177988401
0.214549588004076	0.165275552688578
0.215029564711021	0.162840714813464
0.215509541417965	0.160444875304818
0.215989518124909	0.15808516118328
0.216469494831853	0.155757087446485
0.216949471538798	0.153455340313026
0.217429448245742	0.15117474234861
0.217909424952686	0.148911099419625
0.21838940165963	0.146661903007058
0.218869378366574	0.144426974913086
0.219349355073519	0.142208665661613
0.219829331780463	0.140011438069591
0.220309308487407	0.137841121307601
0.220789285194351	0.135703989052613
0.221269261901296	0.133605635673252
0.22174923860824	0.131550135423547
0.222229215315184	0.129539785961639
0.222709192022128	0.127575431608719
0.223189168729073	0.125657241457482
0.223669145436017	0.123785732678252
0.224149122142961	0.121962589030296
0.224629098849905	0.120191058270508
0.22510907555685	0.118475948424914
0.225589052263794	0.116823276250961
0.226069028970738	0.115239775971378
0.226549005677682	0.113732590440802
0.227028982384627	0.112309234475198
0.227508959091571	0.110977724284194
0.227988935798515	0.109746822652653
0.228468912505459	0.108626182100502
0.228948889212404	0.107626405245889
0.229428865919348	0.106758921120678
0.229908842626292	0.106035631475832
0.230388819333236	0.105468339798024
0.230868796040181	0.105068188386235
0.231348772747125	0.10484510137485
0.231828749454069	0.10480736549746
0.232308726161013	0.104961444356154
0.232788702867958	0.105312085592062
0.233268679574902	0.10586251388363
0.233748656281846	0.106614662444344
0.23422863298879	0.107569309043922
0.234708609695734	0.108726066793428
0.235188586402679	0.11008319936967
0.235668563109623	0.111637470798882
0.236148539816567	0.113383970312124
0.236628516523511	0.115316050316084
0.237108493230456	0.117425321213185
0.2375884699374	0.119701707219336
0.238068446644344	0.122133485976162
0.238548423351288	0.124707459783566
0.239028400058233	0.127409290124752
0.239508376765177	0.130223947101708
0.239988353472121	0.133136235905842
0.240468330179065	0.136131475499152
0.24094830688601	0.139196079624124
0.241428283592954	0.142317872098992
0.241908260299898	0.145486085438391
0.242388237006842	0.148691041687771
0.242868213713787	0.151923581617319
0.243348190420731	0.155174547856139
0.243828167127675	0.158434518390311
0.244308143834619	0.161693798242233
0.244788120541564	0.164942749923472
0.245268097248508	0.168172318620604
0.245748073955452	0.171374554230137
0.246228050662396	0.174542893227917
0.246708027369341	0.17767217334971
0.247188004076285	0.180758272314919
0.247667980783229	0.183797531007686
0.248147957490173	0.186786121473145
0.248627934197118	0.18971955085633
0.249107910904062	0.192592424218394
0.249587887611006	0.195398551255893
0.25006786431795	0.198131261362751
0.250547841024894	0.200783946180305
0.251027817731839	0.203350594619995
0.251507794438783	0.205826146596219
0.251987771145727	0.208206686028449
0.252467747852671	0.210489446248177
0.252947724559616	0.212672543093863
0.25342770126656	0.21475461482341
0.253907677973504	0.216734573019219
0.254387654680448	0.218611236715454
0.254867631387393	0.220382976752622
0.255347608094337	0.22204745342326
0.255827584801281	0.223601394803
0.256307561508225	0.225040442251702
0.25678753821517	0.226359366260471
0.257267514922114	0.227552440719615
0.257747491629058	0.228613895660237
0.258227468336002	0.229538453416832
0.258707445042947	0.230321835692349
0.259187421749891	0.230960921497394
0.259667398456835	0.231453772924528
0.260147375163779	0.231799558400386
0.260627351870724	0.231998462179014
0.261107328577668	0.232051592786837
0.261587305284612	0.231961033728385
0.262067281991556	0.23172987347863
0.262547258698501	0.231362172097887
0.263027235405445	0.230862736308285
0.263507212112389	0.230236834595919
0.263987188819333	0.229489857413787
0.264467165526278	0.228626963754932
0.264947142233222	0.227652766762232
0.265427118940166	0.226571220754057
0.26590709564711	0.225385621214451
0.266387072354054	0.224098702523995
0.266867049060999	0.222712912211689
0.267347025767943	0.221230673053386
0.267827002474887	0.219654478810146
0.268306979181831	0.217986948765712
0.268786955888776	0.216230806802289
0.26926693259572	0.214388726488579
0.269746909302664	0.212463273820419
0.270226886009608	0.210457000017908
0.270706862716553	0.20837250295542
0.271186839423497	0.206212478623678
0.271666816130441	0.203979857317259
0.272146792837385	0.201677903609078
0.27262676954433	0.199310260366925
0.273106746251274	0.196881026364621
0.273586722958218	0.194394915559673
0.274066699665162	0.191857455303447
0.274546676372107	0.189275253984075
0.275026653079051	0.186656160248775
0.275506629785995	0.184009242726268
0.275986606492939	0.181344566366595
0.276466583199884	0.178672798951322
0.276946559906828	0.176004676998242
0.277426536613772	0.173350486031211
0.277906513320716	0.17071967067533
0.278386490027661	0.168120654761051
0.278866466734605	0.165560851930698
0.279346443441549	0.163046835759615
0.279826420148493	0.160584657484207
0.280306396855438	0.158180157413604
0.280786373562382	0.155839014304024
0.281266350269326	0.153566557420944
0.28174632697627	0.151367393560547
0.282226303683214	0.149244970702532
0.282706280390159	0.147201234300515
0.283186257097103	0.145236617849228
0.283666233804047	0.143350212314699
0.284146210510991	0.141540056100265
0.284626187217936	0.139803505934831
0.28510616392488	0.138137527923107
0.285586140631824	0.136538800131217
0.286066117338768	0.135003776289922
0.286546094045713	0.133528710835764
0.287026070752657	0.132109658256037
0.287506047459601	0.13074258298811
0.287986024166545	0.12942351377647
0.28846600087349	0.12814857973321
0.288945977580434	0.126913983852451
0.289425954287378	0.125715941185348
0.289905930994322	0.124550582198185
0.290385907701267	0.123413965737873
0.290865884408211	0.122302306462979
0.291345861115155	0.121212331828776
0.291825837822099	0.120141743462353
0.292305814529044	0.119089778887522
0.292785791235988	0.118057719732687
0.293265767942932	0.117049237013823
0.293745744649876	0.116070605798482
0.294225721356821	0.115130661374116
0.294705698063765	0.114240283110894
0.295185674770709	0.113411578773202
0.295665651477653	0.112656849519391
0.296145628184597	0.111987422766504
0.296625604891542	0.111412642944279
0.297105581598486	0.110939399076602
0.29758555830543	0.110572093517283
0.298065535012374	0.110313049765839
0.298545511719319	0.110163229743093
0.299025488426263	0.110122846345404
0.299505465133207	0.11019158469578
0.299985441840151	0.110368608344215
0.300465418547096	0.110652370457112
0.30094539525404	0.111040358573365
0.301425371960984	0.111529114551448
0.301905348667928	0.112114552616313
0.302385325374873	0.112792346817796
0.302865302081817	0.113558381462119
0.303345278788761	0.114409043641866
0.303825255495705	0.115341175674365
0.30430523220265	0.116351847778393
0.304785208909594	0.117438144557852
0.305265185616538	0.118596900374045
0.305745162323482	0.119824496211612
0.306225139030427	0.121116818530784
0.306705115737371	0.122469224254497
0.307185092444315	0.123876360974462
0.307665069151259	0.125331946441877
0.308145045858204	0.126828569011528
0.308625022565148	0.128357526313477
0.309104999272092	0.129908835979951
0.309584975979036	0.131471517321877
0.310064952685981	0.133034026062043
0.310544929392925	0.134584808724981
0.311024906099869	0.136112976958012
0.311504882806813	0.137609092005455
0.311984859513757	0.13906574412692
0.312464836220702	0.140477885470653
0.312944812927646	0.141842919565501
0.31342478963459	0.143160405854937
0.313904766341534	0.144431334120216
0.314384743048479	0.145657333156464
0.314864719755423	0.146840057023798
0.315344696462367	0.147980711019661
0.315824673169311	0.149079918002083
0.316304649876256	0.150138034692933
0.3167846265832	0.151155599903363
0.317264603290144	0.152133698883665
0.317744579997088	0.153074419985433
0.318224556704033	0.153981086664768
0.318704533410977	0.154857957107659
0.319184510117921	0.155709706224549
0.319664486824865	0.156540882066408
0.32014446353181	0.157355162616155
0.320624440238754	0.158154763351024
0.321104416945698	0.158940223955842
0.321584393652642	0.159710571234735
0.322064370359587	0.160463589822795
0.322544347066531	0.161196132736894
0.323024323773475	0.161904221338169
0.323504300480419	0.162582869241054
0.323984277187364	0.163225757760541
0.324464253894308	0.163825057623846
0.324944230601252	0.164371544060431
0.325424207308196	0.164855138355767
0.325904184015141	0.165265849054194
0.326384160722085	0.16559489911275
0.326864137429029	0.165835603550206
0.327344114135973	0.165983829467236
0.327824090842917	0.166038006964713
0.328304067549862	0.165998782517851
0.328784044256806	0.165868371488134
0.32926402096375	0.165649965497524
0.329743997670694	0.16534731522359
0.330223974377639	0.164964506511987
0.330703951084583	0.164505805816207
0.331183927791527	0.163975556238954
0.331663904498471	0.163378134606387
0.332143881205416	0.162717947644529
0.33262385791236	0.16199937796168
0.333103834619304	0.161226811329335
0.333583811326248	0.160404755551283
0.334063788033193	0.159538045424623
0.334543764740137	0.158632174531205
0.335023741447081	0.157693597494229
0.335503718154025	0.156729863913176
0.33598369486097	0.155749521525656
0.336463671567914	0.154761773728982
0.336943648274858	0.153775892512088
0.337423624981802	0.152800653194172
0.337903601688747	0.151843921769633
0.338383578395691	0.150912485762324
0.338863555102635	0.150012170246372
0.339343531809579	0.149148226339817
0.339823508516524	0.148325849293413
0.340303485223468	0.147550666715087
0.340783461930412	0.146828928057866
0.341263438637356	0.146167356477042
0.341743415344301	0.145572685945755
0.342223392051245	0.145051017303521
0.342703368758189	0.144607152081139
0.343183345465133	0.14424416639267
0.343663322172078	0.143963259254343
0.344143298879022	0.143763905108007
0.344623275585966	0.143644319499615
0.34510325229291	0.1436018826809
0.345583228999854	0.143633419796984
0.346063205706799	0.143735358845919
0.346543182413743	0.143903722186762
0.347023159120687	0.144133930858223
0.347503135827631	0.144420752904814
0.347983112534576	0.144758450843302
0.34846308924152	0.145141054505868
0.348943065948464	0.145562752912606
0.349423042655408	0.146018292127776
0.349903019362353	0.146503185627878
0.350382996069297	0.147013701691623
0.350862972776241	0.147546671269954
0.351342949483185	0.148099156663106
0.35182292619013	0.148668169355888
0.352302902897074	0.149250568595091
0.352782879604018	0.14984319683772
0.353262856310962	0.150443122367925
0.353742833017907	0.1510479097832
0.354222809724851	0.151655763309466
0.354702786431795	0.152265444966008
0.355182763138739	0.152875924624882
0.355662739845684	0.153485952318106
0.356142716552628	0.154093658078258
0.356622693259572	0.154696306690556
0.357102669966516	0.155290318942023
0.357582646673461	0.155871507208951
0.358062623380405	0.156435335990468
0.358542600087349	0.156977163676995
0.359022576794293	0.157492418513978
0.359502553501237	0.157976660233658
0.359982530208182	0.15842564595126
0.360462506915126	0.158835504349795
0.36094248362207	0.1592029811757
0.361422460329014	0.159525770329869
0.361902437035959	0.159802891845534
0.362382413742903	0.160034958645677
0.362862390449847	0.160224231340881
0.363342367156791	0.160374431241624
0.363822343863736	0.160490315923138
0.36430232057068	0.160577183317338
0.364782297277624	0.160640342633532
0.365262273984568	0.160684705399843
0.365742250691513	0.160714651239597
0.366222227398457	0.160733978643517
0.366702204105401	0.160745826947642
0.367182180812345	0.160752722835587
0.36766215751929	0.160756634524931
0.368142134226234	0.160758967884487
0.368622110933178	0.160760795759599
0.369102087640122	0.160763238735333
0.369582064347067	0.160767623903761
0.370062041054011	0.160775571517497
0.370542017760955	0.160788889802256
0.371021994467899	0.160809014290094
0.371501971174844	0.160836279749565
0.371981947881788	0.160869434553932
0.372461924588732	0.160905388678651
0.372941901295676	0.160939333994653
0.37342187800262	0.160965427026484
0.373901854709565	0.160977717499504
0.374381831416509	0.160970986397282
0.374861808123453	0.160941354392608
0.375341784830397	0.160886502068699
0.375821761537342	0.160805409864301
0.376301738244286	0.160697822726947
0.37678171495123	0.160563721747346
0.377261691658174	0.160402893695499
0.377741668365119	0.160214728078027
0.378221645072063	0.159998376730296
0.378701621779007	0.159753235982842
0.379181598485951	0.159479423459487
0.379661575192896	0.159178036131288
0.38014155189984	0.158851152883392
0.380621528606784	0.158501454773337
0.381101505313728	0.158131582575562
0.381581482020673	0.157743586986735
0.382061458727617	0.157338716597222
0.382541435434561	0.156917487748884
0.383021412141505	0.156480092435902
0.38350138884845	0.156026850931299
0.383981365555394	0.155558475676873
0.384461342262338	0.15507607286186
0.384941318969282	0.154580881110655
0.385421295676227	0.154073801526158
0.385901272383171	0.153555029147241
0.386381249090115	0.153023935624749
0.386861225797059	0.152479127148079
0.387341202504004	0.15191862862188
0.387821179210948	0.151340146188119
0.388301155917892	0.150741237495646
0.388781132624836	0.150119448971621
0.38926110933178	0.149472500964808
0.389741086038725	0.148798539091116
0.390221062745669	0.148096397490606
0.390701039452613	0.14736586676778
0.391181016159557	0.146607888319261
0.391660992866502	0.145824577606086
0.392140969573446	0.145019091858818
0.39262094628039	0.144195409245988
0.393100922987334	0.143358023862943
0.393580899694279	0.142511635467927
0.394060876401223	0.141661054120242
0.394540853108167	0.140811307422373
0.395020829815111	0.139967602121685
0.395500806522056	0.139135225242511
0.395980783229	0.1383195024468
0.396460759935944	0.137525688038034
0.396940736642888	0.136758871873835
0.397420713349833	0.136024187633907
0.397900690056777	0.135327116268256
0.398380666763721	0.134673763788513
0.398860643470665	0.134071132194572
0.39934062017761	0.133527181920795
0.399820596884554	0.133050533744371
0.400300573591498	0.132650110226773
0.400780550298442	0.132334734604612
0.401260527005387	0.13211271925721
0.401740503712331	0.131991655627131
0.402220480419275	0.131978476874082
0.402700457126219	0.132079583082879
0.403180433833164	0.132300972106775
0.403660410540108	0.132648319880579
0.404140387247052	0.133126958355014
0.404620363953996	0.133741741180874
0.405100340660941	0.134496903098647
0.405580317367885	0.135395951355601
0.406060294074829	0.136441497156788
0.406540270781773	0.137635026940546
0.407020247488717	0.138976741891064
0.407500224195662	0.140465480903712
0.407980200902606	0.142098579411085
0.40846017760955	0.14387177067519
0.408940154316494	0.145779152609741
0.409420131023439	0.1478131610796
0.409900107730383	0.14996462315338
0.410380084437327	0.152222905858772
0.410860061144271	0.154576049216498
0.411340037851216	0.15701092558097
0.41182001455816	0.159513495144889
0.412299991265104	0.162069053869208
0.412779967972048	0.164662464816398
0.413259944678993	0.167278400029953
0.413739921385937	0.169901566993356
0.414219898092881	0.172516928761609
0.414699874799825	0.175109955643138
0.41517985150677	0.17766684917917
0.415659828213714	0.18017463361749
0.416139804920658	0.182621151824405
0.416619781627602	0.184995058194265
0.417099758334547	0.187285666076325
0.417579735041491	0.189482720941189
0.418059711748435	0.191576269311108
0.418539688455379	0.193556711555277
0.419019665162324	0.195414914462898
0.419499641869268	0.197142622158755
0.419979618576212	0.198733144754721
0.420459595283156	0.200182082755824
0.420939571990101	0.20148779950817
0.421419548697045	0.202651544734977
0.421899525403989	0.203676975618214
0.422379502110933	0.204569256674059
0.422859478817877	0.20533403968531
0.423339455524822	0.205976564073656
0.423819432231766	0.20650103358216
0.42429940893871	0.206910611452504
0.424779385645654	0.207207859201731
0.425259362352599	0.207395325889967
0.425739339059543	0.207476030034457
0.426219315766487	0.207453855911798
0.426699292473431	0.20733364957182
0.427179269180376	0.207121092563958
0.42765924588732	0.206822518641964
0.428139222594264	0.206444880931336
0.428619199301208	0.205995815840784
0.429099176008153	0.205483823367357
0.429579152715097	0.20491834406387
0.430059129422041	0.204309711048787
0.430539106128985	0.20366901512247
0.43101908283593	0.203007881445669
0.431499059542874	0.202338065479192
0.431979036249818	0.201671187099018
0.432459012956762	0.201018551718427
0.432938989663707	0.20039078750894
0.433418966370651	0.199797406714171
0.433898943077595	0.199246387171843
0.434378919784539	0.198743636670025
0.434858896491484	0.198292580625845
0.435338873198428	0.197894138091014
0.435818849905372	0.197546992253019
0.436298826612316	0.197248168565142
0.436778803319261	0.196993936364571
0.437258780026205	0.196780693877094
0.437738756733149	0.196605653713732
0.438218733440093	0.196467315189963
0.438698710147037	0.196365539824414
0.439178686853982	0.196301197251588
0.439658663560926	0.196275658592258
0.44013864026787	0.196290274666609
0.440618616974814	0.196345841759253
0.441098593681759	0.196442239844191
0.441578570388703	0.196578357453885
0.442058547095647	0.196752320781524
0.442538523802591	0.196961874936298
0.443018500509536	0.197204798051162
0.44349847721648	0.197479305993195
0.443978453923424	0.197784260029024
0.444458430630368	0.198119107492987
0.444938407337313	0.198483688740498
0.445418384044257	0.19887802188385
0.445898360751201	0.199302086074174
0.446378337458145	0.199755772922492
0.44685831416509	0.200239026222144
0.447338290872034	0.200751980776052
0.447818267578978	0.201295213706176
0.448298244285922	0.201869961260577
0.448778220992867	0.202478060452548
0.449258197699811	0.203121647665635
0.449738174406755	0.203802764076063
0.450218151113699	0.204522805460739
0.450698127820644	0.205281949163514
0.451178104527588	0.206078884747254
0.451658081234532	0.206910687146867
0.452138057941476	0.207772866736516
0.45261803464842	0.208659693940012
0.453098011355365	0.209564729105485
0.453577988062309	0.21048123185898
0.454057964769253	0.211402591324484
0.454537941476197	0.212322732719192
0.455017918183142	0.21323639450774
0.455497894890086	0.214139318984211
0.45597787159703	0.215028494206004
0.456457848303974	0.215902161071845
0.456937825010919	0.216759723994451
0.457417801717863	0.217601589125976
0.457897778424807	0.218428951756751
0.458377755131751	0.219243427409192
0.458857731838696	0.220046893917041
0.45933770854564	0.220841410946916
0.459817685252584	0.221629062994654
0.460297661959528	0.222411795461606
0.460777638666473	0.223191292256779
0.461257615373417	0.223968681948371
0.461737592080361	0.22474421067334
0.462217568787305	0.225517043239749
0.46269754549425	0.226285198826054
0.463177522201194	0.22704585858466
0.463657498908138	0.227796120073196
0.464137475615082	0.22853379387912
0.464617452322027	0.229257923550268
0.465097429028971	0.229968844609639
0.465577405735915	0.230667671225058
0.466057382442859	0.231355351970321
0.466537359149804	0.232031763530082
0.467017335856748	0.232695221799391
0.467497312563692	0.233342680057512
0.467977289270636	0.233970649630756
0.46845726597758	0.234576548335233
0.468937242684525	0.235159903738428
0.469417219391469	0.235722904258001
0.469897196098413	0.236270063754768
0.470377172805357	0.236807182486241
0.470857149512302	0.237339972379912
0.471337126219246	0.237872871394367
0.47181710292619	0.238408446756103
0.472297079633134	0.238947630209607
0.472777056340079	0.23949054885132
0.473257033047023	0.240037314972919
0.473737009753967	0.24058845015486
0.474216986460911	0.241144895392897
0.474696963167856	0.241707360600555
0.4751769398748	0.242275123054551
0.475656916581744	0.242844990734019
0.476136893288688	0.243410866536406
0.476616869995633	0.243963936159048
0.477096846702577	0.244493552363933
0.477576823409521	0.244988610291947
0.478056800116465	0.245438786126696
0.47853677682341	0.245835525836107
0.479016753530354	0.246172671636717
0.479496730237298	0.246446515703711
0.479976706944242	0.246655392109845
0.480456683651187	0.246799365366667
0.480936660358131	0.246880004551443
0.481416637065075	0.246900299390889
0.481896613772019	0.246864845177109
0.482376590478964	0.246780180036847
0.482856567185908	0.246655042521236
0.483336543892852	0.246500492907634
0.483816520599796	0.24632975011372
0.484296497306741	0.246157838971506
0.484776474013685	0.246001138920532
0.485256450720629	0.245876848758509
0.485736427427573	0.245802343653786
0.486216404134517	0.245794662076753
0.486696380841462	0.245870125493638
0.487176357548406	0.246044040395855
0.48765633425535	0.246330595391877
0.488136310962294	0.246742991470189
0.488616287669239	0.247293628089952
0.489096264376183	0.247994224131592
0.489576241083127	0.248855902166213
0.490056217790071	0.249889005231595
0.490536194497016	0.251102558078547
0.49101617120396	0.252503623771829
0.491496147910904	0.254096837827637
0.491976124617848	0.255884176889599
0.492456101324793	0.257865067485678
0.492936078031737	0.260036962055379
0.493416054738681	0.262396313882149
0.493896031445625	0.26493935385475
0.49437600815257	0.267662474234185
0.494855984859514	0.270562260644925
0.495335961566458	0.273635118392891
0.495815938273402	0.27687659622134
0.496295914980347	0.280280940932301
0.496775891687291	0.283841001749417
0.497255868394235	0.287548370964309
0.497735845101179	0.291393825774052
0.498215821808124	0.295367935392612
0.498695798515068	0.299461404609098
0.499175775222012	0.30366518977571
0.499655751928956	0.307970607970645
0.500135728635901	0.312369351292404
0.500615705342845	0.316853281977178
0.501095682049789	0.321414313821071
0.501575658756733	0.326044402421311
0.502055635463677	0.330735492967665
0.502535612170622	0.335479502510008
0.503015588877566	0.340268297693811
0.50349556558451	0.345093493631841
0.503975542291454	0.34994614477397
0.504455518998399	0.354816502438938
0.504935495705343	0.359693671242295
0.505415472412287	0.364565264495216
0.505895449119231	0.369417397030508
0.506375425826176	0.374235004217988
0.50685540253312	0.379002231828925
0.507335379240064	0.383702958678761
0.507815355947008	0.388321314805045
0.508295332653953	0.392841988893908
0.508775309360897	0.397250439643207
0.509255286067841	0.401533067607125
0.509735262774785	0.405677248841846
0.51021523948173	0.409671463696474
0.510695216188674	0.413505603223351
0.511175192895618	0.417171202112495
0.511655169602562	0.420661607025986
0.512135146309507	0.423972120417929
0.512615123016451	0.42709980558413
0.513095099723395	0.430042946913636
0.513575076430339	0.432800448606567
0.514055053137284	0.43537122200565
0.514535029844228	0.437753549817578
0.515015006551172	0.439944725620719
0.515494983258116	0.441941080343508
0.51597495996506	0.443738205443948
0.516454936672005	0.445331375055625
0.516934913378949	0.44671598695468
0.517414890085893	0.447887884808918
0.517894866792837	0.448843550000622
0.518374843499782	0.449580366206948
0.518854820206726	0.450097017600388
0.51933479691367	0.450393825942508
0.519814773620614	0.450473105607682
0.520294750327559	0.450339471880677
0.520774727034503	0.449999805400838
0.521254703741447	0.449462844125594
0.521734680448391	0.448738800324428
0.522214657155336	0.447839119649177
0.52269463386228	0.446776193293008
0.523174610569224	0.445563252557557
0.523654587276168	0.444214409524663
0.524134563983113	0.442744370986313
0.524614540690057	0.441167814169932
0.525094517397001	0.439498714146262
0.525574494103945	0.437749604332279
0.52605447081089	0.435930856903098
0.526534447517834	0.434050451404821
0.527014424224778	0.432114180973107
0.527494400931722	0.430126098735514
0.527974377638667	0.428089169755392
0.528454354345611	0.42600594526572
0.528934331052555	0.42387911010545
0.529414307759499	0.421711805029341
0.529894284466444	0.419507805799372
0.530374261173388	0.417271552988433
0.530854237880332	0.41500827157168
0.531334214587276	0.412724122362161
0.53181419129422	0.410426200629859
0.532294168001165	0.408122368441712
0.532774144708109	0.405820812763645
0.533254121415053	0.403529163155114
0.533734098121998	0.401253507949417
0.534214074828942	0.398997595213166
0.534694051535886	0.396762401983047
0.53517402824283	0.394546193491516
0.535654004949774	0.392345226649866
0.536133981656719	0.3901546888656
0.536613958363663	0.387969683362705
0.537093935070607	0.385786099451072
0.537573911777551	0.383601008807063
0.538053888484496	0.381412472415738
0.53853386519144	0.379219156688493
0.539013841898384	0.377019818371822
0.539493818605328	0.374812604374332
0.539973795312273	0.372594547634738
0.540453772019217	0.37036142973293
0.540933748726161	0.36810774704307
0.541413725433105	0.365826777248441
0.54189370214005	0.363510744539419
0.542373678846994	0.361151005119886
0.542853655553938	0.358738207937617
0.543333632260882	0.356262643907154
0.543813608967827	0.35371470882108
0.544293585674771	0.35108548733769
0.544773562381715	0.348367604874248
0.545253539088659	0.345556099465768
0.545733515795604	0.342649125096223
0.546213492502548	0.339648582031064
0.546693469209492	0.336560556876813
0.547173445916436	0.33339522233704
0.54765342262338	0.330166281760805
0.548133399330325	0.326890137720094
0.548613376037269	0.323584854228251
0.549093352744213	0.320269112546269
0.549573329451158	0.316961379666478
0.550053306158102	0.313679491783592
0.550533282865046	0.310440662840082
0.55101325957199	0.307261912846353
0.551493236278934	0.304160758424226
0.551973212985879	0.301155689380138
0.552453189692823	0.298266236331425
0.552933166399767	0.295512642249123
0.553413143106711	0.292915179527405
0.553893119813656	0.290493280827628
0.5543730965206	0.288264951837551
0.554853073227544	0.286246572108317
0.555333049934488	0.284452964335196
0.555813026641433	0.28289772991777
0.556293003348377	0.281593686264493
0.556772980055321	0.280553029678205
0.557252956762265	0.279787156539864
0.55773293346921	0.279306460617233
0.558212910176154	0.279119979500052
0.558692886883098	0.279234935176805
0.559172863590042	0.279656563829455
0.559652840296987	0.280388119695936
0.560132817003931	0.281430853976212
0.560612793710875	0.282783861465916
0.561092770417819	0.284443896478001
0.561572747124764	0.286405146772141
0.562052723831708	0.288659264758195
0.562532700538652	0.291195717751748
0.563012677245596	0.294002460420509
0.56349265395254	0.29706664709294
0.563972630659485	0.300375291919306
0.564452607366429	0.303915537046824
0.564932584073373	0.307674368711383
0.565412560780318	0.311638011447403
0.565892537487262	0.315791259005583
0.566372514194206	0.320116951841253
0.56685249090115	0.324595954989852
0.567332467608094	0.329207499000564
0.567812444315039	0.333929739266608
0.568292421021983	0.338740416890761
0.568772397728927	0.34361740831296
0.569252374435871	0.348538902181173
0.569732351142816	0.353483524202423
0.57021232784976	0.358430719864524
0.570692304556704	0.363361332606601
0.571172281263648	0.368258665799949
0.571652257970593	0.373109976203069
0.572132234677537	0.377907768606219
0.572612211384481	0.382650546750572
0.573092188091425	0.38734312581604
0.57357216479837	0.39199603116758
0.574052141505314	0.396624005324173
0.574532118212258	0.401244354372899
0.575012094919202	0.405875443529249
0.575492071626147	0.410535470293053
0.575972048333091	0.415241669030506
0.576452025040035	0.420009881132491
0.576932001746979	0.424854121531359
0.577411978453924	0.429786241094732
0.577891955160868	0.434815666417889
0.578371931867812	0.439949056919319
0.578851908574756	0.445190052772548
0.5793318852817	0.450539397690468
0.579811861988645	0.455995073462941
0.580291838695589	0.461552317382476
0.580771815402533	0.467203646141564
0.581251792109478	0.472938911047341
0.581731768816422	0.478745292960798
0.582211745523366	0.484607535597781
0.58269172223031	0.49050846620094
0.583171698937254	0.496429853858599
0.583651675644199	0.502353492739318
0.584131652351143	0.508262227694357
0.584611629058087	0.514140651307381
0.585091605765031	0.519975266291818
0.585571582471976	0.525754211839171
0.58605155917892	0.531466721614161
0.586531535885864	0.537102645219633
0.587011512592808	0.542652171874587
0.587491489299753	0.548105754763614
0.587971466006697	0.553454277597156
0.588451442713641	0.558689357168134
0.588931419420585	0.563803527001452
0.58941139612753	0.568790299759214
0.589891372834474	0.573644194747049
0.590371349541418	0.578360722141193
0.590851326248362	0.582936484024092
0.591331302955307	0.58736952655328
0.591811279662251	0.591659703730775
0.592291256369195	0.595808953540105
0.592771233076139	0.599821445509661
0.593251209783084	0.60370329452659
0.593731186490028	0.607461841119872
0.594211163196972	0.611104837432957
0.594691139903916	0.614639799003826
0.595171116610861	0.618073518558977
0.595651093317805	0.621412018194435
0.596131070024749	0.624660773126576
0.596611046731693	0.627825020031714
0.597091023438638	0.630910132984038
0.597571000145582	0.633921799775783
0.598050976852526	0.636865802081852
0.59853095355947	0.639747786083981
0.599010930266414	0.642573047006985
0.599490906973359	0.645346174247663
0.599970883680303	0.648070954061996
0.600450860387247	0.650750590622904
0.600930837094191	0.653387842282289
0.601410813801136	0.655985166254556
0.60189079050808	0.658544824107394
0.602370767215024	0.661068551778661
0.602850743921968	0.663557017736655
0.603330720628913	0.666009388315511
0.603810697335857	0.668422741235617
0.604290674042801	0.670791633523672
0.604770650749745	0.673108242907766
0.60525062745669	0.67536264522181
0.605730604163634	0.677543085290994
0.606210580870578	0.679636456024833
0.606690557577522	0.68162873369322
0.607170534284467	0.683505241703826
0.607650510991411	0.685250938246392
0.608130487698355	0.686850766197415
0.608610464405299	0.688290006324927
0.609090441112244	0.689554825112076
0.609570417819188	0.690632941498542
0.610050394526132	0.691514234537708
0.610530371233076	0.692191433691413
0.611010347940021	0.692661022639457
0.611490324646965	0.692923911578647
0.611970301353909	0.692985676635445
0.612450278060853	0.692856430067604
0.612930254767797	0.692550286312962
0.613410231474742	0.692084359817078
0.613890208181686	0.691477515100405
0.61437018488863	0.690749222531298
0.614850161595574	0.689918755033149
0.615330138302519	0.689004723899397
0.615810115009463	0.688024674592593
0.616290091716407	0.686994475518479
0.616770068423351	0.685927480853821
0.617250045130296	0.684833761311136
0.61773002183724	0.683719548828425
0.618209998544184	0.682587149260495
0.618689975251128	0.68143571199514
0.619169951958073	0.68026271704192
0.619649928665017	0.679065632749173
0.620129905371961	0.677843282591555
0.620609882078905	0.67659660646814
0.62108985878585	0.675328866305706
0.621569835492794	0.674045374974163
0.622049812199738	0.67275290345507
0.622529788906682	0.671459012445285
0.623009765613627	0.670171525340305
0.623489742320571	0.668898241141872
0.623969719027515	0.667646656023642
0.624449695734459	0.666423759169708
0.624929672441404	0.665235776229036
0.625409649148348	0.664087838155831
0.625889625855292	0.662983582778344
0.626369602562236	0.661924839598735
0.626849579269181	0.660911351015823
0.627329555976125	0.659940690530714
0.627809532683069	0.659008595123102
0.628289509390013	0.658109604394824
0.628769486096957	0.657237818321106
0.629249462803902	0.656387854693308
0.629729439510846	0.655555699891314
0.63020941621779	0.654739113252141
0.630689392924734	0.653937624273064
0.631169369631679	0.653152467502994
0.631649346338623	0.652386202772287
0.632129323045567	0.651642135064888
0.632609299752511	0.650923899093583
0.633089276459456	0.650235205514118
0.6335692531664	0.649579453299882
0.634049229873344	0.648959410392237
0.634529206580288	0.648377151664182
0.635009183287233	0.647834114475112
0.635489159994177	0.64733117164444
0.635969136701121	0.646868983418255
0.636449113408065	0.646448321359211
0.63692909011501	0.646070309817409
0.637409066821954	0.645736648318231
0.637889043528898	0.645449787647812
0.638369020235842	0.6452126737588
0.638848996942787	0.645028436828632
0.639328973649731	0.644900256675081
0.639808950356675	0.644831098713278
0.640288927063619	0.644823254178139
0.640768903770564	0.644878147661544
0.641248880477508	0.644996312668703
0.641728857184452	0.645177204766473
0.642208833891396	0.645419082763959
0.64268881059834	0.645718859726853
0.643168787305285	0.646071742265936
0.643648764012229	0.646470987587734
0.644128740719173	0.646907968380007
0.644608717426117	0.647372339117783
0.645088694133062	0.647852766790982
0.645568670840006	0.648338243807788
0.64604864754695	0.64881937569297
0.646528624253894	0.64928918387835
0.647008600960839	0.649743457658652
0.647488577667783	0.650180271328397
0.647968554374727	0.650598850772835
0.648448531081671	0.65099813051123
0.648928507788616	0.651375357530427
0.64940848449556	0.651725041427097
0.649888461202504	0.652038814352628
0.650368437909448	0.65230615179804
0.650848414616393	0.652515314220476
0.651328391323337	0.652654336228132
0.651808368030281	0.652712014580374
0.652288344737225	0.652678528981698
0.65276832144417	0.652545486531009
0.653248298151114	0.65230576010657
0.653728274858058	0.651953211269047
0.654208251565002	0.651482465940748
0.654688228271947	0.650888754796633
0.655168204978891	0.650167860605878
0.655648181685835	0.649315971021729
0.656128158392779	0.648329734931761
0.656608135099723	0.647206354666882
0.657088111806668	0.645943682008232
0.657568088513612	0.644540284989158
0.658048065220556	0.642995678089932
0.6585280419275	0.641310497946685
0.659008018634445	0.639486769473881
0.659487995341389	0.637527957419022
0.659967972048333	0.635438930258412
0.660447948755277	0.633226070160263
0.660927925462222	0.630897684224807
0.661407902169166	0.628464175578232
0.66188787887611	0.625938312633129
0.662367855583054	0.623335536780954
0.662847832289999	0.620674030283804
0.663327808996943	0.617974352546012
0.663807785703887	0.615259012554677
0.664287762410831	0.612551893092956
0.664767739117776	0.609877550916313
0.66524771582472	0.607260774126663
0.665727692531664	0.604726562729289
0.666207669238608	0.602300008689554
0.666687645945553	0.600005962729098
0.667167622652497	0.597868594649907
0.667647599359441	0.595910585251407
0.668127576066385	0.594151708839458
0.66860755277333	0.592607498718979
0.669087529480274	0.591288333334899
0.669567506187218	0.590198915434403
0.670047482894162	0.589338562466663
0.670527459601107	0.588702346325635
0.671007436308051	0.588282564506079
0.671487413014995	0.588070175066148
0.671967389721939	0.588055951563068
0.672447366428883	0.588230999511458
0.672927343135828	0.588586631998934
0.673407319842772	0.589113907607944
0.673887296549716	0.589803003360275
0.674367273256661	0.590642665630386
0.674847249963605	0.591619812683235
0.675327226670549	0.592719353493656
0.675807203377493	0.593924183268189
0.676287180084437	0.595215488325027
0.676767156791382	0.596573195449543
0.677247133498326	0.597976484245142
0.67772711020527	0.599404461747561
0.678207086912214	0.600836988187416
0.678687063619159	0.602255276381263
0.679167040326103	0.603642293418778
0.679647017033047	0.604982899736724
0.680126993739991	0.606263712906913
0.680606970446936	0.607472497951557
0.68108694715388	0.608597504545314
0.681566923860824	0.609626905817415
0.682046900567768	0.610548539155573
0.682526877274713	0.611349950442829
0.683006853981657	0.612018842305722
0.683486830688601	0.612543711087555
0.683966807395545	0.612914490812479
0.68444678410249	0.613123136516681
0.684926760809434	0.613164165244131
0.685406737516378	0.61303499910457
0.685886714223322	0.612736204423313
0.686366690930267	0.612271577173652
0.686846667637211	0.611648198500462
0.687326644344155	0.610876157810942
0.687806621051099	0.609968044327803
0.688286597758043	0.608938428202077
0.688766574464988	0.607803433530634
0.689246551171932	0.606580090184154
0.689726527878876	0.60528572223649
0.690206504585821	0.60393766078416
0.690686481292765	0.602553060017297
0.691166457999709	0.601148676031674
0.691646434706653	0.59974092893129
0.692126411413597	0.598346067920937
0.692606388120542	0.596980274245814
0.693086364827486	0.595659925989961
0.69356634153443	0.594401862360905
0.694046318241374	0.593222940678828
0.694526294948319	0.59213933071796
0.695006271655263	0.591165670304496
0.695486248362207	0.590313942742324
0.695966225069151	0.589592585360881
0.696446201776096	0.589006337482279
0.69692617848304	0.588556490828595
0.697406155189984	0.588241706289321
0.697886131896928	0.58805924466972
0.698366108603873	0.588005866605724
0.698846085310817	0.588078283398053
0.699326062017761	0.588273500416207
0.699806038724705	0.588588677372758
0.70028601543165	0.589020659271461
0.700765992138594	0.58956585971683
0.701245968845538	0.590220462096018
0.701725945552482	0.590980763851049
0.702205922259427	0.591843897681151
0.702685898966371	0.592808620711771
0.703165875673315	0.59387573649132
0.703645852380259	0.59504840508466
0.704125829087203	0.596332032799639
0.704605805794148	0.59773341323681
0.705085782501092	0.599259162907474
0.705565759208036	0.600913930965191
0.706045735914981	0.602698611442981
0.706525712621925	0.604608800257358
0.707005689328869	0.606634018688612
0.707485666035813	0.608758101333115
0.707965642742757	0.610960443447607
0.708445619449702	0.613217847607456
0.708925596156646	0.615506655042368
0.70940557286359	0.617804714383761
0.709885549570534	0.62009280239368
0.710365526277479	0.622355406892335
0.710845502984423	0.624580957992405
0.711325479691367	0.626761557100609
0.711805456398311	0.628892526260137
0.712285433105256	0.630971857438729
0.7127654098122	0.632999596141991
0.713245386519144	0.634977469047562
0.713725363226088	0.636908721878053
0.714205339933033	0.638797951923978
0.714685316639977	0.640650966641949
0.715165293346921	0.642474511960341
0.715645270053865	0.644275653711915
0.71612524676081	0.646061169133193
0.716605223467754	0.647837067129129
0.717085200174698	0.64960820722938
0.717565176881642	0.651378451211508
0.718045153588587	0.653151397690655
0.718525130295531	0.654931121162514
0.719005107002475	0.656722842173892
0.719485083709419	0.658533430300546
0.719965060416363	0.660371403270706
0.720445037123308	0.662246434662259
0.720925013830252	0.664168628663737
0.721404990537196	0.666147445884728
0.721884967244141	0.668190654559497
0.722364943951085	0.670303966338701
0.722844920658029	0.672491095577184
0.723324897364973	0.674754189523115
0.723804874071917	0.677094708197835
0.724284850778862	0.679514415181008
0.724764827485806	0.682016111233741
0.72524480419275	0.684604072363439
0.725724780899694	0.687283938266579
0.726204757606639	0.690062159193796
0.726684734313583	0.69294532193418
0.727164711020527	0.695939367895011
0.727644687727471	0.699048591138845
0.728124664434416	0.702274873264069
0.72860464114136	0.705617195812492
0.729084617848304	0.709071415304334
0.729564594555248	0.712630545521837
0.730044571262193	0.716285470594861
0.730524547969137	0.720025958229851
0.731004524676081	0.723841977594737
0.731484501383025	0.727724880644392
0.73196447808997	0.731668138247202
0.732444454796914	0.735667760857391
0.732924431503858	0.739722290362756
0.733404408210802	0.743832239277289
0.733884384917747	0.747999566180752
0.734364361624691	0.752227162105948
0.734844338331635	0.756518153501484
0.735324315038579	0.76087543203326
0.735804291745524	0.765301638420756
0.736284268452468	0.769799131797386
0.736764245159412	0.774370144067364
0.737244221866356	0.779017162482733
0.737724198573301	0.783743126705832
0.738204175280245	0.788551184920682
0.738684151987189	0.793444197800105
0.739164128694133	0.798423831632213
0.739644105401077	0.803489778848482
0.740124082108022	0.808639526332997
0.740604058814966	0.813868608055248
0.74108403552191	0.819171204515029
0.741564012228854	0.824541074931536
0.742043988935799	0.829972355214026
0.742523965642743	0.835459844758446
0.743003942349687	0.840998716795793
0.743483919056631	0.846583667909146
0.743963895763576	0.852207887837206
0.74444387247052	0.857862435943426
0.744923849177464	0.863536177569763
0.745403825884408	0.869216125607754
0.745883802591353	0.874888265972055
0.746363779298297	0.880538304897735
0.746843756005241	0.886152077921621
0.747323732712185	0.891715682593295
0.74780370941913	0.897215583264593
0.748283686126074	0.902638457901196
0.748763662833018	0.90797116329581
0.749243639539962	0.913200980807203
0.749723616246907	0.918315903519026
0.750203592953851	0.923304625904477
0.750683569660795	0.928156636380633
0.751163546367739	0.932862298743672
0.751643523074684	0.93741289439713
0.752123499781628	0.94180084296793
0.752603476488572	0.946020316535413
0.753083453195516	0.950067886536924
0.753563429902461	0.953943079245528
0.754043406609405	0.957648616501609
0.754523383316349	0.961190047739076
0.755003360023293	0.964575065857768
0.755483336730237	0.967812686438133
0.755963313437182	0.970912424654751
0.756443290144126	0.973883520581394
0.75692326685107	0.976734216284135
0.757403243558014	0.979471010396381
0.757883220264959	0.982098091179569
0.758363196971903	0.98461682767916
0.758843173678847	0.987025248489631
0.759323150385791	0.989317736069255
0.759803127092736	0.991485141953725
0.76028310379968	0.993514899725366
0.760763080506624	0.995391421002811
0.761243057213568	0.997096867462747
0.761723033920513	0.998612035787769
0.762203010627457	0.999916950008733
0.762682987334401	1.00099133265405
0.763162964041345	1.00181474119109
0.76364294074829	1.00236644113437
0.764122917455234	1.00262550996167
0.764602894162178	1.00257147207689
0.765082870869122	1.00218554780281
0.765562847576067	1.00145243114036
0.766042824283011	1.00036232200417
0.766522800989955	0.998912600767325
0.767002777696899	0.997108399088863
0.767482754403844	0.99496189046965
0.767962731110788	0.992490443676521
0.768442707817732	0.989713902875398
0.768922684524676	0.986651852901702
0.76940266123162	0.983321794570882
0.769882637938565	0.97973864011876
0.770362614645509	0.975915474065758
0.770842591352453	0.971865200549136
0.771322568059397	0.967602498469556
0.771802544766342	0.963145621491189
0.772282521473286	0.95851746587243
0.77276249818023	0.953745595842477
0.773242474887174	0.948861188983052
0.773722451594119	0.94389722104499
0.774202428301063	0.938886440887313
0.774682405008007	0.933859589020967
0.775162381714951	0.928844261491989
0.775642358421896	0.923864491886829
0.77612233512884	0.918940999666919
0.776602311835784	0.914091741609444
0.777082288542728	0.909332635375865
0.777562265249673	0.904678159640512
0.778042241956617	0.900141896257308
0.778522218663561	0.895736639309141
0.779002195370505	0.891474462278738
0.77948217207745	0.8873663128473
0.779962148784394	0.883421496987296
0.780442125491338	0.879647292325399
0.780922102198282	0.876049029757668
0.781402078905227	0.872630194833976
0.781882055612171	0.869393087041377
0.782362032319115	0.86633969632076
0.782842009026059	0.863472631188257
0.783321985733003	0.860795729448644
0.783801962439948	0.858314551426284
0.784281939146892	0.856036072735586
0.784761915853836	0.853967983711691
0.78524189256078	0.852117803810027
0.785721869267725	0.850492272049558
0.786201845974669	0.849096773252074
0.786681822681613	0.847935108379367
0.787161799388557	0.847009567498173
0.787641776095502	0.846321064334431
0.788121752802446	0.845868918128042
0.78860172950939	0.845650369721468
0.789081706216334	0.845660154843696
0.789561682923279	0.845890085401568
0.790041659630223	0.846328841057887
0.790521636337167	0.846962499288692
0.791001613044111	0.84777567674923
0.791481589751056	0.848752933866497
0.791961566458	0.849880520193879
0.792441543164944	0.851147837162252
0.792921519871888	0.852547821805607
0.793401496578833	0.854076681085759
0.793881473285777	0.855733257971647
0.794361449992721	0.857517853798117
0.794841426699665	0.859431123555283
0.79532140340661	0.861473692507657
0.795801380113554	0.86364615659698
0.796281356820498	0.865949580950984
0.796761333527442	0.868386532400561
0.797241310234386	0.87096183287817
0.797721286941331	0.873682615268497
0.798201263648275	0.876557987039051
0.798681240355219	0.879597993263802
0.799161217062163	0.88281198851859
0.799641193769108	0.886207340172055
0.800121170476052	0.889788656538489
0.800601147182996	0.893557454863799
0.80108112388994	0.897512565199645
0.801561100596885	0.901651089533352
0.802041077303829	0.905969376152544
0.802521054010773	0.910464209220535
0.803001030717717	0.915134130513153
0.803481007424662	0.919980375787474
0.803960984131606	0.925006861589987
0.80444096083855	0.930219410532641
0.804920937545494	0.935624222020751
0.805400914252439	0.9412254661265
0.805880890959383	0.94702271104622
0.806360867666327	0.953009245448974
0.806840844373271	0.959171656007695
0.807320821080216	0.965490747328647
0.80780079778716	0.971943930494663
0.808280774494104	0.978508345095828
0.808760751201048	0.985163547990359
0.809240727907993	0.99189331643049
0.809720704614937	0.998686589305086
0.810200681321881	1.00553712399035
0.810680658028825	1.01244242176748
0.81116063473577	1.01940247611587
0.811640611442714	1.02641840517378
0.812120588149658	1.03349097728637
0.812600564856602	1.04061946494862
0.813080541563546	1.04780051158584
0.813560518270491	1.05502707253631
0.814040494977435	1.06228769384891
0.814520471684379	1.06956607235442
0.815000448391323	1.07684092307033
0.815480425098268	1.08408650830607
0.815960401805212	1.09127374789011
0.816440378512156	1.09837175238494
0.8169203552191	1.10534970776191
0.817400331926045	1.11217863345036
0.817880308632989	1.11883250961151
0.818360285339933	1.12528898683096
0.818840262046877	1.13152967600192
0.819320238753822	1.13753986528434
0.819800215460766	1.14330784742727
0.82028019216771	1.14882408874105
0.820760168874654	1.15408017892789
0.821240145581599	1.15906771562377
0.821720122288543	1.1637773905046
0.822200098995487	1.16819821656934
0.822680075702431	1.17231696945921
0.823160052409376	1.17611813186568
0.82364002911632	1.17958450290694
0.824120005823264	1.18269808835877
0.824599982530208	1.18544111152179
0.825079959237153	1.18779741612546
0.825559935944097	1.1897540248052
0.826039912651041	1.19130226919512
0.826519889357985	1.19243854417183
0.82699986606493	1.1931645773992
0.827479842771874	1.19348694879722
0.827959819478818	1.19341597039882
0.828439796185762	1.19296448105491
0.828919772892706	1.19214624132742
0.829399749599651	1.19097460662632
0.829879726306595	1.18946208204211
0.830359703013539	1.18762028541657
0.830839679720483	1.18545980308016
0.831319656427428	1.18299036524256
0.831799633134372	1.18022106492136
0.832279609841316	1.1771601936386
0.83275958654826	1.17381516941371
0.833239563255205	1.17019288978216
0.833719539962149	1.16630019797463
0.834199516669093	1.16214462959084
0.834679493376037	1.15773541090037
0.835159470082982	1.15308423222926
0.835639446789926	1.14820553796398
0.83611942349687	1.1431166032947
0.836599400203814	1.13783741315787
0.837079376910759	1.1323900564457
0.837559353617703	1.12679792469544
0.838039330324647	1.12108487934905
0.838519307031591	1.1152746001686
0.838999283738536	1.1093900516881
0.83947926044548	1.10345321335168
0.839959237152424	1.09748509927189
0.840439213859368	1.09150615143971
0.840919190566313	1.08553699466585
0.841399167273257	1.0795992791725
0.841879143980201	1.07371615303504
0.842359120687145	1.06791208288083
0.84283909739409	1.06221207643057
0.843319074101034	1.05664055141991
0.843799050807978	1.05122022551768
0.844279027514922	1.04597102811285
0.844759004221866	1.04090931393422
0.845238980928811	1.03604718693841
0.845718957635755	1.03139177090771
0.846198934342699	1.02694439183297
0.846678911049644	1.02270019314771
0.847158887756588	1.01864808020089
0.847638864463532	1.01477137558518
0.848118841170476	1.01104928465731
0.84859881787742	1.00745885574394
0.849078794584365	1.00397649789728
0.849558771291309	1.00057903279573
0.850038747998253	0.997243897609183
0.850518724705197	0.993948536932523
0.850998701412142	0.990669302265714
0.851478678119086	0.987380905547843
0.85195865482603	0.984056381385547
0.852438631532974	0.980667708153576
0.852918608239919	0.977186900950357
0.853398584946863	0.973587221435164
0.853878561653807	0.96984418517756
0.854358538360751	0.965936632110506
0.854838515067696	0.961847749421162
0.85531849177464	0.957565665954916
0.855798468481584	0.953083576697086
0.856278445188528	0.948399684380706
0.856758421895473	0.943516875808119
0.857238398602417	0.938442261052681
0.857718375309361	0.933186933148489
0.858198352016305	0.927766070093577
0.85867832872325	0.922199164844561
0.859158305430194	0.916510232333786
0.859638282137138	0.910727867216026
0.860118258844082	0.904884805727989
0.860598235551027	0.899017068890297
0.861078212257971	0.893162687826279
0.861558188964915	0.887359892771745
0.862038165671859	0.881644884976766
0.862518142378804	0.876049717611358
0.862998119085748	0.870600597943322
0.863478095792692	0.865316821812861
0.863958072499636	0.860210567502022
0.86443804920658	0.855287760773138
0.864918025913525	0.850549828517855
0.865398002620469	0.845996074160218
0.865877979327413	0.841626021089826
0.866357956034357	0.837441159779871
0.866837932741302	0.833445787205844
0.867317909448246	0.829646792190519
0.86779788615519	0.826052459646345
0.868277862862134	0.822670636634072
0.868757839569079	0.819506818405865
0.869237816276023	0.816562621141639
0.869717792982967	0.813834841777199
0.870197769689911	0.811315139505455
0.870677746396856	0.808990632300409
0.8711577231038	0.806845418134453
0.871637699810744	0.804862210351317
0.872117676517688	0.803023428464914
0.872597653224633	0.801311544842405
0.873077629931577	0.799708736853873
0.873557606638521	0.798196104840019
0.874037583345465	0.796753001868302
0.87451756005241	0.795356932962874
0.874997536759354	0.793984309322318
0.875477513466298	0.792611971767586
0.875957490173242	0.791219154940139
0.876437466880187	0.789789219323781
0.876917443587131	0.788310806382067
0.877397420294075	0.786778073918812
0.877877397001019	0.785190115817835
0.878357373707964	0.783549337806127
0.878837350414908	0.781859364861809
0.879317327121852	0.780123106382275
0.879797303828796	0.778341244436706
0.88027728053574	0.776511032532074
0.880757257242685	0.774625884900605
0.881237233949629	0.772675881194414
0.881717210656573	0.77064880322234
0.882197187363517	0.768531410971311
0.882677164070462	0.766310922021993
0.883157140777406	0.763976146632522
0.88363711748435	0.761518176045563
0.884117094191294	0.758930845361536
0.884597070898239	0.756211057902548
0.885077047605183	0.753358937879006
0.885557024312127	0.750377902915464
0.886037001019071	0.747274711742736
0.886516977726016	0.744059042251099
0.88699695443296	0.74074270263907
0.887476931139904	0.737338549606017
0.887956907846848	0.733859459820546
0.888436884553793	0.730317371593985
0.888916861260737	0.726722876226718
0.889396837967681	0.723085489425825
0.889876814674625	0.719414340270011
0.89035679138157	0.715718753078863
0.890836768088514	0.712008700461249
0.891316744795458	0.708294669007292
0.891796721502402	0.704586735907803
0.892276698209347	0.700893250905728
0.892756674916291	0.697219757405719
0.893236651623235	0.693568201342909
0.893716628330179	0.68993683863963
0.894196605037124	0.686320979396979
0.894676581744068	0.682714023353528
0.895156558451012	0.67910847389909
0.895636535157956	0.675496865359444
0.8961165118649	0.671872205047854
0.896596488571845	0.668227953999204
0.897076465278789	0.664557997535053
0.897556441985733	0.660856555525242
0.898036418692677	0.657118098550824
0.898516395399622	0.653337739574968
0.898996372106566	0.649511824068007
0.89947634881351	0.64563839576678
0.899956325520454	0.641717684495445
0.900436302227399	0.637752316585317
0.900916278934343	0.633747164745761
0.901396255641287	0.629709278939527
0.901876232348231	0.625648014752854
0.902356209055176	0.621575211812521
0.90283618576212	0.617505286692249
0.903316162469064	0.613455093852291
0.903796139176008	0.609443274633773
0.904276115882953	0.605489078241851
0.904756092589897	0.601610799490671
0.905236069296841	0.597824214976479
0.905716046003785	0.594141422348929
0.90619602271073	0.590570257297762
0.906675999417674	0.587114499905548
0.907155976124618	0.583774816876424
0.907635952831562	0.580549914979991
0.908115929538507	0.57743770159796
0.908595906245451	0.574436182560204
0.909075882952395	0.57154363717201
0.909555859659339	0.568758140248136
0.910035836366283	0.566076978157757
0.910515813073228	0.563495887842332
0.910995789780172	0.561008194174592
0.911475766487116	0.558604496483412
0.91195574319406	0.556272923970498
0.912435719901005	0.553999746141876
0.912915696607949	0.551770423444991
0.913395673314893	0.549570674066546
0.913875650021837	0.547387076893341
0.914355626728782	0.545207302438203
0.914835603435726	0.543020009109944
0.91531558014267	0.540814293516286
0.915795556849614	0.538579193756753
0.916275533556559	0.536303628439912
0.916755510263503	0.533976520133521
0.917235486970447	0.531587087173903
0.917715463677391	0.529125475392362
0.918195440384336	0.526583609565921
0.91867541709128	0.523955959750502
0.919155393798224	0.521240257673503
0.919635370505168	0.518437957594182
0.920115347212113	0.515554217375428
0.920595323919057	0.512597512600824
0.921075300626001	0.509579076624682
0.921555277332945	0.506511958244594
0.92203525403989	0.503409924422175
0.922515230746834	0.500286638415447
0.922995207453778	0.497154854571839
0.923475184160722	0.494025353035536
0.923955160867666	0.490906111809392
0.924435137574611	0.48780205552188
0.924915114281555	0.484715028563465
0.925395090988499	0.48164421043919
0.925875067695443	0.478587193252455
0.926355044402388	0.475541363646492
0.926835021109332	0.472505345482977
0.927314997816276	0.469480451317776
0.92779497452322	0.466471571593336
0.928274951230165	0.463487427092057
0.928754927937109	0.460540634410799
0.929234904644053	0.457647573141506
0.929714881350997	0.454827721020336
0.930194858057942	0.452102715519961
0.930674834764886	0.449495209375113
0.93115481147183	0.447027489276627
0.931634788178774	0.444719837747351
0.932114764885719	0.442589129495259
0.932594741592663	0.440648190176952
0.933074718299607	0.438905963876153
0.933554695006551	0.437368109632381
0.934034671713496	0.436037915260583
0.93451464842044	0.434916956021176
0.934994625127384	0.434005206871116
0.935474601834328	0.433300762263193
0.935954578541273	0.432799389216628
0.936434555248217	0.432493940709802
0.936914531955161	0.432374168526716
0.937394508662105	0.432427204376263
0.937874485369049	0.432638273391103
0.938354462075994	0.432991386443822
0.938834438782938	0.433469995173862
0.939314415489882	0.4340573625591
0.939794392196826	0.434397960359468
0.940274368903771	0.434873861523922
0.940754345610715	0.435473992382267
0.941234322317659	0.436179189183424
0.941714299024603	0.436968216918982
0.942194275731548	0.437821112299357
0.942674252438492	0.438720715532551
0.943154229145436	0.439653117052072
0.94363420585238	0.440607538737009
0.944114182559325	0.441575953463462
0.944594159266269	0.442552614573655
0.945074135973213	0.443533593105883
0.945554112680157	0.444516357832104
0.946034089387102	0.445499413242956
0.946514066094046	0.446482010598037
0.94699404280099	0.447463928486053
0.947474019507934	0.448445310434247
0.947953996214879	0.449426557472824
0.948433972921823	0.450408260210389
0.948913949628767	0.451391144689692
0.949393926335711	0.452376030901961
0.949873903042656	0.453363797452585
0.9503538797496	0.454355348012727
0.950833856456544	0.45535158533403
0.951313833163488	0.456353397641115
0.951793809870432	0.457361653751519
0.952273786577377	0.458377204444845
0.952753763284321	0.459400886581887
0.953233739991265	0.460433522741278
0.953713716698209	0.461475922199777
0.954193693405154	0.462528886349466
0.954673670112098	0.463593215856487
0.955153646819042	0.464669715479342
0.955633623525986	0.465759199076952
0.956113600232931	0.466862492950323
0.956593576939875	0.467980435913546
0.957073553646819	0.469113876821024
0.957553530353763	0.470263676784227
0.958033507060708	0.47143070433141
0.958513483767652	0.472615819891972
0.958993460474596	0.473819849967456
0.95947343718154	0.475043557205106
0.959953413888485	0.476287604789993
0.960433390595429	0.477552527918108
0.960913367302373	0.478838721906506
0.961393344009317	0.480146449806269
0.961873320716262	0.481475867850075
0.962353297423206	0.482827065169825
0.96283327413015	0.484200103918835
0.963313250837094	0.485595051009294
0.963793227544039	0.487011999760698
0.964273204250983	0.488451076529339
0.964753180957927	0.489912430866388
0.965233157664871	0.491396218841219
0.965713134371816	0.492902587291759
0.96619311107876	0.494431660220864
0.966673087785704	0.495983528672787
0.967153064492648	0.49755824734745
0.967633041199593	0.499155839876415
0.968113017906537	0.500776309621647
0.968592994613481	0.502419652195766
0.969072971320425	0.504085864352086
0.969552948027369	0.505774948194382
0.970032924734314	0.507486910266449
0.970512901441258	0.509221757978833
0.970992878148202	0.510979491884232
0.971472854855146	0.512760096780558
0.971952831562091	0.514563535226809
0.972432808269035	0.516389742270046
0.972912784975979	0.51823861653614
0.973392761682923	0.520110010223872
0.973872738389868	0.522003722854961
0.974352715096812	0.523919496815106
0.974832691803756	0.52585701394061
0.9753126685107	0.527815897871967
0.975792645217645	0.529795720733354
0.976272621924589	0.531796013501341
0.976752598631533	0.533816281107795
0.977232575338477	0.535856018362943
0.977712552045422	0.537914722283049
0.978192528752366	0.539991903315855
0.97867250545931	0.542087094998537
0.979152482166254	0.544199855269799
0.979632458873199	0.546329764137833
0.980112435580143	0.548476420030214
0.980592412287087	0.550639435632168
0.981072388994031	0.552818430974473
0.981552365700976	0.555013029120503
0.98203234240792	0.557222856408291
0.982512319114864	0.559447548465467
0.982992295821808	0.56168675419071
0.983472272528753	0.563940137080203
0.983952249235697	0.566207368740856
0.984432225942641	0.568488115847585
0.984912202649585	0.570782020354591
0.985392179356529	0.573088684344824
0.985872156063474	0.575407658335679
0.986352132770418	0.577738442583655
0.986832109477362	0.580080504538544
0.987312086184306	0.582433306521712
0.987792062891251	0.584796332949987
0.988272039598195	0.587169115278234
0.988752016305139	0.589551246620835
