0	0.0471091305044938
0.000479976413935433	0.0496716081341405
0.000959952827870866	0.0522040677841749
0.0014399292418063	0.0547067129848765
0.00191990565574173	0.0571797600254368
0.00239988206967717	0.0596234374539022
0.0028798584836126	0.0620379855221896
0.00335983489754803	0.0644236555816652
0.00383981131148347	0.0667807094346891
0.0043197877254189	0.0691094186474536
0.00479976413935433	0.0714100638293546
0.00527974055328977	0.0736829338840436
0.0057597169672252	0.0759283252372192
0.00623969338116063	0.0781465410461073
0.00671966979509606	0.0803378903954772
0.0071996462090315	0.082502687484921
0.00767962262296693	0.0846412508119972
0.00815959903690236	0.0867539023557088
0.0086395754508378	0.0888409667646381
0.00911955186477323	0.0909027708964485
0.00959952827870866	0.0929396446139876
0.0100795046926441	0.0949519210642003
0.0105594811065795	0.0969399343183492
0.011039457520515	0.0989040124963516
0.0115194339344504	0.10084446726298
0.0119994103483858	0.102761580654786
0.0124793867623213	0.104655592267157
0.0129593631762567	0.106526690020847
0.0134393395901921	0.10837500803074
0.0139193160041276	0.11020063277101
0.014399292418063	0.112003612274779
0.0148792688319984	0.113783964662422
0.0153592452459339	0.115541683871506
0.0158392216598693	0.117276740453399
0.0163191980738047	0.118989076857361
0.0167991744877402	0.120678601674255
0.0172791509016756	0.122345185905064
0.017759127315611	0.123988663057326
0.0182391037295465	0.125608834535478
0.0187190801434819	0.127205478593073
0.0191990565574173	0.128778357872659
0.0196790329713528	0.13032722583484
0.0201590093852882	0.131851832171453
0.0206389857992236	0.133351924083446
0.0211189622131591	0.134827243249649
0.0215989386270945	0.136277522894983
0.0220789150410299	0.137702484419426
0.0225588914549654	0.139101833420951
0.0230388678689008	0.140475255535051
0.0235188442828362	0.141822412588968
0.0239988206967717	0.143142939659991
0.0244787971107071	0.144436443408404
0.0249587735246425	0.145702501030783
0.025438749938578	0.146940659944566
0.0259187263525134	0.148150439241461
0.0263987027664488	0.149331332957505
0.0268786791803843	0.150482814826235
0.0273586555943197	0.151604344090674
0.0278386320082551	0.152695371844172
0.0283186084221906	0.153755347249432
0.028798584836126	0.154783723261818
0.0292785612500614	0.155779961725142
0.0297585376639969	0.156743534686628
0.0302385140779323	0.157673924282055
0.0307184904918677	0.158570620904231
0.0311984669058032	0.159433119699088
0.0316784433197386	0.160260915960775
0.032158419733674	0.161053500146491
0.0326383961476095	0.161810353399344
0.0331183725615449	0.162530944654764
0.0335983489754803	0.16321473006929
0.0340783253894158	0.163861153798466
0.0345583018033512	0.164469650409348
0.0350382782172866	0.165039650796897
0.0355182546312221	0.165570592463582
0.0359982310451575	0.166061934995168
0.0364782074590929	0.166513175597398
0.0369581838730284	0.166923862962293
0.0374381602869638	0.16729360913952
0.0379181367008992	0.167622098418502
0.0383981131148347	0.167909091594778
0.0388780895287701	0.168154432678731
0.0393580659427055	0.168358066835113
0.039838042356641	0.16852007097518
0.0403180187705764	0.168640699348492
0.0407979951845118	0.168720445777782
0.0412779715984473	0.168760118759928
0.0417579480123827	0.168760933231282
0.0422379244263181	0.168724625917096
0.0427179008402536	0.168653605011283
0.043197877254189	0.168551123036004
0.0436778536681244	0.168421475964686
0.0441578300820599	0.168270235783
0.0446378064959953	0.168104521972051
0.0451177829099307	0.167933308935212
0.0455977593238662	0.167767783799591
0.0460777357378016	0.167621738034923
0.046557712151737	0.167511920087175
0.0470376885656725	0.167458205541385
0.0475176649796079	0.167483337648192
0.0479976413935433	0.167611853934635
0.0484776178074788	0.167867771461846
0.0489575942214142	0.16827068576043
0.0494375706353496	0.168033808986954
0.0499175470492851	0.167841635011023
0.0503975234632205	0.167700151668693
0.0508774998771559	0.167614752693389
0.0513574762910914	0.167589925470736
0.0518374527050268	0.167628904081907
0.0523174291189622	0.167733365810507
0.0527974055328977	0.167903084586376
0.0532773819468331	0.168135783490613
0.0537573583607685	0.168427302935231
0.054237334774704	0.168771848566859
0.0547173111886394	0.169162307311544
0.0551972876025748	0.169590779191157
0.0556772640165102	0.170049087567966
0.0561572404304457	0.170528959162595
0.0566372168443811	0.171022172404793
0.0571171932583166	0.171520588223909
0.057597169672252	0.17201595237528
0.0580771460861874	0.172499804862585
0.0585571225001228	0.172963864895973
0.0590370989140583	0.17340064131732
0.0595170753279937	0.173804229005037
0.0599970517419292	0.174171158128488
0.0604770281558646	0.174500944436446
0.0609570045698	0.174796083029228
0.0614369809837354	0.175061714505719
0.0619169573976709	0.175304875734757
0.0623969338116063	0.175533637599944
0.0628769102255417	0.175756534401878
0.0633568866394772	0.175982306862114
0.0638368630534126	0.176219741589504
0.064316839467348	0.176477674730664
0.0647968158812835	0.17676494080391
0.0652767922952189	0.177090121338189
0.0657567687091544	0.177461240748609
0.0662367451230898	0.177885519552162
0.0667167215370252	0.178369194145905
0.0671966979509606	0.178917568086658
0.0676766743648961	0.179535261482006
0.0681566507788315	0.180226430541686
0.0686366271927669	0.180994890979949
0.0691166036067024	0.181844263596993
0.0695965800206378	0.182777969636113
0.0700765564345733	0.183799026130136
0.0705565328485087	0.184909839106738
0.0710365092624441	0.186112093979197
0.0715164856763795	0.187406729433899
0.071996462090315	0.188793965043611
0.0724764385042504	0.190273383227717
0.0729564149181858	0.191844060272048
0.0734363913321213	0.193504628427664
0.0739163677460567	0.195253259660654
0.0743963441599921	0.197087606778598
0.0748763205739276	0.199004774150098
0.075356296987863	0.201001266522934
0.0758362734017985	0.203072918663737
0.0763162498157339	0.205214802480323
0.0767962262296693	0.207421134019489
0.0772762026436047	0.209685183002203
0.0777561790575402	0.211999291921105
0.0782361554714756	0.214355135211332
0.078716131885411	0.216744083082727
0.0791961082993465	0.219157682098058
0.0796760847132819	0.221588158278201
0.0801560611272173	0.224028767713015
0.0806360375411528	0.226473904615231
0.0811160139550882	0.228919015512116
0.0815959903690236	0.231360347683244
0.0820759667829591	0.233794589828044
0.0825559431968945	0.236218563475095
0.0830359196108299	0.238629007166374
0.0835158960247654	0.24102240500532
0.0839958724387008	0.243394883321049
0.0844758488526362	0.245742205757587
0.0849558252665717	0.248059892520585
0.0854358016805071	0.250343345311063
0.0859157780944425	0.252587928681523
0.086395754508378	0.254789002487043
0.0868757309223134	0.256941872173269
0.0873557073362488	0.259041594777847
0.0878356837501843	0.261082752879012
0.0883156601641197	0.263059364987259
0.0887956365780551	0.264964930640057
0.0892756129919906	0.266792620313149
0.089755589405926	0.268535610391291
0.0902355658198614	0.270187345957804
0.0907155422337969	0.271741735757195
0.0911955186477323	0.273193372812977
0.0916754950616677	0.274537880648741
0.0921554714756032	0.275772094034544
0.0926354478895386	0.276894102087635
0.093115424303474	0.277903121449838
0.0935954007174095	0.278799123738023
0.0940753771313449	0.279582136316945
0.0945553535452803	0.280251553660954
0.0950353299592158	0.280805503850815
0.0955153063731512	0.281240424538633
0.0959952827870866	0.281551011335068
0.0964752592010221	0.281730555381564
0.0969552356149575	0.281771331291808
0.0974352120288929	0.281665138059681
0.0979151884428284	0.281403909833348
0.0983951648567638	0.280980212583002
0.0988751412706992	0.280387555193763
0.0993551176846347	0.27962081756045
0.0998350940985701	0.278676781804718
0.100315070512506	0.277554424243571
0.100795046926441	0.276254861948644
0.101275023340376	0.274781040065089
0.101754999754312	0.273137104748791
0.102234976168247	0.271327555689599
0.102714952582183	0.269356545081084
0.103194928996118	0.267227515569094
0.103674905410054	0.264943068784157
0.104154881823989	0.262505183606332
0.104634858237924	0.259915732217736
0.10511483465186	0.257176880946061
0.105594811065795	0.254291318213159
0.106074787479731	0.251262437928761
0.106554763893666	0.248094362098402
0.107034740307602	0.244791655265418
0.107514716721537	0.241359132902293
0.107994693135472	0.237801865416308
0.108474669549408	0.234125209566449
0.108954645963343	0.230334652337729
0.109434622377279	0.226435638684685
0.109914598791214	0.222433384791079
0.11039457520515	0.21833263466825
0.110874551619085	0.214137477307338
0.11135452803302	0.209851484257896
0.111834504446956	0.205477999295478
0.112314480860891	0.201020638240923
0.112794457274827	0.196483982072836
0.113274433688762	0.191874274458089
0.113754410102698	0.187199871511131
0.114234386516633	0.182471767317494
0.114714362930569	0.177703759889755
0.115194339344504	0.172912131205432
0.115674315758439	0.168115053629891
0.116154292172375	0.163331937732471
0.11663426858631	0.158582479104057
0.117114245000246	0.153885654195705
0.117594221414181	0.14925882580435
0.118074197828117	0.144717041047141
0.118554174242052	0.140272600628954
0.119034150655987	0.135935024856465
0.119514127069923	0.131711228139255
0.119994103483858	0.127605946701372
0.120474079897794	0.123622341989322
0.120954056311729	0.119762631145585
0.121434032725665	0.116028592931302
0.1219140091396	0.112422010072362
0.122393985553535	0.10894495032992
0.122873961967471	0.105599837625063
0.123353938381406	0.102389227771434
0.123833914795342	0.0993154541786725
0.124313891209277	0.0963803727845555
0.124793867623213	0.0935851754854641
0.125273844037148	0.0909302676960893
0.125753820451083	0.0884154428266157
0.126233796865019	0.0860403062206898
0.126713773278954	0.0838046755690744
0.12719374969289	0.0817089551154094
0.127673726106825	0.0797544775484225
0.128153702520761	0.0779435583920758
0.128633678934696	0.0762792596372373
0.129113655348632	0.0747651011758202
0.129593631762567	0.0734047325406445
0.130073608176502	0.072201619665103
0.130553584590438	0.0711589027564965
0.131033561004373	0.070279422232662
0.131513537418309	0.069565847991408
0.131993513832244	0.0690208379106983
0.13247349024618	0.0686471779917085
0.132953466660115	0.0684477771254316
0.13343344307405	0.0684255538901902
0.133913419487986	0.068583201704276
0.134393395901921	0.068922911073196
0.134873372315857	0.0694460797417425
0.135353348729792	0.0701530499266398
0.135833325143728	0.071042953459494
0.136313301557663	0.07211370869372
0.136793277971598	0.07336209026389
0.137273254385534	0.0747839379235059
0.137753230799469	0.0763745533993411
0.138233207213405	0.0781290924877212
0.13871318362734	0.0800427673712061
0.139193160041276	0.0821109393178997
0.139673136455211	0.084328931108096
0.140153112869147	0.0866915529188016
0.140633089283082	0.0891924314426825
0.141113065697017	0.0918233520841253
0.141593042110953	0.0945737383699503
0.142073018524888	0.0974304481069442
0.142552994938824	0.100377969695196
0.143032971352759	0.103398964755944
0.143512947766695	0.10647513535221
0.14399292418063	0.109588142016198
0.144472900594565	0.112720304448469
0.144952877008501	0.115855037611
0.145432853422436	0.118977013994959
0.145912829836372	0.122072122093103
0.146392806250307	0.125127266535282
0.146872782664243	0.128130204500757
0.147352759078178	0.131069453843591
0.147832735492113	0.133934378068139
0.148312711906049	0.13671536305255
0.148792688319984	0.139403986088433
0.14927266473392	0.141993027076185
0.149752641147855	0.144476410562769
0.150232617561791	0.146849115783925
0.150712593975726	0.149107006879001
0.151192570389661	0.151246700296353
0.151672546803597	0.153265690841392
0.152152523217532	0.155162546725448
0.152632499631468	0.15693712074191
0.153112476045403	0.158590884099015
0.153592452459339	0.160127356367963
0.154072428873274	0.161552212998757
0.154552405287209	0.162873158094905
0.155032381701145	0.164099468975853
0.15551235811508	0.165241135833555
0.155992334529016	0.166307773848811
0.156472310942951	0.167307711406767
0.156952287356887	0.168247322249071
0.157432263770822	0.169130671791531
0.157912240184758	0.169959638349328
0.158392216598693	0.170734379555862
0.158872193012628	0.171453878216075
0.159352169426564	0.172116546729574
0.159832145840499	0.172720734699344
0.160312122254435	0.173265044189888
0.16079209866837	0.173748368410782
0.161272075082306	0.174169821025978
0.161752051496241	0.174528567798827
0.162232027910176	0.174823600811278
0.162712004324112	0.175053496494461
0.163191980738047	0.175216325882515
0.163671957151983	0.175309726817802
0.164151933565918	0.175331129846659
0.164631909979854	0.175278116013147
0.165111886393789	0.175148822730175
0.165591862807724	0.174942235938844
0.16607183922166	0.174658385101831
0.166551815635595	0.174298333573894
0.167031792049531	0.173864039832293
0.167511768463466	0.17335809885411
0.167991744877402	0.172783465045765
0.168471721291337	0.172143107539097
0.168951697705272	0.171439718093684
0.169431674119208	0.170675526274752
0.169911650533143	0.169852255380086
0.170391626947079	0.168971250181507
0.170871603361014	0.168033786209156
0.17135157977495	0.167041340660023
0.171831556188885	0.165995713717639
0.172311532602821	0.164899017823638
0.172791509016756	0.163753613359911
0.173271485430691	0.162561953719864
0.173751461844627	0.161326433526203
0.174231438258562	0.160049328348422
0.174711414672498	0.158732815318391
0.175191391086433	0.157378991595217
0.175671367500369	0.155989904114645
0.176151343914304	0.154567590304581
0.176631320328239	0.153114095371464
0.177111296742175	0.151631529518509
0.17759127315611	0.150122188242045
0.178071249570046	0.148588639417773
0.178551225983981	0.14703379701116
0.179031202397917	0.145461052395735
0.179511178811852	0.143874261778789
0.179991155225787	0.142277533057446
0.180471131639723	0.140674948178873
0.180951108053658	0.139070327694214
0.181431084467594	0.137467013211507
0.181911060881529	0.135867780454139
0.182391037295465	0.134274889963495
0.1828710137094	0.132690247369422
0.183350990123335	0.131115649907481
0.183830966537271	0.129553065573579
0.184310942951206	0.128004802450082
0.184790919365142	0.1264735880903
0.185270895779077	0.12496256827495
0.185750872193013	0.123475221486354
0.186230848606948	0.122015222061882
0.186710825020884	0.120586379475936
0.187190801434819	0.119192652741539
0.187670777848754	0.117838277996295
0.18815075426269	0.116527806717072
0.188630730676625	0.115266034177306
0.189110707090561	0.114057727467538
0.189590683504496	0.112907172798312
0.190070659918432	0.111817583061304
0.190550636332367	0.110790657580765
0.191030612746302	0.109826273512298
0.191510589160238	0.108922469615852
0.191990565574173	0.108075788411922
0.192470541988109	0.107281936267944
0.192950518402044	0.106536370099641
0.19343049481598	0.105834845098968
0.193910471229915	0.105173780514981
0.19439044764385	0.104550401735843
0.194870424057786	0.103962662351509
0.195350400471721	0.103409130894143
0.195830376885657	0.102888785297314
0.196310353299592	0.102400816541771
0.196790329713528	0.101944502038782
0.197270306127463	0.101518983979303
0.197750282541398	0.1011231162643
0.198230258955334	0.100755249896009
0.198710235369269	0.100413009556121
0.199190211783205	0.10009308867171
0.19967018819714	0.0997910389056324
0.200150164611076	0.0995010212349721
0.200630141025011	0.0992157858860911
0.201110117438947	0.0989267476348655
0.201590093852882	0.0986241358762938
0.202070070266817	0.0982973244855205
0.202550046680753	0.0979354738795817
0.203030023094688	0.0975281903603333
0.203509999508624	0.0970663665100456
0.203989975922559	0.0965431035201136
0.204469952336495	0.0959546126094625
0.20494992875043	0.0953007788727629
0.205429905164365	0.0945854599646381
0.205909881578301	0.0938164055097078
0.206389857992236	0.0930047466911215
0.206869834406172	0.0921640933864021
0.207349810820107	0.0913094472916805
0.207829787234043	0.0904561698302572
0.208309763647978	0.08961898238924
0.208789740061913	0.0888111360806699
0.209269716475849	0.0880439499106643
0.209749692889784	0.0873265467983154
0.21022966930372	0.0866658312336578
0.210709645717655	0.0860668433463871
0.211189622131591	0.0855332876245137
0.211669598545526	0.0850679658026334
0.212149574959461	0.0846733325520995
0.212629551373397	0.0843519528723574
0.213109527787332	0.0841066434006205
0.213589504201268	0.0839404575715627
0.214069480615203	0.0838567873796826
0.214549457029139	0.0838594682282841
0.215029433443074	0.0839527732792068
0.21550940985701	0.0841413279204823
0.215989386270945	0.0844299534864579
0.21646936268488	0.0848232508408134
0.216949339098816	0.0853250817582133
0.217429315512751	0.0859380613615349
0.217909291926687	0.0866631554024899
0.218389268340622	0.0874994532831157
0.218869244754558	0.0884443613227895
0.219349221168493	0.0894940761574816
0.219829197582428	0.0906441579927828
0.220309173996364	0.0918901861941279
0.220789150410299	0.0932284533201086
0.221269126824235	0.0946563553891686
0.22174910323817	0.0961724669389887
0.222229079652106	0.0977764813243659
0.222709056066041	0.0994690095864635
0.223189032479976	0.10125112586102
0.223669008893912	0.10312381428941
0.224148985307847	0.105087420307846
0.224628961721783	0.107141186841425
0.225108938135718	0.10928298053246
0.225588914549654	0.111509265895751
0.226068890963589	0.113815309967824
0.226548867377524	0.116195487716018
0.22702884379146	0.118643622884503
0.227508820205395	0.121153286220595
0.227988796619331	0.123717909225916
0.228468773033266	0.126330719274901
0.228948749447202	0.12898463676789
0.229428725861137	0.131672258253107
0.229908702275073	0.134385933173096
0.230388678689008	0.137118026900775
0.230868655102943	0.139861381705298
0.231348631516879	0.142609742247093
0.231828607930814	0.145358033287528
0.23230858434475	0.148102549569271
0.232788560758685	0.150840981910535
0.233268537172621	0.153572186700536
0.233748513586556	0.156295849378463
0.234228490000491	0.159012141665587
0.234708466414427	0.161721320634545
0.235188442828362	0.164423360501146
0.235668419242298	0.167117766385843
0.236148395656233	0.169803596797639
0.236628372070169	0.1724797109685
0.237108348484104	0.175145251938562
0.237588324898039	0.177800148992335
0.238068301311975	0.180445378739921
0.23854827772591	0.183082955843818
0.239028254139846	0.185715632887957
0.239508230553781	0.188346307263721
0.239988206967717	0.190977360624335
0.240468183381652	0.193610110102266
0.240948159795587	0.196244449994633
0.241428136209523	0.198878650700216
0.241908112623458	0.201509359606184
0.242388089037394	0.204131743114985
0.242868065451329	0.206739661537796
0.243348041865265	0.209325888340539
0.2438280182792	0.211882505647339
0.244307994693135	0.21440133067041
0.244787971107071	0.216874242720922
0.245267947521006	0.219293530417652
0.245747923934942	0.221652315963343
0.246227900348877	0.223944554204003
0.246707876762813	0.226164627220189
0.247187853176748	0.228306797706707
0.247667829590684	0.230364625662607
0.248147806004619	0.232330406638236
0.248627782418554	0.234194992056525
0.24910775883249	0.235947982769981
0.249587735246425	0.237578212699662
0.250067711660361	0.239074491294177
0.250547688074296	0.24042641765104
0.251027664488232	0.24162485456964
0.251507640902167	0.242662166801193
0.251987617316102	0.243532383320489
0.252467593730038	0.244231222794816
0.252947570143973	0.244755939974828
0.253427546557909	0.245105321515208
0.253907522971844	0.245279846499501
0.25438749938578	0.245281837060602
0.254867475799715	0.245115592040044
0.25534745221365	0.244787477656925
0.255827428627586	0.244305758799572
0.256307405041521	0.243680193420207
0.256787381455457	0.242921500343144
0.257267357869392	0.242040709091143
0.257747334283328	0.241048429568749
0.258227310697263	0.239954471714259
0.258707287111199	0.238767706287667
0.259187263525134	0.237496099190136
0.259667239939069	0.23614699575112
0.260147216353005	0.23472752302275
0.26062719276694	0.233244800073918
0.261107169180876	0.23170608100812
0.261587145594811	0.230118834344922
0.262067122008747	0.228490695628082
0.262547098422682	0.226829374779766
0.263027074836617	0.225142771002079
0.263507051250553	0.223439003467901
0.263987027664488	0.221726343981707
0.264467004078424	0.220013012238818
0.264946980492359	0.21830683307327
0.265426956906295	0.216614772773457
0.26590693332023	0.214942525237933
0.266386909734165	0.213294186285121
0.266866886148101	0.211672165947854
0.267346862562036	0.210077377471664
0.267826838975972	0.208509686389639
0.268306815389907	0.206968534100568
0.268786791803843	0.205453661990059
0.269266768217778	0.203965597118643
0.269746744631713	0.202505805537683
0.270226721045649	0.201076555500458
0.270706697459584	0.199680590148704
0.27118667387352	0.198320708514673
0.271666650287455	0.196999549474883
0.272146626701391	0.195719648153363
0.272626603115326	0.194483721835726
0.273106579529261	0.193295128801604
0.273586555943197	0.192158330052122
0.274066532357132	0.191079142134085
0.274546508771068	0.190064792580817
0.275026485185003	0.189123772076328
0.275506461598939	0.188265546452668
0.275986438012874	0.187500194026699
0.27646641442681	0.186838174090119
0.276946390840745	0.186290195019656
0.27742636725468	0.185866921056116
0.277906343668616	0.185578545518
0.278386320082551	0.185434196443883
0.278866296496487	0.185441201334653
0.279346272910422	0.185604373570044
0.279826249324358	0.185925607035808
0.280306225738293	0.186403799110895
0.280786202152228	0.187035199733775
0.281266178566164	0.187814159513822
0.281746154980099	0.188733931867493
0.282226131394035	0.189787272360672
0.28270610780797	0.190966852795368
0.283186084221906	0.192265384381954
0.283666060635841	0.193675481824217
0.284146037049776	0.1951894458434
0.284626013463712	0.196799164230917
0.285105989877647	0.198496123061265
0.285585966291583	0.200271653055425
0.286065942705518	0.202117244482547
0.286545919119454	0.204024791291588
0.287025895533389	0.205986692242456
0.287505871947324	0.207995785953003
0.28798584836126	0.210045105011946
0.288465824775195	0.212127594881547
0.288945801189131	0.214235842945262
0.289425777603066	0.216361923112855
0.289905754017002	0.218497408889522
0.290385730430937	0.22063352786982
0.290865706844873	0.222761330187151
0.291345683258808	0.22487199312313
0.291825659672743	0.226957058374176
0.292305636086679	0.229008626154338
0.292785612500614	0.231019644757149
0.29326558891455	0.232984135461589
0.293745565328485	0.234897247752523
0.294225541742421	0.236755243102553
0.294705518156356	0.238555376622419
0.295185494570291	0.240295414464087
0.295665470984227	0.241973162839256
0.296145447398162	0.243586204394681
0.296625423812098	0.245131849267296
0.297105400226033	0.246607400888459
0.297585376639969	0.248010611826745
0.298065353053904	0.249340006689089
0.298545329467839	0.250595089554358
0.299025305881775	0.251776358763603
0.29950528229571	0.252885007336136
0.299985258709646	0.253922466607651
0.300465235123581	0.254890130131061
0.300945211537517	0.255789218901229
0.301425187951452	0.256620932621544
0.301905164365388	0.257386690813766
0.302385140779323	0.25808830264393
0.302865117193258	0.258728082770854
0.303345093607194	0.259308863948743
0.303825070021129	0.259833809996729
0.304305046435065	0.26030622920356
0.304785022849	0.260729607516038
0.305264999262935	0.261107602573926
0.305744975676871	0.261444076388748
0.306224952090806	0.261743137445807
0.306704928504742	0.262009000822491
0.307184904918677	0.262245735381823
0.307664881332613	0.26245704904245
0.308144857746548	0.262645985095126
0.308624834160484	0.262814700885195
0.309104810574419	0.262964568976075
0.309584786988354	0.263096307628777
0.31006476340229	0.263210003505143
0.310544739816225	0.263305221117396
0.311024716230161	0.263381119279275
0.311504692644096	0.263436420894689
0.311984669058032	0.263469425077049
0.312464645471967	0.263478236120152
0.312944621885902	0.263461025277951
0.313424598299838	0.263416208208443
0.313904574713773	0.263342592033774
0.314384551127709	0.263239420298401
0.314864527541644	0.263106278267696
0.31534450395558	0.262942958655661
0.315824480369515	0.262749354796707
0.31630445678345	0.26252530423148
0.316784433197386	0.262270543290924
0.317264409611321	0.261984744422425
0.317744386025257	0.261667551174654
0.318224362439192	0.261318433853479
0.318704338853128	0.260936587833793
0.319184315267063	0.260520949562562
0.319664291680999	0.260070272602566
0.320144268094934	0.259583311514977
0.320624244508869	0.259059360683085
0.321104220922805	0.258498951894806
0.32158419733674	0.257904421405538
0.322064173750676	0.257280220830377
0.322544150164611	0.256632977142188
0.323024126578547	0.255971207752565
0.323504102992482	0.255304807818898
0.323984079406417	0.254644579831938
0.324464055820353	0.254001940678945
0.324944032234288	0.253388614728584
0.325424008648224	0.252816420952288
0.325903985062159	0.252297008231519
0.326383961476095	0.251841365395975
0.32686393789003	0.25145920117539
0.327343914303965	0.251158443506261
0.327823890717901	0.250944913669893
0.328303867131836	0.250822333529083
0.328783843545772	0.250792662656308
0.329263819959707	0.250856554794501
0.329743796373643	0.251013723712422
0.330223772787578	0.25126326865969
0.330703749201513	0.251603775299112
0.331183725615449	0.252033220510597
0.331663702029384	0.252548823762386
0.33214367844332	0.253146998401964
0.332623654857255	0.253823306977544
0.333103631271191	0.254572498608695
0.333583607685126	0.255388455530322
0.334063584099062	0.256264102048532
0.334543560512997	0.257191361693485
0.335023536926932	0.258161164819865
0.335503513340868	0.25916340806242
0.335983489754803	0.26018712901081
0.336463466168739	0.261220889683745
0.336943442582674	0.262253086434514
0.33742341899661	0.263272200641713
0.337903395410545	0.264267071008057
0.33838337182448	0.26522701747899
0.338863348238416	0.266141801547909
0.339343324652351	0.267001522663175
0.339823301066287	0.267796400091507
0.340303277480222	0.268516519168536
0.340783253894158	0.26915168222816
0.341263230308093	0.269691382906001
0.341743206722028	0.270124944946949
0.342223183135964	0.270442021612926
0.342703159549899	0.270633305743804
0.343183135963835	0.270691412021493
0.34366311237777	0.270611906896066
0.344143088791706	0.270394094454856
0.344623065205641	0.270041187131231
0.345103041619576	0.269559986677216
0.345583018033512	0.268960134107554
0.346062994447447	0.268252946254121
0.346542970861383	0.26745029600777
0.347022947275318	0.266563808307774
0.347502923689254	0.265604408383783
0.347982900103189	0.264582237000986
0.348462876517124	0.263506940469995
0.34894285293106	0.262387950118211
0.349422829344995	0.261234653670691
0.349902805758931	0.260056408488881
0.350382782172866	0.258862388486615
0.350862758586802	0.257661161147644
0.351342735000737	0.256460268134338
0.351822711414673	0.255265959997539
0.352302687828608	0.254083089309403
0.352782664242543	0.252915134675733
0.353262640656479	0.251764450782906
0.353742617070414	0.250632587564968
0.35422259348435	0.249520529303126
0.354702569898285	0.248428840457126
0.355182546312221	0.247357724139254
0.355662522726156	0.246306874230221
0.356142499140091	0.245275223064839
0.356622475554027	0.244260694301683
0.357102451967962	0.243259989438829
0.357582428381898	0.242268514309644
0.358062404795833	0.241280486133513
0.358542381209769	0.240289248828078
0.359022357623704	0.239287795392245
0.359502334037639	0.238269409935354
0.359982310451575	0.237228217692218
0.36046228686551	0.236159624594022
0.360942263279446	0.235060642321713
0.361422239693381	0.233929978228713
0.361902216107317	0.232768035561842
0.362382192521252	0.231576864103844
0.362862168935188	0.230360019002718
0.363342145349123	0.229122528992883
0.363822121763058	0.227870923671613
0.364302098176994	0.226612951179926
0.364782074590929	0.225357191908399
0.365262051004865	0.224112711398091
0.3657420274188	0.222888613280025
0.366222003832736	0.221693566159586
0.366701980246671	0.220535662412359
0.367181956660606	0.219422288433711
0.367661933074542	0.218359939428886
0.368141909488477	0.217354168825601
0.368621885902413	0.216409579914246
0.369101862316348	0.215529680967842
0.369581838730284	0.21471691838753
0.370061815144219	0.213972876597315
0.370541791558154	0.213298498568599
0.37102176797209	0.212694380225443
0.371501744386025	0.212161181208248
0.371981720799961	0.211699906959693
0.372461697213896	0.211311998144464
0.372941673627832	0.210999268558114
0.373421650041767	0.210763755159015
0.373901626455702	0.210607567372192
0.374381602869638	0.210532877190612
0.374861579283573	0.210542066528816
0.375341555697509	0.210637894752671
0.375821532111444	0.210823664961987
0.37630150852538	0.211103263728576
0.376781484939315	0.211480963288413
0.377261461353251	0.211960972968505
0.377741437767186	0.21254694395755
0.378221414181121	0.213241506760151
0.378701390595057	0.214045917076942
0.379181367008992	0.214959962445686
0.379661343422928	0.215982057949129
0.380141319836863	0.217109401354942
0.380621296250799	0.218338189465627
0.381101272664734	0.21966377131662
0.381581249078669	0.221080605562257
0.382061225492605	0.222582151753683
0.38254120190654	0.224160794634988
0.383021178320476	0.225807667649548
0.383501154734411	0.227512549970352
0.383981131148347	0.229263928489125
0.384461107562282	0.23104900852029
0.384941083976217	0.232853727896951
0.385421060390153	0.234662946181891
0.385901036804088	0.236460621606435
0.386381013218024	0.238229910969439
0.386860989631959	0.239953456687574
0.387340966045895	0.241613827246681
0.38782094245983	0.24319395292558
0.388300918873765	0.244677780491374
0.388780895287701	0.246051052801031
0.389260871701636	0.247302057317146
0.389740848115572	0.248422262639212
0.390220824529507	0.249406770234987
0.390700800943443	0.250254505921146
0.391180777357378	0.250968182824192
0.391660753771313	0.251554018552708
0.392140730185249	0.252021224068455
0.392620706599184	0.252381124212401
0.39310068301312	0.252645894314337
0.393580659427055	0.25282720020886
0.394060635840991	0.252935181286529
0.394540612254926	0.252977818853631
0.395020588668862	0.252960721534508
0.395500565082797	0.252887435563113
0.395980541496732	0.25275999227991
0.396460517910668	0.252579372021628
0.396940494324603	0.252345845625656
0.397420470738539	0.252059177495232
0.397900447152474	0.251718688563517
0.39838042356641	0.251323437556181
0.398860399980345	0.250872655215306
0.39934037639428	0.250366321849087
0.399820352808216	0.249805682709384
0.400300329222151	0.249193587885703
0.400780305636087	0.248534547626896
0.401260282050022	0.247834302485388
0.401740258463958	0.247099028171521
0.402220234877893	0.246334669831309
0.402700211291828	0.24554653160763
0.403180187705764	0.24473898002569
0.403660164119699	0.243915372223852
0.404140140533635	0.243078207102322
0.40462011694757	0.242229348150037
0.405100093361506	0.241370258199721
0.405580069775441	0.24050233464989
0.406060046189376	0.239627131422081
0.406540022603312	0.238746526242477
0.407019999017247	0.23786291301172
0.407499975431183	0.23697919424947
0.407979951845118	0.236098461818678
0.408459928259054	0.235223684764717
0.408939904672989	0.234357479143452
0.409419881086925	0.233501869168786
0.40989985750086	0.232658158920022
0.410379833914795	0.23182707077416
0.410859810328731	0.231009058906497
0.411339786742666	0.230204622135705
0.411819763156602	0.229414515030706
0.412299739570537	0.228639850307266
0.412779715984473	0.227882093220316
0.413259692398408	0.227143010289529
0.413739668812343	0.226424543829676
0.414219645226279	0.225728673590108
0.414699621640214	0.225057395906874
0.41517959805415	0.224412799140161
0.415659574468085	0.223797236726017
0.416139550882021	0.223213341342871
0.416619527295956	0.222663970831455
0.417099503709891	0.222152174047909
0.417579480123827	0.221680974745928
0.418059456537762	0.221252903580037
0.418539432951698	0.220869616602964
0.419019409365633	0.220531816096265
0.419499385779569	0.220239188022181
0.419979362193504	0.219990462610374
0.42045933860744	0.219783648653656
0.420939315021375	0.219616267386852
0.42141929143531	0.219485503978834
0.421899267849246	0.219388465598872
0.422379244263181	0.219322527562967
0.422859220677117	0.219285626941046
0.423339197091052	0.219276634679313
0.423819173504987	0.219295656017754
0.424299149918923	0.219343997752224
0.424779126332858	0.219423949862433
0.425259102746794	0.219538522633056
0.425739079160729	0.219691091703583
0.426219055574665	0.219884960805395
0.4266990319886	0.220123029673674
0.427179008402536	0.220407515791743
0.427658984816471	0.220739588202778
0.428138961230406	0.221119033290442
0.428618937644342	0.221544061975676
0.429098914058277	0.222011330968644
0.429578890472213	0.222516177519729
0.430058866886148	0.223053138276793
0.430538843300084	0.22361660026385
0.431018819714019	0.224201383609716
0.431498796127954	0.224803058337117
0.43197877254189	0.225417997015029
0.432458748955825	0.226043217630596
0.432938725369761	0.226676030741986
0.433418701783696	0.227313668201601
0.433898678197632	0.227953160112396
0.434378654611567	0.228591560071304
0.434858631025502	0.229226289996966
0.435338607439438	0.229855669281284
0.435818583853373	0.230479442185155
0.436298560267309	0.231099189888421
0.436778536681244	0.231718379598409
0.43725851309518	0.232342175874987
0.437738489509115	0.232976912422131
0.438218465923051	0.233629276003975
0.438698442336986	0.234305355049032
0.439178418750921	0.235009791137078
0.439658395164857	0.235744993990484
0.440138371578792	0.236510698053344
0.440618347992728	0.237304007376486
0.441098324406663	0.238119897038325
0.441578300820599	0.238951929360537
0.442058277234534	0.239793134073464
0.442538253648469	0.24063677081812
0.443018230062405	0.241476783065916
0.44349820647634	0.242307974953846
0.443978182890276	0.243125829519783
0.444458159304211	0.243925991697777
0.444938135718147	0.24470361329342
0.445418112132082	0.245452808960279
0.445898088546017	0.246166183798538
0.446378064959953	0.246834668657556
0.446858041373888	0.247447731329579
0.447338017787824	0.247993993128227
0.447817994201759	0.248462101825072
0.448297970615695	0.248841708201227
0.44877794702963	0.249124259934252
0.449257923443565	0.24930350725115
0.449737899857501	0.24937568923657
0.450217876271436	0.249339372020768
0.450697852685372	0.249195012454672
0.451177829099307	0.248944435639357
0.451657805513243	0.248590421547829
0.452137781927178	0.248136276078987
0.452617758341114	0.247585449386556
0.453097734755049	0.246941215276792
0.453577711168984	0.246206606698862
0.45405768758292	0.245384367593792
0.454537663996855	0.244476818064495
0.455017640410791	0.243485548158249
0.455497616824726	0.242411085590324
0.455977593238662	0.241252471560767
0.456457569652597	0.240006958514054
0.456937546066532	0.238670053075205
0.457417522480468	0.237236067456755
0.457897498894403	0.235699008811943
0.458377475308339	0.234053701677402
0.458857451722274	0.232296795288457
0.45933742813621	0.230427303887884
0.459817404550145	0.228446674652946
0.46029738096408	0.226358535636715
0.460777357378016	0.224168204867713
0.461257333791951	0.221882289499393
0.461737310205887	0.219508821682305
0.462217286619822	0.217057607463263
0.462697263033758	0.214540587828059
0.463177239447693	0.21197210278093
0.463657215861628	0.209368859123847
0.464137192275564	0.206749350029488
0.464617168689499	0.204133094562883
0.465097145103435	0.201539802466011
0.46557712151737	0.198988472511121
0.466057097931306	0.196496738967485
0.466537074345241	0.194080629111521
0.467017050759176	0.191754356588367
0.467497027173112	0.189530182073174
0.467977003587047	0.187418515217651
0.468456980000983	0.185427962703511
0.468936956414918	0.183565186787142
0.469416932828854	0.181834953361689
0.469896909242789	0.180240367512029
0.470376885656725	0.17878292230803
0.47085686207066	0.177462487161428
0.471336838484595	0.176277343877814
0.471816814898531	0.175224150488329
0.472296791312466	0.174297861790604
0.472776767726402	0.173491915457494
0.473256744140337	0.172798525788847
0.473736720554273	0.172209048037209
0.474216696968208	0.171714490936734
0.474696673382143	0.171305990380856
0.475176649796079	0.170974895838879
0.475656626210014	0.170712620005696
0.47613660262395	0.170510451185182
0.476616579037885	0.170359289595726
0.477096555451821	0.170249428565375
0.477576531865756	0.170170727748072
0.478056508279691	0.170113220665357
0.478536484693627	0.170067934508038
0.479016461107562	0.170027730676584
0.479496437521498	0.169987903523041
0.479976413935433	0.169946414883827
0.480456390349369	0.16990383450855
0.480936366763304	0.169863001915522
0.48141634317724	0.169828551238169
0.481896319591175	0.169806484401248
0.48237629600511	0.169803809654101
0.482856272419046	0.169828266530303
0.483336248832981	0.169888042393697
0.483816225246917	0.16999127364587
0.484296201660852	0.170145343007452
0.484776178074788	0.170356195437504
0.485256154488723	0.170627743351329
0.485736130902658	0.170961454636314
0.486216107316594	0.171356474737939
0.486696083730529	0.171810264490832
0.487176060144465	0.172319449121547
0.4876560365584	0.172880708973012
0.488136012972336	0.173491514105664
0.488615989386271	0.174150448073374
0.489095965800206	0.17485731716603
0.489575942214142	0.175613193393857
0.490055918628077	0.176420404977093
0.490535895042013	0.177282515933778
0.491015871455948	0.178204337487913
0.491495847869884	0.179191816646414
0.491975824283819	0.180251772535185
0.492455800697755	0.181391587741379
0.49293577711169	0.182618695988728
0.493415753525625	0.183940040646767
0.493895729939561	0.185361653587844
0.494375706353496	0.186888270871959
0.494855682767432	0.18852290194633
0.495335659181367	0.190266591503424
0.495815635595303	0.192118322245855
0.496295612009238	0.194075022183824
0.496775588423173	0.196131879674592
0.497255564837109	0.198282941200525
0.497735541251044	0.200521720761404
0.49821551766498	0.20284187368815
0.498695494078915	0.205237855558736
0.499175470492851	0.207705115956496
0.499655446906786	0.210239839273603
0.500135423320721	0.212838637377415
0.500615399734657	0.215498173187707
0.501095376148592	0.218214586134084
0.501575352562528	0.220983000957628
0.502055328976463	0.223797229666637
0.502535305390399	0.226649620711202
0.503015281804334	0.229530978778736
0.503495258218269	0.232430663952884
0.503975234632205	0.235336810432189
0.50445521104614	0.238236766488792
0.504935187460076	0.241117790237411
0.505415163874011	0.243967651433698
0.505895140287947	0.246774974551123
0.506375116701882	0.249529514719371
0.506855093115818	0.252222202780541
0.507335069529753	0.254844761316306
0.507815045943688	0.257389267985694
0.508295022357624	0.259847824907659
0.508774998771559	0.262212417011618
0.509254975185495	0.264475096449469
0.50973495159943	0.266628470912137
0.510214928013366	0.268666137627525
0.510694904427301	0.27058304075942
0.511174880841236	0.272375545881361
0.511654857255172	0.274040971516318
0.512134833669107	0.275576814912213
0.512614810083043	0.276980175579327
0.513094786496978	0.278247414024388
0.513574762910914	0.279374321898501
0.514054739324849	0.28035691150237
0.514534715738785	0.281192443244033
0.51501469215272	0.281880359448255
0.515494668566655	0.282422858613725
0.515974644980591	0.282824822523087
0.516454621394526	0.283093193686273
0.516934597808462	0.283236336537059
0.517414574222397	0.283263428846438
0.517894550636332	0.28318411954296
0.518374527050268	0.283008597968506
0.518854503464203	0.282747853441965
0.519334479878139	0.282413605320512
0.519814456292074	0.282018057748691
0.52029443270601	0.281573528343658
0.520774409119945	0.281091894813621
0.52125438553388	0.28058409918146
0.521734361947816	0.280059976673128
0.522214338361751	0.279528194889178
0.522694314775687	0.278996354267229
0.523174291189622	0.278471354149691
0.523654267603558	0.277959808014611
0.524134244017493	0.277468302769779
0.524614220431429	0.27700360066068
0.525094196845364	0.276572706542189
0.525574173259299	0.2761825240967
0.526054149673235	0.275839247950968
0.52653412608717	0.275547753417341
0.527014102501106	0.275311222350217
0.527494078915041	0.27513097215124
0.527974055328977	0.275006714910531
0.528454031742912	0.27493714681843
0.528934008156847	0.274920633981879
0.529413984570783	0.274955774293629
0.529893960984718	0.275041919228314
0.530373937398654	0.275179316240653
0.530853913812589	0.275368846700712
0.531333890226525	0.27561164715318
0.53181386664046	0.275908750923988
0.532293843054396	0.276260626241006
0.532773819468331	0.276666880901468
0.533253795882266	0.277126268266582
0.533733772296202	0.277636794185969
0.534213748710137	0.278195985658969
0.534693725124073	0.278801289262428
0.535173701538008	0.279450400407548
0.535653677951943	0.280141475440856
0.536133654365879	0.280873308911218
0.536613630779814	0.281645355865062
0.53709360719375	0.282457678372886
0.537573583607685	0.283310827944427
0.538053560021621	0.284205571837447
0.538533536435556	0.285142506766569
0.539013512849492	0.286121671123905
0.539493489263427	0.287142132368909
0.539973465677362	0.288201822951435
0.540453442091298	0.289297738626221
0.540933418505233	0.29042642600292
0.541413394919169	0.291584602197644
0.541893371333104	0.292769818978493
0.54237334774704	0.293980830419379
0.542853324160975	0.295217543829554
0.54333330057491	0.296480585297282
0.543813276988846	0.297770563284317
0.544293253402781	0.29908722555872
0.544773229816717	0.300428851758066
0.545253206230652	0.301791914083144
0.545733182644588	0.303171102043703
0.546213159058523	0.304559642154341
0.546693135472458	0.305949772726004
0.547173111886394	0.307333229200848
0.547653088300329	0.308701778810693
0.548133064714265	0.310047630490684
0.5486130411282	0.311363781802668
0.549093017542136	0.312644381388302
0.549572993956071	0.313885155269266
0.550052970370007	0.315083646262848
0.550532946783942	0.316239369757398
0.551012923197877	0.317353886469709
0.551492899611813	0.31843082446723
0.551972876025748	0.31947582183149
0.552452852439684	0.320496421607533
0.552932828853619	0.321501775747851
0.553412805267555	0.32250217548653
0.55389278168149	0.323508477011186
0.554372758095425	0.324531266192984
0.554852734509361	0.325579894224564
0.555332710923296	0.326661722534368
0.555812687337232	0.327781752887375
0.556292663751167	0.328942454490131
0.556772640165103	0.330143858709621
0.557252616579038	0.331383802134663
0.557732592992973	0.332658069769015
0.558212569406909	0.333960269656438
0.558692545820844	0.335281593266815
0.55917252223478	0.336610461972209
0.559652498648715	0.337932415238939
0.560132475062651	0.339230428381146
0.560612451476586	0.340485628508546
0.561092427890521	0.341678125191544
0.561572404304457	0.342788048384728
0.562052380718392	0.343796574013485
0.562532357132328	0.344686624043702
0.563012333546263	0.345443215251354
0.563492309960199	0.346053614201266
0.563972286374134	0.346507212703966
0.564452262788069	0.346795243695799
0.564932239202005	0.346910487190527
0.56541221561594	0.346846920534335
0.565892192029876	0.346599489999109
0.566372168443811	0.346164040877419
0.566852144857747	0.3455371602606
0.567332121271682	0.344715991459808
0.567812097685618	0.343698283043699
0.568292074099553	0.342482401060679
0.568772050513488	0.341067246371084
0.569252026927424	0.339452378565356
0.569732003341359	0.337638289724497
0.570211979755295	0.335626633188284
0.57069195616923	0.33342064932345
0.571171932583166	0.331025631179845
0.571651908997101	0.328449221238361
0.572131885411036	0.325701674381894
0.572611861824972	0.32279604769251
0.573091838238907	0.319747992320245
0.573571814652843	0.316575220801934
0.574051791066778	0.313296803717029
0.574531767480714	0.309932283677868
0.575011743894649	0.306500608905917
0.575491720308584	0.303019192059884
0.57597169672252	0.299503381141026
0.576451673136455	0.29596631383136
0.576931649550391	0.292419056141348
0.577411625964326	0.288870902800598
0.577891602378262	0.285329688211654
0.578371578792197	0.281802014605066
0.578851555206132	0.278293478679761
0.579331531620068	0.274808811311358
0.579811508034003	0.271351890381081
0.580291484447939	0.267925818252089
0.580771460861874	0.264533225778232
0.58125143727581	0.261176549006013
0.581731413689745	0.257858251016265
0.582211390103681	0.254581079216112
0.582691366517616	0.251348289976853
0.583171342931551	0.248163652347685
0.583651319345487	0.245031393985371
0.584131295759422	0.241956035654468
0.584611272173358	0.23894227531589
0.585091248587293	0.235994977930887
0.585571225001229	0.233119187164203
0.586051201415164	0.230319942622628
0.586531177829099	0.227602057043136
0.587011154243035	0.224969911982359
0.58749113065697	0.22242724879623
0.587971107070906	0.219976965369007
0.588451083484841	0.217621073426655
0.588931059898777	0.215360866623077
0.589411036312712	0.213197194857895
0.589891012726647	0.211130691502244
0.590370989140583	0.209161937364771
0.590850965554518	0.207291506047545
0.591330941968454	0.205519968846193
0.591810918382389	0.203847936937192
0.592290894796325	0.20227609643651
0.59277087121026	0.200805216587207
0.593250847624196	0.199436172094204
0.593730824038131	0.198169961148005
0.594210800452066	0.197007452753866
0.594690776866002	0.195948936286324
0.595170753279937	0.194993705338231
0.595650729693873	0.194139735465035
0.596130706107808	0.193383518821151
0.596610682521743	0.1927201979968
0.597090658935679	0.19214382032717
0.597570635349614	0.191647680253403
0.59805061176355	0.191224822367276
0.598530588177485	0.19086861238932
0.599010564591421	0.190573183460842
0.599490541005356	0.190333775989197
0.599970517419292	0.1901470290442
0.600450493833227	0.190011128226103
0.600930470247162	0.189925638791348
0.601410446661098	0.189891140314059
0.601890423075033	0.189908838316246
0.602370399488969	0.189980080701898
0.602850375902904	0.190105983025122
0.60333035231684	0.190287166703801
0.603810328730775	0.190523630495959
0.60429030514471	0.190814803678891
0.604770281558646	0.191159764182225
0.605250257972581	0.191557390111033
0.605730234386517	0.19200646690292
0.606210210800452	0.192505721574376
0.606690187214388	0.193053692275189
0.607170163628323	0.193648485886745
0.607650140042258	0.194287707287541
0.608130116456194	0.194968553508269
0.608610092870129	0.195688138093505
0.609090069284065	0.196443912413878
0.609570045698	0.197234037902526
0.610050022111936	0.198057554197406
0.610529998525871	0.198914274110347
0.611009974939807	0.199804318829382
0.611489951353742	0.200727582721166
0.611969927767677	0.201683543860378
0.612449904181613	0.202671364615362
0.612929880595548	0.203690045842556
0.613409857009484	0.204738572538645
0.613889833423419	0.205815882050541
0.614369809837354	0.206920483134011
0.61484978625129	0.208049808127659
0.615329762665225	0.209199579677415
0.615809739079161	0.210363511708702
0.616289715493096	0.211533582907768
0.616769691907032	0.2127008490051
0.617249668320967	0.213856321187694
0.617729644734903	0.214991727718123
0.618209621148838	0.21610019038616
0.618689597562773	0.217176598556504
0.619169573976709	0.218217555279724
0.619649550390644	0.219221131141552
0.62012952680458	0.220186602686681
0.620609503218515	0.221114073104367
0.621089479632451	0.222004088655
0.621569456046386	0.222857296990175
0.622049432460321	0.223674253186069
0.622529408874257	0.224455508161951
0.623009385288192	0.225201881107873
0.623489361702128	0.225914571757289
0.623969338116063	0.226594976686198
0.624449314529999	0.227244233867445
0.624929290943934	0.227862670498884
0.62540926735787	0.228449209943174
0.625889243771805	0.229000980862683
0.62636922018574	0.229513340560295
0.626849196599676	0.22998032349674
0.627329173013611	0.230395221875099
0.627809149427547	0.230751315929877
0.628289125841482	0.231042457464666
0.628769102255418	0.231263354902012
0.629249078669353	0.231409600284251
0.629729055083288	0.231477656203019
0.630209031497224	0.231464744378102
0.630689007911159	0.231368843825484
0.631168984325095	0.23118890515345
0.63164896073903	0.230925070731992
0.632128937152966	0.230578774008199
0.632608913566901	0.23015282138565
0.633088889980836	0.229651374157906
0.633568866394772	0.229079786519215
0.634048842808707	0.228444439624455
0.634528819222643	0.227752588136998
0.635008795636578	0.227012225129241
0.635488772050514	0.226232046985782
0.635968748464449	0.225421388220766
0.636448724878384	0.224590041249961
0.63692870129232	0.223748006746283
0.637408677706255	0.222905117343425
0.637888654120191	0.222070675291373
0.638368630534126	0.221253245017375
0.638848606948062	0.220460762170964
0.639328583361997	0.21970076061333
0.639808559775932	0.218980604722458
0.640288536189868	0.218307653108153
0.640768512603803	0.217689305416453
0.641248489017739	0.217132716838654
0.641728465431674	0.216644372891124
0.64220844184561	0.216229699780688
0.642688418259545	0.215892774136655
0.643168394673481	0.215636093869731
0.643648371087416	0.215460500821962
0.644128347501351	0.215365184246217
0.644608323915287	0.215347600047561
0.645088300329222	0.215403355390817
0.645568276743158	0.215526073605042
0.646048253157093	0.215707218913557
0.646528229571029	0.215936002675734
0.647008205984964	0.216199559574315
0.647488182398899	0.216483315626614
0.647968158812835	0.216771529910906
0.64844813522677	0.217048068216901
0.648928111640706	0.217297278904262
0.649408088054641	0.217504773545393
0.649888064468577	0.217657962696718
0.650368040882512	0.21774624235455
0.650848017296447	0.217760942056966
0.651327993710383	0.217695084950023
0.651807970124318	0.217543184906069
0.652287946538254	0.217301102032806
0.652767922952189	0.216966128996788
0.653247899366125	0.216537162916416
0.65372787578006	0.21601495809821
0.654207852193995	0.215402318491624
0.654687828607931	0.214704170780475
0.655167805021866	0.213927484749973
0.655647781435802	0.213081129200417
0.656127757849737	0.212175602559194
0.656607734263673	0.21122263889798
0.657087710677608	0.210234766976616
0.657567687091543	0.209224836454354
0.658047663505479	0.208205400277699
0.658527639919414	0.207188184472331
0.65900761633335	0.206183674901579
0.659487592747285	0.205200976872987
0.659967569161221	0.204248089822604
0.660447545575156	0.203332418857074
0.660927521989092	0.202461313646225
0.661407498403027	0.201642506450269
0.661887474816962	0.20088431521646
0.662367451230898	0.200195403914638
0.662847427644833	0.199584420204363
0.663327404058769	0.199059600444977
0.663807380472704	0.198628554885164
0.66428735688664	0.19829832366881
0.664767333300575	0.198075639355687
0.66524730971451	0.197967144137442
0.665727286128446	0.19797956819804
0.666207262542381	0.198119594254058
0.666687238956317	0.198393411394771
0.667167215370252	0.198806204665488
0.667647191784188	0.199361842005619
0.668127168198123	0.200062653722126
0.668607144612059	0.200909505237955
0.669087121025994	0.201902058348382
0.669567097439929	0.203038994316978
0.670047073853865	0.204318148119155
0.6705270502678	0.205736615869448
0.671007026681736	0.207290792422164
0.671487003095671	0.20897633362948
0.671966979509607	0.210788145524789
0.672446955923542	0.212720443584814
0.672926932337477	0.214766780587678
0.673406908751413	0.216919926897769
0.673886885165348	0.219171765362811
0.674366861579284	0.221513166189299
0.674846837993219	0.223933860521791
0.675326814407154	0.22642237316317
0.67580679082109	0.228966124593794
0.676286767235025	0.231551616621047
0.676766743648961	0.234164876753719
0.677246720062896	0.236792045574417
0.677726696476832	0.239419897444585
0.678206672890767	0.242036255084377
0.678686649304703	0.24463021747338
0.679166625718638	0.247191818342791
0.679646602132573	0.249711313965173
0.680126578546509	0.252178456086415
0.680606554960444	0.254581882672995
0.68108653137438	0.256908810751246
0.681566507788315	0.259145420131231
0.682046484202251	0.261277629545692
0.682526460616186	0.263292095863592
0.683006437030121	0.265177433513267
0.683486413444057	0.266925327503271
0.683966389857992	0.268530825938864
0.684446366271928	0.26999198398089
0.684926342685863	0.271309102605022
0.685406319099799	0.272483562666827
0.685886295513734	0.273516649529239
0.68636627192767	0.27440899703773
0.686846248341605	0.275160632948826
0.68732622475554	0.275771449382455
0.687806201169476	0.276242062497325
0.688286177583411	0.276574740673404
0.688766153997347	0.276773889596827
0.689246130411282	0.276846128277435
0.689726106825218	0.276800081019406
0.690206083239153	0.276645892154896
0.690686059653088	0.276394684825268
0.691166036067024	0.276058357616576
0.691646012480959	0.275649725731707
0.692125988894895	0.275182689643271
0.69260596530883	0.274672229624074
0.693085941722765	0.274134176078978
0.693565918136701	0.273584818283049
0.694045894550636	0.273040350414841
0.694525870964572	0.272516252027841
0.695005847378507	0.272026633947869
0.695485823792443	0.271583638858731
0.695965800206378	0.271197017802243
0.696445776620314	0.270873792948569
0.696925753034249	0.270618034173015
0.697405729448184	0.27043083878657
0.69788570586212	0.270310547674011
0.698365682276055	0.270253154619439
0.698845658689991	0.270252835887012
0.699325635103926	0.270302533046613
0.699805611517862	0.270394606472723
0.700285587931797	0.270521305017589
0.700765564345732	0.270674949336567
0.701245540759668	0.270847869275929
0.701725517173603	0.271032299376571
0.702205493587539	0.271220282236173
0.702685470001474	0.271403772052977
0.70316544641541	0.271575009255518
0.703645422829345	0.271727076657297
0.704125399243281	0.271854503294011
0.704605375657216	0.271953717454784
0.705085352071151	0.272023063709771
0.705565328485087	0.272062401617658
0.706045304899022	0.272072493080356
0.706525281312958	0.272054277271603
0.707005257726893	0.272008268257424
0.707485234140829	0.271934345048143
0.707965210554764	0.27183175836081
0.708445186968699	0.271699170096615
0.708925163382635	0.271534674414658
0.70940513979657	0.271335733555211
0.709885116210506	0.271099042864762
0.710365092624441	0.270820600606723
0.710845069038377	0.270495897186874
0.711325045452312	0.270120014370377
0.711805021866248	0.269687702097138
0.712284998280183	0.26919341192042
0.712764974694118	0.26863110527491
0.713244951108054	0.267994058995733
0.713724927521989	0.267274904101943
0.714204903935925	0.266465796464266
0.71468488034986	0.265558748550022
0.715164856763795	0.264546104639409
0.715644833177731	0.263420853515423
0.716124809591666	0.262176696639861
0.716604786005602	0.260808086744692
0.717084762419537	0.259310309890572
0.717564738833473	0.257679690686339
0.718044715247408	0.255913998930259
0.718524691661343	0.254013027181697
0.719004668075279	0.251979024205056
0.719484644489214	0.249816805469863
0.71996462090315	0.247533474252945
0.720444597317085	0.245138142919387
0.720924573731021	0.242641773591777
0.721404550144956	0.240057102838498
0.721884526558892	0.237398657043571
0.722364502972827	0.234682813966131
0.722844479386762	0.231927527644226
0.723324455800698	0.229151725600983
0.723804432214633	0.226374492713132
0.724284408628569	0.223614244750949
0.724764385042504	0.220888127830705
0.72524436145644	0.218211883367475
0.725724337870375	0.215600087339896
0.72620431428431	0.213066694803715
0.726684290698246	0.210625762338596
0.727164267112181	0.208292003363122
0.727644243526117	0.206080983978102
0.728124219940052	0.204008897900131
0.728604196353988	0.202092070050989
0.729084172767923	0.200346298593399
0.729564149181859	0.198786157237203
0.730044125595794	0.197424383983279
0.730524102009729	0.196271551514284
0.731004078423665	0.195336045659669
0.7314840548376	0.194624250546721
0.731964031251536	0.194140918668609
0.732444007665471	0.193889628422694
0.732923984079407	0.193873086823377
0.733403960493342	0.194093143561126
0.733883936907277	0.194550403651948
0.734363913321213	0.195243553979406
0.734843889735148	0.196168631789748
0.735323866149084	0.197318488037656
0.735803842563019	0.198682630165239
0.736283818976954	0.200247521420152
0.73676379539089	0.201997128815584
0.737243771804825	0.203913640985237
0.737723748218761	0.205978237133382
0.738203724632696	0.208171500004852
0.738683701046632	0.210473517688476
0.739163677460567	0.212863904679166
0.739643653874503	0.215321850979103
0.740123630288438	0.217826368504224
0.740603606702373	0.220356864567498
0.741083583116309	0.222893899426501
0.741563559530244	0.225419899316121
0.74204353594418	0.227919904166435
0.742523512358115	0.230381965245551
0.743003488772051	0.232797136384557
0.743483465185986	0.235159230211777
0.743963441599921	0.237464420234103
0.744443418013857	0.239710536598423
0.744923394427792	0.241896287844779
0.745403370841728	0.244020559355248
0.745883347255663	0.246081835131943
0.746363323669599	0.248077946517085
0.746843300083534	0.250006174574166
0.74732327649747	0.251863685860548
0.747803252911405	0.253648216508973
0.74828322932534	0.255358618476369
0.748763205739276	0.256995109612129
0.749243182153211	0.25855917944928
0.749723158567147	0.2600532362969
0.750203134981082	0.261480156629605
0.750683111395018	0.262843023442874
0.751163087808953	0.264145098584267
0.751643064222888	0.265389969798207
0.752123040636824	0.266581876303594
0.752603017050759	0.267726011102866
0.753082993464695	0.268828570946281
0.75356296987863	0.269896581228499
0.754042946292566	0.270937538315386
0.754522922706501	0.271958930048736
0.755002899120436	0.272967889774702
0.755482875534372	0.273971205934067
0.755962851948307	0.274975462264658
0.756442828362243	0.275987316778394
0.756922804776178	0.277013820265499
0.757402781190114	0.278062720228784
0.757882757604049	0.279142664615424
0.758362734017984	0.280263341681671
0.75884271043192	0.281435554635064
0.759322686845855	0.282671106738124
0.759802663259791	0.283982496350381
0.760282639673726	0.28538241103625
0.760762616087662	0.286883003797358
0.761242592501597	0.288495008590183
0.761722568915532	0.29022689298828
0.762202545329468	0.292084160760503
0.762682521743403	0.294068970974116
0.763162498157339	0.296180220566985
0.763642474571274	0.298414065128172
0.76412245098521	0.300764466182112
0.764602427399145	0.30322366468915
0.765082403813081	0.305782503274019
0.765562380227016	0.308430533882074
0.766042356640951	0.311155933213475
0.766522333054887	0.313945588391264
0.767002309468822	0.316785229432499
0.767482285882758	0.319659644074336
0.767962262296693	0.322553003149436
0.768442238710629	0.32544901319436
0.768922215124564	0.32833084204841
0.769402191538499	0.331180982277863
0.769882167952435	0.333981002739059
0.77036214436637	0.336711353618342
0.770842120780306	0.339351472539498
0.771322097194241	0.341880150338445
0.771802073608177	0.344276052891543
0.772282050022112	0.346518375704373
0.772762026436048	0.348587422844458
0.773242002849983	0.350465016677357
0.773721979263918	0.352134739076001
0.774201955677854	0.353581897886163
0.774681932091789	0.354793312176781
0.775161908505725	0.355757203662778
0.77564188491966	0.356463202740716
0.776121861333596	0.356902637594728
0.776601837747531	0.357069209418722
0.777081814161466	0.356959683401588
0.777561790575402	0.356574340524242
0.778041766989337	0.35591720545534
0.778521743403273	0.354995710783722
0.779001719817208	0.353819721135836
0.779481696231143	0.352400367553748
0.779961672645079	0.350748877950052
0.780441649059014	0.348875615727385
0.78092162547295	0.346789873624624
0.781401601886885	0.3445006022323
0.781881578300821	0.342017511082407
0.782361554714756	0.339352206847479
0.782841531128692	0.336519149541774
0.783321507542627	0.333536019766731
0.783801483956562	0.330423265961133
0.784281460370498	0.327203259848943
0.784761436784433	0.323899322639206
0.785241413198369	0.320534822039006
0.785721389612304	0.317132550288466
0.78620136602624	0.313714610270526
0.786681342440175	0.31030249079393
0.78716131885411	0.306917189064304
0.787641295268046	0.303579279114131
0.788121271681981	0.300308843309065
0.788601248095917	0.297125122743679
0.789081224509852	0.294046100179004
0.789561200923788	0.291088138788924
0.790041177337723	0.288265665774884
0.790521153751659	0.285590882613125
0.791001130165594	0.28307363581358
0.791481106579529	0.280721557468687
0.791961082993465	0.278540452080669
0.7924410594074	0.276534947214085
0.792921035821336	0.274709240578154
0.793401012235271	0.273067621092531
0.793880988649207	0.271614702353278
0.794360965063142	0.270355329561757
0.794840941477077	0.269294111333898
0.795320917891013	0.268434757332916
0.795800894304948	0.267779574261197
0.796280870718884	0.267329295581485
0.796760847132819	0.267083147778222
0.797240823546755	0.26703894473791
0.79772079996069	0.267193148304738
0.798200776374625	0.267540652399681
0.798680752788561	0.268074280411164
0.799160729202496	0.268784158660557
0.799640705616432	0.269657277234493
0.800120682030367	0.270677371807663
0.800600658444303	0.271825387437369
0.801080634858238	0.273080439601714
0.801560611272173	0.274420994635963
0.802040587686109	0.275825889180826
0.802520564100044	0.277275151099197
0.80300054051398	0.278750376208374
0.803480516927915	0.280234616662492
0.803960493341851	0.281712106013576
0.804440469755786	0.283168051004391
0.804920446169721	0.284588530656396
0.805400422583657	0.285960682787673
0.805880398997592	0.287272992015074
0.806360375411528	0.288515545833569
0.806840351825463	0.289680228586227
0.807320328239399	0.290760840350771
0.807800304653334	0.291753040894824
0.80828028106727	0.292654306160832
0.808760257481205	0.29346400593017
0.80924023389514	0.294183434591942
0.809720210309076	0.294815636493848
0.810200186723011	0.295365070848481
0.810680163136947	0.295837055953919
0.811160139550882	0.296237032933174
0.811640115964818	0.296569956087438
0.812120092378753	0.296839872597586
0.812600068792688	0.297049771594297
0.813080045206624	0.297201812236281
0.813560021620559	0.297297657054786
0.814039998034495	0.297338657489725
0.81451997444843	0.297325900098041
0.814999950862366	0.297260239302889
0.815479927276301	0.297142421732715
0.815959903690237	0.296973361357162
0.816439880104172	0.296754644142812
0.816919856518107	0.296489158801359
0.817399832932043	0.296181507821977
0.817879809345978	0.295837989544252
0.818359785759914	0.295466097754994
0.818839762173849	0.295073718300791
0.819319738587785	0.294668214517429
0.81979971500172	0.294255802394086
0.820279691415655	0.293841421433263
0.820759667829591	0.293429054295933
0.821239644243526	0.29302226172656
0.821719620657462	0.292624768093296
0.822199597071397	0.292240740640975
0.822679573485332	0.291874700135852
0.823159549899268	0.29153114961385
0.823639526313203	0.2912141230034
0.824119502727139	0.290926795467015
0.824599479141074	0.290671400064397
0.82507945555501	0.290449347603756
0.825559431968945	0.290261530136596
0.826039408382881	0.290108591261804
0.826519384796816	0.289991081762735
0.826999361210751	0.289909377670419
0.827479337624687	0.289863372179429
0.827959314038622	0.289852079311323
0.828439290452558	0.289873326514657
0.828919266866493	0.289923544362059
0.829399243280429	0.289997672383641
0.829879219694364	0.290089255158867
0.830359196108299	0.290190789846553
0.830839172522235	0.290294151757103
0.83131914893617	0.290391020096599
0.831799125350106	0.290473195033554
0.832279101764041	0.290532779309552
0.832759078177977	0.290562097983447
0.833239054591912	0.290553460692871
0.833719031005848	0.290498974757019
0.834199007419783	0.290390570223974
0.834678983833718	0.290220055790847
0.835158960247654	0.289979328327303
0.835638936661589	0.289660853894341
0.836118913075525	0.289258051351838
0.83659888948946	0.288765313866458
0.837078865903396	0.288177897123683
0.837558842317331	0.287491633866976
0.838038818731266	0.286702507999734
0.838518795145202	0.285806389242437
0.838998771559137	0.284799074161666
0.839478747973073	0.283676448604603
0.839958724387008	0.282434941968162
0.840438700800944	0.281072124585628
0.840918677214879	0.279587124371506
0.841398653628814	0.277980891983483
0.84187863004275	0.276256417211199
0.842358606456685	0.274418757887046
0.842838582870621	0.272474851040176
0.843318559284556	0.270433279843788
0.843798535698492	0.268303960490763
0.844278512112427	0.266097789067077
0.844758488526362	0.263826285412292
0.845238464940298	0.261501334892604
0.845718441354233	0.259134994775436
0.846198417768169	0.256739316097715
0.846678394182104	0.254326096145034
0.84715837059604	0.251906561311355
0.847638347009975	0.249490952388476
0.84811832342391	0.247088194743737
0.848598299837846	0.24470571409201
0.849078276251781	0.242349522503796
0.849558252665717	0.240024586732451
0.850038229079652	0.23773551408774
0.850518205493588	0.235487295930753
0.850998181907523	0.233285987213821
0.851478158321459	0.231139170669976
0.851958134735394	0.229055991378893
0.852438111149329	0.227046720353805
0.852918087563265	0.225121945214812
0.8533980639772	0.223291591290142
0.853878040391136	0.221563947360881
0.854358016805071	0.219944816301
0.854837993219007	0.21843692717287
0.855317969632942	0.217039818253887
0.855797946046877	0.215750110810306
0.856277922460813	0.214562016740253
0.856757898874748	0.21346802697955
0.857237875288684	0.212459653764934
0.857717851702619	0.211528020826524
0.858197828116555	0.210664394511188
0.85867780453049	0.209860560865561
0.859157780944426	0.209108956761033
0.859637757358361	0.208402598425294
0.860117733772296	0.207734897096844
0.860597710186232	0.207099312368814
0.861077686600167	0.206489022905438
0.861557663014103	0.205896824768316
0.862037639428038	0.205315139467059
0.862517615841974	0.204736116221583
0.862997592255909	0.204151827023826
0.863477568669844	0.20355441212191
0.86395754508378	0.202936166479917
0.864437521497715	0.202289714092545
0.864917497911651	0.201608193296596
0.865397474325586	0.200885514191914
0.865877450739521	0.200116815378652
0.866357427153457	0.199298713879846
0.866837403567392	0.198429154046164
0.867317379981328	0.197507036842287
0.867797356395263	0.19653155470617
0.868277332809199	0.195501323855932
0.868757309223134	0.194413703861688
0.86923728563707	0.193264549329333
0.869717262051005	0.19204823134185
0.87019723846494	0.190757963601087
0.870677214878876	0.189386330685082
0.871157191292811	0.18792588455219
0.871637167706747	0.186369717554431
0.872117144120682	0.184711889065195
0.872597120534618	0.182947631991275
0.873077096948553	0.181073478566771
0.873557073362488	0.179087294065007
0.874037049776424	0.176988242122292
0.874517026190359	0.174776748549925
0.874997002604295	0.17245461143723
0.87547697901823	0.17002514003051
0.875956955432166	0.167493447089662
0.876436931846101	0.16486674674821
0.876916908260037	0.162154522617981
0.877396884673972	0.159368512389868
0.877876861087907	0.156522330884935
0.878356837501843	0.153630681613997
0.878836813915778	0.15070839944616
0.879316790329714	0.147769535791655
0.879796766743649	0.144826579712501
0.880276743157585	0.141889919950435
0.88075671957152	0.138967702126951
0.881236695985455	0.136066100020824
0.881716672399391	0.133189899703714
0.882196648813326	0.130343180404409
0.882676625227262	0.127530001736983
0.883156601641197	0.124754836840675
0.883636578055133	0.122022600421786
0.884116554469068	0.119338377434228
0.884596530883003	0.116707011263029
0.885076507296939	0.114132754696592
0.885556483710874	0.111619169589411
0.88603646012481	0.109169335244737
0.886516436538745	0.106786343191599
0.886996412952681	0.104473864960461
0.887476389366616	0.102236539946786
0.887956365780551	0.100079953138524
0.888436342194487	0.0980101504428639
0.888916318608422	0.0960328523368329
0.889396295022358	0.0941525974922103
0.889876271436293	0.0923720990537699
0.890356247850229	0.0906921070212315
0.890836224264164	0.0891118621434895
0.891316200678099	0.087629845188147
0.891796177092035	0.0862445684693509
0.89227615350597	0.0849552355562165
0.892756129919906	0.0837621837348184
0.893236106333841	0.0826669165017504
0.893716082747777	0.0816719893834975
0.894196059161712	0.0807810022756335
0.894676035575648	0.0799987441186061
0.895156011989583	0.0793312583025925
0.895635988403518	0.078785895600638
0.896115964817454	0.0783710851258297
0.896595941231389	0.0780957335942586
0.897075917645325	0.0779683432841275
0.89755589405926	0.0779961261312223
0.898035870473196	0.0781842229094502
0.898515846887131	0.0785353433636118
0.898995823301066	0.0790499262328545
0.899475799715002	0.0797267094865765
0.899955776128937	0.0805633654301762
0.900435752542873	0.0815571433766646
0.900915728956808	0.0827053723699738
0.901395705370744	0.0840056645645299
0.901875681784679	0.0854557859551467
0.902355658198614	0.087053274485539
0.90283563461255	0.0887948160321262
0.903315611026485	0.0906755129354278
0.903795587440421	0.0926882042706584
0.904275563854356	0.0948230035533988
0.904755540268292	0.09706722289746
0.905235516682227	0.0994057409260439
0.905715493096163	0.101821776969662
0.906195469510098	0.104297855190067
0.906675445924033	0.106816765952161
0.907155422337969	0.109362444203185
0.907635398751904	0.11192053684541
0.90811537516584	0.114478507442612
0.908595351579775	0.117025368454297
0.90907532799371	0.11955114791713
0.909555304407646	0.122046192465662
0.910035280821581	0.124500445611695
0.910515257235517	0.126902829002877
0.910995233649452	0.12924093173101
0.911475210063388	0.131501084385276
0.911955186477323	0.133668895474634
0.912435162891259	0.135729976467831
0.912915139305194	0.137670817679421
0.913395115719129	0.139479675059438
0.913875092133065	0.141147400849382
0.914355068547	0.142668007769811
0.914835044960936	0.144039204815286
0.915315021374871	0.14526269666774
0.915794997788807	0.146344327122569
0.916274974202742	0.147293839120498
0.916754950616677	0.148124259295286
0.917234927030613	0.148850874840619
0.917714903444548	0.149490137319529
0.918194879858484	0.15005849207508
0.918674856272419	0.150571439970344
0.919154832686355	0.151042951712371
0.91963480910029	0.15148536445268
0.920114785514225	0.151909520929441
0.920594761928161	0.152325126491338
0.921074738342096	0.152741044983748
0.921554714756032	0.153165468813468
0.922034691169967	0.153605934857852
0.922514667583903	0.15406931186576
0.922994643997838	0.154561649976499
0.923474620411774	0.155088054220208
0.923954596825709	0.155652644111605
0.924434573239644	0.156258543601274
0.92491454965358	0.156907883162961
0.925394526067515	0.157601810824747
0.925874502481451	0.158340526964601
0.926354478895386	0.159123357872938
0.926834455309322	0.159948879051711
0.927314431723257	0.160815105874322
0.927794408137192	0.161719662351004
0.928274384551128	0.162332774807967
0.928754360965063	0.163199946459994
0.929234337378999	0.164279991793852
0.929714313792934	0.165527366218606
0.93019429020687	0.166897640352137
0.930674266620805	0.168350729013373
0.93115424303474	0.169852319651816
0.931634219448676	0.171374112530923
0.932114195862611	0.172893384273468
0.932594172276547	0.17439224435492
0.933074148690482	0.175856805847912
0.933554125104418	0.177276395087829
0.934034101518353	0.178642859970622
0.934514077932288	0.179950003993395
0.934994054346224	0.181193141460389
0.935474030760159	0.182368764145937
0.935954007174095	0.183474299380628
0.93643398358803	0.184507930800033
0.936913960001966	0.185468453882063
0.937393936415901	0.186355153154647
0.937873912829837	0.187167694084343
0.938353889243772	0.187906024249473
0.938833865657707	0.18857028941977
0.939313842071643	0.189160773512968
0.939793818485578	0.189677861663496
0.940273794899514	0.190122022249458
0.940753771313449	0.190493802523851
0.941233747727385	0.190793829236754
0.94171372414132	0.19102281147078
0.942193700555255	0.191181539043564
0.942673676969191	0.191270876024956
0.943153653383126	0.191291750115209
0.943633629797062	0.191245141754295
0.944113606210997	0.191132072517421
0.944593582624933	0.19095359634772
0.945073559038868	0.190710792303078
0.945553535452803	0.190404758090432
0.946033511866739	0.190036604268152
0.946513488280674	0.189607449020369
0.94699346469461	0.189118413425389
0.947473441108545	0.1885706171547
0.947953417522481	0.187965174550545
0.948433393936416	0.187303191039091
0.948913370350352	0.186585759843523
0.949393346764287	0.185813958967181
0.949873323178222	0.184988848794996
0.950353299592158	0.184111471232527
0.950833276006093	0.183182848014647
0.951313252420029	0.18220397534743
0.951793228833964	0.181175815777076
0.952273205247899	0.180099288568472
0.952753181661835	0.178975259106575
0.95323315807577	0.177804530484773
0.953713134489706	0.176587840685025
0.954193110903641	0.175325865326175
0.954673087317577	0.174019225177136
0.955153063731512	0.172668497013773
0.955633040145448	0.171274224254641
0.956113016559383	0.169836925560714
0.956592992973318	0.168357100131786
0.957072969387254	0.166835227641493
0.957552945801189	0.16527176164457
0.958032922215125	0.163667120470962
0.95851289862906	0.162021676648724
0.958992875042996	0.160335745010346
0.959472851456931	0.158609570476118
0.959952827870866	0.156843318786982
0.960432804284802	0.155037071321626
0.960912780698737	0.153190825991115
0.961392757112673	0.15130450192406
0.961872733526608	0.149377947642893
0.962352709940544	0.147410951255501
0.962832686354479	0.145403251695724
0.963312662768414	0.143354547907757
0.96379263918235	0.141264507739803
0.964272615596285	0.139132774410769
0.964752592010221	0.13695897107426
0.965232568424156	0.134742702735809
0.965712544838092	0.132483556551963
0.966192521252027	0.130181099640041
0.966672497665963	0.127834878544794
0.967152474079898	0.125444420200876
0.967632450493833	0.123009233700883
0.968112426907769	0.120528813270568
0.968592403321704	0.118002644344573
0.96907237973564	0.115430209221985
0.969552356149575	0.112810991941345
0.970032332563511	0.110144481998951
0.970512308977446	0.107430176079061
0.970992285391381	0.104667577859055
0.971472261805317	0.101856198817059
0.971952238219252	0.0989955594138809
0.972432214633188	0.0960851902647926
0.972912191047123	0.0931246332947108
0.973392167461059	0.0901134428701273
0.973872143874994	0.0870511869009784
0.974352120288929	0.0839374479054597
0.974832096702865	0.0807718240306379
0.9753120731168	0.077553930021553
0.975792049530736	0.0742833987423871
0.976272025944671	0.0709598843909963
0.976752002358607	0.0675830627063325
