0	-0.00662692189618751
0.000479976561355535	-0.00437658418779105
0.00095995312271107	-0.00214167176415011
0.0014399296840666	7.78897637667777e-05
0.00191990624542214	0.00228217555952497
0.00239988280677767	0.00447126206731802
0.00287985936813321	0.00664522744910932
0.00335983592948874	0.00880415195743253
0.00383981249084428	0.0109481182483299
0.00431978905219981	0.0130772116387881
0.00479976561355535	0.0151915203129243
0.00527974217491088	0.0172911354810736
0.00575971873626642	0.0193761514958411
0.00623969529762195	0.0214466659290934
0.00671967185897749	0.0235027796137873
0.00719964842033302	0.0255445966544538
0.00767962498168856	0.0275722244100853
0.00815960154304409	0.0295857734531013
0.00863957810439963	0.0315853575079952
0.00911955466575516	0.0335710933732001
0.0095995312271107	0.0355431008296363
0.0100795077884662	0.0375015025393345
0.0105594843498218	0.0394464239374546
0.0110394609111773	0.0413779931209466
0.0115194374725328	0.0432963410350924
0.0119994140338884	0.0452016024674802
0.0124793905952439	0.0470939155474656
0.0129593671565994	0.0489734196131789
0.013439343717955	0.0508402520157909
0.0139193202793105	0.0526945440845715
0.014399296840666	0.0545364162174537
0.0148792734020216	0.056365974589644
0.0153592499633771	0.0581833100624407
0.0158392265247327	0.0599884992251959
0.0163192030860882	0.0617816075625341
0.0167991796474437	0.0635626944004181
0.0172791562087993	0.0653318177279871
0.0177591327701548	0.0670890369529146
0.0182391093315103	0.0688344131520321
0.0187190858928659	0.0705680067051498
0.0191990624542214	0.0722898725394245
0.0196790390155769	0.0740000548340779
0.0201590155769325	0.0756985831887538
0.020638992138288	0.0773854707877256
0.0211189686996435	0.0790607147553724
0.0215989452609991	0.0807242989530081
0.0220789218223546	0.082376198784212
0.0225588983837101	0.0840163854822109
0.0230388749450657	0.0856448298355496
0.0235188515064212	0.0872615053685972
0.0239988280677767	0.088866391224827
0.0244788046291323	0.0904594730294265
0.0249587811904878	0.092040741114338
0.0254387577518434	0.093610185362124
0.0259187343131989	0.0951677866086424
0.0263987108745544	0.0967135046663778
0.02687868743591	0.0982472665770186
0.0273586639972655	0.0997689568515222
0.027838640558621	0.101278410817609
0.0283186171199766	0.102775412381858
0.0287985936813321	0.104259696261832
0.0292785702426876	0.10573095039555
0.0297585468040432	0.107188818535424
0.0302385233653987	0.108632903857942
0.0307184999267542	0.110062772626497
0.0311984764881098	0.111477957461184
0.0316784530494653	0.112877963011954
0.0321584296108208	0.114262272686475
0.0326384061721764	0.115630355154972
0.0331183827335319	0.116981669604457
0.0335983592948874	0.11831566906328
0.034078335856243	0.119631802844156
0.0345583124175985	0.120929517914742
0.0350382889789541	0.122208257446678
0.0355182655403096	0.123467456448008
0.0359982421016651	0.124706534417851
0.0364782186630207	0.125924884528272
0.0369581952243762	0.127121865052076
0.0374381717857317	0.128296795358248
0.0379181483470873	0.129448957482225
0.0383981249084428	0.130577604416707
0.0388781014697983	0.131681974561083
0.0393580780311539	0.132761306340299
0.0398380545925094	0.133814853060933
0.0403180311538649	0.134841897549655
0.0407980077152205	0.135841765272353
0.041277984276576	0.136813836610091
0.0417579608379315	0.137757565319024
0.0422379373992871	0.138672503416163
0.0427179139606426	0.139558334515228
0.0431978905219981	0.14041491991379
0.0436778670833537	0.141242353411584
0.0441578436447092	0.14204102676901
0.0446378202060648	0.142811710586193
0.0451177967674203	0.143555654679161
0.0455977733287758	0.144274710351642
0.0460777498901314	0.144971485132528
0.0465577264514869	0.145649528991595
0.0470377030128424	0.14631353806784
0.047517679574198	0.146969547220413
0.0479976561355535	0.147625062071221
0.048477632696909	0.148289049899547
0.0489576092582646	0.148971755591956
0.0494375858196201	0.149353698143418
0.0499175623809756	0.149676293543871
0.0503975389423312	0.149946159156411
0.0508775155036867	0.150171058900499
0.0513574920650422	0.150359554225988
0.0518374686263978	0.150520622569756
0.0523174451877533	0.150663346146881
0.0527974217491088	0.150796572729265
0.0532773983104644	0.150928551504214
0.0537573748718199	0.15106667428257
0.0542373514331755	0.151217362502399
0.054717327994531	0.151385978938857
0.0551973045558865	0.151576900174785
0.0556772811172421	0.151793777798704
0.0561572576785976	0.152039917812089
0.0566372342399531	0.152318552472099
0.0571172108013087	0.152633067767212
0.0575971873626642	0.152987045248308
0.0580771639240197	0.153384119895741
0.0585571404853753	0.15382771072973
0.0590371170467308	0.154320875444208
0.0595170936080863	0.154866185110403
0.0599970701694419	0.155465705083868
0.0604770467307974	0.156121087966193
0.0609570232921529	0.156833743026017
0.0614369998535085	0.157604841254893
0.061916976414864	0.158435286467133
0.0623969529762195	0.159325675151171
0.0628769295375751	0.160276218221599
0.0633569060989306	0.161286642228329
0.0638368826602862	0.162356149830847
0.0643168592216417	0.163483324332175
0.0647968357829972	0.164666048447662
0.0652768123443528	0.165901472189036
0.0657567889057083	0.167186021745482
0.0662367654670638	0.168515520711824
0.0667167420284194	0.169885452062525
0.0671967185897749	0.171291251612539
0.0676766951511304	0.172728452954449
0.068156671712486	0.174192637027369
0.0686366482738415	0.175679181608584
0.069116624835197	0.177182964492799
0.0695966013965526	0.178698075272911
0.0700765779579081	0.180217684460286
0.0705565545192636	0.181734144052747
0.0710365310806192	0.183239397346458
0.0715165076419747	0.184725506067219
0.0719964842033302	0.186185213385573
0.0724764607646858	0.187612410845158
0.0729564373260413	0.189002566672724
0.0734364138873969	0.190353068439189
0.0739163904487524	0.191663205374825
0.0743963670101079	0.192933789371351
0.0748763435714635	0.194166599890755
0.075356320132819	0.195363650699021
0.0758362966941745	0.196526435079638
0.0763162732555301	0.197655384567406
0.0767962498168856	0.198749626038217
0.0772762263782411	0.199807074055451
0.0777562029395967	0.20082485228219
0.0782361795009522	0.201799810954626
0.0787161560623077	0.202728897951031
0.0791961326236633	0.203609377367636
0.0796761091850188	0.20443891153494
0.0801560857463743	0.205215399991006
0.0806360623077299	0.205936710431397
0.0811160388690854	0.206600543031376
0.081596015430441	0.207204490973051
0.0820759919917965	0.20774624037093
0.082555968553152	0.20822397446024
0.0830359451145076	0.208636862779414
0.0835159216758631	0.208985524090372
0.0839958982372186	0.209272309874279
0.0844758747985742	0.209501398868312
0.0849558513599297	0.209678358372089
0.0854358279212852	0.209809344261763
0.0859158044826408	0.20990032494573
0.0863957810439963	0.209956460630917
0.0868757576053518	0.209981636133804
0.0873557341667074	0.209978474031613
0.0878357107280629	0.209948668989064
0.0883156872894184	0.209893452454332
0.088795663850774	0.209814146816074
0.0892756404121295	0.209712691204756
0.089755616973485	0.209591905743436
0.0902355935348406	0.209455540551513
0.0907155700961961	0.20930809893905
0.0911955466575516	0.209154422869988
0.0916755232189072	0.208999178526795
0.0921554997802627	0.208846518981028
0.0926354763416183	0.208699792803784
0.0931154529029738	0.208561392041459
0.0935954294643293	0.208432656278121
0.0940754060256849	0.208313807897773
0.0945553825870404	0.208203886995567
0.0950353591483959	0.208100769618591
0.0955153357097515	0.208001232724589
0.095995312271107	0.207901232530449
0.0964752888324625	0.207796433689236
0.0969552653938181	0.207682951745347
0.0974352419551736	0.207557974807913
0.0979152185165291	0.20742030243002
0.0983951950778847	0.207270525890441
0.0988751716392402	0.207110780471135
0.0993551482005957	0.206944110786328
0.0998351247619513	0.206773909193432
0.100315101323307	0.2066034651698
0.100795077884662	0.206435885633478
0.101275054446018	0.206274357476758
0.101755031007373	0.206122576753324
0.102235007568729	0.205984974214838
0.102714984130084	0.205866722440052
0.10319496069144	0.205773385861618
0.103674937252796	0.20571028553366
0.104154913814151	0.205681676505362
0.104634890375507	0.205690035540174
0.105114866936862	0.205735550054489
0.105594843498218	0.205815962777026
0.106074820059573	0.205926679314303
0.106554796620929	0.206061102366574
0.107034773182284	0.206211172126384
0.10751474974364	0.206368046468087
0.107994726304995	0.206522878997713
0.108474702866351	0.206667571957026
0.108954679427706	0.206795283703339
0.109434655989062	0.206900703295477
0.109914632550418	0.206980003053327
0.110394609111773	0.2070304071509
0.110874585673129	0.207049561592642
0.111354562234484	0.207035030543228
0.11183453879584	0.206984008136239
0.112314515357195	0.206893344929442
0.112794491918551	0.206759911684452
0.113274468479906	0.206581032699628
0.113754445041262	0.206354920762171
0.114234421602617	0.206081035228271
0.114714398163973	0.205760187776525
0.115194374725328	0.205394433294189
0.115674351286684	0.20498707251565
0.116154327848039	0.204542624074107
0.116634304409395	0.204066662785965
0.117114280970751	0.20356565285555
0.117594257532106	0.203046746606933
0.118074234093462	0.202517446720268
0.118554210654817	0.201985268094925
0.119034187216173	0.20145745249296
0.119514163777528	0.200940786544078
0.119994140338884	0.200441570884886
0.120474116900239	0.199965756071848
0.120954093461595	0.19951906452145
0.12143407002295	0.199107119414639
0.121914046584306	0.198735587577168
0.122394023145661	0.198410328053147
0.122873999707017	0.198137387784912
0.123353976268372	0.197922896817922
0.123833952829728	0.19777293261317
0.124313929391084	0.197693283731383
0.124793905952439	0.197689041184858
0.125273882513795	0.197764171614353
0.12575385907515	0.197921259912383
0.126233835636506	0.198161351258633
0.126713812197861	0.19848395213052
0.127193788759217	0.198887003464926
0.127673765320572	0.199366709032276
0.128153741881928	0.199917288689713
0.128633718443283	0.200530803452063
0.129113695004639	0.201197024541868
0.129593671565994	0.201903564532641
0.13007364812735	0.20263639471122
0.130553624688706	0.203380634593652
0.131033601250061	0.204121422639276
0.131513577811417	0.204844808173704
0.131993554372772	0.205538434758366
0.132473530934128	0.206191948517118
0.132953507495483	0.206797169295243
0.133433484056839	0.207348021123438
0.133913460618194	0.207840174927406
0.13439343717955	0.208270625200557
0.134873413740905	0.208637327988777
0.135353390302261	0.208938835103088
0.135833366863616	0.209173946192474
0.136313343424972	0.209341487699855
0.136793319986327	0.209440119234213
0.137273296547683	0.209468047811746
0.137753273109039	0.209422783515916
0.138233249670394	0.209301005062092
0.13871322623175	0.20909859078036
0.139193202793105	0.208810860527099
0.139673179354461	0.208433090706682
0.140153155915816	0.207961165372699
0.140633132477172	0.207392261895963
0.141113109038527	0.206725289616801
0.141593085599883	0.205961065943797
0.142073062161238	0.205102138038365
0.142553038722594	0.204152125804098
0.143033015283949	0.203114801826925
0.143512991845305	0.201993240748076
0.14399296840666	0.200789124627374
0.144472944968016	0.199502308958046
0.144952921529372	0.198130918162746
0.145432898090727	0.196671854247467
0.145912874652083	0.195121470559276
0.146392851213438	0.193476429960968
0.146872827774794	0.191734536963542
0.147352804336149	0.189895209511074
0.147832780897505	0.187959608236517
0.14831275745886	0.185930583553382
0.148792734020216	0.183812426226401
0.149272710581571	0.181610564444849
0.149752687142927	0.179331404154363
0.150232663704282	0.176982244115835
0.150712640265638	0.174571120232464
0.151192616826994	0.17210655626929
0.151672593388349	0.169597301026125
0.152152569949705	0.167052027863901
0.15263254651106	0.164479040390583
0.153112523072416	0.161886138843392
0.153592499633771	0.159280694746997
0.154072476195127	0.156669953718538
0.154552452756482	0.154061406190879
0.155032429317838	0.151463121687769
0.155512405879193	0.148883909310651
0.155992382440549	0.146333263023613
0.156472359001904	0.14382106001027
0.15695233556326	0.141357280354449
0.157432312124615	0.138951777837076
0.157912288685971	0.13661412379781
0.158392265247327	0.134353508380416
0.158872241808682	0.132178672805072
0.159352218370038	0.130097722286107
0.159832194931393	0.128117955655683
0.160312171492749	0.126245794768102
0.160792148054104	0.124486734875026
0.16127212461546	0.122845393240795
0.161752101176815	0.121325588654009
0.162232077738171	0.119930315884647
0.162712054299526	0.118661553595544
0.163192030860882	0.117519946335186
0.163672007422237	0.116504254798684
0.164151983983593	0.115610873167464
0.164631960544948	0.114833674177067
0.165111937106304	0.114164188047501
0.16559191366766	0.113592006298477
0.166071890229015	0.113105481446594
0.166551866790371	0.112692446833656
0.167031843351726	0.112340844205543
0.167511819913082	0.112039189494082
0.167991796474437	0.111776922686796
0.168471773035793	0.111544556360499
0.168951749597148	0.111333852555365
0.169431726158504	0.111137990607459
0.169911702719859	0.110951683375409
0.170391679281215	0.110771260537909
0.17087165584257	0.110594829437659
0.171351632403926	0.110422400092055
0.171831608965282	0.110255735918252
0.172311585526637	0.110098020292727
0.172791562087993	0.109953437094621
0.173271538649348	0.109826640396763
0.173751515210704	0.109722232146058
0.174231491772059	0.109644423472849
0.174711468333415	0.109596827045624
0.17519144489477	0.109582409359673
0.175671421456126	0.109603653925611
0.176151398017481	0.109662815892641
0.176631374578837	0.109762094404753
0.177111351140192	0.109903786300442
0.177591327701548	0.110090453868385
0.178071304262903	0.110324859105555
0.178551280824259	0.110609737834663
0.179031257385615	0.110947482819222
0.17951123394697	0.111339655325544
0.179991210508326	0.111786446772481
0.180471187069681	0.112286362134298
0.180951163631037	0.112835980048749
0.181431140192392	0.11342993709607
0.181911116753748	0.114061325841879
0.182391093315103	0.114722443269563
0.182871069876459	0.115405408936044
0.183351046437814	0.116102792896626
0.18383102299917	0.116808106186432
0.184310999560525	0.117515946479601
0.184790976121881	0.118221772736529
0.185270952683237	0.118921643136167
0.185750929244592	0.119611781381099
0.186230905805948	0.120288290571785
0.186710882367303	0.120947269899281
0.187190858928659	0.121585255275014
0.187670835490014	0.122199850165103
0.18815081205137	0.122790585371709
0.188630788612725	0.123359594819049
0.189110765174081	0.123911758932795
0.189590741735436	0.124454337384592
0.190070718296792	0.12499634739961
0.190550694858147	0.125547701519758
0.191030671419503	0.126118410452856
0.191510647980858	0.126718028007386
0.191990624542214	0.127355338297633
0.19247060110357	0.128038146565372
0.192950577664925	0.128773157855038
0.193430554226281	0.129565836830255
0.193910530787636	0.130420277590721
0.194390507348992	0.131339144517133
0.194870483910347	0.132323822680991
0.195350460471703	0.133374663961509
0.195830437033058	0.134491370938185
0.196310413594414	0.13567342905415
0.196790390155769	0.13692033213713
0.197270366717125	0.138231411874237
0.19775034327848	0.139605528256392
0.198230319839836	0.141040703728426
0.198710296401191	0.142533864365335
0.199190272962547	0.144080738424909
0.199670249523903	0.145676015962356
0.200150226085258	0.147313621206413
0.200630202646614	0.148987064924527
0.201110179207969	0.150689811654321
0.201590155769325	0.152415696315827
0.20207013233068	0.154159352559916
0.202550108892036	0.155916483134285
0.203030085453391	0.157683905534828
0.203510062014747	0.159459379667445
0.203990038576102	0.161241172558815
0.204470015137458	0.16302746265445
0.204949991698813	0.164815887477568
0.205429968260169	0.166603315021352
0.205909944821524	0.16838591257105
0.20638992138288	0.170159667166864
0.206869897944236	0.171921031033203
0.207349874505591	0.173667394556106
0.207829851066947	0.175397280257574
0.208309827628302	0.1771102089951
0.208789804189658	0.178806206365253
0.209269780751013	0.1804852329905
0.209749757312369	0.182146794823682
0.210229733873724	0.183789835993786
0.21070971043508	0.185412946822367
0.211189686996435	0.187014742308579
0.211669663557791	0.18859422194298
0.212149640119146	0.190151057128352
0.212629616680502	0.191685644560424
0.213109593241858	0.193198934223238
0.213589569803213	0.194692224017271
0.214069546364569	0.196166858803797
0.214549522925924	0.19762385052332
0.21502949948728	0.199063606180377
0.215509476048635	0.200485722738332
0.215989452609991	0.201888686545701
0.216469429171346	0.2032697237213
0.216949405732702	0.204624855750994
0.217429382294057	0.205949120087316
0.217909358855413	0.207236850784166
0.218389335416768	0.208482061497343
0.218869311978124	0.209678688469281
0.219349288539479	0.210820722963669
0.219829265100835	0.211902252415787
0.220309241662191	0.212917507479131
0.220789218223546	0.213860857035534
0.221269194784902	0.214726858051749
0.221749171346257	0.215510328242608
0.222229147907613	0.216206411128589
0.222709124468968	0.216810543425553
0.223189101030324	0.217318502261761
0.223669077591679	0.217726696180465
0.224149054153035	0.218032618459118
0.22462903071439	0.218235512567645
0.225109007275746	0.218336833445358
0.225588983837101	0.218340225701009
0.226068960398457	0.218250986336127
0.226548936959813	0.218075213730691
0.227028913521168	0.217818557034403
0.227508890082524	0.217485154875656
0.227988866643879	0.21707708888285
0.228468843205235	0.216594408674692
0.22894881976659	0.216035584288136
0.229428796327946	0.215398387754986
0.229908772889301	0.214680559981008
0.230388749450657	0.213880247648338
0.230868726012012	0.212996227005817
0.231348702573368	0.212027895238925
0.231828679134723	0.210974938723648
0.232308655696079	0.209837270696058
0.232788632257434	0.208615124524252
0.23326860881879	0.207309182045703
0.233748585380146	0.205920757327687
0.234228561941501	0.204452119938767
0.234708538502857	0.202906662155442
0.235188515064212	0.2012889203972
0.235668491625568	0.19960450271479
0.236148468186923	0.19785980164601
0.236628444748279	0.196061522206538
0.237108421309634	0.194216313517116
0.23758839787099	0.192330539432556
0.238068374432345	0.190410211785625
0.238548350993701	0.188461125188016
0.239028327555056	0.186489174850742
0.239508304116412	0.184500756938593
0.239988280677768	0.182503159927355
0.240468257239123	0.180504748177702
0.240948233800479	0.178514766730395
0.241428210361834	0.176542829702229
0.24190818692319	0.174598239746556
0.242388163484545	0.172689269906679
0.242868140045901	0.170822614633231
0.243348116607256	0.169003221323424
0.243828093168612	0.167234426366477
0.244308069729967	0.16551837922546
0.244788046291323	0.163856632579309
0.245268022852678	0.162250619422187
0.245747999414034	0.160701925171046
0.246227975975389	0.159212417443918
0.246707952536745	0.157784184441524
0.247187929098101	0.156419344955322
0.247667905659456	0.155120006490887
0.248147882220812	0.153888361664999
0.248627858782167	0.152726642732861
0.249107835343523	0.151636979799284
0.249587811904878	0.150621220115882
0.250067788466234	0.14968060449919
0.250547765027589	0.14881525145885
0.251027741588945	0.148023761853795
0.2515077181503	0.147302985183637
0.251987694711656	0.146647848983108
0.252467671273011	0.146051348580666
0.252947647834367	0.145504787042437
0.253427624395722	0.144998143272015
0.253907600957078	0.144520535372893
0.254387577518434	0.144060827066158
0.254867554079789	0.143608275663713
0.255347530641145	0.143153101363258
0.2558275072025	0.142686979425346
0.256307483763856	0.142203359754159
0.256787460325211	0.141697485090243
0.257267436886567	0.141166210316808
0.257747413447922	0.1406078793036
0.258227390009278	0.140022350092685
0.258707366570633	0.139411105745207
0.259187343131989	0.138777567127411
0.259667319693344	0.138127351702484
0.2601472962547	0.137468438260472
0.260627272816056	0.136811096323041
0.261107249377411	0.13616753816065
0.261587225938767	0.13555108763379
0.262067202500122	0.134975171070998
0.262547179061478	0.134452322592384
0.263027155622833	0.133993307436508
0.263507132184189	0.133606472925236
0.263987108745544	0.133297632631838
0.2644670853069	0.133070336988681
0.264947061868255	0.132926278893833
0.265427038429611	0.13286568132436
0.265907014990966	0.132887547421386
0.266386991552322	0.132989619821068
0.266866968113677	0.133168269347353
0.267346944675033	0.13341844856686
0.267826921236389	0.133733774127809
0.268306897797744	0.134106940433418
0.2687868743591	0.134530577021636
0.269266850920455	0.134998089036955
0.269746827481811	0.135504097017555
0.270226804043166	0.136044536080785
0.270706780604522	0.136616440798861
0.271186757165877	0.137217383544023
0.271666733727233	0.137844886959684
0.272146710288588	0.138496181105578
0.272626686849944	0.139168250658774
0.273106663411299	0.139858082091802
0.273586639972655	0.140563043267358
0.27406661653401	0.141281115772844
0.274546593095366	0.142010963483923
0.275026569656722	0.142751981797913
0.275506546218077	0.143504271572911
0.275986522779433	0.14426848287185
0.276466499340788	0.14504585768185
0.276946475902144	0.145838379461846
0.277426452463499	0.146648754522803
0.277906429024855	0.147480342815088
0.27838640558621	0.148337085869861
0.278866382147566	0.149223226629083
0.279346358708921	0.150142912663635
0.279826335270277	0.151099840480606
0.280306311831632	0.152096837678627
0.280786288392988	0.153135468389509
0.281266264954343	0.154215973059886
0.281746241515699	0.155337392899768
0.282226218077055	0.156497767518284
0.28270619463841	0.157694488046787
0.283186171199766	0.15892466720352
0.283666147761121	0.16018524488269
0.284146124322477	0.161472944530542
0.284626100883832	0.162784171925495
0.285106077445188	0.164114867762207
0.285586054006543	0.165460459762159
0.286066030567899	0.16681606264749
0.286546007129254	0.168176870970399
0.28702598369061	0.169538523631697
0.287505960251965	0.170897155161676
0.287985936813321	0.172249124135258
0.288465913374677	0.173590474243502
0.288945889936032	0.174916268639558
0.289425866497388	0.176220066693784
0.289905843058743	0.177493858439346
0.290385819620099	0.178728409683827
0.290865796181454	0.17991387568406
0.29134577274281	0.181040499211177
0.291825749304165	0.182099084121207
0.292305725865521	0.183081073514997
0.292785702426876	0.183978419983735
0.293265678988232	0.184783398765326
0.293745655549587	0.18548850732039
0.294225632110943	0.186086771417556
0.294705608672299	0.186572473457639
0.295185585233654	0.186941971691618
0.29566556179501	0.187194380168934
0.296145538356365	0.187331856644668
0.296625514917721	0.187359492193894
0.297105491479076	0.187284849215409
0.297585468040432	0.187117299560892
0.298065444601787	0.186867336665554
0.298545421163143	0.186546003547725
0.299025397724498	0.18616448883939
0.299505374285854	0.185733848231696
0.299985350847209	0.185264934621548
0.300465327408565	0.18476840320821
0.30094530396992	0.184254763310229
0.301425280531276	0.183734417000214
0.301905257092631	0.183217580280122
0.302385233653987	0.182713942772454
0.302865210215343	0.182232204187661
0.303345186776698	0.181779562501219
0.303825163338054	0.18136130396508
0.304305139899409	0.180980737604219
0.304785116460765	0.180639564835358
0.30526509302212	0.180338568302467
0.305745069583476	0.180078502507233
0.306225046144831	0.179860785457721
0.306705022706187	0.179687804793922
0.307184999267542	0.179562764726812
0.307664975828898	0.179489203024075
0.308144952390253	0.179470346431097
0.308624928951609	0.179508599672996
0.309104905512965	0.17960530575305
0.30958488207432	0.179760832835764
0.310064858635676	0.179974897535749
0.310544835197031	0.180246911767758
0.311024811758387	0.180576242086503
0.311504788319742	0.180962440779655
0.311984764881098	0.181405333695704
0.312464741442453	0.181904823615296
0.312944718003809	0.182460576398295
0.313424694565164	0.183071713062936
0.31390467112652	0.183736449620303
0.314384647687875	0.184451806216189
0.314864624249231	0.185213459790952
0.315344600810586	0.186015805504188
0.315824577371942	0.186852163515809
0.316304553933298	0.187715106121177
0.316784530494653	0.188596767702303
0.317264507056009	0.189489155344083
0.317744483617364	0.19038436994979
0.31822446017872	0.191274843505399
0.318704436740075	0.192153550317597
0.319184413301431	0.193014178945947
0.319664389862786	0.19385112882183
0.320144366424142	0.194659424018375
0.320624342985497	0.195434454487739
0.321104319546853	0.196171691647668
0.321584296108208	0.196866480376748
0.322064272669564	0.197514072807113
0.32254424923092	0.198109917422514
0.323024225792275	0.198650017328799
0.323504202353631	0.199131156261336
0.323984178914986	0.199550982428688
0.324464155476342	0.199907985225606
0.324944132037697	0.200201274700604
0.325424108599053	0.200430421810115
0.325904085160408	0.200595498646074
0.326384061721764	0.200697159465523
0.326864038283119	0.200736780504438
0.327344014844475	0.200716774192333
0.32782399140583	0.200640640961213
0.328303967967186	0.200512793717032
0.328783944528541	0.200338415599676
0.329263921089897	0.200123325916684
0.329743897651253	0.199873648859164
0.330223874212608	0.199595695128049
0.330703850773964	0.199295965972306
0.331183827335319	0.198981133998055
0.331663803896675	0.198658105511057
0.33214378045803	0.198334070565978
0.332623757019386	0.198016296344889
0.333103733580741	0.197711769787954
0.333583710142097	0.197426877593288
0.334063686703452	0.19716696984583
0.334543663264808	0.196936011035936
0.335023639826163	0.196736570396658
0.335503616387519	0.196570085250026
0.335983592948874	0.196437290265741
0.33646356951023	0.196338779749455
0.336943546071586	0.196275439262374
0.337423522632941	0.196248703512635
0.337903499194297	0.196260740384594
0.338383475755652	0.196314479905329
0.338863452317008	0.196413361661354
0.339343428878363	0.19656110299128
0.339823405439719	0.196761441619533
0.340303382001074	0.197017636111429
0.34078335856243	0.19733184959245
0.341263335123785	0.197704729838956
0.341743311685141	0.198135110481687
0.342223288246496	0.198619931294934
0.342703264807852	0.19915449848151
0.343183241369208	0.199732937335427
0.343663217930563	0.200348682390393
0.344143194491919	0.20099504477575
0.344623171053274	0.201665682826197
0.34510314761463	0.202354871255712
0.345583124175985	0.203057772474905
0.346063100737341	0.203770718807842
0.346543077298696	0.204491159729527
0.347023053860052	0.205217424761615
0.347503030421407	0.205948467851784
0.347983006982763	0.206683615919151
0.348462983544118	0.207422215565749
0.348942960105474	0.208163410144616
0.349422936666829	0.208906006764288
0.349902913228185	0.209648314747052
0.350382889789541	0.210387879922534
0.350862866350896	0.211121214703673
0.351342842912252	0.211843531944586
0.351822819473607	0.212548557922546
0.352302796034963	0.213228583337336
0.352782772596318	0.213874797175281
0.353262749157674	0.214477799693468
0.353742725719029	0.215028216579978
0.354222702280385	0.215517295533599
0.35470267884174	0.21593730354447
0.355182655403096	0.216281638363595
0.355662631964451	0.216544812645649
0.356142608525807	0.216722445751365
0.356622585087162	0.216811245834121
0.357102561648518	0.216809117614392
0.357582538209874	0.216715308584898
0.358062514771229	0.216530564451729
0.358542491332585	0.216257261670324
0.35902246789394	0.215899533073074
0.359502444455296	0.215463162710282
0.359982421016651	0.214955299247285
0.360462397578007	0.214384054172322
0.360942374139362	0.213757983353938
0.361422350700718	0.213085565644114
0.361902327262073	0.212374913786622
0.362382303823429	0.211633786944726
0.362862280384784	0.210869765313271
0.36334225694614	0.210090539120523
0.363822233507496	0.20930412697998
0.364302210068851	0.208518848685746
0.364782186630207	0.2077430639394
0.365262163191562	0.206984789721112
0.365742139752918	0.206251260950145
0.366222116314273	0.205548696594371
0.366702092875629	0.204882367197294
0.367182069436984	0.204256832670743
0.36766204599834	0.203676129164112
0.368142022559695	0.203143931435997
0.368621999121051	0.202663511160635
0.369101975682406	0.202237397784306
0.369581952243762	0.201866878364548
0.370061928805117	0.20155163036292
0.370541905366473	0.201289576922294
0.371021881927829	0.201077036265714
0.371501858489184	0.200909138676013
0.37198183505054	0.200780376032031
0.372461811611895	0.200685245155183
0.372941788173251	0.20061892641639
0.373421764734606	0.200577698518735
0.373901741295962	0.200559068393153
0.374381717857317	0.200561734210213
0.374861694418673	0.200585342430037
0.375341670980028	0.200630004156859
0.375821647541384	0.200695843986195
0.376301624102739	0.20078271174926
0.376781600664095	0.200890029875304
0.377261577225451	0.201016821859446
0.377741553786806	0.201161827234385
0.378221530348162	0.20132355412531
0.378701506909517	0.20150026461252
0.379181483470873	0.201689879177994
0.379661460032228	0.201889735295196
0.380141436593584	0.202096312227227
0.380621413154939	0.202305093009939
0.381101389716295	0.202510550410229
0.38158136627765	0.202706255884062
0.382061342839006	0.202885110703207
0.382541319400361	0.203039590322563
0.383021295961717	0.203161994960694
0.383501272523072	0.203244717459322
0.383981249084428	0.203280529525648
0.384461225645783	0.203262949981796
0.384941202207139	0.203186759395563
0.385421178768495	0.203048378873989
0.38590115532985	0.202846036269111
0.386381131891206	0.202579762960982
0.386861108452561	0.202251008767636
0.387341085013917	0.20186184954666
0.387821061575272	0.201414166678056
0.388301038136628	0.200909057379587
0.388781014697983	0.200346497649667
0.389260991259339	0.199725410142541
0.389740967820694	0.199044015688768
0.39022094438205	0.198300182512461
0.390700920943405	0.197491695880549
0.391180897504761	0.196616409216109
0.391660874066117	0.195672105249835
0.392140850627472	0.194656278434551
0.392620827188828	0.19356615141673
0.393100803750183	0.192398906142792
0.393580780311539	0.191152038297539
0.394060756872894	0.189823789317509
0.39454073343425	0.188413526122866
0.395020709995605	0.186921948031607
0.395500686556961	0.185351038439919
0.395980663118316	0.183703851052835
0.396460639679672	0.181984244412438
0.396940616241027	0.180196677278246
0.397420592802383	0.178346098467262
0.397900569363739	0.176437841580106
0.398380545925094	0.174477511061641
0.39886052248645	0.172470953829058
0.399340499047805	0.170424319807621
0.399820475609161	0.168344099695918
0.400300452170516	0.166237118902686
0.400780428731872	0.16411045212147
0.401260405293227	0.16197118819406
0.401740381854583	0.159826100925239
0.402220358415938	0.157681315265554
0.402700334977294	0.155542003259503
0.403180311538649	0.153412257873772
0.403660288100005	0.151295357425523
0.40414026466136	0.149194068573608
0.404620241222716	0.147110839359027
0.405100217784072	0.145047896283896
0.405580194345427	0.14300715459836
0.406060170906783	0.140989846355556
0.406540147468138	0.13899618391623
0.407020124029494	0.137025202962593
0.407500100590849	0.135074859897963
0.407980077152205	0.133142367914086
0.40846005371356	0.131224693011086
0.408940030274916	0.129318953280202
0.409420006836271	0.127422754167456
0.409899983397627	0.125534472572345
0.410379959958982	0.123653347091171
0.410859936520338	0.121779402060848
0.411339913081693	0.119913343286453
0.411819889643049	0.118056297166068
0.412299866204405	0.116209455284737
0.41277984276576	0.114373595672761
0.413259819327116	0.112548537415331
0.413739795888471	0.110732731537655
0.414219772449827	0.108923158381751
0.414699749011182	0.107115494007094
0.415179725572538	0.10530466211597
0.415659702133893	0.103485622524418
0.416139678695249	0.101654166803887
0.416619655256604	0.0998076207377707
0.41709963181796	0.0979453487295253
0.417579608379315	0.0960687878866444
0.418059584940671	0.0941811907608975
0.418539561502027	0.0922871909516636
0.419019538063382	0.0903923141304884
0.419499514624738	0.0885025048380098
0.419979491186093	0.0866239164192404
0.420459467747449	0.084762849333136
0.420939444308804	0.0829257101044179
0.42141942087016	0.0811188982091443
0.421899397431515	0.0793485632269418
0.422379373992871	0.0776202762885912
0.422859350554226	0.0759387308746543
0.423339327115582	0.0743076239426798
0.423819303676937	0.07272983252309
0.424299280238293	0.0712077467854539
0.424779256799648	0.0697436769789972
0.425259233361004	0.0683402594421502
0.42573920992236	0.0670006370647293
0.426219186483715	0.0657283259479726
0.426699163045071	0.0645269731455174
0.427179139606426	0.0634001083467176
0.427659116167782	0.0623509086699509
0.428139092729137	0.0613822115241425
0.428619069290493	0.0604967169617602
0.429099045851848	0.0596972549894157
0.429579022413204	0.0589872079742411
0.430058998974559	0.0583708963571095
0.430538975535915	0.0578536040517947
0.43101895209727	0.057441220986399
0.431498928658626	0.0571396537385941
0.431978905219982	0.0569539869858835
0.432458881781337	0.0568875412350238
0.432938858342693	0.0569410972443162
0.433418834904048	0.0571124458346025
0.433898811465404	0.0573963719605199
0.434378788026759	0.0577850872866729
0.434858764588115	0.05826893235795
0.43533874114947	0.0588372314304877
0.435818717710826	0.0594792975084465
0.436298694272181	0.0601853957423632
0.436778670833537	0.0609473362503945
0.437258647394892	0.0617586065306654
0.437738623956248	0.0626141244089035
0.438218600517603	0.0635095333503276
0.438698577078959	0.0644401740269637
0.439178553640314	0.0654000827807946
0.43965853020167	0.0663814279357029
0.440138506763026	0.0673745521734008
0.440618483324381	0.0683686182713436
0.441098459885737	0.0693526353459363
0.441578436447092	0.0703165343062176
0.442058413008448	0.071252070628735
0.442538389569803	0.0721534404164383
0.443018366131159	0.0730175102456283
0.443498342692514	0.0738438429680172
0.44397831925387	0.0746346556803468
0.444458295815225	0.0753946627263402
0.444938272376581	0.0761307764957093
0.445418248937936	0.0768517224942084
0.445898225499292	0.0775675257479819
0.446378202060648	0.0782890160610302
0.446858178622003	0.0790274479605902
0.447338155183359	0.0797941681986888
0.447818131744714	0.0806003572923783
0.44829810830607	0.081456864257564
0.448778084867425	0.0823739874070546
0.449258061428781	0.083361224505768
0.449738037990136	0.0844270445440735
0.450218014551492	0.0855786729095371
0.450697991112847	0.086821901414673
0.451177967674203	0.0881610326811261
0.451657944235558	0.0895988788917031
0.452137920796914	0.0911367816870773
0.45261789735827	0.0927746719238996
0.453097873919625	0.0945111376537002
0.453577850480981	0.0963435002385327
0.454057827042336	0.0982678979077995
0.454537803603692	0.100279345423101
0.455017780165047	0.102371767974297
0.455497756726403	0.104538009866233
0.455977733287758	0.106769791322748
0.456457709849114	0.109057733245512
0.456937686410469	0.111391564892641
0.457417662971825	0.113760465661817
0.45789763953318	0.116153504510839
0.458377616094536	0.118560155474709
0.458857592655891	0.120970644544408
0.459337569217247	0.123376115722654
0.459817545778603	0.125768633654692
0.460297522339958	0.12814101432549
0.460777498901314	0.130486509376587
0.461257475462669	0.132798626212095
0.461737452024025	0.135070884031711
0.46221742858538	0.137296529834947
0.462697405146736	0.139468335554299
0.463177381708091	0.141578523622899
0.463657358269447	0.143618728858684
0.464137334830802	0.145580291444945
0.464617311392158	0.147454765593047
0.465097287953513	0.149234515210507
0.465577264514869	0.15091338058103
0.466057241076224	0.152487348229717
0.46653721763758	0.153954740628045
0.467017194198936	0.155316006332706
0.467497170760291	0.156573101833122
0.467977147321647	0.157728515240412
0.468457123883002	0.158784210261749
0.468937100444358	0.159741022013906
0.469417077005713	0.160598268706057
0.469897053567069	0.161353710861537
0.470377030128424	0.162003893733723
0.47085700668978	0.16254466310125
0.471336983251135	0.162971607137073
0.471816959812491	0.16328064798719
0.472296936373846	0.163468532826098
0.472776912935202	0.163533065953761
0.473256889496557	0.163473212025514
0.473736866057913	0.163289074395695
0.474216842619269	0.162981586207959
0.474696819180624	0.162552191065156
0.47517679574198	0.162002626303896
0.475656772303335	0.16133476632376
0.476136748864691	0.160550661378922
0.476616725426046	0.159652924208719
0.477096701987402	0.158645191039615
0.477576678548757	0.157532487282826
0.478056655110113	0.1563214662268
0.478536631671468	0.15502039112708
0.479016608232824	0.153638910389857
0.479496584794179	0.152187765162926
0.479976561355535	0.150678500438769
0.480456537916891	0.149123165183538
0.480936514478246	0.147534102623948
0.481416491039602	0.145923786009619
0.481896467600957	0.144304684203432
0.482376444162313	0.142689160704818
0.482856420723668	0.141089408422535
0.483336397285024	0.139517420094239
0.483816373846379	0.137985034146556
0.484296350407735	0.136504126926975
0.48477632696909	0.135086744423272
0.485256303530446	0.13374513158744
0.485736280091801	0.132491536656925
0.486216256653157	0.131337741329791
0.486696233214512	0.130294311724898
0.487176209775868	0.1293698523845
0.487656186337224	0.128570379210367
0.488136162898579	0.127899013452843
0.488616139459935	0.12735610763729
0.48909611602129	0.126939790574177
0.489576092582646	0.126646666413953
0.490056069144001	0.126472479940206
0.490536045705357	0.126412553059535
0.491016022266712	0.126461947054382
0.491495998828068	0.126615357939851
0.491975975389423	0.126866954485815
0.492455951950779	0.127210280469788
0.492935928512134	0.127638339691577
0.49341590507349	0.128143819452154
0.493895881634845	0.12871940430956
0.494375858196201	0.129358121005442
0.494855834757557	0.130053598893069
0.495335811318912	0.130800301047578
0.495815787880268	0.131593619605212
0.496295764441623	0.132429797710221
0.496775741002979	0.133305715732758
0.497255717564334	0.134218648252563
0.49773569412569	0.135165936668298
0.498215670687045	0.136144693140917
0.498695647248401	0.137151592057809
0.499175623809756	0.138182773838049
0.499655600371112	0.139233889196602
0.500135576932467	0.140300276891725
0.500615553493823	0.141377148718972
0.501095530055178	0.1424597902495
0.501575506616534	0.143543794403173
0.50205548317789	0.14462517867656
0.502535459739245	0.145700349294666
0.503015436300601	0.146766013701501
0.503495412861956	0.147819016605679
0.503975389423312	0.148856068194848
0.504455365984667	0.149873497481905
0.504935342546023	0.150867087846947
0.505415319107378	0.151832061725865
0.505895295668734	0.152763282428631
0.506375272230089	0.153655452443014
0.506855248791445	0.15450319719957
0.507335225352801	0.155301100697371
0.507815201914156	0.156043697989305
0.508295178475512	0.156725431649599
0.508775155036867	0.157340885871616
0.509255131598223	0.157885246392719
0.509735108159578	0.15835482645617
0.510215084720934	0.158747568458977
0.510695061282289	0.159063187358425
0.511175037843645	0.159302683091533
0.511655014405	0.159467567433104
0.512134990966356	0.15955903442308
0.512614967527711	0.159577231285768
0.513094944089067	0.159521017049545
0.513574920650422	0.159388457133567
0.514054897211778	0.159177727846972
0.514534873773133	0.158888165373623
0.515014850334489	0.158521137885014
0.515494826895845	0.158080442726081
0.5159748034572	0.157572189578896
0.516454780018556	0.15700425167463
0.516934756579911	0.156385435902409
0.517414733141267	0.155724646424092
0.517894709702622	0.155030305298166
0.518374686263978	0.154310077981081
0.518854662825333	0.153570879493126
0.519334639386689	0.152819036264589
0.519814615948044	0.152060531331646
0.5202945925094	0.151301211826267
0.520774569070755	0.150546596006784
0.521254545632111	0.149801332860393
0.521734522193466	0.1490685562757
0.522214498754822	0.148349266353951
0.522694475316178	0.147641858994275
0.523174451877533	0.146942117799585
0.523654428438889	0.146243627584778
0.524134405000244	0.145538502563905
0.5246143815616	0.144818289583828
0.525094358122955	0.144074794934606
0.525574334684311	0.143300626826949
0.526054311245666	0.142489492873404
0.526534287807022	0.141636251103072
0.527014264368377	0.140736663293378
0.527494240929733	0.139787069207043
0.527974217491088	0.138784144851987
0.528454194052444	0.137724711050612
0.5289341706138	0.136605587864054
0.529414147175155	0.135423628528714
0.529894123736511	0.13417597551189
0.530374100297866	0.132860478535546
0.530854076859222	0.131476109755976
0.531334053420577	0.13002334137652
0.531814029981933	0.128504359458583
0.532294006543288	0.12692307396667
0.532773983104644	0.125284935895876
0.533253959665999	0.123596751105877
0.533733936227355	0.121866601525175
0.53421391278871	0.120104102519332
0.534693889350066	0.11832080715774
0.535173865911421	0.116530419951632
0.535653842472777	0.114748704927016
0.536133819034132	0.112993026503657
0.536613795595488	0.11128141068274
0.537093772156844	0.109631331359635
0.537573748718199	0.108058591339635
0.538053725279555	0.106576556726659
0.53853370184091	0.105195857927319
0.539013678402266	0.103924585773429
0.539493654963621	0.10276870565901
0.539973631524977	0.101732549774014
0.540453608086332	0.100819344041098
0.540933584647688	0.100031627243839
0.541413561209043	0.0993714615965709
0.541893537770399	0.0988405933729766
0.542373514331755	0.0984406087891708
0.54285349089311	0.0981730417479301
0.543333467454466	0.0980394085181069
0.543813444015821	0.0980411499335641
0.544293420577177	0.0981795134154518
0.544773397138532	0.0984554864973586
0.545253373699888	0.0988697449115242
0.545733350261243	0.0994226008544457
0.546213326822599	0.100113962634487
0.546693303383954	0.100943302987977
0.54717327994531	0.101909634555831
0.547653256506665	0.103011492598744
0.548133233068021	0.104246925136726
0.548613209629376	0.105613490806966
0.549093186190732	0.107108264842827
0.549573162752087	0.108727853686523
0.550053139313443	0.110468418858853
0.550533115874799	0.112325710821493
0.551013092436154	0.114295128972685
0.55149306899751	0.116371856309192
0.551973045558865	0.118550987696476
0.552453022120221	0.120827530257464
0.552932998681576	0.123196181709368
0.553412975242932	0.12565092633795
0.553892951804287	0.128184484275561
0.554372928365643	0.130787774141977
0.554852904926998	0.133449585644947
0.555332881488354	0.136156612905917
0.555812858049709	0.138893872344732
0.556292834611065	0.141645344582182
0.556772811172421	0.144394643883314
0.557252787733776	0.147125561951152
0.557732764295132	0.149822408577188
0.558212740856487	0.152470145733083
0.558692717417843	0.155054471701693
0.559172693979198	0.157562061112149
0.559652670540554	0.15998081730327
0.560132647101909	0.16230008703354
0.560612623663265	0.164510760858165
0.56109260022462	0.166605117196588
0.561572576785976	0.168576416959785
0.562052553347332	0.170418431953764
0.562532529908687	0.172125047484648
0.563012506470043	0.173690059563196
0.563492483031398	0.175107385712381
0.563972459592754	0.176371551610249
0.564452436154109	0.177478170876866
0.564932412715465	0.178424407957197
0.56541238927682	0.179209254112217
0.565892365838176	0.179833469149502
0.566372342399531	0.180299281226633
0.566852318960887	0.180610186848593
0.567332295522242	0.180770681282763
0.567812272083598	0.180786016282736
0.568292248644953	0.180662082168095
0.568772225206309	0.180405365666312
0.569252201767664	0.180022765719876
0.56973217832902	0.179521521751701
0.570212154890376	0.178908953132288
0.570692131451731	0.178191942124988
0.571172108013087	0.177376392876848
0.571652084574442	0.17646689073133
0.572132061135798	0.175466282188307
0.572612037697153	0.174375571885841
0.573092014258509	0.17319425523931
0.573571990819864	0.171920919501052
0.57405196738122	0.170553735742303
0.574531943942575	0.169091051250445
0.575011920503931	0.167531753610536
0.575491897065286	0.165875336348209
0.575971873626642	0.164121715328132
0.576451850187997	0.162271098792989
0.576931826749353	0.160323880592786
0.577411803310709	0.158280784910267
0.577891779872064	0.156143225778555
0.57837175643342	0.15391376247753
0.578851732994775	0.151596287729379
0.579331709556131	0.14919588915782
0.579811686117486	0.146718455470056
0.580291662678842	0.14417008548031
0.580771639240197	0.14155638113653
0.581251615801553	0.138882103817031
0.581731592362908	0.136151251856548
0.582211568924264	0.133367487739544
0.582691545485619	0.130534849293109
0.583171522046975	0.127658648105658
0.583651498608331	0.124746121183376
0.584131475169686	0.121806736477238
0.584611451731042	0.118852205227038
0.585091428292397	0.115896081119809
0.585571404853753	0.112953006554379
0.586051381415108	0.11003805278343
0.586531357976464	0.107166152269103
0.587011334537819	0.10435161009784
0.587491311099175	0.101607906587705
0.58797128766053	0.0989477084236853
0.588451264221886	0.0963829379185287
0.588931240783241	0.0939249227317276
0.589411217344597	0.0915844553052979
0.589891193905952	0.089371587827736
0.590371170467308	0.0872953371671065
0.590851147028663	0.0853634334137362
0.591331123590019	0.0835821018920895
0.591811100151375	0.0819560794572183
0.59229107671273	0.0804889546918226
0.592771053274086	0.0791836100340644
0.593251029835441	0.0780427087230799
0.593731006396797	0.0770691628211009
0.594210982958152	0.0762663027622518
0.594690959519508	0.0756377893801181
0.595170936080863	0.0751873247064264
0.595650912642219	0.0749180881612099
0.596130889203574	0.0748320820341852
0.59661086576493	0.0749296466791359
0.597090842326286	0.0752091272900499
0.597570818887641	0.0756667822262051
0.598050795448997	0.076297055105203
0.598530772010352	0.0770931509946914
0.599010748571708	0.0780476390469237
0.599490725133063	0.0791530463501658
0.599970701694419	0.080402193150181
0.600450678255774	0.0817881807111688
0.60093065481713	0.0833041417936738
0.601410631378485	0.0849430040443842
0.601890607939841	0.0866972621068147
0.602370584501196	0.0885589892019971
0.602850561062552	0.0905201536950173
0.603330537623907	0.0925731391805923
0.603810514185263	0.0947113793761349
0.604290490746618	0.0969298796155193
0.604770467307974	0.0992254729742919
0.60525044386933	0.101596749738737
0.605730420430685	0.104043598935901
0.606210396992041	0.106566366285591
0.606690373553396	0.109164973500795
0.607170350114752	0.111838173306949
0.607650326676107	0.114583134250342
0.608130303237463	0.117395465550209
0.608610279798818	0.120269633724696
0.609090256360174	0.123199432380297
0.609570232921529	0.126178503241392
0.610050209482885	0.129200675987483
0.61053018604424	0.132260021951448
0.611010162605596	0.13535072027681
0.611490139166952	0.138467076684741
0.611970115728307	0.141603550721967
0.612450092289663	0.144754825071751
0.612930068851018	0.147915895293029
0.613410045412374	0.151082140499306
0.613890021973729	0.154249184622547
0.614369998535085	0.157412657216384
0.61484997509644	0.160567933940269
0.615329951657796	0.163709974463157
0.615809928219151	0.166833343603938
0.616289904780507	0.169932397757514
0.616769881341863	0.173001439926673
0.617249857903218	0.176034823902033
0.617729834464574	0.179027161946062
0.618209811025929	0.181973577901751
0.618689787587285	0.18486974894764
0.61916976414864	0.187711888851237
0.619649740709996	0.190496710696344
0.620129717271351	0.19322121615691
0.620609693832707	0.195882328749513
0.621089670394062	0.19847661703165
0.621569646955418	0.201000145266214
0.622049623516773	0.20344855345969
0.622529600078129	0.205817414478206
0.623009576639484	0.208102718990569
0.62348955320084	0.21030139713747
0.623969529762195	0.212411800578945
0.624449506323551	0.214434020482306
0.624929482884907	0.216369863357363
0.625409459446262	0.218222648866398
0.625889436007618	0.219996812063869
0.626369412568973	0.221697272246611
0.626849389130329	0.223328623549174
0.627329365691684	0.224894347294499
0.62780934225304	0.226396084882695
0.628289318814395	0.227833252662033
0.628769295375751	0.22920310874765
0.629249271937106	0.230501153083659
0.629729248498462	0.231721702215045
0.630209225059817	0.232858593838132
0.630689201621173	0.233905716251836
0.631169178182528	0.234857322501277
0.631649154743884	0.235708254501156
0.63212913130524	0.236454164808652
0.632609107866595	0.237091589124842
0.633089084427951	0.237617971234448
0.633569060989306	0.238031690887885
0.634049037550662	0.238331951611239
0.634529014112017	0.238518591490145
0.635008990673373	0.23859194014717
0.635488967234728	0.238552775371993
0.635968943796084	0.238402174791799
0.636448920357439	0.238141387873009
0.636928896918795	0.237771713353511
0.63740887348015	0.237294216132882
0.637888850041506	0.236709338050156
0.638368826602862	0.236016736290996
0.638848803164217	0.235215369558666
0.639328779725573	0.234303785648648
0.639808756286928	0.233280690298492
0.640288732848284	0.23214566207709
0.640768709409639	0.230899704685591
0.641248685970995	0.229545646739797
0.64172866253235	0.228088226952981
0.642208639093706	0.226533832817504
0.642688615655061	0.224890085141724
0.643168592216417	0.223165457709329
0.643648568777772	0.221368851201234
0.644128545339128	0.219509238390379
0.644608521900483	0.217595486436208
0.645088498461839	0.215636306677637
0.645568475023194	0.213640330518277
0.64604845158455	0.211616272332794
0.646528428145906	0.209572952446947
0.647008404707261	0.207519226704704
0.647488381268617	0.205463869040506
0.647968357829972	0.203415394839498
0.648448334391328	0.201381861891808
0.648928310952683	0.19937086030506
0.649408287514039	0.197389662710358
0.649888264075394	0.195445543166057
0.65036824063675	0.193546183470369
0.650848217198105	0.191699978038352
0.651328193759461	0.189916120947658
0.651808170320817	0.188204399480612
0.652288146882172	0.186574672042837
0.652768123443528	0.185036157701121
0.653248100004883	0.183596787384768
0.653728076566239	0.182262840700986
0.654208053127594	0.18103889009568
0.65468802968895	0.17992802185311
0.655168006250305	0.178932175385049
0.655647982811661	0.178052436240119
0.656127959373016	0.177289194191403
0.656607935934372	0.176642123283048
0.657087912495727	0.17611003220782
0.657567889057083	0.175690734486987
0.658047865618438	0.175381055182517
0.658527842179794	0.175176964823105
0.659007818741149	0.175073811159798
0.659487795302505	0.175066637498884
0.659967771863861	0.175150459547124
0.660447748425216	0.175320339659605
0.660927724986572	0.175571142898386
0.661407701547927	0.175897130418549
0.661887678109283	0.176291420608075
0.662367654670638	0.176745469678079
0.662847631231994	0.177248758883532
0.663327607793349	0.177788860812837
0.663807584354705	0.178351897252617
0.66428756091606	0.17892333175238
0.664767537477416	0.179488895030398
0.665247514038771	0.180035437734421
0.665727490600127	0.180551558194341
0.666207467161483	0.181028028627927
0.666687443722838	0.181458086866379
0.667167420284194	0.181837533360281
0.667647396845549	0.182164781271742
0.668127373406905	0.182440739312642
0.66860734996826	0.182668401590348
0.669087326529616	0.182852096332713
0.669567303090971	0.182996639326571
0.670047279652327	0.183106445310422
0.670527256213682	0.183184895773275
0.671007232775038	0.183234161852325
0.671487209336393	0.183255582643765
0.671967185897749	0.183250174820053
0.672447162459104	0.183219192538106
0.67292713902046	0.183164469014558
0.673407115581816	0.183088432640555
0.673887092143171	0.182993707228208
0.674367068704527	0.18288270214956
0.674847045265882	0.182757247579072
0.675327021827238	0.182618500298416
0.675806998388593	0.182467174119747
0.676286974949949	0.182304141626921
0.676766951511304	0.182130964144309
0.67724692807266	0.181950173492736
0.677726904634015	0.181765269326329
0.678206881195371	0.181580354750068
0.678686857756726	0.181399364551092
0.679166834318082	0.181225234187497
0.679646810879438	0.181059209338475
0.680126787440793	0.180900413268667
0.680606764002149	0.180745816984335
0.681086740563504	0.180590548858011
0.68156671712486	0.180428301141803
0.682046693686215	0.180251775183514
0.682526670247571	0.180053210337582
0.683006646808926	0.179824671375674
0.683486623370282	0.179558113542496
0.683966599931637	0.179245518868105
0.684446576492993	0.178879095041
0.684926553054348	0.178451386117984
0.685406529615704	0.177955471464352
0.685886506177059	0.177385173323215
0.686366482738415	0.176735288093037
0.686846459299771	0.176001893474652
0.687326435861126	0.175182612800862
0.687806412422482	0.174276502160474
0.688286388983837	0.173283748895424
0.688766365545193	0.172205265908689
0.689246342106548	0.171042095619379
0.689726318667904	0.169794789599912
0.690206295229259	0.168463173202367
0.690686271790615	0.167046449571249
0.69116624835197	0.16554360652134
0.691646224913326	0.163954111987814
0.692126201474681	0.162278614526695
0.692606178036037	0.160519488941056
0.693086154597393	0.158681131210258
0.693566131158748	0.1567698273266
0.694046107720104	0.154793240203214
0.694526084281459	0.152759766728744
0.695006060842815	0.150677874418579
0.69548603740417	0.148555479494799
0.695966013965526	0.146399580514635
0.696445990526881	0.1442162705099
0.696925967088237	0.142010972190593
0.697405943649592	0.13978880510486
0.697885920210948	0.13755485804009
0.698365896772303	0.135314208502315
0.698845873333659	0.133071688723667
0.699325849895014	0.13083150590627
0.69980582645637	0.12859673121291
0.700285803017725	0.126368834140279
0.700765779579081	0.124147487381564
0.701245756140437	0.121930700222911
0.701725732701792	0.119715063404998
0.702205709263148	0.117496151687106
0.702685685824503	0.11526909777406
0.703165662385859	0.113029244338387
0.703645638947214	0.110772679778797
0.70412561550857	0.108496678187899
0.704605592069925	0.106199953513296
0.705085568631281	0.103882728500022
0.705565545192636	0.101546668967841
0.706045521753992	0.0991947474149371
0.706525498315347	0.0968309930958511
0.707005474876703	0.0944603390323013
0.707485451438059	0.0920885956665775
0.707965427999414	0.0897224347703791
0.70844540456077	0.0873693177356993
0.708925381122125	0.0850375989867341
0.709405357683481	0.0827366300458757
0.709885334244836	0.080476735972007
0.710365310806192	0.0782690726146248
0.710845287367547	0.0761254004099507
0.711325263928903	0.0740577202877761
0.711805240490258	0.0720778800924499
0.712285217051614	0.0701972997939648
0.712765193612969	0.0684268418290999
0.713245170174325	0.0667768738245552
0.71372514673568	0.065257653290613
0.714205123297036	0.0638797640418321
0.714685099858392	0.0626543225751729
0.715165076419747	0.0615929238923801
0.715645052981103	0.0607072980866367
0.716125029542458	0.0600086424841409
0.716605006103814	0.0595068707699963
0.717084982665169	0.0592100651866103
0.717564959226525	0.0591240676993359
0.71804493578788	0.0592522542354693
0.718524912349236	0.0595955502620844
0.719004888910591	0.0601525846215657
0.719484865471947	0.0609198860896191
0.719964842033302	0.0618921348955429
0.720444818594658	0.0630623211260652
0.720924795156014	0.0644217826155094
0.721404771717369	0.0659602539986577
0.721884748278725	0.0676659861818055
0.72236472484008	0.0695259090117201
0.722844701401436	0.0715259950229262
0.723324677962791	0.0736518608737059
0.723804654524147	0.0758894710108302
0.724284631085502	0.0782257506586596
0.724764607646858	0.0806490073053818
0.725244584208213	0.0831490158790229
0.725724560769569	0.0857167668087883
0.726204537330924	0.0883440224445454
0.72668451389228	0.0910228244233323
0.727164490453635	0.0937450885966898
0.727644467014991	0.0965024454218203
0.728124443576347	0.0992862014237284
0.728604420137702	0.102087279782902
0.729084396699058	0.104896154603151
0.729564373260413	0.107702931334821
0.730044349821769	0.110497608545077
0.730524326383124	0.113270543334802
0.73100430294448	0.11601295408119
0.731484279505835	0.118717370717534
0.731964256067191	0.12137791348476
0.732444232628546	0.123990363586465
0.732924209189902	0.126551914416676
0.733404185751257	0.12906098765715
0.733884162312613	0.131517110672742
0.734364138873969	0.13392081931315
0.734844115435324	0.136273634340782
0.73532409199668	0.13857784634416
0.735804068558035	0.140835820740737
0.736284045119391	0.143049172249471
0.736764021680746	0.14521802795028
0.737243998242102	0.147340382728423
0.737723974803457	0.149411989032495
0.738203951364813	0.151427019586275
0.738683927926168	0.153378987097408
0.739163904487524	0.155261752956345
0.739643881048879	0.157070409811839
0.740123857610235	0.15880166976338
0.74060383417159	0.160453767644332
0.741083810732946	0.162026224309483
0.741563787294302	0.163519471377295
0.742043763855657	0.164934436640553
0.742523740417013	0.166272437763121
0.743003716978368	0.167535263500292
0.743483693539724	0.168725310472387
0.743963670101079	0.169845833592728
0.744443646662435	0.170901073261498
0.74492362322379	0.171896211735349
0.745403599785146	0.172837179177838
0.745883576346501	0.173730379284838
0.746363552907857	0.174582259644951
0.746843529469212	0.17539894753225
0.747323506030568	0.176185992739437
0.747803482591924	0.176948232815031
0.748283459153279	0.177689800475316
0.748763435714635	0.178414284464607
0.74924341227599	0.17912494430874
0.749723388837346	0.179824863246937
0.750203365398701	0.180516997300375
0.750683341960057	0.181204076690479
0.751163318521412	0.181888349228956
0.751643295082768	0.182571263031133
0.752123271644123	0.183253205359999
0.752603248205479	0.18393333603785
0.753083224766834	0.184609552420213
0.75356320132819	0.185278614951596
0.754043177889545	0.185936422349496
0.754523154450901	0.186578309924046
0.755003131012256	0.187199383597277
0.755483107573612	0.187794891685327
0.755963084134968	0.188360404650798
0.756443060696323	0.18889169681438
0.756923037257679	0.189384513107676
0.757403013819034	0.189834293701277
0.75788299038039	0.190235961948256
0.758362966941745	0.19058394616326
0.758842943503101	0.190872438235187
0.759322920064456	0.191095812944218
0.759802896625812	0.191249124892996
0.760282873187167	0.191328504378509
0.760762849748523	0.191331257938897
0.761242826309878	0.191255774472107
0.761722802871234	0.19110134938202
0.76220277943259	0.190867976983023
0.762682755993945	0.190556199367637
0.763162732555301	0.1901671331275
0.763642709116656	0.189702600236743
0.764122685678012	0.189165164235028
0.764602662239367	0.188558004476086
0.765082638800723	0.187884621606463
0.765562615362078	0.187148504000664
0.766042591923434	0.186352865101544
0.766522568484789	0.185500578417947
0.767002545046145	0.184594243586791
0.7674825216075	0.183636167929063
0.767962498168856	0.182628199858726
0.768442474730211	0.181571480290065
0.768922451291567	0.180465959182383
0.769402427852923	0.179309855383301
0.769882404414278	0.178099387361965
0.770362380975634	0.176828921959788
0.770842357536989	0.17549139802839
0.771322334098345	0.174079138560869
0.7718023106597	0.172584812468023
0.772282287221056	0.171002225840594
0.772762263782411	0.169326840414345
0.773242240343767	0.167556116389693
0.773722216905122	0.165689578676188
0.774202193466478	0.163728756387869
0.774682170027833	0.161677200861596
0.775162146589189	0.159540549069227
0.775642123150544	0.157326455829856
0.7761220997119	0.155044541051141
0.776602076273256	0.152706371715396
0.777082052834611	0.150325329916392
0.777562029395967	0.147916363396368
0.778042005957322	0.14549576778966
0.778521982518678	0.143081013416556
0.779001959080033	0.140690501865342
0.779481935641389	0.138343253300047
0.779961912202744	0.136058555913883
0.7804418887641	0.133855618474133
0.780921865325455	0.131753114655214
0.781401841886811	0.129768684467885
0.781881818448166	0.12791845453869
0.782361795009522	0.126216677762429
0.782841771570878	0.124675415240345
0.783321748132233	0.12330436719781
0.783801724693589	0.122110809219407
0.784281701254944	0.121099649893849
0.7847616778163	0.120273617385834
0.785241654377655	0.119633555384887
0.785721630939011	0.119178572973759
0.786201607500366	0.118906120068968
0.786681584061722	0.118812089391283
0.787161560623077	0.118890842140838
0.787641537184433	0.119135093631804
0.788121513745788	0.119535909093451
0.788601490307144	0.120082822213843
0.789081466868499	0.120764030296085
0.789561443429855	0.12156666850397
0.790041419991211	0.122477151716476
0.790521396552566	0.123481455196366
0.791001373113922	0.124565318719844
0.791481349675277	0.125714373858915
0.791961326236633	0.126914180914526
0.792441302797988	0.128150265423931
0.792921279359344	0.129408228528416
0.793401255920699	0.130673898401742
0.793881232482055	0.131933507945673
0.79436120904341	0.133173916846703
0.794841185604766	0.134382925127785
0.795321162166121	0.135549564211661
0.795801138727477	0.13666433315076
0.796281115288832	0.137719402228145
0.796761091850188	0.138708828652622
0.797241068411544	0.139628701467978
0.797721044972899	0.140477236778026
0.798201021534255	0.141254740289299
0.79868099809561	0.141963473371472
0.799160974656966	0.142607528590226
0.799640951218321	0.143192511428705
0.800120927779677	0.143724937350691
0.800600904341032	0.144211491755908
0.801080880902388	0.144658254521941
0.801560857463743	0.14506988479002
0.802040834025099	0.145449042939741
0.802520810586455	0.14579624168666
0.80300078714781	0.146110117803272
0.803480763709166	0.146388123334219
0.803960740270521	0.146627540479437
0.804440716831877	0.146826363650598
0.804920693393232	0.146983946825164
0.805400669954588	0.147101363433517
0.805880646515943	0.147181381039288
0.806360623077299	0.147227925207768
0.806840599638654	0.14724552862067
0.80732057620001	0.147238811515845
0.807800552761365	0.147212055374647
0.808280529322721	0.147168880992358
0.808760505884076	0.147112129971863
0.809240482445432	0.147043801500018
0.809720459006787	0.146965108377456
0.810200435568143	0.146876665946079
0.810680412129499	0.146778759985874
0.811160388690854	0.14667147010306
0.81164036525221	0.14655477720826
0.812120341813565	0.146428581640093
0.812600318374921	0.146292632940696
0.813080294936276	0.146146377400618
0.813560271497632	0.145988936579295
0.814040248058987	0.145819203612067
0.814520224620343	0.14563603117991
0.815000201181698	0.145438512320644
0.815480177743054	0.145226229584369
0.815960154304409	0.144999326099188
0.816440130865765	0.144758411154769
0.816920107427121	0.144504433125629
0.817400083988476	0.14423856841667
0.817880060549832	0.143962180670927
0.818360037111187	0.143676756087004
0.818840013672543	0.143383763992661
0.819319990233898	0.14308438378899
0.819799966795254	0.14277910943058
0.820279943356609	0.142467266933866
0.820759919917965	0.142146621548142
0.82123989647932	0.141813153150824
0.821719873040676	0.141461122869134
0.822199849602031	0.141083408940037
0.822679826163387	0.140672006323134
0.823159802724742	0.140218546071805
0.823639779286098	0.139714860714789
0.824119755847454	0.139153551895703
0.824599732408809	0.138528354518329
0.825079708970165	0.137834367194953
0.82555968553152	0.137068256621242
0.826039662092876	0.136228268294567
0.826519638654231	0.135313969086235
0.826999615215587	0.134325864455785
0.827479591776942	0.133264970258515
0.827959568338298	0.132132470050248
0.828439544899653	0.130929617062413
0.828919521461009	0.129657801419832
0.829399498022364	0.128318648113555
0.82987947458372	0.126914185107211
0.830359451145075	0.125447068052716
0.830839427706431	0.123920570448045
0.831319404267786	0.122338481379207
0.831799380829142	0.120705118034144
0.832279357390498	0.119025356313496
0.832759333951853	0.117304745939923
0.833239310513209	0.115549735829298
0.833719287074564	0.113767696230623
0.83419926363592	0.111966701155331
0.834679240197275	0.110155205011182
0.835159216758631	0.108341446101936
0.835639193319986	0.106532756460028
0.836119169881342	0.10473524145934
0.836599146442697	0.102953771873163
0.837079123004053	0.101192149270384
0.837559099565409	0.099453561068589
0.838039076126764	0.097741109077713
0.83851905268812	0.0960581416446436
0.838999029249475	0.0944084561188882
0.839479005810831	0.0927964062167866
0.839958982372186	0.0912267678747673
0.840438958933542	0.0897046430799758
0.840918935494897	0.0882354796295981
0.841398912056253	0.0868250246987875
0.841878888617608	0.085479218984986
0.842358865178964	0.0842041248572787
0.842838841740319	0.0830058156662404
0.843318818301675	0.0818902030364842
0.84379879486303	0.0808629088428579
0.844278771424386	0.0799291774354419
0.844758747985742	0.0790938317190661
0.845238724547097	0.0783611655574566
0.845718701108453	0.0777347795594905
0.846198677669808	0.0772173983107773
0.846678654231164	0.0768106866526588
0.847158630792519	0.0765150725419293
0.847638607353875	0.0763297049477497
0.84811858391523	0.0762525585620484
0.848598560476586	0.0762806490864356
0.849078537037941	0.0764103223249777
0.849558513599297	0.0766375629302724
0.850038490160652	0.076958196197815
0.850518466722008	0.0773680059880344
0.850998443283363	0.0778627904818702
0.851478419844719	0.0784383698234573
0.851958396406075	0.079090583426907
0.85243837296743	0.0798153913311184
0.852918349528786	0.0806090735487059
0.853398326090141	0.0814685787856088
0.853878302651497	0.0823918172822017
0.854358279212852	0.0833777205170057
0.854838255774208	0.0844260447566743
0.855318232335563	0.0855369118412483
0.855798208896919	0.0867100682985726
0.856278185458274	0.0879440087848651
0.85675816201963	0.0892352123058186
0.857238138580986	0.0905776343113071
0.857718115142341	0.091962567713172
0.858198091703697	0.0933788984044393
0.858678068265052	0.0948136225543743
0.859158044826408	0.0962524944031087
0.859638021387763	0.0976807344594595
0.860117997949119	0.0990836557830328
0.860597974510474	0.100447100123792
0.86107795107183	0.101757778762572
0.861557927633185	0.103003645649918
0.862037904194541	0.104174154622486
0.862517880755896	0.105260378229445
0.862997857317252	0.106255031516938
0.863477833878607	0.107152496248791
0.863957810439963	0.107948806326644
0.864437787001318	0.108641775287017
0.864917763562674	0.1092312809697
0.86539774012403	0.109719508513518
0.865877716685385	0.110111035401411
0.866357693246741	0.110412773213569
0.866837669808096	0.11063353273007
0.867317646369452	0.110783165523278
0.867797622930807	0.11087147470028
0.868277599492163	0.11090719843514
0.868757576053518	0.110897134302452
0.869237552614874	0.110845602422699
0.869717529176229	0.110754318901312
0.870197505737585	0.110622591988865
0.87067748229894	0.110447699914894
0.871157458860296	0.110225446934312
0.871637435421652	0.109950766706474
0.872117411983007	0.109618265278165
0.872597388544363	0.109222769781273
0.873077365105718	0.108759911491413
0.873557341667074	0.108226525052494
0.874037318228429	0.107620736896792
0.874517294789785	0.106941879016853
0.87499727135114	0.106190297224141
0.875477247912496	0.105367006826847
0.875957224473851	0.1044733382433
0.876437201035207	0.103510813031633
0.876917177596562	0.102481113549309
0.877397154157918	0.10138610708536
0.877877130719273	0.100227935883101
0.878357107280629	0.0990091340027661
0.878837083841985	0.0977326484492773
0.87931706040334	0.0964019145978182
0.879797036964696	0.0950210034918133
0.880277013526051	0.0935948407108972
0.880756990087407	0.0921293938917798
0.881236966648762	0.0906318538700365
0.881716943210118	0.0891106502976181
0.882196919771473	0.087575332229585
0.882676896332829	0.0860363250985682
0.883156872894184	0.084504576610829
0.88363684945554	0.0829911520221159
0.884116826016895	0.0815069065315682
0.884596802578251	0.080062205820798
0.885076779139606	0.0786666667129324
0.885556755700962	0.0773289253063668
0.886036732262317	0.0760564781070229
0.886516708823673	0.0748556178605728
0.886996685385029	0.0737314646688281
0.887476661946384	0.0726880607240246
0.88795663850774	0.0717285072404075
0.888436615069095	0.0708551133086206
0.888916591630451	0.0700695086329467
0.889396568191806	0.0693726830569028
0.889876544753162	0.0687649558680706
0.890356521314517	0.0682459769665983
0.890836497875873	0.0678147420903665
0.891316474437228	0.0674696199983959
0.891796450998584	0.0672083891845904
0.89227642755994	0.0670282828715067
0.892756404121295	0.0669260425923582
0.893236380682651	0.0668979822285841
0.893716357244006	0.0669400791648361
0.894196333805362	0.0670480992481943
0.894676310366717	0.0672176476477979
0.895156286928073	0.0674441832949611
0.895636263489428	0.0677230856739109
0.896116240050784	0.0680495954241932
0.896596216612139	0.0684185735488315
0.897076193173495	0.0688243434809951
0.89755616973485	0.0692606319155397
0.898036146296206	0.0697204852184626
0.898516122857561	0.0701962592476459
0.898996099418917	0.0706797598603441
0.899476075980273	0.0711623656010394
0.899956052541628	0.0716352033563162
0.900436029102984	0.0720894527625545
0.900916005664339	0.0725166829715492
0.901395982225695	0.0729091299476195
0.90187595878705	0.0732600593078595
0.902355935348406	0.0735640690503575
0.902835911909761	0.0738172358199795
0.903315888471117	0.0740171405158994
0.903795865032472	0.0741628439016303
0.904275841593828	0.0742546491300448
0.904755818155183	0.0742937278118738
0.905235794716539	0.0742817249089132
0.905715771277894	0.0742204935757583
0.90619574783925	0.0741118958908288
0.906675724400606	0.073957785984843
0.907155700961961	0.0737601850482717
0.907635677523317	0.0735216004968241
0.908115654084672	0.0732453948239868
0.908595630646028	0.0729362645602311
0.909075607207383	0.0726004926297353
0.909555583768739	0.0722458156284421
0.910035560330094	0.0718809515608265
0.91051553689145	0.0715149438390977
0.910995513452805	0.0711563951955894
0.911475490014161	0.0708129262693146
0.911955466575516	0.0704910503898118
0.912435443136872	0.070196365975436
0.912915419698228	0.06993402320908
0.913395396259583	0.0697092721522784
0.913875372820939	0.0695277781773579
0.914355349382294	0.0693956036740468
0.91483532594365	0.0693190140821362
0.915315302505005	0.0693041514680576
0.915795279066361	0.0693567849748562
0.916275255627716	0.0694823172704687
0.916755232189072	0.069686058168062
0.917235208750427	0.0699734680625836
0.917715185311783	0.0703502061461089
0.918195161873138	0.070821881747264
0.918675138434494	0.0713935770492579
0.919155114995849	0.0720692083262877
0.919635091557205	0.0728509956502931
0.920115068118561	0.0737392104476827
0.920595044679916	0.0747322606446857
0.921075021241272	0.0758270160977003
0.921554997802627	0.077019311949749
0.922034974363983	0.0783044492826683
0.922514950925338	0.079677567104256
0.922994927486694	0.0811338712845388
0.923474904048049	0.0826687134022793
0.923954880609405	0.0842775319093931
0.92443485717076	0.0859557640758551
0.924914833732116	0.0876987701975489
0.925394810293471	0.089501740762752
0.925874786854827	0.0913596812301914
0.926354763416183	0.0932674710883415
0.926834739977538	0.0952198783115227
0.927314716538894	0.097211533311645
0.927794693100249	0.0992369015460103
0.928274669661605	0.101290320233843
0.92875464622296	0.103365996034791
0.929234622784316	0.105458055098868
0.929714599345671	0.107560658953639
0.930194575907027	0.109668159357257
0.930674552468382	0.111775245167359
0.931154529029738	0.113877202394763
0.931634505591093	0.115970115955071
0.932114482152449	0.118050931674982
0.932594458713804	0.120117460458214
0.93307443527516	0.122168241950553
0.933554411836516	0.124202134645332
0.934034388397871	0.126797047378225
0.934514364959227	0.129315353258187
0.934994341520582	0.131736088842137
0.935474318081938	0.134042097266762
0.935954294643293	0.136222168942989
0.936434271204649	0.13827093502221
0.936914247766004	0.140187785488855
0.93739422432736	0.141975550132096
0.937874200888715	0.143639300650927
0.938354177450071	0.145185402393143
0.938834154011426	0.146620826051839
0.939314130572782	0.147952680380007
0.939794107134137	0.149187914292012
0.940274083695493	0.150333140474203
0.940754060256848	0.151394541974968
0.941234036818204	0.152377833095159
0.94171401337956	0.153288254285396
0.942193989940915	0.154130587213964
0.942673966502271	0.154909181646225
0.943153943063626	0.155627989457011
0.943633919624982	0.15629059598635
0.944113896186337	0.156900248140518
0.944593872747693	0.157459882882324
0.945073849309048	0.157972146200138
0.945553825870404	0.158439397286014
0.946033802431759	0.158863707977787
0.946513778993115	0.159246862409715
0.946993755554471	0.159590358314702
0.947473732115826	0.159895416405641
0.947953708677182	0.160163003004553
0.948433685238537	0.160393860676602
0.948913661799893	0.16058854574379
0.949393638361248	0.160747468637856
0.949873614922604	0.160870930048046
0.950353591483959	0.160959146285055
0.950833568045315	0.161012268147343
0.95131354460667	0.161030392687032
0.951793521168026	0.161013568903474
0.952273497729381	0.160961798716301
0.952753474290737	0.160875036281153
0.953233450852092	0.160753185506557
0.953713427413448	0.160596096004173
0.954193403974804	0.160403558412236
0.954673380536159	0.160175305050969
0.955153357097515	0.159911015395357
0.95563333365887	0.159610326166653
0.956113310220226	0.159272844969185
0.956593286781581	0.15889816527749
0.957073263342937	0.158485878911575
0.957553239904292	0.158035586646806
0.958033216465648	0.15754690440376
0.958513193027003	0.157019461799208
0.958993169588359	0.156452894211619
0.959473146149714	0.155846832727334
0.95995312271107	0.155200894316496
0.960433099272425	0.154514674191321
0.960913075833781	0.153787743219773
0.961393052395137	0.153019650721052
0.961873028956492	0.152209932418655
0.962353005517848	0.151358120107941
0.962832982079203	0.150463749407546
0.963312958640559	0.149526363800511
0.963792935201914	0.148545515389568
0.96427291176327	0.147520762071081
0.964752888324625	0.146451663637515
0.965232864885981	0.145337779953766
0.965712841447336	0.144178673246256
0.966192818008692	0.142973912049936
0.966672794570047	0.141723073699306
0.967152771131403	0.140425743284749
0.967632747692759	0.139081509795313
0.968112724254114	0.13768995943291
0.96859270081547	0.136250668017596
0.969072677376825	0.134763195725436
0.969552653938181	0.133227086825657
0.970032630499536	0.131641874052948
0.970512607060892	0.130007086866207
0.970992583622247	0.128322260533505
0.971472560183603	0.126586943549087
0.971952536744958	0.124800703187378
0.972432513306314	0.122963128387064
0.972912489867669	0.121073829508761
0.973392466429025	0.119132437398343
0.97387244299038	0.117138603609613
0.974352419551736	0.115092000968071
0.974832396113092	0.112992324526173
0.975312372674447	0.110839293569203
0.975792349235803	0.108632651898715
0.976272325797158	0.106372165822448
0.976752302358514	0.104057620178728
0.977232278919869	0.101688812372698
0.977712255481225	0.0992655441299033
0.97819223204258	0.0967876149053165
0.978672208603936	0.0942548184425457
0.979152185165291	0.0916669430575279
0.979632161726647	0.0890237762918561
0.980112138288002	0.086325113823775
0.980592114849358	0.0835707690674351
0.981072091410713	0.0807605791172098
0.981552067972069	0.0778944054115887
0.982032044533425	0.0749721281496205
0.98251202109478	0.0719936344111657
