0	0.2211705233458
0.000479976487876561	0.220254307195696
0.000959952975753123	0.219346247429486
0.00143992946362968	0.218446598835537
0.00191990595150625	0.217555626637046
0.00239988243938281	0.216673584772328
0.00287985892725937	0.215800702029815
0.00335983541513593	0.214937174551268
0.00383981190301249	0.214083162917764
0.00431978839088905	0.213238795739546
0.00479976487876561	0.212404178160947
0.00527974136664218	0.211579403288747
0.00575971785451874	0.210764562950152
0.0062396943423953	0.209959757516259
0.00671967083027186	0.209165103884143
0.00719964731814842	0.208380740482903
0.00767962380602498	0.207606829356154
0.00815960029390154	0.206843557993928
0.00863957678177811	0.206091139727659
0.00911955326965467	0.205349812281646
0.00959952975753123	0.204619836279338
0.0100795062454078	0.203901495247947
0.0105594827332844	0.203195092072175
0.0110394592211609	0.202500940081544
0.0115194357090375	0.201819347911609
0.011999412196914	0.201150599263946
0.0124793886847906	0.200494931214676
0.0129593651726672	0.199852517228605
0.0134393416605437	0.199223458372278
0.0139193181484203	0.198607785361315
0.0143992946362968	0.198005470868775
0.0148792711241734	0.197416447915222
0.01535924761205	0.196840628725989
0.0158392240999265	0.196277921029243
0.0163192005878031	0.195728238833107
0.0167991770756796	0.195191507037837
0.0172791535635562	0.194667661742961
0.0177591300514328	0.194156649805282
0.0182391065393093	0.193658429418558
0.0187190830271859	0.193172971231703
0.0191990595150625	0.192700256998192
0.019679036002939	0.192240275498795
0.0201590124908156	0.191793016108672
0.0206389889786921	0.191358459896873
0.0211189654665687	0.19093657057109
0.0215989419544453	0.190527288624922
0.0220789184423218	0.190130529793028
0.0225588949301984	0.189746188365818
0.0230388714180749	0.189374145559189
0.0235188479059515	0.189014280487524
0.0239988243938281	0.188666478687564
0.0244788008817046	0.188330637304589
0.0249587773695812	0.188006666484308
0.0254387538574578	0.187694486882502
0.0259187303453343	0.187394022935909
0.0263987068332109	0.187105196797023
0.0268786833210874	0.186827924289013
0.027358659808964	0.18656211062148
0.0278386362968406	0.186307646193175
0.0283186127847171	0.186064403269045
0.0287985892725937	0.185832231548679
0.0292785657604702	0.185610949918471
0.0297585422483468	0.185400337914922
0.0302385187362234	0.185200127689105
0.0307184952240999	0.185009993823652
0.0311984717119765	0.184829545158412
0.031678448199853	0.184658322062957
0.0321584246877296	0.184495795775836
0.0326384011756062	0.184341369325418
0.0331183776634827	0.184194384010358
0.0335983541513593	0.184054130559113
0.0340783306392359	0.183919860542071
0.0345583071271124	0.18379080242869
0.035038283614989	0.183666175963929
0.0355182601028655	0.183545201183113
0.0359982365907421	0.183427101463112
0.0364782130786187	0.183311103778587
0.0369581895664952	0.183196433378623
0.0374381660543718	0.183082308258377
0.0379181425422483	0.18296794075572
0.0383981190301249	0.182852546560425
0.0388780955180015	0.182735361939604
0.039358072005878	0.182615668899073
0.0398380484937546	0.182492822481125
0.0403180249816312	0.182366280694025
0.0407980014695077	0.182235637104909
0.0412779779573843	0.18210065532131
0.0417579544452608	0.181961306658813
0.0422379309331374	0.181817818812063
0.042717907421014	0.181670736217127
0.0431978839088905	0.181520993255201
0.0436778603967671	0.181370001952061
0.0441578368846436	0.181219754864124
0.0446378133725202	0.181072941628089
0.0451177898603968	0.180933073283626
0.0455977663482733	0.180804600636253
0.0460777428361499	0.180692999914459
0.0465577193240265	0.180604779143943
0.047037695811903	0.180547331696756
0.0475176722997796	0.180528533194065
0.0479976487876561	0.180555956981228
0.0484776252755327	0.180635599579388
0.0489576017634093	0.180770098330697
0.0494375782512858	0.181135862758138
0.0499175547391624	0.181554281385521
0.0503975312270389	0.182028532218762
0.0508775077149155	0.182562415550413
0.0513574842027921	0.183159670531305
0.0518374606906686	0.183823263541629
0.0523174371785452	0.184554787078061
0.0527974136664218	0.185354032137981
0.0532773901542983	0.186218854773798
0.0537573666421749	0.187145373594284
0.0542373431300514	0.188128227096956
0.054717319617928	0.189160759111404
0.0551972961058046	0.190235105211064
0.0556772725936811	0.191342220892453
0.0561572490815577	0.192471830309115
0.0566372255694342	0.193612545679325
0.0571172020573108	0.194752296136761
0.0575971785451874	0.195879104978358
0.0580771550330639	0.196982179463512
0.0585571315209405	0.198052820602049
0.059037108008817	0.199084879473325
0.0595170844966936	0.200074743168119
0.0599970609845702	0.201020735804729
0.0604770374724467	0.201921839618924
0.0609570139603233	0.202776271224664
0.0614369904481999	0.203580407614966
0.0619169669360764	0.204328196285987
0.062396943423953	0.205011260192739
0.0628769199118295	0.205619715837025
0.0633568963997061	0.206143240657013
0.0638368728875827	0.206572244554576
0.0643168493754592	0.206898907695741
0.0647968258633358	0.207117791403338
0.0652768023512123	0.207225852904399
0.0657567788390889	0.207222228610999
0.0662367553269655	0.207107831067484
0.066716731814842	0.206884896860145
0.0671967083027186	0.206556708809483
0.0676766847905952	0.206127449743264
0.0681566612784717	0.205602032978014
0.0686366377663483	0.204985880963562
0.0691166142542248	0.204284641825691
0.0695965907421014	0.203503781457694
0.070076567229978	0.202648186350233
0.0705565437178545	0.201721863165984
0.0710365202057311	0.200727800112498
0.0715164966936076	0.199668052203764
0.0719964731814842	0.198544088468109
0.0724764496693608	0.197357295213487
0.0729564261572373	0.196109419879208
0.0734364026451139	0.194802903756771
0.0739163791329905	0.193441069426425
0.074396355620867	0.192028171746256
0.0748763321087436	0.190569351632159
0.0753563085966201	0.189070643433466
0.0758362850844967	0.1875391134547
0.0763162615723733	0.185983043676642
0.0767962380602498	0.184412049317327
0.0772762145481264	0.182837039628382
0.0777561910360029	0.181269998139157
0.0782361675238795	0.179723543024052
0.0787161440117561	0.178210301112061
0.0791961204996326	0.176742253471143
0.0796760969875092	0.175330134398987
0.0801560734753858	0.173983119338792
0.0806360499632623	0.172708831817738
0.0811160264511389	0.171513600113324
0.0815960029390154	0.170402777544785
0.082075979426892	0.169381140492719
0.0825559559147686	0.168453363678506
0.0830359324026451	0.167624393899831
0.0835159088905217	0.166899736619406
0.0839958853783982	0.166285626394898
0.0844758618662748	0.165789033628424
0.0849558383541514	0.165417427785798
0.0854358148420279	0.165178395682698
0.0859157913299045	0.165079138586388
0.086395767817781	0.165125949869489
0.0868757443056576	0.165323846820063
0.0873557207935342	0.165676353319022
0.0878356972814107	0.166185429745161
0.0883156737692873	0.166851552248315
0.0887956502571638	0.167673802860353
0.0892756267450404	0.16864996018229
0.089755603232917	0.16977658661789
0.0902355797207935	0.171049096607723
0.0907155562086701	0.17246167608676
0.0911955326965467	0.174007177817718
0.0916755091844232	0.175677009827318
0.0921554856722998	0.177461030998702
0.0926354621601763	0.179347480703228
0.0931154386480529	0.181322975653085
0.0935954151359295	0.183372589502296
0.094075391623806	0.185480013657365
0.0945553681116826	0.187627819437575
0.0950353445995591	0.189797825578752
0.0955153210874357	0.191971372466864
0.0959952975753123	0.194129440396902
0.0964752740631888	0.196252689980385
0.0969552505510654	0.198321487757467
0.097435227038942	0.200315960897141
0.0979152035268185	0.202216252715858
0.0983951800146951	0.204003001199459
0.0988751565025716	0.205657994803845
0.0993551329904482	0.20716497056012
0.0998351094783248	0.208510351193149
0.100315085966201	0.209683808754948
0.100795062454078	0.210678602817273
0.101275038941954	0.211491851395695
0.101755015429831	0.2121246004303
0.102234991917708	0.212581641622103
0.102714968405584	0.212871229344518
0.103194944893461	0.213004609605165
0.103674921381337	0.212995152745437
0.104154897869214	0.212857264290987
0.10463487435709	0.212605320830206
0.105114850844967	0.212252789224795
0.105594827332844	0.211811673578615
0.10607480382072	0.21129247115442
0.106554780308597	0.210704457277891
0.107034756796473	0.210056072716763
0.10751473328435	0.209355241815133
0.107994709772226	0.20860953388507
0.108474686260103	0.20782603601576
0.108954662747979	0.207011160830953
0.109434639235856	0.206170664650553
0.109914615723733	0.20530970680325
0.110394592211609	0.204433012590292
0.110874568699486	0.203545076860518
0.111354545187362	0.202650288034171
0.111834521675239	0.201752778133057
0.112314498163115	0.20085620904024
0.112794474650992	0.199963651619986
0.113274451138868	0.199077642315192
0.113754427626745	0.198200433647335
0.114234404114622	0.197334530945225
0.114714380602498	0.196483287364399
0.115194357090375	0.195651360662305
0.115674333578251	0.194844681658747
0.116154310066128	0.194070003825368
0.116634286554004	0.193334024645219
0.117114263041881	0.192642435007977
0.117594239529758	0.191999081673735
0.118074216017634	0.191405605723495
0.118554192505511	0.190861542049701
0.119034168993387	0.190364961053694
0.119514145481264	0.189913247511822
0.11999412196914	0.189503761897854
0.120474098457017	0.189134195662144
0.120954074944893	0.188802647535637
0.12143405143277	0.18850729847041
0.121914027920647	0.188245957762674
0.122394004408523	0.1880156938193
0.1228739808964	0.187812724305518
0.123353957384276	0.18763249733839
0.123833933872153	0.187470020081076
0.124313910360029	0.187320348165212
0.124793886847906	0.187179043856698
0.125273863335783	0.187042434033023
0.125753839823659	0.186907638794671
0.126233816311536	0.186772387235434
0.126713792799412	0.186634731243976
0.127193769287289	0.186492803499196
0.127673745775165	0.186344846482974
0.128153722263042	0.186189528537124
0.128633698750918	0.186026366195323
0.129113675238795	0.185856151059195
0.129593651726672	0.185681073784859
0.130073628214548	0.185504456612572
0.130553604702425	0.185330099517473
0.131033581190301	0.18516153007708
0.131513557678178	0.185001463015293
0.131993534166054	0.184851728006814
0.132473510653931	0.184713786374353
0.132953487141807	0.184589509399793
0.133433463629684	0.184481838345413
0.133913440117561	0.184395141202554
0.134393416605437	0.184335346055677
0.134873393093314	0.184309644576794
0.13535336958119	0.184325973164888
0.135833346069067	0.184392628421066
0.136313322556943	0.184518008306546
0.13679329904482	0.18471041812863
0.137273275532697	0.18497793163842
0.137753252020573	0.185328115307617
0.13823322850845	0.185767650596605
0.138713204996326	0.186301923630166
0.139193181484203	0.186934693356654
0.139673157972079	0.187667868529603
0.140153134459956	0.188501623717314
0.140633110947832	0.18943474206532
0.141113087435709	0.190464993288792
0.141593063923586	0.191589513748933
0.142073040411462	0.192805163743958
0.142553016899339	0.194108902613647
0.143032993387215	0.195497968467148
0.143512969875092	0.196969936548773
0.143992946362968	0.198522716306635
0.144472922850845	0.200154422774974
0.144952899338722	0.201863023157156
0.145432875826598	0.203646004507474
0.145912852314475	0.205500119608685
0.146392828802351	0.207421197501649
0.146872805290228	0.209404185865156
0.147352781778104	0.211443509830802
0.147832758265981	0.213533497576648
0.148312734753857	0.215668857912624
0.148792711241734	0.217845088070424
0.149272687729611	0.220058515600853
0.149752664217487	0.222305996919632
0.150232640705364	0.224584512981891
0.15071261719324	0.226890754418816
0.151192593681117	0.229220782437162
0.151672570168993	0.231570095582904
0.15215254665687	0.233933898912704
0.152632523144747	0.236307460627267
0.153112499632623	0.238686413566157
0.1535924761205	0.241066943105103
0.154072452608376	0.243445685448268
0.154552429096253	0.245819568209335
0.155032405584129	0.248185722172545
0.155512382072006	0.250541696092727
0.155992358559882	0.252886075031729
0.156472335047759	0.255219196310256
0.156952311535636	0.257543411327061
0.157432288023512	0.259862813089928
0.157912264511389	0.262182329752626
0.158392240999265	0.264506084896639
0.158872217487142	0.266835560332466
0.159352193975018	0.269168283934291
0.159832170462895	0.271497274117257
0.160312146950772	0.273811297826652
0.160792123438648	0.27609594674564
0.161272099926525	0.278335058327363
0.161752076414401	0.280512055744701
0.162232052902278	0.282611048766651
0.162712029390154	0.284617653638437
0.163192005878031	0.286519166759245
0.163671982365907	0.288304365534293
0.164151958853784	0.289963248429427
0.164631935341661	0.291486701106243
0.165111911829537	0.292866048963831
0.165591888317414	0.294092857069973
0.16607186480529	0.295159055511315
0.166551841293167	0.296057232109482
0.167031817781043	0.296781131502464
0.16751179426892	0.297326336293361
0.167991770756796	0.297690811810303
0.168471747244673	0.297875162329978
0.16895172373255	0.297882696694127
0.169431700220426	0.297719234116569
0.169911676708303	0.297392689802915
0.170391653196179	0.296912689557111
0.170871629684056	0.296290248739911
0.171351606171932	0.295537458188739
0.171831582659809	0.294667174667249
0.172311559147686	0.293692750156547
0.172791535635562	0.292627907538264
0.173271512123439	0.291486537940106
0.173751488611315	0.290282505998173
0.174231465099192	0.289029630029653
0.174711441587068	0.287741583874902
0.175191418074945	0.286431483667259
0.175671394562821	0.285111464826885
0.176151371050698	0.283792343807753
0.176631347538575	0.282483196040202
0.177111324026451	0.281191136429129
0.177591300514328	0.279921432347465
0.178071277002204	0.278677731579265
0.178551253490081	0.277462442137715
0.179031229977957	0.276277235634203
0.179511206465834	0.275123183392147
0.179991182953711	0.274000567158616
0.180471159441587	0.272908828208133
0.180951135929464	0.271846556535406
0.18143111241734	0.270811491180267
0.181911088905217	0.269800825451822
0.182391065393093	0.268811740620985
0.18287104188097	0.267841911700956
0.183351018368846	0.266889803305742
0.183830994856723	0.265954683065431
0.1843109713446	0.265036426325609
0.184790947832476	0.264135318425701
0.185270924320353	0.263251821627337
0.185750900808229	0.262386419753976
0.186230877296106	0.261539538890566
0.186710853783982	0.260711473692118
0.187190830271859	0.259902311994086
0.187670806759735	0.259111955177803
0.188150783247612	0.258340162517137
0.188630759735489	0.257586696339426
0.189110736223365	0.256851550307497
0.189590712711242	0.256135148288745
0.190070689199118	0.255438411490759
0.190550665686995	0.254762801911411
0.191030642174871	0.25411022094683
0.191510618662748	0.253482950139448
0.191990595150625	0.252883484462276
0.192470571638501	0.252314412846165
0.192950548126378	0.251778469819829
0.193430524614254	0.251278660524822
0.193910501102131	0.25081807603072
0.194390477590007	0.25039967681349
0.194870454077884	0.25002600641964
0.19535043056576	0.249698782453312
0.195830407053637	0.249418407426102
0.196310383541514	0.249183746207003
0.19679036002939	0.248992004190318
0.197270336517267	0.248838913965077
0.197750313005143	0.248719121892543
0.19823028949302	0.248626810502961
0.198710265980896	0.24855632717881
0.199190242468773	0.248502888140881
0.19967021895665	0.248463049818435
0.200150195444526	0.248434795723413
0.200630171932403	0.248417156260173
0.201110148420279	0.248409708452148
0.201590124908156	0.248412109283803
0.202070101396032	0.248423711221591
0.202550077883909	0.248443307617314
0.203030054371785	0.248469304000162
0.203510030859662	0.248500030848599
0.203990007347539	0.248534049591944
0.204469983835415	0.248570563144641
0.204949960323292	0.248609859586366
0.205429936811168	0.248653425055916
0.205909913299045	0.248703827307357
0.206389889786921	0.248764458081245
0.206869866274798	0.248839063727815
0.207349842762675	0.248931267400444
0.207829819250551	0.249044320641453
0.208309795738428	0.249181141509571
0.208789772226304	0.249344573113267
0.209269748714181	0.249537881839862
0.209749725202057	0.249765291602404
0.210229701689934	0.250032213267974
0.21070967817781	0.250345147326686
0.211189654665687	0.250711368461297
0.211669631153564	0.251138461648853
0.21214960764144	0.251633905283027
0.212629584129317	0.25220501641534
0.213109560617193	0.252859253448414
0.21358953710507	0.253604414609831
0.214069513592946	0.254448600286426
0.214549490080823	0.255399923204897
0.2150294665687	0.256465902727542
0.215509443056576	0.257652627873155
0.215989419544453	0.25896411822595
0.216469396032329	0.26040200732611
0.216949372520206	0.261965592576118
0.217429349008082	0.263652294633375
0.217909325495959	0.265458373062092
0.218389301983835	0.26737948965857
0.218869278471712	0.269411071884546
0.219349254959589	0.271548455061038
0.219829231447465	0.273786743806642
0.220309207935342	0.276120497979125
0.220789184423218	0.278543586476879
0.221269160911095	0.281049187093302
0.221749137398971	0.28362991628553
0.222229113886848	0.28627822635854
0.222709090374724	0.288986843350412
0.223189066862601	0.29174898007403
0.223669043350478	0.29455832804141
0.224149019838354	0.297408838388807
0.224628996326231	0.300294327519676
0.225108972814107	0.303208069670485
0.225588949301984	0.306142530157682
0.22606892578986	0.309089298227746
0.226548902277737	0.312039204623255
0.227028878765614	0.314982599400633
0.22750885525349	0.317909577200437
0.227988831741367	0.320810135804754
0.228468808229243	0.323674168995009
0.22894878471712	0.326491127724814
0.229428761204996	0.329249502413058
0.229908737692873	0.331936418067915
0.230388714180749	0.334537522578699
0.230868690668626	0.337037095507077
0.231348667156503	0.33941848896909
0.231828643644379	0.341664712429119
0.232308620132256	0.343759092279364
0.232788596620132	0.345685886910396
0.233268573108009	0.347430863114173
0.233748549595885	0.348981748479899
0.234228526083762	0.350328667303824
0.234708502571638	0.351464680156552
0.235188479059515	0.352386342927124
0.235668455547392	0.353094003354561
0.236148432035268	0.35359186240629
0.236628408523145	0.353887608769869
0.237108385011021	0.35399161139971
0.237588361498898	0.353915910896432
0.238068337986774	0.35367334532025
0.238548314474651	0.353276988350896
0.239028290962528	0.35273996263282
0.239508267450404	0.352075389653653
0.239988243938281	0.35129630734007
0.240468220426157	0.350415617625308
0.240948196914034	0.349445862121118
0.24142817340191	0.348398840973248
0.241908149889787	0.347285292089549
0.242388126377663	0.346114662410649
0.24286810286554	0.344894875548774
0.243348079353417	0.343632294573361
0.243828055841293	0.34233186506701
0.24430803232917	0.340997248532178
0.244788008817046	0.339631097548089
0.245267985304923	0.338235474840397
0.245747961792799	0.336812200328739
0.246227938280676	0.335363080544716
0.246707914768553	0.333890156407525
0.247187891256429	0.332395732461899
0.247667867744306	0.330882181677404
0.248147844232182	0.329351494912432
0.248627820720059	0.327804841213629
0.249107797207935	0.326242067051817
0.249587773695812	0.324661073459799
0.250067750183688	0.323057184174308
0.250547726671565	0.32142286918304
0.251027703159442	0.319747789803416
0.251507679647318	0.318019370712362
0.251987656135195	0.316223884658535
0.252467632623071	0.314347858394385
0.252947609110948	0.312379466421832
0.253427585598824	0.310309914104825
0.253907562086701	0.30813433443355
0.254387538574578	0.305852213938041
0.254867515062454	0.303467506854501
0.255347491550331	0.300988512629354
0.255827468038207	0.298427386900783
0.256307444526084	0.295799310395601
0.25678742101396	0.293121301362498
0.257267397501837	0.290410864226241
0.257747373989713	0.287684791939803
0.25822735047759	0.284958133073041
0.258707326965467	0.282243688372882
0.259187303453343	0.279552254962265
0.25966727994122	0.276893282418381
0.260147256429096	0.274275666584197
0.260627232916973	0.271708730990207
0.261107209404849	0.269202896846317
0.261587185892726	0.266769838235553
0.262067162380603	0.264422346894409
0.262547138868479	0.262173939506886
0.263027115356356	0.260038035555514
0.263507091844232	0.258027247659343
0.263987068332109	0.256152877137336
0.264467044819985	0.254424493830779
0.264947021307862	0.252849703201091
0.265426997795738	0.251434326172938
0.265906974283615	0.25018256251525
0.266386950771492	0.24909709205633
0.266866927259368	0.248179185267337
0.267346903747245	0.247428699201214
0.267826880235121	0.246843895576083
0.268306856722998	0.246421414714586
0.268786833210874	0.246156496960418
0.269266809698751	0.246043394314807
0.269746786186628	0.246075852583099
0.270226762674504	0.246247679303889
0.270706739162381	0.246553286949173
0.271186715650257	0.246987938996071
0.271666692138134	0.247547720591772
0.27214666862601	0.248229520374837
0.272626645113887	0.24903081068185
0.273106621601763	0.249949157174407
0.27358659808964	0.25098175545814
0.274066574577517	0.252125016481253
0.274546551065393	0.25337392254575
0.27502652755327	0.254721679698437
0.275506504041146	0.256159646991119
0.275986480529023	0.25767731094987
0.276466457016899	0.259262617558337
0.276946433504776	0.260902868604149
0.277426409992653	0.262585476245705
0.277906386480529	0.264298648810221
0.278386362968406	0.266032146985631
0.278866339456282	0.267777745758875
0.279346315944159	0.26952928783694
0.279826292432035	0.271282713752802
0.280306268919912	0.273035963067074
0.280786245407788	0.274788927837551
0.281266221895665	0.276543358384931
0.281746198383542	0.278302620446464
0.282226174871418	0.280071275845495
0.282706151359295	0.281854785661778
0.283186127847171	0.28365909142603
0.283666104335048	0.28549028877993
0.284146080822924	0.287354482146188
0.284626057310801	0.289257651075333
0.285106033798677	0.291205307266594
0.285586010286554	0.293202115353472
0.286065986774431	0.295251288085361
0.286545963262307	0.297353980042221
0.287025939750184	0.299508910751408
0.28750591623806	0.301712448682775
0.287985892725937	0.3039589902671
0.288465869213813	0.306241641003349
0.28894584570169	0.30855299337875
0.289425822189567	0.310885883344981
0.289905798677443	0.31323351729208
0.29038577516532	0.315589117744816
0.290865751653196	0.317945374326332
0.291345728141073	0.320293910649207
0.291825704628949	0.322624804638695
0.292305681116826	0.324926721099563
0.292785657604702	0.327187436479052
0.293265634092579	0.329394493707463
0.293745610580456	0.331535790190599
0.294225587068332	0.333600124081169
0.294705563556209	0.335577199175079
0.295185540044085	0.337457376003893
0.295665516531962	0.339231434658182
0.296145493019838	0.340890326075927
0.296625469507715	0.342425014619873
0.297105445995591	0.343826869114559
0.297585422483468	0.345088367368735
0.298065398971345	0.346203780044114
0.298545375459221	0.347169742033153
0.299025351947098	0.347985616118488
0.299505328434974	0.348653615566273
0.299985304922851	0.349178839927883
0.300465281410727	0.349569109039141
0.300945257898604	0.349834641567781
0.301425234386481	0.349987700307632
0.301905210874357	0.350042144677278
0.302385187362234	0.350012939910673
0.30286516385011	0.349915847773418
0.303345140337987	0.349767142874073
0.303825116825863	0.34958312258859
0.30430509331374	0.34937970343346
0.304785069801616	0.349172051725805
0.305265046289493	0.348974026517997
0.30574502277737	0.348797799262478
0.306224999265246	0.348653836586457
0.306704975753123	0.348550928722956
0.307184952240999	0.348496237975191
0.307664928728876	0.348495585507542
0.308144905216752	0.348553504355399
0.308624881704629	0.348672892213915
0.309104858192506	0.348854538358788
0.309584834680382	0.349096748501975
0.310064811168259	0.349395069538326
0.310544787656135	0.349742522027182
0.311024764144012	0.350130399256501
0.311504740631888	0.35054932549693
0.311984717119765	0.350990320348209
0.312464693607641	0.351445938521368
0.312944670095518	0.351911100527905
0.313424646583395	0.352383481737149
0.313904623071271	0.352863701143105
0.314384599559148	0.353355392757506
0.314864576047024	0.353864837487559
0.315344552534901	0.354400216951321
0.315824529022777	0.354970650378993
0.316304505510654	0.355585093588743
0.31678448199853	0.356251166369599
0.317264458486407	0.356974225901014
0.317744434974284	0.357756877288963
0.31822441146216	0.358599006341997
0.318704387950037	0.359498196291877
0.319184364437913	0.360450417206383
0.31966434092579	0.361450834496213
0.320144317413666	0.362494659570712
0.320624293901543	0.363577950603047
0.32110427038942	0.364698238240032
0.321584246877296	0.365854871639002
0.322064223365173	0.367049214658607
0.322544199853049	0.368284522001027
0.323024176340926	0.369565566491348
0.323504152828802	0.370898021576867
0.323984129316679	0.372287943425089
0.324464105804555	0.373741348531352
0.324944082292432	0.375264217520154
0.325424058780309	0.376862848039775
0.325904035268185	0.378544251612344
0.326384011756062	0.380316505231212
0.326863988243938	0.382188883339771
0.327343964731815	0.384171307441122
0.327823941219691	0.386273410307645
0.328303917707568	0.388503717993508
0.328783894195445	0.390868958466568
0.329263870683321	0.39337371815918
0.329743847171198	0.396020943960744
0.330223823659074	0.39881282433281
0.330703800146951	0.401751465341439
0.331183776634827	0.404839309398677
0.331663753122704	0.408079039044556
0.33214372961058	0.411472903472539
0.332623706098457	0.415021816870311
0.333103682586334	0.418724886293653
0.33358365907421	0.422579344320499
0.334063635562087	0.426581059092076
0.334543612049963	0.43072529679367
0.33502358853784	0.435007355184817
0.335503565025716	0.439422703858311
0.335983541513593	0.443966692628745
0.33646351800147	0.448633995109095
0.336943494489346	0.453418172497264
0.337423470977223	0.458311265878136
0.337903447465099	0.463303764841033
0.338383423952976	0.468385004436391
0.338863400440852	0.473543703882556
0.339343376928729	0.478768296116292
0.339823353416605	0.484047130398043
0.340303329904482	0.489368327129261
0.340783306392359	0.494719182774789
0.341263282880235	0.500085324937232
0.341743259368112	0.505449943966108
0.342223235855988	0.510793334365106
0.342703212343865	0.516093083365374
0.343183188831741	0.521324984337601
0.343663165319618	0.526464665990966
0.344143141807495	0.531489455135989
0.344623118295371	0.536380031189123
0.345103094783248	0.541121568703425
0.345583071271124	0.545704288542557
0.346063047759001	0.550122987735221
0.346543024246877	0.554376095064196
0.347023000734754	0.558464774115294
0.34750297722263	0.562391928344905
0.347982953710507	0.566161098792787
0.348462930198384	0.569775793465951
0.34894290668626	0.573239017611104
0.349422883174137	0.576552798154205
0.349902859662013	0.579718014946806
0.35038283614989	0.582734718403097
0.350862812637766	0.585602366787275
0.351342789125643	0.588320175937232
0.351822765613519	0.590887696764115
0.352302742101396	0.59330535901031
0.352782718589273	0.595574933359681
0.353262695077149	0.59770029394597
0.353742671565026	0.599688397308706
0.354222648052902	0.601549973512723
0.354702624540779	0.603299944903431
0.355182601028655	0.604957583411521
0.355662577516532	0.606546099359923
0.356142554004409	0.60809143521934
0.356622530492285	0.609620948311577
0.357102506980162	0.611162210733767
0.357582483468038	0.612741769850414
0.358062459955915	0.614383934828606
0.358542436443791	0.616109813368765
0.359022412931668	0.617936461782323
0.359502389419544	0.619876245079119
0.359982365907421	0.621936497676678
0.360462342395298	0.624119721628536
0.360942318883174	0.626424418713933
0.361422295371051	0.628846476217408
0.361902271858927	0.631380600482918
0.362382248346804	0.634021426433567
0.36286222483468	0.636764021777476
0.363342201322557	0.639603756893801
0.363822177810434	0.642535818810896
0.36430215429831	0.645554668498163
0.364782130786187	0.648653439711432
0.365262107274063	0.65182371830838
0.36574208376194	0.655055843241164
0.366222060249816	0.658339395187189
0.366702036737693	0.661663778530629
0.367182013225569	0.665019289501914
0.367661989713446	0.668398278992153
0.368141966201323	0.671796175197306
0.368621942689199	0.675212421398643
0.369101919177076	0.678651096748699
0.369581895664952	0.68212073489548
0.370061872152829	0.685633685361063
0.370541848640705	0.689205112144493
0.371021825128582	0.692851790926985
0.371501801616459	0.696591146134257
0.371981778104335	0.700440922422082
0.372461754592212	0.704418990196471
0.372941731080088	0.708543392373366
0.373421707567965	0.712832212403732
0.373901684055841	0.717302851120277
0.374381660543718	0.721970754241581
0.374861637031594	0.726848097831987
0.375341613519471	0.731942335145119
0.375821590007348	0.737255262332754
0.376301566495224	0.742782909212905
0.376781542983101	0.748516023453418
0.377261519470977	0.754440878272444
0.377741495958854	0.760540446411255
0.37822147244673	0.766795326766336
0.378701448934607	0.773184489100604
0.379181425422484	0.779685953767416
0.37966140191036	0.786277410121224
0.380141378398237	0.792936700540582
0.380621354886113	0.799642529502812
0.38110133137399	0.806375099499543
0.381581307861866	0.813116542310186
0.382061284349743	0.819851404917458
0.382541260837619	0.826567036845064
0.383021237325496	0.833253550162423
0.383501213813373	0.839903492470061
0.383981190301249	0.846511353009079
0.384461166789126	0.853072663194176
0.384941143277002	0.859582856177889
0.385421119764879	0.866036117156785
0.385901096252755	0.87242445810273
0.386381072740632	0.878737072028422
0.386861049228508	0.884960271657771
0.387341025716385	0.891077917192775
0.387821002204262	0.897072020215344
0.388300978692138	0.902923354338097
0.388780955180015	0.908612177122736
0.389260931667891	0.914118944083759
0.389740908155768	0.919425065578388
0.390220884643644	0.924513837525809
0.390700861131521	0.929371454773325
0.391180837619398	0.933987836737785
0.391660814107274	0.938357142000055
0.392140790595151	0.942478114475282
0.392620767083027	0.946354074212085
0.393100743570904	0.949992424980859
0.39358072005878	0.953403947639032
0.394060696546657	0.956601970419328
0.394540673034533	0.959600952783536
0.39502064952241	0.962414842264186
0.395500626010287	0.96505550069605
0.395980602498163	0.967531338733922
0.39646057898604	0.969846248429169
0.396940555473916	0.971999248607712
0.397420531961793	0.973984772859944
0.397900508449669	0.975793668766646
0.398380484937546	0.977414626640781
0.398860461425423	0.978835554434233
0.399340437913299	0.980044582084696
0.399820414401176	0.981030900554048
0.400300390889052	0.981785408724123
0.400780367376929	0.982301242532514
0.401260343864805	0.982574257493399
0.401740320352682	0.982603421358149
0.402220296840558	0.982391153625354
0.402700273328435	0.981943544606067
0.403180249816312	0.981270159573874
0.403660226304188	0.980383628408735
0.404140202792065	0.97929955310633
0.404620179279941	0.978036571121863
0.405100155767818	0.976616401426939
0.405580132255694	0.975063786786483
0.406060108743571	0.973406130776519
0.406540085231447	0.971672455395149
0.407020061719324	0.969891637137216
0.407500038207201	0.968090205885755
0.407980014695077	0.966290002597282
0.408459991182954	0.964506427734201
0.40893996767083	0.962747711820906
0.409419944158707	0.961015183615604
0.409899920646583	0.959304218257485
0.41037989713446	0.957605604609747
0.410859873622337	0.955907018994914
0.411339850110213	0.954194264652493
0.41181982659809	0.952452324929426
0.412299803085966	0.950666513572986
0.412779779573843	0.948823808615772
0.413259756061719	0.946914189593073
0.413739732549596	0.944931445972816
0.414219709037472	0.942873181609039
0.414699685525349	0.940739760104615
0.415179662013226	0.938532351968293
0.415659638501102	0.936250642640226
0.416139614988979	0.933891076410961
0.416619591476855	0.931446176531652
0.417099567964732	0.928905171095011
0.417579544452608	0.926255763335469
0.418059520940485	0.92348639727167
0.418539497428361	0.920588355297144
0.419019473916238	0.917557298781253
0.419499450404115	0.914394065753316
0.419979426891991	0.911105054815754
0.420459403379868	0.907702020858956
0.420939379867744	0.904201683715714
0.421419356355621	0.900625289997348
0.421899332843497	0.896998141671523
0.422379309331374	0.893348856916108
0.422859285819251	0.889709013330421
0.423339262307127	0.886113061924651
0.423819238795004	0.882598123488322
0.42429921528288	0.879203857747535
0.424779191770757	0.875972384724556
0.425259168258633	0.872947328711261
0.42573914474651	0.870172231483016
0.426219121234386	0.867688817231524
0.426699097722263	0.865535199198801
0.42717907421014	0.863744313539566
0.427659050698016	0.862343602145511
0.428139027185893	0.861355629342826
0.428619003673769	0.860799172994666
0.429098980161646	0.860690491372083
0.429578956649522	0.86104436217778
0.430058933137399	0.861874265843514
0.430538909625276	0.86319156392528
0.431018886113152	0.865004143009652
0.431498862601029	0.867315046508417
0.431978839088905	0.870121689557951
0.432458815576782	0.873415944945842
0.432938792064658	0.877185317385414
0.433418768552535	0.881414642073007
0.433898745040411	0.886087605098208
0.434378721528288	0.891187653958349
0.434858698016165	0.896698125199308
0.435338674504041	0.902601376833591
0.435818650991918	0.908877456807614
0.436298627479794	0.915503172395039
0.436778603967671	0.922451880238444
0.437258580455547	0.929693976865683
0.437738556943424	0.937198373472513
0.438218533431301	0.944934438494105
0.438698509919177	0.952873734669275
0.439178486407054	0.960990966617194
0.43965846289493	0.969264054326046
0.440138439382807	0.977673338639802
0.440618415870683	0.98620022385859
0.44109839235856	0.994825725970864
0.441578368846436	1.00352942899267
0.442058345334313	1.01228904047332
0.44253832182219	1.02108060041645
0.443018298310066	1.02987921319755
0.443498274797943	1.03866007970229
0.443978251285819	1.04739934976778
0.444458227773696	1.05607447225233
0.444938204261572	1.06466426033508
0.445418180749449	1.07314879103203
0.445898157237326	1.08150894145517
0.446378133725202	1.08972609808264
0.446858110213079	1.09778247880577
0.447338086700955	1.10566156158978
0.447818063188832	1.11334867403573
0.448298039676708	1.12083190596777
0.448778016164585	1.12810242648863
0.449257992652461	1.13515380098254
0.449737969140338	1.14198090316935
0.450217945628215	1.14857862803022
0.450697922116091	1.15494034203489
0.451177898603968	1.16105690410747
0.451657875091844	1.16691686621414
0.452137851579721	1.17250735232723
0.452617828067597	1.1778155471936
0.453097804555474	1.18283052985316
0.453577781043351	1.18754467772928
0.454057757531227	1.19195438876913
0.454537734019104	1.19606013674244
0.45501771050698	1.19986573834244
0.455497686994857	1.20337706604473
0.455977663482733	1.20660077980301
0.45645763997061	1.20954317241498
0.456937616458486	1.21220951908551
0.457417592946363	1.21460416083095
0.45789756943424	1.21673115691379
0.458377545922116	1.21859545409517
0.458857522409993	1.22020450235563
0.459337498897869	1.22156964750555
0.459817475385746	1.2227067735424
0.460297451873622	1.22363629687575
0.460777428361499	1.22438245032579
0.461257404849375	1.22497160471156
0.461737381337252	1.22543046535333
0.462217357825129	1.22578473438705
0.462697334313005	1.2260580296501
0.463177310800882	1.22627128841857
0.463657287288758	1.22644296213977
0.464137263776635	1.22658940349318
0.464617240264511	1.2267249486255
0.465097216752388	1.22686197787282
0.465577193240265	1.22701088623634
0.466057169728141	1.22717979776293
0.466537146216018	1.22737444915951
0.467017122703894	1.22759856330028
0.467497099191771	1.22785458038217
0.467977075679647	1.22814442411699
0.468457052167524	1.22847017165707
0.4689370286554	1.22883409246576
0.469417005143277	1.22923810554538
0.469896981631154	1.22968299183676
0.47037695811903	1.23016790879755
0.470856934606907	1.23069033861429
0.471336911094783	1.23124674838583
0.47181688758266	1.23183366864987
0.472296864070536	1.23244877619594
0.472776840558413	1.23309153363826
0.47325681704629	1.23376327767179
0.473736793534166	1.23446666191251
0.474216770022043	1.23520491385342
0.474696746509919	1.23598092670748
0.475176722997796	1.23679656730715
0.475656699485672	1.23765222061386
0.476136675973549	1.23854657125639
0.476616652461425	1.23947638851544
0.477096628949302	1.24043655083655
0.477576605437179	1.24142013246181
0.478056581925055	1.24241874321608
0.478536558412932	1.24342309517407
0.479016534900808	1.2444238306002
0.479496511388685	1.2454120981895
0.479976487876561	1.24638006134462
0.480456464364438	1.24732120712023
0.480936440852315	1.24823067832032
0.481416417340191	1.24910557859668
0.481896393828068	1.24994562705181
0.482376370315944	1.2507536432802
0.482856346803821	1.2515358655927
0.483336323291697	1.25230171117563
0.483816299779574	1.2530630514118
0.48429627626745	1.25383285344891
0.484776252755327	1.25462368581152
0.485256229243204	1.25544626558115
0.48573620573108	1.25630855091378
0.486216182218957	1.25721534676594
0.486696158706833	1.25816881950537
0.48717613519471	1.2591696174902
0.487656111682586	1.26021823996445
0.488136088170463	1.26131599235161
0.488616064658339	1.26246538739646
0.489096041146216	1.26366980952596
0.489576017634093	1.26493266081792
0.490055994121969	1.26625651429757
0.490535970609846	1.26764281675238
0.491015947097722	1.26909224764779
0.491495923585599	1.27060587887067
0.491975900073475	1.27218698998513
0.492455876561352	1.27384266711916
0.492935853049228	1.27558486696542
0.493415829537105	1.27743052940731
0.493895806024982	1.27940033598231
0.494375782512858	1.28151632606754
0.494855759000735	1.28379931221226
0.495335735488611	1.2862663608496
0.495815711976488	1.28892893867564
0.496295688464364	1.29179230822179
0.496775664952241	1.2948558240661
0.497255641440118	1.29811355420288
0.497735617927994	1.3015554188863
0.498215594415871	1.30516815425223
0.498695570903747	1.30893577733014
0.499175547391624	1.31283970863882
0.4996555238795	1.31685866617471
0.500135500367377	1.32096798995245
0.500615476855254	1.32513911154405
0.50109545334313	1.32933944294998
0.501575429831007	1.33353254871963
0.502055406318883	1.33767874851023
0.50253538280676	1.3417364230733
0.503015359294636	1.34566390608136
0.503495335782513	1.34942161958524
0.503975312270389	1.3529739817217
0.504455288758266	1.3562908062976
0.504935265246143	1.35934777444536
0.505415241734019	1.36212600762727
0.505895218221896	1.36461092595881
0.506375194709772	1.36679105739878
0.506855171197649	1.3686571084193
0.507335147685525	1.37020155456639
0.507815124173402	1.37141858267899
0.508295100661278	1.37230405315576
0.508775077149155	1.37285531696132
0.509255053637032	1.37307100487691
0.509735030124908	1.37295083667126
0.510215006612785	1.3724955283025
0.510694983100661	1.37170723850956
0.511174959588538	1.37059105247904
0.511654936076414	1.36915694293411
0.512134912564291	1.36742135130403
0.512614889052168	1.36540776820887
0.513094865540044	1.36314599970729
0.513574842027921	1.36066981539906
0.514054818515797	1.35801378877223
0.514534795003674	1.35521034869618
0.51501477149155	1.35228776890531
0.515494747979427	1.34926930579891
0.515974724467303	1.3461738434893
0.51645470095518	1.34301719480804
0.516934677443057	1.33981325543933
0.517414653930933	1.33657484056387
0.51789463041881	1.3333143585222
0.518374606906686	1.3300435669104
0.518854583394563	1.32677280553285
0.519334559882439	1.32351032188463
0.519814536370316	1.3202617741492
0.520294512858193	1.31702923324757
0.520774489346069	1.3138105238234
0.521254465833946	1.3105990351928
0.521734442321822	1.30738389930753
0.522214418809699	1.30415080910626
0.522694395297575	1.30088383917324
0.523174371785452	1.29756738525761
0.523654348273328	1.29418781216563
0.524134324761205	1.29073481939954
0.524614301249082	1.28720200921211
0.525094277736958	1.28358628894265
0.525574254224835	1.27988685273563
0.526054230712711	1.27610429049471
0.526534207200588	1.27223995827368
0.527014183688464	1.26829580221476
0.527494160176341	1.26427497046848
0.527974136664217	1.26018282196538
0.528454113152094	1.25602766902269
0.528934089639971	1.2518207447773
0.529414066127847	1.24757539902258
0.529894042615724	1.2433056587342
0.5303740191036	1.23902457704874
0.530853995591477	1.2347432096834
0.531333972079353	1.23047046919501
0.53181394856723	1.22621351191166
0.532293925055107	1.22197863623361
0.532773901542983	1.21777219021958
0.53325387803086	1.21360091394363
0.533733854518736	1.20947143426702
0.534213831006613	1.20538938070881
0.534693807494489	1.20135834920959
0.535173783982366	1.19737926592095
0.535653760470242	1.19345045258183
0.536133736958119	1.18956824411245
0.536613713445996	1.18572809733752
0.537093689933872	1.18192592826012
0.537573666421749	1.17815902911059
0.538053642909625	1.17442627297192
0.538533619397502	1.17072797970041
0.539013595885378	1.16706547183617
0.539493572373255	1.16344047344752
0.539973548861131	1.15985459496672
0.540453525349008	1.1563091573252
0.540933501836885	1.15280535693601
0.541413478324761	1.14934497956149
0.541893454812638	1.14593139437368
0.542373431300514	1.14257038508376
0.542853407788391	1.13927033719653
0.543333384276267	1.13604212849614
0.543813360764144	1.13289812500473
0.544293337252021	1.1298504443141
0.544773313739897	1.12690904899974
0.545253290227774	1.1240804886156
0.54573326671565	1.12136752664532
0.546213243203527	1.11877003547055
0.546693219691403	1.11628677117183
0.54717319617928	1.11391737705359
0.547653172667157	1.11166387824373
0.548133149155033	1.10953148309184
0.54861312564291	1.10752810862225
0.549093102130786	1.10566307320211
0.549573078618663	1.1039456522493
0.550053055106539	1.10238431324397
0.550533031594416	1.10098661816531
0.551013008082292	1.09975993254365
0.551492984570169	1.09871241872005
0.551972961058045	1.09785431411736
0.552452937545922	1.09719860751782
0.552932914033799	1.09676055802613
0.553412890521675	1.0965562006561
0.553892867009552	1.09660032099382
0.554372843497428	1.09690405108203
0.554852819985305	1.09747288533603
0.555332796473181	1.09830561682515
0.555812772961058	1.09939439456752
0.556292749448935	1.10072597059862
0.556772725936811	1.10228385825248
0.557252702424688	1.10405043173364
0.557732678912564	1.10600838719545
0.558212655400441	1.10814152185112
0.558692631888317	1.11043479315207
0.559172608376194	1.11287361294824
0.559652584864071	1.11544272386569
0.560132561351947	1.11812528323714
0.560612537839824	1.12090226741281
0.5610925143277	1.12375234460205
0.561572490815577	1.12665224513809
0.562052467303453	1.12957786350268
0.56253244379133	1.13250575358122
0.563012420279206	1.13541457107655
0.563492396767083	1.1382860461608
0.56397237325496	1.14110527979181
0.564452349742836	1.14386018521882
0.564932326230713	1.146540411281
0.565412302718589	1.14913654271905
0.565892279206466	1.15163983502875
0.566372255694342	1.15404253793617
0.566852232182219	1.15633863939613
0.567332208670096	1.15852450765603
0.567812185157972	1.16059877819398
0.568292161645849	1.16256162309747
0.568772138133725	1.16441368112575
0.569252114621602	1.16615510191296
0.569732091109478	1.16778501376779
0.570212067597355	1.1693017293561
0.570692044085231	1.17070321518244
0.571172020573108	1.17198758224377
0.571651997060985	1.17315331301318
0.572131973548861	1.17419911306642
0.572611950036738	1.17512324234821
0.573091926524614	1.17592298851235
0.573571903012491	1.1765941492019
0.574051879500367	1.17713062129401
0.574531855988244	1.17752436114361
0.57501183247612	1.17776575217524
0.575491808963997	1.17784375805966
0.575971785451874	1.17774632049306
0.57645176193975	1.17746098071622
0.576931738427627	1.17697560562065
0.577411714915503	1.17627901314158
0.57789169140338	1.17536181725991
0.578371667891256	1.17421707373814
0.578851644379133	1.17284099555178
0.57933162086701	1.17123351436084
0.579811597354886	1.16939860998083
0.580291573842763	1.16734389969682
0.580771550330639	1.16507970969124
0.581251526818516	1.16261766433114
0.581731503306392	1.15996908323712
0.582211479794269	1.15714319394612
0.582691456282145	1.154145730865
0.583171432770022	1.15097820793965
0.583651409257899	1.14763783484414
0.584131385745775	1.14411780660322
0.584611362233652	1.14040854553504
0.585091338721528	1.13649965950694
0.585571315209405	1.13238216865147
0.586051291697281	1.12805047432519
0.586531268185158	1.1235038153146
0.587011244673035	1.11874643353174
0.587491221160911	1.11378663071108
0.587971197648788	1.10863487506316
0.588451174136664	1.10330146906702
0.588931150624541	1.09779450401313
0.589411127112417	1.09211889601244
0.589891103600294	1.08627643452459
0.590371080088171	1.08026683192819
0.590851056576047	1.07408959435691
0.591331033063924	1.06774615888723
0.5918110095518	1.06124130481787
0.592290986039677	1.05458374394485
0.592770962527553	1.04778578388319
0.59325093901543	1.04086210255597
0.593730915503306	1.03382779800304
0.594210891991183	1.02669660822793
0.594690868479059	1.01947940804397
0.595170844966936	1.0121834957002
0.595650821454813	1.00481313447804
0.596130797942689	0.99737098674394
0.596610774430566	0.989860094524192
0.597090750918442	0.982285981683428
0.597570727406319	0.974658240941126
0.598050703894195	0.966990775030721
0.598530680382072	0.959301105139863
0.599010656869949	0.951609012333392
0.599490633357825	0.943934920044823
0.599970609845702	0.936298249558509
0.600450586333578	0.928716251301218
0.600930562821455	0.921203528749384
0.601410539309331	0.913772320677029
0.601890515797208	0.906432883610334
0.602370492285085	0.899194019385331
0.602850468772961	0.892063362817477
0.603330445260838	0.885047474018706
0.603810421748714	0.878151791527307
0.604290398236591	0.87138106206499
0.604770374724467	0.864739778530755
0.605250351212344	0.858232802568901
0.60573032770022	0.85186587314241
0.606210304188097	0.84564579098381
0.606690280675974	0.83957998132308
0.60717025716385	0.833675880291011
0.607650233651727	0.827940140385156
0.608130210139603	0.822377674728341
0.60861018662748	0.816990836950736
0.609090163115356	0.811779346464995
0.609570139603233	0.806740745055813
0.610050116091109	0.801871206273508
0.610530092578986	0.797166511050538
0.611010069066863	0.792623048122012
0.611490045554739	0.788238312524432
0.611970022042616	0.784010965481231
0.612449998530492	0.779940580809793
0.612929975018369	0.776027158287656
0.613409951506245	0.772270311825431
0.613889927994122	0.768668628570585
0.614369904481999	0.76521932213382
0.614849880969875	0.761918087560667
0.615329857457752	0.758759383534952
0.615809833945628	0.755737348486918
0.616289810433505	0.752846956631008
0.616769786921381	0.750085050012061
0.617249763409258	0.747451208012547
0.617729739897134	0.744948414106637
0.618209716385011	0.742582512878585
0.618689692872888	0.740360704720927
0.619169669360764	0.738289727903129
0.619649645848641	0.736373969072186
0.620129622336517	0.734613606434754
0.620609598824394	0.733003974241354
0.62108957531227	0.73153612123831
0.621569551800147	0.730197866973082
0.622049528288024	0.72897526357375
0.6225295047759	0.727854273105435
0.623009481263777	0.726821643393647
0.623489457751653	0.725865068926548
0.62396943423953	0.724973182059242
0.624449410727406	0.724135418886475
0.624929387215283	0.723341614116696
0.625409363703159	0.722582110453386
0.625889340191036	0.72184820569032
0.626369316678913	0.721132695798784
0.626849293166789	0.720430231217328
0.627329269654666	0.719737677032349
0.627809246142542	0.719054211821519
0.628289222630419	0.718381044382907
0.628769199118295	0.717720744907839
0.629249175606172	0.717076363175701
0.629729152094048	0.716450308174221
0.630209128581925	0.715843277728136
0.630689105069802	0.715253505608062
0.631169081557678	0.714676539111863
0.631649058045555	0.714105361360262
0.632129034533431	0.713530980048088
0.632609011021308	0.712943295068674
0.633088987509184	0.712332228167912
0.633568963997061	0.711688922180774
0.634048940484938	0.711006890969179
0.634528916972814	0.710282987336765
0.635008893460691	0.709518082158386
0.635488869948567	0.708717212667022
0.635968846436444	0.707888880288464
0.63644882292432	0.707043788333825
0.636928799412197	0.706193255984004
0.637408775900073	0.705347572745799
0.63788875238795	0.704514693222609
0.638368728875827	0.703699282508831
0.638848705363703	0.702902036821769
0.63932868185158	0.702119615933418
0.639808658339456	0.701345136308631
0.640288634827333	0.700569139346245
0.640768611315209	0.699780802633677
0.641248587803086	0.698969768111188
0.641728564290962	0.698128023626119
0.642208540778839	0.697251303153666
0.642688517266716	0.696339429841666
0.643168493754592	0.695395869669901
0.643648470242469	0.69442660630879
0.644128446730345	0.693438759706085
0.644608423218222	0.692439456281438
0.645088399706098	0.691435332331702
0.645568376193975	0.690432642820488
0.646048352681852	0.689437980269236
0.646528329169728	0.688458948618759
0.647008305657605	0.687504364167711
0.647488282145481	0.686583636785082
0.647968258633358	0.685706005664451
0.648448235121234	0.684879466645502
0.648928211609111	0.684109789558404
0.649408188096988	0.68339976639631
0.649888164584864	0.682749083987423
0.650368141072741	0.682154564003091
0.650848117560617	0.681610744974228
0.651328094048494	0.681110665840562
0.65180807053637	0.680646767326092
0.652288047024247	0.680211584104601
0.652768023512123	0.679798420978292
0.653248	0.679401889312409
0.653727976487877	0.679018185075886
0.654207952975753	0.678645066247134
0.65468792946363	0.678281982661273
0.655167905951506	0.677930162617141
0.655647882439383	0.677592487400896
0.656127858927259	0.677273224211861
0.656607835415136	0.676977936363221
0.657087811903013	0.676713313181106
0.657567788390889	0.676486755301973
0.658047764878766	0.676305878822301
0.658527741366642	0.676177974166223
0.659007717854519	0.676109454088056
0.659487694342395	0.676105301711685
0.659967670830272	0.676168786887662
0.660447647318148	0.676301534684391
0.660927623806025	0.676503868180924
0.661407600293902	0.676775327994517
0.661887576781778	0.677115306945329
0.662367553269655	0.677523518450946
0.662847529757531	0.678000226401563
0.663327506245408	0.678546475426999
0.663807482733284	0.679164210056521
0.664287459221161	0.679856116490693
0.664767435709037	0.680625318768544
0.665247412196914	0.681474949269495
0.665727388684791	0.682407354654898
0.666207365172667	0.683423042510985
0.666687341660544	0.684519840795065
0.66716731814842	0.685692433167336
0.667647294636297	0.686932384150758
0.668127271124173	0.688228866395767
0.66860724761205	0.689569829759929
0.669087224099927	0.690943242105661
0.669567200587803	0.692338137493081
0.67004717707568	0.693745224503355
0.670527153563556	0.695156932770125
0.671007130051433	0.696567271737446
0.671487106539309	0.69797146960838
0.671967083027186	0.69936546981847
0.672447059515062	0.700745603937332
0.672927036002939	0.702108452090672
0.673407012490816	0.703450615147497
0.673886988978692	0.704768650171798
0.674366965466569	0.706059036178706
0.674846941954445	0.707317917273036
0.675326918442322	0.708540733578961
0.675806894930198	0.709722158212849
0.676286871418075	0.710856243472831
0.676766847905951	0.711937014413121
0.677246824393828	0.712959370373461
0.677726800881705	0.713920064577329
0.678206777369581	0.714818298067445
0.678686753857458	0.715655833291947
0.679166730345334	0.716436593530192
0.679646706833211	0.717165963974393
0.680126683321087	0.717849705622261
0.680606659808964	0.71849280388826
0.681086636296841	0.719098605316122
0.681566612784717	0.719668027467069
0.682046589272594	0.720198676076119
0.68252656576047	0.720684380009227
0.683006542248347	0.721115242960343
0.683486518736223	0.721478210356434
0.6839664952241	0.721758438109716
0.684446471711976	0.72194116178872
0.684926448199853	0.722013303447912
0.68540642468773	0.721964729977161
0.685886401175606	0.721788769716428
0.686366377663483	0.721481766137817
0.686846354151359	0.72104221647638
0.687326330639236	0.720469972595555
0.687806307127112	0.71976545855097
0.688286283614989	0.718929245020203
0.688766260102866	0.71796211912955
0.689246236590742	0.716865272667518
0.689726213078619	0.71564069343409
0.690206189566495	0.714291891625318
0.690686166054372	0.712824358062128
0.691166142542248	0.71124566865062
0.691646119030125	0.709565288692955
0.692126095518002	0.707793843432516
0.692606072005878	0.7059416443124
0.693086048493755	0.704017190353007
0.693566024981631	0.702025989117813
0.694046001469508	0.699969940232118
0.694525977957384	0.697847734877475
0.695005954445261	0.695656060978969
0.695485930933137	0.693390947702031
0.695965907421014	0.691048783707476
0.696445883908891	0.688626947456841
0.696925860396767	0.686123770582516
0.697405836884644	0.683538177737271
0.69788581337252	0.680869378575055
0.698365789860397	0.678116840487564
0.698845766348273	0.675280377846406
0.69932574283615	0.672360382269972
0.699805719324026	0.669357762884785
0.700285695811903	0.666273697763379
0.70076567229978	0.663109104904314
0.701245648787656	0.659864158151946
0.701725625275533	0.656538012684383
0.702205601763409	0.653129150306721
0.702685578251286	0.649635864708222
0.703165554739162	0.646056845498866
0.703645531227039	0.64239149388465
0.704125507714916	0.638639995891473
0.704605484202792	0.634803016509498
0.705085460690669	0.630881540780625
0.705565437178545	0.62687679860474
0.706045413666422	0.622790294630454
0.706525390154298	0.618623892005302
0.707005366642175	0.614380022719733
0.707485343130051	0.610061688777447
0.707965319617928	0.605672433754847
0.708445296105805	0.601216540163462
0.708925272593681	0.596699182456372
0.709405249081558	0.592126574332707
0.709885225569434	0.587506196280574
0.710365202057311	0.582847038194819
0.710845178545187	0.578159547945004
0.711325155033064	0.573455394930663
0.71180513152094	0.568747017789553
0.712285108008817	0.56404705278374
0.712765084496694	0.559367789101304
0.71324506098457	0.554720946768537
0.713725037472447	0.550117539538403
0.714205013960323	0.54556806762669
0.7146849904482	0.54108291237598
0.715164966936076	0.536672920521169
0.715644943423953	0.532349875283973
0.71612491991183	0.528126755144147
0.716604896399706	0.524017585538563
0.717084872887583	0.520037090152815
0.717564849375459	0.516199950028683
0.718044825863336	0.512519846631421
0.718524802351212	0.509008787383063
0.719004778839089	0.505676835174988
0.719484755326965	0.50253196863305
0.719964731814842	0.499580096777347
0.720444708302719	0.496825252308276
0.720924684790595	0.494269700199056
0.721404661278472	0.491913987455179
0.721884637766348	0.489757051367737
0.722364614254225	0.487796356823321
0.722844590742101	0.486028037381486
0.723324567229978	0.484447264444372
0.723804543717855	0.483048589292077
0.724284520205731	0.481826206124115
0.724764496693608	0.480774092031593
0.725244473181484	0.47988623595017
0.725724449669361	0.479157039230735
0.726204426157237	0.478581716731304
0.726684402645114	0.478156332428564
0.72716437913299	0.477877578543981
0.727644355620867	0.477742174169199
0.728124332108744	0.477745662896704
0.72860430859662	0.477881050160308
0.729084285084497	0.478137809080199
0.729564261572373	0.478501264965689
0.73004423806025	0.47895264487101
0.730524214548126	0.479469986673164
0.731004191036003	0.480029431204734
0.731484167523879	0.480606684572213
0.731964144011756	0.481178609249585
0.732444120499633	0.481724594264056
0.732924096987509	0.48222735604261
0.733404073475386	0.482673486568789
0.733884049963262	0.483053708847841
0.734364026451139	0.483362797045848
0.734844002939015	0.483599419071256
0.735323979426892	0.483766064776328
0.735803955914769	0.483869100460769
0.736283932402645	0.483918763456176
0.736763908890522	0.483928647021381
0.737243885378398	0.483914588005643
0.737723861866275	0.483893039412217
0.738203838354151	0.483879024696735
0.738683814842028	0.483884156571617
0.739163791329905	0.483915385109433
0.739643767817781	0.483974634771188
0.740123744305658	0.484059033627897
0.740603720793534	0.484161588325442
0.741083697281411	0.484271790720352
0.741563673769287	0.484376044923448
0.742043650257164	0.484458043489998
0.74252362674504	0.484499088082723
0.743003603232917	0.484478408590687
0.743483579720793	0.484374056066935
0.74396355620867	0.484164383760522
0.744443532696547	0.483829463957915
0.744923509184423	0.483352317341641
0.7454034856723	0.482719786254492
0.745883462160176	0.481922768339538
0.746363438648053	0.480955960785294
0.746843415135929	0.479817515990245
0.747323391623806	0.478508412946929
0.747803368111683	0.47703169303659
0.748283344599559	0.475391789632749
0.748763321087436	0.473593825065012
0.749243297575312	0.471642707831649
0.749723274063189	0.46954278758875
0.750203250551065	0.467297673607578
0.750683227038942	0.464910200587695
0.751163203526819	0.462382821776375
0.751643180014695	0.459718504545204
0.752123156502572	0.456921399983524
0.752603132990448	0.45399736362032
0.753083109478325	0.450954268529797
0.753563085966201	0.447801680835982
0.754043062454078	0.444549927988432
0.754523038941954	0.441209301547247
0.755003015429831	0.437789371267316
0.755482991917708	0.434298575497433
0.755962968405584	0.430744304323656
0.756442944893461	0.427133466342971
0.756922921381337	0.423473154994012
0.757402897869214	0.419771336965002
0.75788287435709	0.416037396814887
0.758362850844967	0.412282278168652
0.758842827332843	0.408518150338559
0.75932280382072	0.404757890520435
0.759802780308597	0.401014643669551
0.760282756796473	0.397301356120081
0.76076273328435	0.393630531701618
0.761242709772226	0.390014484171582
0.761722686260103	0.386465788646287
0.762202662747979	0.382997718568156
0.762682639235856	0.37962451636531
0.763162615723733	0.376361452844076
0.763642592211609	0.373224347269955
0.764122568699486	0.370228789847971
0.764602545187362	0.367389307712554
0.765082521675239	0.364718557967705
0.765562498163115	0.362226742894668
0.766042474650992	0.359921436720408
0.766522451138869	0.357807683803262
0.767002427626745	0.355888286053073
0.767482404114622	0.35416418395891
0.767962380602498	0.352634898614997
0.768442357090375	0.351298909383035
0.768922333578251	0.350153987738181
0.769402310066128	0.349197317931621
0.769882286554004	0.348425462675353
0.770362263041881	0.347834163660219
0.770842239529758	0.347418112217974
0.771322216017634	0.347170811493428
0.771802192505511	0.347084535302857
0.772282168993387	0.347150462313732
0.772762145481264	0.34735897633094
0.77324212196914	0.347699964561894
0.773722098457017	0.348162967840188
0.774202074944893	0.348737438327881
0.77468205143277	0.349413010858771
0.775162027920647	0.350179718281947
0.775642004408523	0.351028320214025
0.7761219808964	0.35195077449549
0.776601957384276	0.352940645860738
0.777081933872153	0.353993640654492
0.777561910360029	0.35510829064747
0.778041886847906	0.356286102371193
0.778521863335783	0.357531156543721
0.779001839823659	0.35884947486729
0.779481816311536	0.360247920259799
0.779961792799412	0.36173268812325
0.780441769287289	0.363308173919847
0.780921745775165	0.364976345312771
0.781401722263042	0.366736548737112
0.781881698750919	0.368586162930146
0.782361675238795	0.370521636594901
0.782841651726672	0.372539178546129
0.783321628214548	0.374635179236561
0.783801604702425	0.376806394494999
0.784281581190301	0.379049634481519
0.784761557678178	0.381361195762637
0.785241534166054	0.383736608831003
0.785721510653931	0.386170533908144
0.786201487141807	0.388656819142859
0.786681463629684	0.391188765317828
0.787161440117561	0.393759350460862
0.787641416605437	0.396361487998725
0.788121393093314	0.398988524949419
0.78860136958119	0.401634755800766
0.789081346069067	0.404295832789016
0.789561322556943	0.40696902509138
0.79004129904482	0.409653085044671
0.790521275532697	0.412347585308375
0.791001252020573	0.415052009907714
0.79148122850845	0.417764664342414
0.791961204996326	0.420481841485272
0.792441181484203	0.423197513211952
0.792921157972079	0.425903674172595
0.793401134459956	0.42859097019679
0.793881110947833	0.431249511048657
0.794361087435709	0.433869547772379
0.794841063923586	0.436441857705633
0.795321040411462	0.438957839898489
0.795801016899339	0.441409656130647
0.796280993387215	0.443790586347624
0.796760969875092	0.446095471609118
0.797240946362968	0.448321085725531
0.797720922850845	0.450466278106426
0.798200899338722	0.452531663417661
0.798680875826598	0.454518902545207
0.799160852314475	0.456429978789018
0.799640828802351	0.458266800599339
0.800120805290228	0.460031088312199
0.800600781778104	0.461724582510621
0.801080758265981	0.463349446451909
0.801560734753857	0.464908395138771
0.802040711241734	0.466404499835115
0.802520687729611	0.467840738469994
0.803000664217487	0.469219272004652
0.803480640705364	0.470540614616936
0.80396061719324	0.471803038770532
0.804440593681117	0.473002263469281
0.804920570168993	0.474131246859571
0.80540054665687	0.475180274316636
0.805880523144747	0.476137426306859
0.806360499632623	0.476989452128705
0.8068404761205	0.477722751196026
0.807320452608376	0.478324450514426
0.807800429096253	0.478783348396824
0.808280405584129	0.479090666375694
0.808760382072006	0.479240373987303
0.809240358559882	0.47922919937198
0.809720335047759	0.47905647300931
0.810200311535636	0.478723810577982
0.810680288023512	0.478234630204187
0.811160264511389	0.477593727054869
0.811640240999265	0.476806811630722
0.812120217487142	0.475880173380913
0.812600193975018	0.474820614035259
0.813080170462895	0.473635660356006
0.813560146950772	0.472333683759852
0.814040123438648	0.470924052836939
0.814520099926525	0.469417224540741
0.815000076414401	0.467824639502778
0.815480052902278	0.466158241440171
0.815960029390154	0.464430040512322
0.816440005878031	0.462651784606804
0.816919982365907	0.460834624446713
0.817399958853784	0.458988729194641
0.817879935341661	0.457123044949599
0.818359911829537	0.455244952750337
0.818839888317414	0.453359871780393
0.81931986480529	0.451471020405662
0.819799841293167	0.449579569754699
0.820279817781043	0.447684951900569
0.82075979426892	0.445785450463623
0.821239770756796	0.44387895120692
0.821719747244673	0.441963584587821
0.82219972373255	0.440038116622483
0.822679700220426	0.43810226926999
0.823159676708303	0.436156992934934
0.823639653196179	0.434204772527684
0.824119629684056	0.432250056775977
0.824599606171932	0.430299645933298
0.825079582659809	0.428362853015023
0.825559559147686	0.426451312235819
0.826039535635562	0.424578309104835
0.826519512123439	0.422757735110412
0.826999488611315	0.421002818674527
0.827479465099192	0.419324856114815
0.827959441587068	0.41773228923151
0.828439418074945	0.416230290472649
0.828919394562821	0.414820751221613
0.829399371050698	0.413502633037687
0.829879347538575	0.412272506503825
0.830359324026451	0.411125069675709
0.830839300514328	0.410053466980985
0.831319277002204	0.409049449028928
0.831799253490081	0.408103354339632
0.832279229977957	0.407204057037692
0.832759206465834	0.406338980439314
0.83323918295371	0.405494253422932
0.833719159441587	0.404655051059273
0.834199135929464	0.403806179063131
0.83467911241734	0.402932500470431
0.835159088905217	0.402019151806983
0.835639065393093	0.401051560067799
0.83611904188097	0.400015243425261
0.836599018368846	0.398895567164559
0.837078994856723	0.39767784684387
0.8375589713446	0.396347817500284
0.838038947832476	0.394892275994438
0.838518924320353	0.393299728281467
0.838998900808229	0.391560717140506
0.839478877296106	0.389667719345475
0.839958853783982	0.38761488228243
0.840438830271859	0.385397551404297
0.840918806759736	0.383011774461076
0.841398783247612	0.380454106629298
0.841878759735489	0.377721817788042
0.842358736223365	0.374813002243908
0.842838712711242	0.371726668783992
0.843318689199118	0.368462849789041
0.843798665686995	0.365022506352862
0.844278642174871	0.361407279921133
0.844758618662748	0.357619469969109
0.845238595150624	0.353662079172794
0.845718571638501	0.349539017532123
0.846198548126378	0.345255452114397
0.846678524614254	0.340818078127455
0.847158501102131	0.336235048169826
0.847638477590007	0.331516072553592
0.848118454077884	0.326672402659678
0.84859843056576	0.321716567979811
0.849078407053637	0.31666190757449
0.849558383541514	0.31152219333151
0.85003836002939	0.306311239782941
0.850518336517267	0.301042589699561
0.850998313005143	0.295729331716413
0.85147828949302	0.290384091117935
0.851958265980896	0.285019134509627
0.852438242468773	0.279646571150875
0.85291821895665	0.27427840291623
0.853398195444526	0.268926517308783
0.853878171932403	0.263602652687992
0.854358148420279	0.258318239998632
0.854838124908156	0.253084093702524
0.855318101396032	0.247910134265993
0.855798077883909	0.242805306731049
0.856278054371786	0.237777556973852
0.856758030859662	0.232833812809154
0.857238007347539	0.227979907780653
0.857717983835415	0.223220530135554
0.858197960323292	0.218559071927546
0.858677936811168	0.213997647184135
0.859157913299045	0.209537292815601
0.859637889786921	0.205178217506143
0.860117866274798	0.200920164085488
0.860597842762674	0.196762899029523
0.861077819250551	0.192706588441417
0.861557795738428	0.188751971202961
0.862037772226304	0.184900480559242
0.862517748714181	0.18115423563384
0.862997725202057	0.177515803106052
0.863477701689934	0.173987964997614
0.86395767817781	0.170573621925623
0.864437654665687	0.167275699660004
0.864917631153564	0.164097069617798
0.86539760764144	0.161040601705519
0.865877584129317	0.158109363104655
0.866357560617193	0.155306932401877
0.86683753710507	0.152637788301513
0.867317513592946	0.150107546152385
0.867797490080823	0.147722929725095
0.8682774665687	0.14549149285737
0.868757443056576	0.143421274166613
0.869237419544453	0.141520596497266
0.869717396032329	0.139797811135561
0.870197372520206	0.138261049014298
0.870677349008082	0.136918061791828
0.871157325495959	0.135775996553986
0.871637301983835	0.134840811033319
0.872117278471712	0.134116776979339
0.872597254959589	0.133606118099974
0.873077231447465	0.133308764500135
0.873557207935342	0.133222380974735
0.874037184423218	0.133342868047749
0.874517160911095	0.133664923685201
0.874997137398971	0.134182681245606
0.875477113886848	0.134890536350635
0.875957090374724	0.13578365871261
0.876437066862601	0.136857876129579
0.876917043350478	0.138109378336498
0.877397019838354	0.139534175915718
0.877876996326231	0.141127091514346
0.878356972814107	0.142880839885572
0.878836949301984	0.144785516525738
0.87931692578986	0.146828360914496
0.879796902277737	0.148993900354077
0.880276878765614	0.151264607089972
0.88075685525349	0.153621606862673
0.881236831741367	0.156045276640168
0.881716808229243	0.158515975405596
0.88219678471712	0.161014807708763
0.882676761204996	0.163524136026023
0.883156737692873	0.16602814119239
0.88363671418075	0.168513348937261
0.884116690668626	0.170968943670485
0.884596667156503	0.173386734682207
0.885076643644379	0.175760930923195
0.885556620132256	0.17808772533839
0.886036596620132	0.180364962579231
0.886516573108009	0.18259194582236
0.886996549595885	0.184769560271553
0.887476526083762	0.186900349017017
0.887956502571638	0.188988406423748
0.888436479059515	0.191039142666165
0.888916455547392	0.193059075437544
0.889396432035268	0.195055301517788
0.889876408523145	0.197034981945703
0.890356385011021	0.199004962923967
0.890836361498898	0.200971614628312
0.891316337986774	0.202940478852445
0.891796314474651	0.204916098076308
0.892276290962528	0.206901837238241
0.892756267450404	0.208899735182994
0.893236243938281	0.210910413939688
0.893716220426157	0.212933279113918
0.894196196914034	0.214966768781435
0.89467617340191	0.217008840888398
0.895156149889787	0.219057600392724
0.895636126377664	0.221111818833253
0.89611610286554	0.223171016051413
0.896596079353417	0.22523525119634
0.897076055841293	0.227304737646017
0.89755603232917	0.229379330509684
0.898036008817046	0.231457800619699
0.898515985304923	0.233537264391962
0.898995961792799	0.235613032322577
0.899475938280676	0.237678736244328
0.899955914768553	0.23972676976694
0.900435891256429	0.241749220019351
0.900915867744306	0.243738931164819
0.901395844232182	0.245690414391211
0.901875820720059	0.247600604324409
0.902355797207935	0.249469281720486
0.902835773695812	0.251298854861605
0.903315750183688	0.253093862403845
0.903795726671565	0.254860444290865
0.904275703159442	0.256605533633057
0.904755679647318	0.258335982429584
0.905235656135195	0.2600579975185
0.905715632623071	0.261776661759811
0.906195609110948	0.26349553160033
0.906675585598824	0.265216551682854
0.907155562086701	0.266940148530161
0.907635538574578	0.268665410560345
0.908115515062454	0.270390353233801
0.908595491550331	0.272112132958739
0.909075468038207	0.27382705481099
0.909555444526084	0.275530505400961
0.91003542101396	0.277216873962677
0.910515397501837	0.278879533226703
0.910995373989713	0.280510983189384
0.91147535047759	0.282103231789591
0.911955326965467	0.283648214925051
0.912435303453343	0.285138233878256
0.91291527994122	0.286566297138301
0.913395256429096	0.287926231823248
0.913875232916973	0.28921273546811
0.914355209404849	0.290421574639602
0.914835185892726	0.29154973113959
0.915315162380603	0.292595503763472
0.915795138868479	0.293558598323218
0.916275115356356	0.294439952816734
0.916755091844232	0.295241241238634
0.917235068332109	0.295964304727962
0.917715044819985	0.296610735992978
0.918195021307862	0.297181653061888
0.918674997795738	0.297677845219029
0.919154974283615	0.298100238624547
0.919634950771492	0.298450416606659
0.920114927259368	0.298730969710482
0.920594903747245	0.298945604060853
0.921074880235121	0.299098975738938
0.921554856722998	0.299196321573626
0.922034833210874	0.299243142106437
0.922514809698751	0.299245069800819
0.922994786186627	0.299207888589645
0.923474762674504	0.299137595910665
0.923954739162381	0.299040446601006
0.924434715650257	0.298922894766377
0.924914692138134	0.298791371481133
0.92539466862601	0.298652036952541
0.925874645113887	0.298510666418984
0.926354621601763	0.298372668911781
0.92683459808964	0.298243233767104
0.927314574577517	0.29812750116703
0.927794551065393	0.298030662488044
0.92827452755327	0.297957803118863
0.928754504041146	0.297913519363129
0.929234480529023	0.297901311516418
0.929714457016899	0.297923047822063
0.930194433504776	0.297978529586814
0.930674409992652	0.298065402309625
0.931154386480529	0.298780539728072
0.931634362968406	0.299349207071393
0.932114339456282	0.299752534599095
0.932594315944159	0.299988666814491
0.933074292432035	0.300066749557017
0.933554268919912	0.300002031570421
0.934034245407788	0.299812345275654
0.934514221895665	0.299515831491977
0.934994198383541	0.299129629415275
0.935474174871418	0.298669228735882
0.935954151359295	0.298148238506845
0.936434127847171	0.29757838685724
0.936914104335048	0.296969636530871
0.937394080822924	0.296330349223038
0.937874057310801	0.295667469307591
0.938354033798677	0.294986699596745
0.938834010286554	0.294292666168611
0.939313986774431	0.293589073714002
0.939793963262307	0.292878855688311
0.940273939750184	0.292164301315703
0.94075391623806	0.291447166080174
0.941233892725937	0.290728765549753
0.941713869213813	0.290010053944915
0.94219384570169	0.289291688820416
0.942673822189567	0.288574091669904
0.943153798677443	0.287857498889072
0.94363377516532	0.287142008490113
0.944113751653196	0.286427622299068
0.944593728141073	0.285714277700468
0.945073704628949	0.285001863085676
0.945553681116826	0.284290220783746
0.946033657604702	0.283579139236658
0.946513634092579	0.282868333377367
0.946993610580456	0.282157417085817
0.947473587068332	0.281445880365683
0.947953563556209	0.28073308264536
0.948433540044085	0.280018258347833
0.948913516531962	0.27930053557457
0.949393493019838	0.278578966416089
0.949873469507715	0.27785256176475
0.950353445995591	0.277120321134022
0.950833422483468	0.27638125991385
0.951313398971345	0.27563442945721
0.951793375459221	0.274878929289564
0.952273351947098	0.274113915670282
0.952753328434974	0.273338610577534
0.953233304922851	0.272552302734732
0.953713281410727	0.271754343959638
0.954193257898604	0.270944144018419
0.954673234386481	0.270121162999308
0.955153210874357	0.269284901908447
0.955633187362234	0.268434897903363
0.95611316385011	0.267570721652703
0.956593140337987	0.266691976492284
0.957073116825863	0.265798297311725
0.95755309331374	0.26488934841912
0.958033069801617	0.263964818295632
0.958513046289493	0.263024414810288
0.95899302277737	0.262067861827155
0.959472999265246	0.261094897036638
0.959952975753123	0.260105271541725
0.960432952240999	0.259098752811009
0.960912928728876	0.258075127918718
0.961392905216752	0.257034206408076
0.961872881704629	0.255975823110585
0.962352858192505	0.254899839226823
0.962832834680382	0.253806141907417
0.963312811168259	0.252694644831369
0.963792787656135	0.25156528734282
0.964272764144012	0.25041803174181
0.964752740631888	0.249252859187823
0.965232717119765	0.248069764362855
0.965712693607641	0.246868748818318
0.966192670095518	0.245649815783135
0.966672646583395	0.244412968399912
0.967152623071271	0.243158210975471
0.967632599559148	0.241885553825883
0.968112576047024	0.240595021330515
0.968592552534901	0.239286660806593
0.969072529022777	0.237960549633266
0.969552505510654	0.236616799598813
0.970032481998531	0.235255557733501
0.970512458486407	0.233877003564945
0.970992434974284	0.232481344915165
0.97147241146216	0.231068812306661
0.971952387950037	0.229639654726924
0.972432364437913	0.228194136872805
0.97291234092579	0.226732537953034
0.973392317413666	0.225255151256033
0.973872293901543	0.223762284612866
0.97435227038942	0.22225426298258
0.974832246877296	0.220731433182181
0.975312223365173	0.219194170788195
0.975792199853049	0.217642889525717
0.976272176340926	0.216078049890595
0.976752152828802	0.214500167247112
0.977232129316679	0.212909811587452
0.977712105804555	0.211307596961771
0.978192082292432	0.209694157445296
0.978672058780309	0.20807011898791
0.979152035268185	0.206436064029188
0.979632011756062	0.204792500497326
