0	0.0419956655391725
0.000479976706944242	0.0424564926879288
0.000959953413888485	0.0429150798302119
0.00143993012083273	0.0433715237163715
0.00191990682777697	0.0438259312565678
0.00239988353472121	0.044278418851381
0.00287986024166545	0.0447291117277664
0.0033598369486097	0.0451781432811061
0.00383981365555394	0.0456256544241637
0.00431979036249818	0.046071792943795
0.00479976706944242	0.0465167128663027
0.00527974377638666	0.0469605738323449
0.00575972048333091	0.0474035409117776
0.00623969719027515	0.0478457855592599
0.00671967389721939	0.0482874843783353
0.00719965060416363	0.0487288156509119
0.00767962731110788	0.0491699546064032
0.00815960401805212	0.0496110678855623
0.00863958072499636	0.0500523076296025
0.0091195574319406	0.0504938091152618
0.00959953413888485	0.0509356897750966
0.0100795108458291	0.0513780491267684
0.0105594875527733	0.0518209700222538
0.0110394642597176	0.0522645205158411
0.0115194409666618	0.0527087534299553
0.0119994176736061	0.0531537065802042
0.0124793943805503	0.0535994041462324
0.0129593710874945	0.054045858628304
0.0134393477944388	0.0544930735816583
0.013919324501383	0.0549410485233651
0.0143993012083273	0.0553897829806399
0.0148792779152715	0.0558392795141733
0.0153592546222158	0.0562895456255852
0.01583923132916	0.0567405941723427
0.0163192080361042	0.057192442531764
0.0167991847430485	0.0576451124941596
0.0172791614499927	0.058098630445692
0.017759138156937	0.0585530275863714
0.0182391148638812	0.0590083401843831
0.0187190915708254	0.0594646098679743
0.0191990682777697	0.059921883956159
0.0196790449847139	0.0603802158295325
0.0201590216916582	0.0608396653425172
0.0206389983986024	0.061300299278391
0.0211189751055467	0.0617621918484781
0.0215989518124909	0.062225425236909
0.0220789285194351	0.0626900901923807
0.0225589052263794	0.0631562869588673
0.0230388819333236	0.0636241271023807
0.0235188586402679	0.0640937340143212
0.0239988353472121	0.0645652416273265
0.0244788120541564	0.0650387919207091
0.0249587887611006	0.0655145318187159
0.0254387654680448	0.0659926068136633
0.0259187421749891	0.0664731537297422
0.0263987188819333	0.0669562940135493
0.0268786955888776	0.06744212794931
0.0273586722958218	0.0679307299961823
0.0278386490027661	0.0684221480914275
0.0283186257097103	0.0689164049687006
0.0287986024166545	0.0694135018660937
0.0292785791235988	0.0699134247253345
0.029758555830543	0.0704161514687243
0.0302385325374873	0.0709216567398215
0.0307185092444315	0.0714299170367098
0.0311984859513758	0.0719409151196141
0.03167846265832	0.0724546422337339
0.0321584393652642	0.0729710981264777
0.0326384160722085	0.0734902928072709
0.0331183927791527	0.0740122503702193
0.033598369486097	0.0745370106319889
0.0340783461930412	0.0750646276928611
0.0345583228999854	0.075595165799935
0.0350382996069297	0.0761286924572355
0.0355182763138739	0.0766652683302594
0.0359982530208182	0.077204939196901
0.0364782297277624	0.077747732062584
0.0369582064347067	0.0782936563374869
0.0374381831416509	0.0788427117467278
0.0379181598485951	0.0793949036997685
0.0383981365555394	0.079950255503655
0.0388781132624836	0.0805088161626586
0.0393580899694279	0.0810706636465924
0.0398380666763721	0.0816359020942496
0.0403180433833164	0.0822046526090516
0.0407980200902606	0.0827770505279959
0.0412779967972048	0.0833532515881064
0.0417579735041491	0.0839334484350809
0.0422379502110933	0.0845179009714651
0.0427179269180376	0.0851069831940331
0.0431979036249818	0.0857012344050449
0.0436778803319261	0.0863014161076707
0.0441578570388703	0.0869085783087692
0.0446378337458145	0.0875241271011664
0.0451178104527588	0.0881498903348498
0.045597787159703	0.0887881942635362
0.0460777638666473	0.0894419412671929
0.0465577405735915	0.0901146618568629
0.0470377172805357	0.0908105024614154
0.04751769398748	0.0915340646354885
0.0479976706944242	0.0922899479144356
0.0484776474013685	0.0930817969970283
0.0489576241083127	0.0939105913842428
0.049437600815257	0.0951434936015463
0.0499175775222012	0.0964134075650192
0.0503975542291454	0.0977155002512989
0.0508775309360897	0.0990442457942189
0.0513575076430339	0.100393468541079
0.0518374843499782	0.101756651440827
0.0523174610569224	0.103127393566158
0.0527974377638667	0.104499850326543
0.0532774144708109	0.105869121948328
0.0537573911777551	0.107231469768335
0.0542373678846994	0.1085843749422
0.0547173445916436	0.109926476593715
0.0551973212985879	0.111257507521568
0.0556772980055321	0.112578272698337
0.0561572747124763	0.113890674623469
0.0566372514194206	0.115197606633107
0.0571172281263648	0.116502709182979
0.0575972048333091	0.117810021175021
0.0580771815402533	0.119123539675946
0.0585571582471976	0.120446855715079
0.0590371349541418	0.1217829350383
0.059517111661086	0.123134045266671
0.0599970883680303	0.124501836247231
0.0604770650749745	0.125887536932973
0.0609570417819188	0.127292070103664
0.061437018488863	0.128716079836657
0.0619169951958073	0.130159920971707
0.0623969719027515	0.131623601075592
0.0628769486096957	0.133106689280831
0.06335692531664	0.134608317272099
0.0638369020235842	0.136127239359133
0.0643168787305285	0.137661909400166
0.0647968554374727	0.139210543822608
0.065276832144417	0.140771131419535
0.0657568088513612	0.142341384036395
0.0662367855583054	0.143918738436924
0.0667167622652497	0.145500376229764
0.0671967389721939	0.14708327343953
0.0676767156791382	0.148664325719006
0.0681566923860824	0.150240357370403
0.0686366690930267	0.151807927225981
0.0691166457999709	0.153363026322937
0.0695966225069151	0.154900726817114
0.0700765992138594	0.156414799723936
0.0705565759208036	0.157897554078032
0.0710365526277479	0.15934005119321
0.0715165293346921	0.160732666798618
0.0719965060416363	0.162065854407241
0.0724764827485806	0.163331038267806
0.0729564594555248	0.164521250686281
0.0734364361624691	0.165631412359677
0.0739164128694133	0.166658315277356
0.0743963895763576	0.167600440842532
0.0748763662833018	0.168457527273565
0.075356342990246	0.169230216575951
0.0758363196971903	0.169919877790994
0.0763162964041345	0.170528406297742
0.0767962731110788	0.1710578840991
0.077276249818023	0.171510294071505
0.0777562265249672	0.171887242228492
0.0782362032319115	0.172189708267958
0.0787161799388557	0.172417998838538
0.0791961566458	0.172571988871006
0.0796761333527442	0.172651348213836
0.0801561100596885	0.172655793179955
0.0806360867666327	0.172585305439103
0.0811160634735769	0.172440160297563
0.0815960401805212	0.172220787707003
0.0820760168874654	0.171927726182735
0.0825559935944097	0.171561738738171
0.0830359703013539	0.171123876048457
0.0835159470082982	0.170615546931071
0.0839959237152424	0.170038563737005
0.0844759004221866	0.169395055073703
0.0849558771291309	0.168687125982091
0.0854358538360751	0.167916539401888
0.0859158305430194	0.167084526275961
0.0863958072499636	0.166191657328876
0.0868757839569079	0.165237905513879
0.0873557606638521	0.164223018107403
0.0878357373707963	0.163146857675206
0.0883157140777406	0.162009686802875
0.0887956907846848	0.160812390827676
0.0892756674916291	0.159556553187058
0.0897556441985733	0.158244256626007
0.0902356209055176	0.156877961100799
0.0907155976124618	0.155460424993593
0.091195574319406	0.153994656810998
0.0916755510263503	0.15248401028852
0.0921555277332945	0.150932553327915
0.0926355044402388	0.14934542193017
0.093115481147183	0.147729098885678
0.0935954578541272	0.146091618549988
0.0940754345610715	0.144442504322974
0.0945554112680157	0.142792356478863
0.09503538797496	0.141152319993581
0.0955153646819042	0.139533490818887
0.0959953413888485	0.137946357538669
0.0964753180957927	0.13640042449797
0.0969552948027369	0.13490407495843
0.0974352715096812	0.133464578384172
0.0979152482166254	0.132088157075529
0.0983952249235697	0.130780081673838
0.0988752016305139	0.129544659209322
0.0993551783374582	0.128385118573108
0.0998351550444024	0.127303512966817
0.100315131751347	0.126300725659305
0.100795108458291	0.125376477786774
0.101275085165235	0.124529436100669
0.101755061872179	0.123757410455443
0.102235038579124	0.123057575937059
0.102715015286068	0.122426596915056
0.103194991993012	0.121860793735027
0.103674968699956	0.121356380374722
0.104154945406901	0.120909651930271
0.104634922113845	0.120517175440591
0.105114898820789	0.120176004543366
0.105594875527733	0.119883724571623
0.106074852234678	0.119638261686072
0.106554828941622	0.119437603925588
0.107034805648566	0.11927948118906
0.10751478235551	0.119161164694226
0.107994759062455	0.119079510144358
0.108474735769399	0.11903117656888
0.108954712476343	0.119012892785176
0.109434689183287	0.119021759499258
0.109914665890231	0.119055440678656
0.110394642597176	0.119112251935144
0.11087461930412	0.119191251037802
0.111354596011064	0.119292248725733
0.111834572718008	0.119415690829339
0.112314549424953	0.119562511868139
0.112794526131897	0.119733907390861
0.113274502838841	0.119930976416358
0.113754479545785	0.120154446523271
0.11423445625273	0.120404506030764
0.114714432959674	0.120680734610035
0.115194409666618	0.120982237101623
0.115674386373562	0.121308002760345
0.116154363080507	0.121657226951334
0.116634339787451	0.122029494780761
0.117114316494395	0.122424829291423
0.117594293201339	0.122843580001738
0.118074269908284	0.123286194783932
0.118554246615228	0.123753158660714
0.119034223322172	0.124245117524041
0.119514200029116	0.124762924328149
0.119994176736061	0.125307602039216
0.120474153443005	0.12588027475908
0.120954130149949	0.126481907250742
0.121434106856893	0.127112850842261
0.121914083563838	0.127772578806181
0.122394060270782	0.128459582467302
0.122874036977726	0.129171410513871
0.12335401368467	0.129905018612742
0.123833990391615	0.130657411612961
0.124313967098559	0.131426171897863
0.124793943805503	0.132209842782482
0.125273920512447	0.133008102154655
0.125753897219391	0.133821554414209
0.126233873926336	0.134651272828821
0.12671385063328	0.13549839490435
0.127193827340224	0.13636376124184
0.127673804047168	0.137247682498965
0.128153780754113	0.138150009809483
0.128633757461057	0.139070415365373
0.129113734168001	0.1400088080942
0.129593710874945	0.140965571736107
0.13007368758189	0.141941544297924
0.130553664288834	0.142937728206036
0.131033640995778	0.143954846956028
0.131513617702722	0.144992737239879
0.131993594409667	0.146049999924664
0.132473571116611	0.147123863307684
0.132953547823555	0.148210222540811
0.133433524530499	0.149303786017878
0.133913501237444	0.150398428835343
0.134393477944388	0.151487336257167
0.134873454651332	0.152563103261863
0.135353431358276	0.153617870770582
0.135833408065221	0.154643503711408
0.136313384772165	0.155631680544635
0.136793361479109	0.156574295756626
0.137273338186053	0.157463878173697
0.137753314892998	0.158293861968846
0.138233291599942	0.15905877844695
0.138713268306886	0.159754386601714
0.13919324501383	0.160377504477177
0.139673221720775	0.160925784667226
0.140153198427719	0.161397545036801
0.140633175134663	0.16179148216253
0.141113151841607	0.162106366104401
0.141593128548551	0.162340974107289
0.142073105255496	0.162494139492931
0.14255308196244	0.162564862468461
0.143033058669384	0.162552680021529
0.143513035376328	0.16245806245345
0.143993012083273	0.162282673094482
0.144472988790217	0.162029585858208
0.144952965497161	0.161703437055122
0.145432942204105	0.161310301945693
0.14591291891105	0.160857432263968
0.146392895617994	0.160353039742659
0.146872872324938	0.15980605837251
0.147352849031882	0.159225949649304
0.147832825738827	0.158622570347838
0.148312802445771	0.158005930954434
0.148792779152715	0.157385822075483
0.149272755859659	0.156771435490871
0.149752732566604	0.15617100250325
0.150232709273548	0.155591434312105
0.150712685980492	0.155038148682093
0.151192662687436	0.154515147704265
0.151672639394381	0.154025231290219
0.152152616101325	0.15357029647944
0.152632592808269	0.153151697488535
0.153112569515213	0.152770617517518
0.153592546222158	0.152428377001744
0.154072522929102	0.152126716249006
0.154552499636046	0.151867998429551
0.15503247634299	0.15165535010821
0.155512453049934	0.151492638334938
0.155992429756879	0.15138423547397
0.156472406463823	0.151334596625055
0.156952383170767	0.151347708070265
0.157432359877711	0.151426519060066
0.157912336584656	0.15157256805944
0.1583923132916	0.151785836812799
0.158872289998544	0.15206482596694
0.159352266705488	0.152406836600813
0.159832243412433	0.15280839512012
0.160312220119377	0.153265579534797
0.160792196826321	0.153774269646946
0.161272173533265	0.154330322534805
0.16175215024021	0.154929538224614
0.162232126947154	0.155567443033357
0.162712103654098	0.15623913544647
0.163192080361042	0.156939173003741
0.163672057067987	0.157661481000329
0.164152033774931	0.158399406662193
0.164632010481875	0.159145937687939
0.165111987188819	0.159894054566607
0.165591963895764	0.160637181549551
0.166071940602708	0.16136971489084
0.166551917309652	0.162087597904491
0.167031894016596	0.16278867548168
0.167511870723541	0.16347267259329
0.167991847430485	0.164140820001474
0.168471824137429	0.164795181830341
0.168951800844373	0.165437746325218
0.169431777551318	0.166069602009711
0.169911754258262	0.166690445688617
0.170391730965206	0.167298516027225
0.17087170767215	0.167890882642453
0.171351684379095	0.168464046820685
0.171831661086039	0.169014502442341
0.172311637792983	0.169539029687487
0.172791614499927	0.170034688893773
0.173271591206871	0.170498593885932
0.173751567913816	0.170927501268333
0.17423154462076	0.171317568521954
0.174711521327704	0.171664494417994
0.175191498034648	0.171963859523767
0.175671474741593	0.172211488636249
0.176151451448537	0.172403836929909
0.176631428155481	0.172538215335795
0.177111404862425	0.172612681020163
0.17759138156937	0.172625797748684
0.178071358276314	0.172576493674578
0.178551334983258	0.172463950792038
0.179031311690202	0.172287460139408
0.179511288397147	0.172046387364354
0.179991265104091	0.171740034086961
0.180471241811035	0.171367385221586
0.180951218517979	0.170926868732504
0.181431195224924	0.170416329025979
0.181911171931868	0.169833156901794
0.182391148638812	0.169174745293302
0.182871125345756	0.168439212302922
0.183351102052701	0.167626180165937
0.183831078759645	0.166737282059114
0.184311055466589	0.165776453059345
0.184791032173533	0.164749938047766
0.185271008880478	0.163665937996556
0.185750985587422	0.162534041743748
0.186230962294366	0.161364785588799
0.18671093900131	0.160169212591906
0.187190915708254	0.158958525708344
0.187670892415199	0.157743828419275
0.188150869122143	0.156535913294907
0.188630845829087	0.155344986151494
0.189110822536031	0.154180467484314
0.189590799242976	0.153050825480655
0.19007077594992	0.151963383412446
0.190550752656864	0.150924140982358
0.191030729363808	0.149937728861122
0.191510706070753	0.149007450533739
0.191990682777697	0.148135369167229
0.192470659484641	0.147322433142253
0.192950636191585	0.146568616522682
0.19343061289853	0.145873043536131
0.193910589605474	0.145234073012996
0.194390566312418	0.144649342702929
0.194870543019362	0.144115875406269
0.195350519726307	0.143630235147137
0.195830496433251	0.143188643400981
0.196310473140195	0.142787112588838
0.196790449847139	0.142421425888021
0.197270426554084	0.14208697006383
0.197750403261028	0.141778470828501
0.198230379967972	0.141489778533236
0.198710356674916	0.141213735241957
0.199190333381861	0.140942278792825
0.199670310088805	0.140666705883977
0.200150286795749	0.140378042493624
0.200630263502693	0.140067427577316
0.201110240209638	0.139726470935169
0.201590216916582	0.139347444076624
0.202070193623526	0.138923472576589
0.20255017033047	0.138448812946319
0.203030147037415	0.137919185889571
0.203510123744359	0.137332144993847
0.203990100451303	0.136687469428574
0.204470077158247	0.135987273418562
0.204950053865191	0.135235757795336
0.205430030572136	0.134438702264021
0.20591000727908	0.133602734285905
0.206389983986024	0.132734641341582
0.206869960692968	0.131840905930304
0.207349937399913	0.130927481400414
0.207829914106857	0.129999730848083
0.208309890813801	0.129062548250198
0.208789867520745	0.128120512740943
0.20926984422769	0.127177944600589
0.209749820934634	0.126238912311195
0.210229797641578	0.125307193409674
0.210709774348522	0.12438614262466
0.211189751055467	0.123478555216749
0.211669727762411	0.122586622836094
0.212149704469355	0.121711842675233
0.212629681176299	0.12085495530858
0.213109657883244	0.120015953723314
0.213589634590188	0.119194187426678
0.214069611297132	0.118388490396043
0.214549588004076	0.117597369515577
0.215029564711021	0.116819208556051
0.215509541417965	0.116052392075977
0.215989518124909	0.115295322327218
0.216469494831853	0.11454647107539
0.216949471538798	0.113804422164973
0.217429448245742	0.113067989318604
0.217909424952686	0.1123365229043
0.21838940165963	0.111610283669936
0.218869378366574	0.110890649833367
0.219349355073519	0.110180233611453
0.219829331780463	0.109482815019335
0.220309308487407	0.108802922921733
0.220789285194351	0.10814523141267
0.221269261901296	0.107514070150682
0.22174923860824	0.10691298458657
0.222229215315184	0.106344422228422
0.222709192022128	0.105809692633499
0.223189168729073	0.105309050688186
0.223669145436017	0.104841801376068
0.224149122142961	0.104406567962026
0.224629098849905	0.104001597959535
0.22510907555685	0.103624960010843
0.225589052263794	0.103274735270536
0.226069028970738	0.102949226885772
0.226549005677682	0.102647026119804
0.227028982384627	0.1023670861249
0.227508959091571	0.102108823685038
0.227988935798515	0.101872242491625
0.228468912505459	0.101657973236694
0.228948889212404	0.101467293355868
0.229428865919348	0.101302016479878
0.229908842626292	0.101164230349286
0.230388819333236	0.101055950829129
0.230868796040181	0.100978895432503
0.231348772747125	0.100934350754972
0.231828749454069	0.100923162893185
0.232308726161013	0.100945885445386
0.232788702867958	0.10100305865392
0.233268679574902	0.101095321564477
0.233748656281846	0.101223402568892
0.23422863298879	0.101388006900864
0.234708609695734	0.101589680667234
0.235188586402679	0.101828650839381
0.235668563109623	0.102104917614358
0.236148539816567	0.102418447756521
0.236628516523511	0.102769370908609
0.237108493230456	0.10315807396506
0.2375884699374	0.103585050906779
0.238068446644344	0.104050396895549
0.238548423351288	0.104553217480235
0.239028400058233	0.105091169197007
0.239508376765177	0.105660196932774
0.239988353472121	0.106254506631679
0.240468330179065	0.106866888692247
0.24094830688601	0.10748923957257
0.241428283592954	0.108113089456352
0.241908260299898	0.10872997955638
0.242388237006842	0.109331609475357
0.242868213713787	0.109909812265419
0.243348190420731	0.110456508822234
0.243828167127675	0.110963775507923
0.244308143834619	0.111424139640319
0.244788120541564	0.111830952718375
0.245268097248508	0.112178743960408
0.245748073955452	0.112463501764246
0.246228050662396	0.112682810740085
0.246708027369341	0.112835818232312
0.247188004076285	0.112923157592277
0.247667980783229	0.112946854254869
0.248147957490173	0.11291022357609
0.248627934197118	0.112817831337806
0.249107910904062	0.112675485729414
0.249587887611006	0.112490078438614
0.25006786431795	0.112269292573219
0.250547841024894	0.112021214351484
0.251027817731839	0.111753858503058
0.251507794438783	0.111474671829278
0.251987771145727	0.111190183655836
0.252467747852671	0.110905828333641
0.252947724559616	0.110625955805693
0.25342770126656	0.110354013701982
0.253907677973504	0.110092773607969
0.254387654680448	0.109844595615057
0.254867631387393	0.109611700279944
0.255347608094337	0.10939637675078
0.255827584801281	0.109201049126102
0.256307561508225	0.109028254328378
0.25678753821517	0.108880648558357
0.257267514922114	0.108761049356371
0.257747491629058	0.108672500454791
0.258227468336002	0.108618373242723
0.258707445042947	0.108602516629775
0.259187421749891	0.108629324241695
0.259667398456835	0.108703693737407
0.260147375163779	0.108830911055692
0.260627351870724	0.109016375915739
0.261107328577668	0.109265278394489
0.261587305284612	0.109582312575813
0.262067281991556	0.109971401367699
0.262547258698501	0.110435412334985
0.263027235405445	0.110975984492696
0.263507212112389	0.111593450463321
0.263987188819333	0.112286874137757
0.264467165526278	0.113054261226425
0.264947142233222	0.113892943585267
0.265427118940166	0.114800038425518
0.26590709564711	0.115772774344191
0.266387072354054	0.116808656448953
0.266867049060999	0.117905378559794
0.267347025767943	0.119060381360605
0.267827002474887	0.120270181044311
0.268306979181831	0.121529756923254
0.268786955888776	0.122832174806672
0.26926693259572	0.124168538151613
0.269746909302664	0.125528380568933
0.270226886009608	0.126900460302962
0.270706862716553	0.128273766343201
0.271186839423497	0.129638374645168
0.271666816130441	0.1309858377157
0.272146792837385	0.132309045653616
0.27262676954433	0.133601670646748
0.273106746251274	0.134857418591546
0.273586722958218	0.136069473363559
0.274066699665162	0.137230338190659
0.274546676372107	0.138332135806769
0.275026653079051	0.139367341699633
0.275506629785995	0.140329714436009
0.275986606492939	0.141214968462965
0.276466583199884	0.142021238335985
0.276946559906828	0.142749289394983
0.277426536613772	0.143402460912481
0.277906513320716	0.143986329316506
0.278386490027661	0.14450844048568
0.278866466734605	0.144977935628098
0.279346443441549	0.145405103889085
0.279826420148493	0.145800816351335
0.280306396855438	0.146175931258969
0.280786373562382	0.1465407547297
0.281266350269326	0.146904767788669
0.28174632697627	0.147276540660677
0.282226303683214	0.147663850659357
0.282706280390159	0.14807390963407
0.283186257097103	0.148513552874542
0.283666233804047	0.148989257299447
0.284146210510991	0.149507052734967
0.284626187217936	0.150072278731242
0.28510616392488	0.150689347801922
0.285586140631824	0.151361596547072
0.286066117338768	0.15209131180802
0.286546094045713	0.152879878806616
0.287026070752657	0.15372801463732
0.287506047459601	0.154636050675774
0.287986024166545	0.155604037361798
0.28846600087349	0.156631700035142
0.288945977580434	0.157718304072114
0.289425954287378	0.158862460096705
0.289905930994322	0.160061926737263
0.290385907701267	0.161313542049177
0.290865884408211	0.16261326598145
0.291345861115155	0.163956303217264
0.291825837822099	0.165337300434081
0.292305814529044	0.166750618200699
0.292785791235988	0.168190604221845
0.293265767942932	0.169651697030831
0.293745744649876	0.171128429321612
0.294225721356821	0.172615426503074
0.294705698063765	0.17410732332437
0.295185674770709	0.175598718760607
0.295665651477653	0.177084298791831
0.296145628184597	0.178559053103804
0.296625604891542	0.180018499880805
0.297105581598486	0.181458983639754
0.29758555830543	0.182877982373838
0.298065535012374	0.184274199659138
0.298545511719319	0.185647532797297
0.299025488426263	0.186998928946557
0.299505465133207	0.188330043154324
0.299985441840151	0.189642835811897
0.300465418547096	0.190939296491702
0.30094539525404	0.192221246106806
0.301425371960984	0.193490112849921
0.301905348667928	0.194746680099869
0.302385325374873	0.195990821144038
0.302865302081817	0.197221244971231
0.303345278788761	0.19843525116879
0.303825255495705	0.199628595009805
0.30430523220265	0.200795561305681
0.304785208909594	0.201929220830257
0.305265185616538	0.203021916181835
0.305745162323482	0.204065880233324
0.306225139030427	0.205053808493018
0.306705115737371	0.205979292965343
0.307185092444315	0.206837050593045
0.307665069151259	0.207622983748166
0.308145045858204	0.208334028284563
0.308625022565148	0.208967912501379
0.309104999272092	0.209522909128452
0.309584975979036	0.20999766049557
0.310064952685981	0.210391084963832
0.310544929392925	0.210702407276528
0.311024906099869	0.210931241294471
0.311504882806813	0.211077701346967
0.311984859513757	0.211142481843937
0.312464836220702	0.211126967307861
0.312944812927646	0.21103327933056
0.31342478963459	0.210864241929693
0.313904766341534	0.210623284412549
0.314384743048479	0.210314379296557
0.314864719755423	0.209941982370953
0.315344696462367	0.209510864414547
0.315824673169311	0.209025719735138
0.316304649876256	0.208490602777253
0.3167846265832	0.207908352584451
0.317264603290144	0.207280031471875
0.317744579997088	0.206604541471172
0.318224556704033	0.205878659654203
0.318704533410977	0.205097569866426
0.319184510117921	0.204255657784153
0.319664486824865	0.203347500796835
0.32014446353181	0.202368874669381
0.320624440238754	0.201317412333898
0.321104416945698	0.200192811034549
0.321584393652642	0.198996754303639
0.322064370359587	0.197732412952209
0.322544347066531	0.196403826638713
0.323024323773475	0.195015570169628
0.323504300480419	0.193572649641145
0.323984277187364	0.192080359026722
0.324464253894308	0.190544294196947
0.324944230601252	0.188970453096425
0.325424207308196	0.187365239162063
0.325904184015141	0.185735401302723
0.326384160722085	0.184088068931935
0.326864137429029	0.182430653997136
0.327344114135973	0.18077074550092
0.327824090842917	0.179115987310805
0.328304067549862	0.177473892319582
0.328784044256806	0.175851557471792
0.32926402096375	0.174255493938473
0.329743997670694	0.17269153554598
0.330223974377639	0.171164954851538
0.330703951084583	0.169680719110404
0.331183927791527	0.168243863520514
0.331663904498471	0.166859804604959
0.332143881205416	0.165534541472415
0.33262385791236	0.164274641209025
0.333103834619304	0.163087130764925
0.333583811326248	0.161979312161271
0.334063788033193	0.160958587391406
0.334543764740137	0.160032288993781
0.335023741447081	0.159207637503745
0.335503718154025	0.158491843183614
0.33598369486097	0.157892260229136
0.336463671567914	0.157416453877547
0.336943648274858	0.157072152121874
0.337423624981802	0.156867055679964
0.337903601688747	0.156808493065571
0.338383578395691	0.156903060611921
0.338863555102635	0.157156318467959
0.339343531809579	0.157572592314619
0.339823508516524	0.158154977203352
0.340303485223468	0.158905621009342
0.340783461930412	0.159825959969307
0.341263438637356	0.16091677265896
0.341743415344301	0.162178094418128
0.342223392051245	0.163608972149366
0.342703368758189	0.165207019058619
0.343183345465133	0.166968118546039
0.343663322172078	0.168886336953586
0.344143298879022	0.170954044623776
0.344623275585966	0.173162155128643
0.34510325229291	0.175500440812039
0.345583228999854	0.177957697690248
0.346063205706799	0.180521912222849
0.346543182413743	0.183180351275888
0.347023159120687	0.185919647155195
0.347503135827631	0.188725922336809
0.347983112534576	0.191585173260821
0.34846308924152	0.194483715923186
0.348943065948464	0.197408688661606
0.349423042655408	0.200348527570089
0.349903019362353	0.203293348337323
0.350382996069297	0.206235016201026
0.350862972776241	0.209166967197378
0.351342949483185	0.212083738267147
0.35182292619013	0.214980384660963
0.352302902897074	0.217851924166478
0.352782879604018	0.220692909204353
0.353262856310962	0.223497179435281
0.353742833017907	0.226257959490432
0.354222809724851	0.228968239792826
0.354702786431795	0.231621118536841
0.355182763138739	0.234210022168565
0.355662739845684	0.236728793530783
0.356142716552628	0.239171541361633
0.356622693259572	0.24153227628331
0.357102669966516	0.243804634746558
0.357582646673461	0.245981854068742
0.358062623380405	0.248056848110923
0.358542600087349	0.250022315551908
0.359022576794293	0.251870854159959
0.359502553501237	0.25359498194244
0.359982530208182	0.255187143992487
0.360462506915126	0.256639781716278
0.36094248362207	0.257945498637335
0.361422460329014	0.259097350894949
0.361902437035959	0.260089319561786
0.362382413742903	0.260916812551696
0.362862390449847	0.261577020972535
0.363342367156791	0.262069168183988
0.363822343863736	0.262394671919834
0.36430232057068	0.262557225375598
0.364782297277624	0.262562716074683
0.365262273984568	0.262419206600293
0.365742250691513	0.262136916853219
0.366222227398457	0.261727974700958
0.366702204105401	0.261205844604555
0.367182180812345	0.260584632823484
0.36766215751929	0.259878366146494
0.368142134226234	0.259100179922913
0.368622110933178	0.258261652878615
0.369102087640122	0.257372486862625
0.369582064347067	0.25644054353548
0.370062041054011	0.255472159329598
0.370542017760955	0.254472659333854
0.371021994467899	0.253446879916287
0.371501971174844	0.252399563382841
0.371981947881788	0.251335580134399
0.372461924588732	0.250259977185862
0.372941901295676	0.249177818576909
0.37342187800262	0.248094016212565
0.373901854709565	0.2470132495292
0.374381831416509	0.245939869757807
0.374861808123453	0.244877708456103
0.375341784830397	0.243830041596749
0.375821761537342	0.242799558298699
0.376301738244286	0.241788201917712
0.37678171495123	0.240797012313365
0.377261691658174	0.239826040421068
0.377741668365119	0.238874235348346
0.378221645072063	0.237939397159608
0.378701621779007	0.237018203840389
0.379181598485951	0.236106179908754
0.379661575192896	0.23519778879837
0.38014155189984	0.234286756923106
0.380621528606784	0.233366451296056
0.381101505313728	0.232430296969745
0.381581482020673	0.231472298884894
0.382061458727617	0.230487350556907
0.382541435434561	0.229471305332331
0.383021412141505	0.22842092220144
0.38350138884845	0.2273336652002
0.383981365555394	0.226207353352665
0.384461342262338	0.225039905803533
0.384941318969282	0.223829201036172
0.385421295676227	0.222573057816174
0.385901272383171	0.221269379487728
0.386381249090115	0.219916487380256
0.386861225797059	0.218513426147577
0.387341202504004	0.217060220281601
0.387821179210948	0.215557967373112
0.388301155917892	0.214008747608089
0.388781132624836	0.212415392727461
0.38926110933178	0.210781254073682
0.389741086038725	0.209109985737021
0.390221062745669	0.207405470094366
0.390701039452613	0.205671927954011
0.391181016159557	0.203914224921541
0.391660992866502	0.202138313038066
0.392140969573446	0.200351552481769
0.39262094628039	0.198562750405427
0.393100922987334	0.196781936278358
0.393580899694279	0.195019836412771
0.394060876401223	0.193287099479838
0.394540853108167	0.191593581924904
0.395020829815111	0.189947894193471
0.395500806522056	0.188357216110116
0.395980783229	0.186827394083756
0.396460759935944	0.185363297062432
0.396940736642888	0.183969184327513
0.397420713349833	0.182649070896638
0.397900690056777	0.181406915446515
0.398380666763721	0.180246568420307
0.398860643470665	0.179171601733184
0.39934062017761	0.178185233743528
0.399820596884554	0.177290344755231
0.400300573591498	0.176489598927482
0.400780550298442	0.175785532169862
0.401260527005387	0.175180566319073
0.401740503712331	0.174676949042099
0.402220480419275	0.174276570894927
0.402700457126219	0.173980542488307
0.403180433833164	0.173788752262551
0.403660410540108	0.17369953574582
0.404140387247052	0.173709508472878
0.404620363953996	0.173813507559398
0.405100340660941	0.174004759272072
0.405580317367885	0.174275174345175
0.406060294074829	0.174615615453986
0.406540270781773	0.17501606932817
0.407020247488717	0.175465774592467
0.407500224195662	0.175953268678694
0.407980200902606	0.176466417682225
0.40846017760955	0.176992528253327
0.408940154316494	0.177518549160711
0.409420131023439	0.17803118173077
0.409900107730383	0.17851703407464
0.410380084437327	0.178962797267959
0.410860061144271	0.179355314788443
0.411340037851216	0.179681576108667
0.41182001455816	0.179928740539522
0.412299991265104	0.180084165280969
0.412779967972048	0.180135473886423
0.413259944678993	0.180070837937707
0.413739921385937	0.179879544894984
0.414219898092881	0.17955270414182
0.414699874799825	0.179083869784579
0.41517985150677	0.17846939850944
0.415659828213714	0.177708478214294
0.416139804920658	0.17680261263122
0.416619781627602	0.175754721187125
0.417099758334547	0.174568225894909
0.417579735041491	0.173246434627736
0.418059711748435	0.171792171474867
0.418539688455379	0.170207800934145
0.419019665162324	0.168495565505969
0.419499641869268	0.166657901298822
0.419979618576212	0.164697494906492
0.420459595283156	0.162617262516802
0.420939571990101	0.160420139674299
0.421419548697045	0.158108988777445
0.421899525403989	0.155686742397784
0.422379502110933	0.153156737901785
0.422859478817877	0.150522953326203
0.423339455524822	0.147790271472923
0.423819432231766	0.144964543954001
0.42429940893871	0.14205252769585
0.424779385645654	0.139061742131751
0.425259362352599	0.136000513538538
0.425739339059543	0.132878049502367
0.426219315766487	0.129704665544656
0.426699292473431	0.126491869885889
0.427179269180376	0.123252299628312
0.42765924588732	0.119999454855135
0.428139222594264	0.116747346721933
0.428619199301208	0.113509950212247
0.429099176008153	0.110300828446588
0.429579152715097	0.107132948268525
0.430059129422041	0.104018642952935
0.430539106128985	0.100969627997535
0.43101908283593	0.0979971340891822
0.431499059542874	0.0951119619770061
0.431979036249818	0.0923245017147324
0.432459012956762	0.0896446737481575
0.432938989663707	0.087081842191589
0.433418966370651	0.0846446770982174
0.433898943077595	0.0823410662924962
0.434378919784539	0.0801780568774824
0.434858896491484	0.0781618115861848
0.435338873198428	0.0762975797950303
0.435818849905372	0.0745896831436996
0.436298826612316	0.0730415172543496
0.436778803319261	0.0716555722272506
0.437258780026205	0.0704334612318956
0.437738756733149	0.0693759695383323
0.438218733440093	0.0684831439835328
0.438698710147037	0.0677543492191062
0.439178686853982	0.0671883478999856
0.439658663560926	0.0667832567352748
0.44013864026787	0.0665363922437832
0.440618616974814	0.0664439524865867
0.441098593681759	0.066500675105438
0.441578570388703	0.0666994999726959
0.442058547095647	0.0670314625358671
0.442538523802591	0.0674858785632145
0.443018500509536	0.0680509183184027
0.44349847721648	0.0687143444801801
0.443978453923424	0.0694643173605711
0.444458430630368	0.0702900340054601
0.444938407337313	0.0711821806357222
0.445418384044257	0.0721329639178782
0.445898360751201	0.0731359044104279
0.446378337458145	0.0741854515244802
0.44685831416509	0.0752766331454356
0.447338290872034	0.0764047180133718
0.447818267578978	0.0775651050676026
0.448298244285922	0.0787533896718944
0.448778220992867	0.0799655342029358
0.449258197699811	0.0811980265513507
0.449738174406755	0.0824479876340284
0.450218151113699	0.0837129993121307
0.450698127820644	0.084990730438766
0.451178104527588	0.0862784723558869
0.451658081234532	0.0875727309983381
0.452138057941476	0.0888689432070694
0.45261803464842	0.0901616244438647
0.453098011355365	0.0914448912484105
0.453577988062309	0.0927131178762319
0.454057964769253	0.0939616490344563
0.454537941476197	0.0951873751100222
0.455017918183142	0.0963887597026818
0.455497894890086	0.0975654160833945
0.45597787159703	0.0987175514976195
0.456457848303974	0.0998454764981067
0.456937825010919	0.100949221709082
0.457417801717863	0.1020284689861
0.457897778424807	0.10308266692682
0.458377755131751	0.104111200682547
0.458857731838696	0.105113498641195
0.45933770854564	0.106088988219267
0.459817685252584	0.107036890721406
0.460297661959528	0.107956058126197
0.460777638666473	0.108844950442122
0.461257615373417	0.109701716636384
0.461737592080361	0.110524347352117
0.462217568787305	0.111310926462979
0.46269754549425	0.112059864029754
0.463177522201194	0.112769992652214
0.463657498908138	0.113440490496807
0.464137475615082	0.114070834341532
0.464617452322027	0.11466085203124
0.465097429028971	0.115210831357535
0.465577405735915	0.115721683625739
0.466057382442859	0.116195210875391
0.466537359149804	0.11663443495211
0.467017335856748	0.117043755643756
0.467497312563692	0.117428886350539
0.467977289270636	0.117796456756146
0.46845726597758	0.118153270462412
0.468937242684525	0.118505343682051
0.469417219391469	0.118857036574248
0.469897196098413	0.119210427857393
0.470377172805357	0.119565149427419
0.470857149512302	0.11991874147353
0.471337126219246	0.120267354067433
0.47181710292619	0.120606529495225
0.472297079633134	0.120931985901626
0.472777056340079	0.121240228876701
0.473257033047023	0.121528823582837
0.473737009753967	0.121796427418469
0.474216986460911	0.122042677981166
0.474696963167856	0.122267831275512
0.4751769398748	0.122472278261816
0.475656916581744	0.122656122639688
0.476136893288688	0.122818763868809
0.476616869995633	0.122958617498713
0.477096846702577	0.123073129811578
0.477576823409521	0.123159046222839
0.478056800116465	0.123212728827679
0.47853677682341	0.123230575551378
0.479016753530354	0.123209394186042
0.479496730237298	0.123146621206954
0.479976706944242	0.123040449332057
0.480456683651187	0.122889868477873
0.480936660358131	0.12269451145339
0.481416637065075	0.122454459069154
0.481896613772019	0.122170080334971
0.482376590478964	0.121841830306092
0.482856567185908	0.12147010550118
0.483336543892852	0.121055280029101
0.483816520599796	0.120597895422278
0.484296497306741	0.120098863943053
0.484776474013685	0.119559637939749
0.485256450720629	0.118982255406177
0.485736427427573	0.118369313093353
0.486216404134517	0.117723912835557
0.486696380841462	0.117049589018818
0.487176357548406	0.116350238711591
0.48765633425535	0.115630160713136
0.488136310962294	0.11489405406395
0.488616287669239	0.114146928892097
0.489096264376183	0.113393752064961
0.489576241083127	0.112638933725597
0.490056217790071	0.111885768688344
0.490536194497016	0.111136039847212
0.49101617120396	0.110389731497672
0.491496147910904	0.109645077756669
0.491976124617848	0.108898937344113
0.492456101324793	0.10814739557654
0.492936078031737	0.107386397646236
0.493416054738681	0.106612333491141
0.493896031445625	0.105822430631507
0.49437600815257	0.105014976664965
0.494855984859514	0.104189394764194
0.495335961566458	0.103346249479564
0.495815938273402	0.102487117312422
0.496295914980347	0.101614611358436
0.496775891687291	0.100732416981712
0.497255868394235	0.0998451715948031
0.497735845101179	0.0989581812662278
0.498215821808124	0.0980771198864386
0.498695798515068	0.0972077198654154
0.499175775222012	0.0963554508134884
0.499655751928956	0.0955253284556868
0.500135728635901	0.0947218966104361
0.500615705342845	0.0939493981324305
0.501095682049789	0.0932121312596627
0.501575658756733	0.0925148207688057
0.502055635463677	0.0918628701339903
0.502535612170622	0.0912625310969598
0.503015588877566	0.090720968162072
0.50349556558451	0.0902460030031616
0.503975542291454	0.0898456515378328
0.504455518998399	0.0895276143086466
0.504935495705343	0.0892987185456304
0.505415472412287	0.0891644257373787
0.505895449119231	0.0891285727805091
0.506375425826176	0.0891933914799274
0.50685540253312	0.089359686997971
0.507335379240064	0.0896271230767162
0.507815355947008	0.0899944952853137
0.508295332653953	0.0904597917224839
0.508775309360897	0.0910201371378854
0.509255286067841	0.0916717274749084
0.509735262774785	0.0924097849178865
0.51021523948173	0.0932286554120379
0.510695216188674	0.0941221227660811
0.511175192895618	0.0950837384325717
0.511655169602562	0.0961070210417947
0.512135146309507	0.097185561430883
0.512615123016451	0.0983129976597174
0.513095099723395	0.0994827587530784
0.513575076430339	0.100687810967095
0.514055053137284	0.101920588957245
0.514535029844228	0.103173091038864
0.515015006551172	0.10443713125286
0.515494983258116	0.10570482943643
0.51597495996506	0.106969242669149
0.516454936672005	0.108224959430321
0.516934913378949	0.109468439233129
0.517414890085893	0.110697960887246
0.517894866792837	0.11191324502175
0.518374843499782	0.113114927258468
0.518854820206726	0.11430395914136
0.51933479691367	0.115481128233956
0.519814773620614	0.116646895572879
0.520294750327559	0.117801692650132
0.520774727034503	0.118946434610157
0.521254703741447	0.120083055177559
0.521734680448391	0.121214946990862
0.522214657155336	0.122347160100243
0.52269463386228	0.123486145832264
0.523174610569224	0.12463919975841
0.523654587276168	0.125813684090755
0.524134563983113	0.12701619788689
0.524614540690057	0.128251898175333
0.525094517397001	0.129524185040913
0.525574494103945	0.130834562372936
0.52605447081089	0.132182781466945
0.526534447517834	0.133567249307972
0.527014424224778	0.134985493828213
0.527494400931722	0.136434450423443
0.527974377638667	0.137910775486903
0.528454354345611	0.13941115624341
0.528934331052555	0.140932477951834
0.529414307759499	0.142471944940071
0.529894284466444	0.144027286418568
0.530374261173388	0.145596864035038
0.530854237880332	0.147179573140037
0.531334214587276	0.14877468134222
0.53181419129422	0.150381659594386
0.532294168001165	0.151999960035769
0.532774144708109	0.153628801629368
0.533254121415053	0.155267066131156
0.533734098121998	0.156913082786769
0.534214074828942	0.158564341517522
0.534694051535886	0.160217287454734
0.53517402824283	0.16186729123776
0.535654004949774	0.163508808088938
0.536133981656719	0.165135943973834
0.536613958363663	0.166743326039769
0.537093935070607	0.168327072945105
0.537573911777551	0.16988560720405
0.538053888484496	0.171420263616494
0.53853386519144	0.172935432895888
0.539013841898384	0.174438270777494
0.539493818605328	0.17593799376972
0.539973795312273	0.177444966588677
0.540453772019217	0.178969717865963
0.540933748726161	0.180522153886023
0.541413725433105	0.182110902355994
0.54189370214005	0.183742812738814
0.542373678846994	0.185422601909961
0.542853655553938	0.187152714115579
0.543333632260882	0.188933296701302
0.543813608967827	0.190762278199035
0.544293585674771	0.192635556567275
0.544773562381715	0.194547275164582
0.545253539088659	0.196490120475936
0.545733515795604	0.198455701996995
0.546213492502548	0.200434844373302
0.546693469209492	0.20241779416787
0.547173445916436	0.204394508353415
0.54765342262338	0.206354941517733
0.548133399330325	0.208289207335745
0.548613376037269	0.210187788766696
0.549093352744213	0.212041800434344
0.549573329451158	0.213843104881071
0.550053306158102	0.215584391333233
0.550533282865046	0.217259320473514
0.55101325957199	0.218862695048478
0.551493236278934	0.220390785128532
0.551973212985879	0.221841795732724
0.552453189692823	0.223216187072417
0.552933166399767	0.224516866443492
0.553413143106711	0.225749127688035
0.553893119813656	0.226920082569916
0.5543730965206	0.228037660142408
0.554853073227544	0.229109520207164
0.555333049934488	0.230141980200651
0.555813026641433	0.231139279825366
0.556293003348377	0.232103427289685
0.556772980055321	0.233034573812447
0.557252956762265	0.233931770087986
0.55773293346921	0.234793981151589
0.558212910176154	0.235620920289187
0.558692886883098	0.23641355934863
0.559172863590042	0.237174316700766
0.559652840296987	0.237906982291201
0.560132817003931	0.238616371239662
0.560612793710875	0.239307999282024
0.561092770417819	0.239987832670394
0.561572747124764	0.24066206050357
0.562052723831708	0.24133686049773
0.562532700538652	0.242018181411681
0.563012677245596	0.242711484607088
0.56349265395254	0.243421369986214
0.563972630659485	0.244151246479748
0.564452607366429	0.244903106454075
0.564932584073373	0.24567742405921
0.565412560780318	0.246473276298361
0.565892537487262	0.247288755381788
0.566372514194206	0.24812155765474
0.56685249090115	0.248969624136467
0.567332467608094	0.24983161866255
0.567812444315039	0.250707081924654
0.568292421021983	0.251596239891015
0.568772397728927	0.252499614987003
0.569252374435871	0.253417546259281
0.569732351142816	0.254349816387349
0.57021232784976	0.255295546035458
0.570692304556704	0.256253413540903
0.571172281263648	0.257222141601281
0.571652257970593	0.258200963071433
0.572132234677537	0.25918983389681
0.572612211384481	0.260189503555106
0.573092188091425	0.261201435353088
0.57357216479837	0.262227367971708
0.574052141505314	0.263268670643299
0.574532118212258	0.264325788587414
0.575012094919202	0.265397752676266
0.575492071626147	0.266481729294849
0.575972048333091	0.267572866617844
0.576452025040035	0.268664383437789
0.576932001746979	0.269747836271195
0.577411978453924	0.270813626907242
0.577891955160868	0.271851716544618
0.578371931867812	0.272852198226986
0.578851908574756	0.273805779211305
0.5793318852817	0.274704146593259
0.579811861988645	0.275540051763479
0.580291838695589	0.276307085589629
0.580771815402533	0.276999469370745
0.581251792109478	0.277611914768592
0.581731768816422	0.278139623464196
0.582211745523366	0.278578367939476
0.58269172223031	0.278924766402301
0.583171698937254	0.279176518727661
0.583651675644199	0.279332466676881
0.584131652351143	0.279392384059183
0.584611629058087	0.279356640254092
0.585091605765031	0.279225755279304
0.585571582471976	0.279000084436363
0.58605155917892	0.278679865136417
0.586531535885864	0.278265683173366
0.587011512592808	0.277759121904472
0.587491489299753	0.277163493664201
0.587971466006697	0.276484258062723
0.588451442713641	0.27572895281192
0.588931419420585	0.274906701358362
0.58941139612753	0.274027536135969
0.589891372834474	0.273101529333535
0.590371349541418	0.272138126412975
0.590851326248362	0.271145890933297
0.591331302955307	0.27013253540647
0.591811279662251	0.269105137868001
0.592291256369195	0.26807035144327
0.592771233076139	0.267034415532404
0.593251209783084	0.26600299994724
0.593731186490028	0.264981028836759
0.594211163196972	0.263972560527798
0.594691139903916	0.262980793507271
0.595171116610861	0.26200837433073
0.595651093317805	0.26105792194115
0.596131070024749	0.260132474740026
0.596611046731693	0.259235676647625
0.597091023438638	0.258371721721093
0.597571000145582	0.257545165015455
0.598050976852526	0.256760441893124
0.59853095355947	0.256021327080002
0.599010930266414	0.255330414478934
0.599490906973359	0.254688750665578
0.599970883680303	0.254095602367606
0.600450860387247	0.25354854596622
0.600930837094191	0.253043762777259
0.601410813801136	0.252576576051139
0.60189079050808	0.252142104196656
0.602370767215024	0.251735860748623
0.602850743921968	0.251354038055295
0.603330720628913	0.250993574247319
0.603810697335857	0.250651937020482
0.604290674042801	0.250326831941188
0.604770650749745	0.25001594210877
0.60525062745669	0.249716960295921
0.605730604163634	0.249427795541291
0.606210580870578	0.249146967431509
0.606690557577522	0.248873935133046
0.607170534284467	0.248609237134838
0.607650510991411	0.248354351839134
0.608130487698355	0.248111362676331
0.608610464405299	0.247882485875326
0.609090441112244	0.247669697686656
0.609570417819188	0.247474596093237
0.610050394526132	0.247298426936164
0.610530371233076	0.24714214402748
0.611010347940021	0.247006540248604
0.611490324646965	0.246892450407859
0.611970301353909	0.246800744251978
0.612450278060853	0.246732184137402
0.612930254767797	0.246687281390079
0.613410231474742	0.246666131071627
0.613890208181686	0.246668220339503
0.61437018488863	0.246692477498219
0.614850161595574	0.246737588615499
0.615330138302519	0.246802311818936
0.615810115009463	0.246885627384333
0.616290091716407	0.24698669867382
0.616770068423351	0.247104510116404
0.617250045130296	0.247237219753448
0.61773002183724	0.247381538372887
0.618209998544184	0.247532339362104
0.618689975251128	0.247682562647633
0.619169951958073	0.247823581719411
0.619649928665017	0.247945992640252
0.620129905371961	0.2480404612909
0.620609882078905	0.248098562277458
0.62108985878585	0.248113487303359
0.621569835492794	0.248080392212295
0.622049812199738	0.247996404927164
0.622529788906682	0.247860414669943
0.623009765613627	0.247672517005184
0.623489742320571	0.247433230155041
0.623969719027515	0.247142776624053
0.624449695734459	0.246800457235059
0.624929672441404	0.246404291395964
0.625409649148348	0.245951009116464
0.625889625855292	0.245436268368994
0.626369602562236	0.244854947339201
0.626849579269181	0.244201558297088
0.627329555976125	0.243470677435665
0.627809532683069	0.242657213198011
0.628289509390013	0.24175667062687
0.628769486096957	0.240765422451849
0.629249462803902	0.23968086772629
0.629729439510846	0.238501426554413
0.63020941621779	0.237226551946292
0.630689392924734	0.235856812544783
0.631169369631679	0.234394063702517
0.631649346338623	0.232841581513969
0.632129323045567	0.231204225732207
0.632609299752511	0.229488374667514
0.633089276459456	0.227701519672988
0.6335692531664	0.225851501662524
0.634049229873344	0.223945647805653
0.634529206580288	0.221989911676257
0.635009183287233	0.219988432822623
0.635489159994177	0.217943575740003
0.635969136701121	0.215856357214232
0.636449113408065	0.213726974398536
0.63692909011501	0.211555378107588
0.637409066821954	0.209341692540143
0.637889043528898	0.207086383190886
0.638369020235842	0.204790250176719
0.638848996942787	0.202454409437375
0.639328973649731	0.200080332777434
0.639808950356675	0.197670088417687
0.640288927063619	0.195226604017135
0.640768903770564	0.192753704471775
0.641248880477508	0.190255955599579
0.641728857184452	0.187738269452981
0.642208833891396	0.185205326276182
0.64268881059834	0.182660890048742
0.643168787305285	0.180107365193454
0.643648764012229	0.177545598461095
0.644128740719173	0.174975067779357
0.644608717426117	0.172394434213913
0.645088694133062	0.169802264871441
0.645568670840006	0.167197699763343
0.64604864754695	0.164581069676138
0.646528624253894	0.161954254646827
0.647008600960839	0.159320628060514
0.647488577667783	0.156684716374961
0.647968554374727	0.154051807432365
0.648448531081671	0.151427451745763
0.648928507788616	0.148817042485126
0.64940848449556	0.146225595410961
0.649888461202504	0.143657847731353
0.650368437909448	0.141118641970026
0.650848414616393	0.13861347864988
0.651328391323337	0.136148995235502
0.651808368030281	0.133733293504654
0.652288344737225	0.131375995160506
0.65276832144417	0.129087956059214
0.653248298151114	0.126880690789559
0.653728274858058	0.12476566951894
0.654208251565002	0.122753552978385
0.654688228271947	0.120853616119031
0.655168204978891	0.119073440191842
0.655648181685835	0.117418712325451
0.656128158392779	0.115893135137819
0.656608135099723	0.11449852614217
0.657088111806668	0.113234900591452
0.657568088513612	0.112100523016718
0.658048065220556	0.111092119424006
0.6585280419275	0.110205279825633
0.659008018634445	0.109434977213855
0.659487995341389	0.108776270494761
0.659967972048333	0.108224893649448
0.660447948755277	0.107777394690416
0.660927925462222	0.107430928425017
0.661407902169166	0.107182832699243
0.66188787887611	0.1070300494773
0.662367855583054	0.106968552115536
0.662847832289999	0.106993206817803
0.663327808996943	0.107097986600415
0.663807785703887	0.107276379855686
0.664287762410831	0.107521871583513
0.664767739117776	0.107828373229819
0.66524771582472	0.108190490624498
0.665727692531664	0.10860373607625
0.666207669238608	0.109064607212695
0.666687645945553	0.109570502152616
0.667167622652497	0.110119570092376
0.667647599359441	0.110710602970824
0.668127576066385	0.111342815794894
0.66860755277333	0.112015570733671
0.669087529480274	0.112728205045314
0.669567506187218	0.113480104462725
0.670047482894162	0.114270980348724
0.670527459601107	0.115101157311877
0.671007436308051	0.115971652380294
0.671487413014995	0.116884086514996
0.671967389721939	0.117840485094964
0.672447366428883	0.118842943756266
0.672927343135828	0.119893248945964
0.673407319842772	0.120992710042663
0.673887296549716	0.122142248233829
0.674367273256661	0.123342598370363
0.674847249963605	0.124594577613372
0.675327226670549	0.125899264956823
0.675807203377493	0.127258032019607
0.676287180084437	0.12867245176191
0.676767156791382	0.130144230608743
0.677247133498326	0.131675080095237
0.67772711020527	0.133266585478503
0.678207086912214	0.13492012857626
0.678687063619159	0.136636780335278
0.679167040326103	0.138416996258465
0.679647017033047	0.14026031275897
0.680126993739991	0.142165188205059
0.680606970446936	0.144129039034858
0.68108694715388	0.146148366229226
0.681566923860824	0.148219051410119
0.682046900567768	0.150336724499515
0.682526877274713	0.152496941161067
0.683006853981657	0.154695069188158
0.683486830688601	0.156925996597576
0.683966807395545	0.159183687096296
0.68444678410249	0.161460699223864
0.684926760809434	0.163748029518781
0.685406737516378	0.166035324911704
0.685886714223322	0.168311343767352
0.686366690930267	0.170564552150668
0.686846667637211	0.172783745823076
0.687326644344155	0.174958416717823
0.687806621051099	0.177078866052825
0.688286597758043	0.17913616172254
0.688766574464988	0.181122024562668
0.689246551171932	0.183028623763733
0.689726527878876	0.184848548846882
0.690206504585821	0.186574867642338
0.690686481292765	0.18820125778212
0.691166457999709	0.18972198750108
0.691646434706653	0.191131826207407
0.692126411413597	0.192425865887459
0.692606388120542	0.193599327936909
0.693086364827486	0.194647365903491
0.69356634153443	0.195565078511374
0.694046318241374	0.196347671096302
0.694526294948319	0.196990801924521
0.695006271655263	0.197491050336616
0.695486248362207	0.197846363681293
0.695966225069151	0.198056341498615
0.696446201776096	0.198122484149207
0.69692617848304	0.198048282538193
0.697406155189984	0.197838982269745
0.697886131896928	0.197501044288254
0.698366108603873	0.197041492626035
0.698846085310817	0.196467173310918
0.699326062017761	0.195784083007773
0.699806038724705	0.194997048979451
0.70028601543165	0.194109822637334
0.700765992138594	0.193125513888432
0.701245968845538	0.192047185406576
0.701725945552482	0.190878377341844
0.702205922259427	0.189623320478033
0.702685898966371	0.188286863426935
0.703165875673315	0.186874199872537
0.703645852380259	0.185390523462497
0.704125829087203	0.183840772901676
0.704605805794148	0.182229661939577
0.705085782501092	0.180561952080023
0.705565759208036	0.178842742671594
0.706045735914981	0.177077635281669
0.706525712621925	0.175272774621924
0.707005689328869	0.173434736383395
0.707485666035813	0.171570287803643
0.707965642742757	0.169686174441004
0.708445619449702	0.167789058589996
0.708925596156646	0.165885472189927
0.70940557286359	0.163981644467614
0.709885549570534	0.162083209248265
0.710365526277479	0.160194849719311
0.710845502984423	0.158319906792207
0.711325479691367	0.156460089711348
0.711805456398311	0.154615451392201
0.712285433105256	0.152784665453568
0.7127654098122	0.150965570821208
0.713245386519144	0.149155811698301
0.713725363226088	0.147353411657748
0.714205339933033	0.145557073015904
0.714685316639977	0.143766198934924
0.715165293346921	0.141980647185474
0.715645270053865	0.140200353169353
0.71612524676081	0.138424960753953
0.716605223467754	0.136653657477601
0.717085200174698	0.134885201726948
0.717565176881642	0.133118091558959
0.718045153588587	0.131350774297458
0.718525130295531	0.12958191125022
0.719005107002475	0.127810586027271
0.719485083709419	0.126036449500585
0.719965060416363	0.124259821150685
0.720445037123308	0.122481732388049
0.720925013830252	0.120703930618958
0.721404990537196	0.118928907602336
0.721884967244141	0.117159842825549
0.722364943951085	0.115400343985587
0.722844920658029	0.113654116317492
0.723324897364973	0.111924593729819
0.723804874071917	0.110214657647932
0.724284850778862	0.108526481642246
0.724764827485806	0.106861603166502
0.72524480419275	0.105221158228014
0.725724780899694	0.103606297374983
0.726204757606639	0.102018648418377
0.726684734313583	0.100460682911912
0.727164711020527	0.098935931908263
0.727644687727471	0.0974490425603363
0.728124664434416	0.096005593688793
0.72860464114136	0.0946117248374806
0.729084617848304	0.0932736944088165
0.729564594555248	0.0919974872292384
0.730044571262193	0.0907885913142387
0.730524547969137	0.0896518772510685
0.731004524676081	0.0885915767438655
0.731484501383025	0.0876112723527907
0.73196447808997	0.0867138567080607
0.732444454796914	0.0859013247755047
0.732924431503858	0.0851745012407749
0.733404408210802	0.0845327548294958
0.733884384917747	0.0839739291787401
0.734364361624691	0.0834944243560925
0.734844338331635	0.0830895133294483
0.735324315038579	0.0827536650158589
0.735804291745524	0.0824808243066865
0.736284268452468	0.0822645469478521
0.736764245159412	0.0820980991111885
0.737244221866356	0.0819745497320937
0.737724198573301	0.0818870679012102
0.738204175280245	0.0818293493568695
0.738684151987189	0.0817962499414787
0.739164128694133	0.0817843117944401
0.739644105401077	0.0817920328830932
0.740124082108022	0.0818198103459873
0.740604058814966	0.0818696169334244
0.74108403552191	0.0819444516535482
0.741564012228854	0.0820477702662038
0.742043988935799	0.0821830208405613
0.742523965642743	0.0823533604409589
0.743003942349687	0.0825615369591236
0.743483919056631	0.0828099270871599
0.743963895763576	0.0831006455786683
0.74444387247052	0.0834357238853827
0.744923849177464	0.0838172766727253
0.745403825884408	0.0842475811163057
0.745883802591353	0.0847290285365836
0.746363779298297	0.0852639961837181
0.746843756005241	0.0858546186028396
0.747323732712185	0.0865025438300152
0.74780370941913	0.0872087004322882
0.748283686126074	0.0879729809131356
0.748763662833018	0.0887940163958563
0.749243639539962	0.0896691315873123
0.749723616246907	0.0905942691736271
0.750203592953851	0.0915639773083494
0.750683569660795	0.0925715670394297
0.751163546367739	0.0936093696939548
0.751643523074684	0.0946689934719238
0.752123499781628	0.0957417330164534
0.752603476488572	0.0968189876573518
0.753083453195516	0.0978926022719651
0.753563429902461	0.0989552201352034
0.754043406609405	0.100000730014399
0.754523383316349	0.101024490101189
0.755003360023293	0.102023393453402
0.755483336730237	0.102995831260057
0.755963313437182	0.103941458118923
0.756443290144126	0.104860697292677
0.75692326685107	0.105754339608973
0.757403243558014	0.106623344816079
0.757883220264959	0.107468957090599
0.758363196971903	0.108293161726423
0.758843173678847	0.109099255827979
0.759323150385791	0.109892020875791
0.759803127092736	0.11067746582712
0.76028310379968	0.111462117238519
0.760763080506624	0.112251893543201
0.761243057213568	0.113050860296399
0.761723033920513	0.113860457315672
0.762203010627457	0.114679301050234
0.762682987334401	0.115503563990022
0.763162964041345	0.116327779109007
0.76364294074829	0.117145746159075
0.764122917455234	0.117951260915538
0.764602894162178	0.118738619955314
0.765082870869122	0.119502879263086
0.765562847576067	0.120239878733873
0.766042824283011	0.120945965531698
0.766522800989955	0.121617651321671
0.767002777696899	0.122251145828109
0.767482754403844	0.122841789856346
0.767962731110788	0.123383582339724
0.768442707817732	0.123869238025823
0.768922684524676	0.124290701248859
0.76940266123162	0.124639998156453
0.769882637938565	0.124910283811975
0.770362614645509	0.125096764734308
0.770842591352453	0.125197103963908
0.771322568059397	0.125211447260374
0.771802544766342	0.125142023207836
0.772282521473286	0.124992449444217
0.77276249818023	0.124767045714094
0.773242474887174	0.124470478531036
0.773722451594119	0.124107532280521
0.774202428301063	0.123683072540875
0.774682405008007	0.123202154068553
0.775162381714951	0.122670194192483
0.775642358421896	0.122093038965035
0.77612233512884	0.12147696387328
0.776602311835784	0.120828592150857
0.777082288542728	0.120154747235772
0.777562265249673	0.119462234856536
0.778042241956617	0.11875766686474
0.778522218663561	0.118047365647062
0.779002195370505	0.117337441431296
0.77948217207745	0.116633982892684
0.779962148784394	0.115943291603107
0.780442125491338	0.115272050580279
0.780922102198282	0.114627467835655
0.781402078905227	0.11401729033065
0.781882055612171	0.113449653791587
0.782362032319115	0.112932804891147
0.782842009026059	0.112474799084883
0.783321985733003	0.112083136652206
0.783801962439948	0.111764454845986
0.784281939146892	0.111524347640476
0.784761915853836	0.111367224232067
0.78524189256078	0.111296235280376
0.785721869267725	0.111313284681818
0.786201845974669	0.11141904912853
0.786681822681613	0.111613026380085
0.787161799388557	0.111893642425654
0.787641776095502	0.112258423016222
0.788121752802446	0.112704132578104
0.78860172950939	0.1132269211428
0.789081706216334	0.113822415156226
0.789561682923279	0.114485716648912
0.790041659630223	0.115211330304182
0.790521636337167	0.115993128210295
0.791001613044111	0.116824399948509
0.791481589751056	0.117697991533366
0.791961566458	0.118606548525587
0.792441543164944	0.119542827481208
0.792921519871888	0.120499940279249
0.793401496578833	0.121471518110653
0.793881473285777	0.122451824381656
0.794361449992721	0.12343578606328
0.794841426699665	0.124418919744888
0.79532140340661	0.125397305952791
0.795801380113554	0.126367686797533
0.796281356820498	0.12732746246043
0.796761333527442	0.128274648631158
0.797241310234386	0.129207803793954
0.797721286941331	0.130125875395869
0.798201263648275	0.131027902774661
0.798681240355219	0.131912778997432
0.799161217062163	0.132779069265533
0.799641193769108	0.133624999412511
0.800121170476052	0.134448582415553
0.800601147182996	0.135247835939869
0.80108112388994	0.136020883338965
0.801561100596885	0.136766023018701
0.802041077303829	0.137481662710498
0.802521054010773	0.1381661435515
0.803001030717717	0.138817493397628
0.803481007424662	0.139433336060274
0.803960984131606	0.140010948122073
0.80444096083855	0.140547442363199
0.804920937545494	0.14103996479223
0.805400914252439	0.14148589486308
0.805880890959383	0.141883031238671
0.806360867666327	0.142229740360371
0.806840844373271	0.142525093531703
0.807320821080216	0.142769040659307
0.80780079778716	0.142962536392513
0.808280774494104	0.143107505107694
0.808760751201048	0.143206624785837
0.809240727907993	0.143262934886896
0.809720704614937	0.143279366931234
0.810200681321881	0.143258312824766
0.810680658028825	0.14320139804085
0.81116063473577	0.143109559284895
0.811640611442714	0.14298335653557
0.812120588149658	0.142823310988493
0.812600564856602	0.142630165262586
0.813080541563546	0.142404961514715
0.813560518270491	0.142148896347153
0.814040494977435	0.14186303410802
0.814520471684379	0.141548083564034
0.815000448391323	0.141204323298572
0.815480425098268	0.140831715972947
0.815960401805212	0.140430166585608
0.816440378512156	0.139999773299444
0.8169203552191	0.139540969736879
0.817400331926045	0.139054574256095
0.817880308632989	0.138541770123658
0.818360285339933	0.138004037627229
0.818840262046877	0.137443186807701
0.819320238753822	0.136861452758175
0.819800215460766	0.136261566205561
0.82028019216771	0.135646767056995
0.820760168874654	0.135020785305096
0.821240145581599	0.134387630584076
0.821720122288543	0.133751278114861
0.822200098995487	0.133115326063162
0.822680075702431	0.132482671004456
0.823160052409376	0.131855200626744
0.82364002911632	0.131233642984646
0.824120005823264	0.130617507165294
0.824599982530208	0.130005133334308
0.825079959237153	0.129393851287449
0.825559935944097	0.128780199221101
0.826039912651041	0.128160063500954
0.826519889357985	0.127528837289678
0.82699986606493	0.126881577019413
0.827479842771874	0.12621314901619
0.827959819478818	0.125518279073133
0.828439796185762	0.124791523724472
0.828919772892706	0.124027188059188
0.829399749599651	0.123219241034026
0.829879726306595	0.122361272423087
0.830359703013539	0.121446512707004
0.830839679720483	0.120468014012925
0.831319656427428	0.119418976544857
0.831799633134372	0.118293166599679
0.832279609841316	0.117085355664609
0.83275958654826	0.115791758068332
0.833239563255205	0.114410335023905
0.833719539962149	0.11294103661835
0.834199516669093	0.111385805391446
0.834679493376037	0.109748372429962
0.835159470082982	0.108033819279904
0.835639446789926	0.106247914753394
0.83611942349687	0.104396270848083
0.836599400203814	0.102483663404649
0.837079376910759	0.100513547710751
0.837559353617703	0.0984880018498228
0.838039330324647	0.096408110241377
0.838519307031591	0.0942746528741239
0.838999283738536	0.0920887434204436
0.83947926044548	0.0898524151620993
0.839959237152424	0.0875689360771461
0.840439213859368	0.0852428294770906
0.840919190566313	0.0828797315369522
0.841399167273257	0.0804863053304823
0.841879143980201	0.0780700846079815
0.842359120687145	0.0756393732540511
0.84283909739409	0.0732032446890518
0.843319074101034	0.0707715202833356
0.843799050807978	0.0683546727375348
0.844279027514922	0.0659637164821285
0.844759004221866	0.0636100615813679
0.845238980928811	0.0613054216467663
0.845718957635755	0.0590617860769871
0.846198934342699	0.0568915208916266
0.846678911049644	0.0548074219798035
0.847158887756588	0.0528225869218301
0.847638864463532	0.0509501150025044
0.848118841170476	0.0492026467449681
0.84859881787742	0.0475917097779026
0.849078794584365	0.0461270986591193
0.849558771291309	0.0448164745535066
0.850038747998253	0.0436652328501876
0.850518724705197	0.042676666226081
0.850998701412142	0.0418523993267761
0.851478678119086	0.0411928370254643
0.85195865482603	0.0406975158022158
0.852438631532974	0.0403653406009811
0.852918608239919	0.0401946489360906
0.853398584946863	0.0401830903599897
0.853878561653807	0.0403275267322058
0.854358538360751	0.0406240070621594
0.854838515067696	0.041067772367489
0.85531849177464	0.0416532777847693
0.855798468481584	0.0423742338147679
0.856278445188528	0.0432236697635122
0.856758421895473	0.0441940090777074
0.857238398602417	0.0452771708907757
0.857718375309361	0.0464647337359793
0.858198352016305	0.0477480676653961
0.85867832872325	0.0491184214379877
0.859158305430194	0.0505668810224369
0.859638282137138	0.0520842047624558
0.860118258844082	0.0536605543642919
0.860598235551027	0.0552852683877929
0.861078212257971	0.0569467258149216
0.861558188964915	0.0586324319742701
0.862038165671859	0.0603293647362007
0.862518142378804	0.062024548800939
0.862998119085748	0.0637057119837352
0.863478095792692	0.0653619939591243
0.863958072499636	0.0669846579429495
0.86443804920658	0.0685677772419677
0.864918025913525	0.0701085531356559
0.865398002620469	0.0716073036289105
0.865877979327413	0.0730670246282705
0.866357956034357	0.0744925631745022
0.866837932741302	0.0758894706817325
0.867317909448246	0.0772628592987632
0.86779788615519	0.0786163316476005
0.868277862862134	0.0799512750381136
0.868757839569079	0.0812667146276102
0.869237816276023	0.0825595247482375
0.869717792982967	0.0838248029552693
0.870197769689911	0.0850565604663774
0.870677746396856	0.0862484092030066
0.8711577231038	0.0873940611614816
0.871637699810744	0.0884877730739313
0.872117676517688	0.0895247107304992
0.872597653224633	0.0905010165327871
0.873077629931577	0.0914138098124711
0.873557606638521	0.0922611359423307
0.874037583345465	0.093041814640852
0.87451756005241	0.0937553871842837
0.874997536759354	0.0944022133008859
0.875477513466298	0.0949835213596389
0.875957490173242	0.0955013910355357
0.876437466880187	0.0959586873254861
0.876917443587131	0.0963588799271189
0.877397420294075	0.0967057911523311
0.877877397001019	0.0970034055257762
0.878357373707964	0.0972557632517378
0.878837350414908	0.0974668480271985
0.879317327121852	0.0976404632503808
0.879797303828796	0.0977801063882628
0.88027728053574	0.0978888565271888
0.880757257242685	0.0979692658331585
0.881237233949629	0.0980232665308732
0.881717210656573	0.0980522066756861
0.882197187363517	0.0980569903154729
0.882677164070462	0.0980383047185632
0.883157140777406	0.0979969217987861
0.88363711748435	0.0979339475601488
0.884117094191294	0.0978510183842921
0.884597070898239	0.0977504371945661
0.885077047605183	0.0976352287967735
0.885557024312127	0.0975091172682033
0.886037001019071	0.0973763397794851
0.886516977726016	0.0972413319507943
0.88699695443296	0.0971083711897779
0.887476931139904	0.0969811370822346
0.887956907846848	0.0968622096505771
0.888436884553793	0.096752762847097
0.888916861260737	0.0966524871515046
0.889396837967681	0.09655969111363
0.889876814674625	0.0964716402011143
0.89035679138157	0.0963850719004269
0.890836768088514	0.0962967215842325
0.891316744795458	0.0962038249980736
0.891796721502402	0.0961045313350137
0.892276698209347	0.0959980930830085
0.892756674916291	0.0958849029464395
0.893236651623235	0.0957664837873034
0.893716628330179	0.0956453449848031
0.894196605037124	0.0955247127682332
0.894676581744068	0.0954082362397136
0.895156558451012	0.0952996169035673
0.895636535157956	0.0952022877632427
0.8961165118649	0.0951192009268848
0.896596488571845	0.0950526420011725
0.897076465278789	0.0950041062530319
0.897556441985733	0.0949742660938545
0.898036418692677	0.0949629241279157
0.898516395399622	0.0949689647130839
0.898996372106566	0.094990412391893
0.89947634881351	0.0950245807052505
0.899956325520454	0.0950682946592987
0.900436302227399	0.095118172403466
0.900916278934343	0.0951709052521846
0.901396255641287	0.0952233299200583
0.901876232348231	0.0952723353593018
0.902356209055176	0.0953146514169977
0.90283618576212	0.0953466542711555
0.903316162469064	0.0953642452091063
0.903796139176008	0.0953630043930297
0.904276115882953	0.0953385692089621
0.904756092589897	0.0952871419309167
0.905236069296841	0.0952059916331875
0.905716046003785	0.0950939490293219
0.90619602271073	0.0949516653038743
0.906675999417674	0.0947816184925368
0.907155976124618	0.0945879095239833
0.907635952831562	0.0943759466329504
0.908115929538507	0.0941519987535892
0.908595906245451	0.0939228265707573
0.909075882952395	0.0936954106475254
0.909555859659339	0.0934768020143211
0.910035836366283	0.0932741548899333
0.910515813073228	0.0930948248024172
0.910995789780172	0.0929464048838851
0.911475766487116	0.0928367314595284
0.91195574319406	0.0927737491667303
0.912435719901005	0.0927650820511782
0.912915696607949	0.092817469163158
0.913395673314893	0.092936261195431
0.913875650021837	0.093125008225973
0.914355626728782	0.0933852796848786
0.914835603435726	0.0937168489414302
0.91531558014267	0.094118119320747
0.915795556849614	0.0945866565875155
0.916275533556559	0.0951197849197003
0.916755510263503	0.0957149870838581
0.917235486970447	0.0963698008146173
0.917715463677391	0.0970814005194213
0.918195440384336	0.0978460663729376
0.91867541709128	0.098658592034519
0.919155393798224	0.0995118927430214
0.919635370505168	0.10039713711297
0.920115347212113	0.101304294008846
0.920595323919057	0.102222878126027
0.921075300626001	0.103142838442787
0.921555277332945	0.104055354124762
0.92203525403989	0.104953182578395
0.922515230746834	0.105830645052869
0.922995207453778	0.106683396213117
0.923475184160722	0.107507968189956
0.923955160867666	0.108301291165838
0.924435137574611	0.109060525061738
0.924915114281555	0.109783019509243
0.925395090988499	0.110466352034481
0.925875067695443	0.111108479003986
0.926355044402388	0.111707993289509
0.926835021109332	0.112264291573221
0.927314997816276	0.112777653161065
0.92779497452322	0.113249217146701
0.928274951230165	0.113680814977815
0.928754927937109	0.114074649358894
0.929234904644053	0.114432980142521
0.929714881350997	0.114757839108212
0.930194858057942	0.115050858502845
0.930674834764886	0.115313271900214
0.93115481147183	0.115546104013329
0.931634788178774	0.115750453859589
0.932114764885719	0.11592786683742
0.932594741592663	0.116080768189966
0.933074718299607	0.11621279569385
0.933554695006551	0.116329022758558
0.934034671713496	0.116436141772184
0.93451464842044	0.11654245443922
0.934994625127384	0.116657457733953
0.935474601834328	0.116791134923134
0.935954578541273	0.116953006808901
0.936434555248217	0.117151071530034
0.936914531955161	0.117390959700049
0.937394508662105	0.117675550254904
0.937874485369049	0.118538950989009
0.938354462075994	0.119535982118456
0.938834438782938	0.120627898857886
0.939314415489882	0.121779388868789
0.939794392196826	0.122960512676899
0.940274368903771	0.124147220705848
0.940754345610715	0.125321009231648
0.941234322317659	0.126468165352124
0.941714299024603	0.127578885815867
0.942194275731548	0.128646434972119
0.942674252438492	0.129666421091448
0.943154229145436	0.130636205537378
0.94363420585238	0.131554436595399
0.944114182559325	0.132420696092023
0.944594159266269	0.133235235074585
0.945074135973213	0.133998778593347
0.945554112680157	0.134712384332411
0.946034089387102	0.135377335502119
0.946514066094046	0.13599505806808
0.94699404280099	0.136567056784098
0.947474019507934	0.137094865344765
0.947953996214879	0.13758000676701
0.948433972921823	0.138023967687014
0.948913949628767	0.138428185790593
0.949393926335711	0.138794048666044
0.949873903042656	0.139122897364152
0.9503538797496	0.139416032422376
0.950833856456544	0.139674712335121
0.951313833163488	0.139900145462639
0.951793809870432	0.140093476937093
0.952273786577377	0.140255776089005
0.952753763284321	0.140388026190298
0.953233739991265	0.140491125178054
0.953713716698209	0.140565895951554
0.954193693405154	0.140613102806057
0.954673670112098	0.140633468273662
0.955153646819042	0.140627688935206
0.955633623525986	0.140596445576991
0.956113600232931	0.140540407757621
0.956593576939875	0.140460233696998
0.957073553646819	0.140356568767987
0.957553530353763	0.140230042461373
0.958033507060708	0.140081266762096
0.958513483767652	0.139910835050765
0.958993460474596	0.139719321075895
0.95947343718154	0.139507277992253
0.959953413888485	0.139275237461644
0.960433390595429	0.139023709157851
0.960913367302373	0.138753181543896
0.961393344009317	0.138464121753215
0.961873320716262	0.138156971957049
0.962353297423206	0.13783214303406
0.96283327413015	0.137490006717493
0.963313250837094	0.137130886683871
0.963793227544039	0.136755051517474
0.964273204250983	0.136362713026409
0.964753180957927	0.13595403038961
0.965233157664871	0.135529117496827
0.965713134371816	0.135088053146076
0.96619311107876	0.134630889885933
0.966673087785704	0.134157655124504
0.967153064492648	0.133668345164195
0.967633041199593	0.133162915684962
0.968113017906537	0.132641269703761
0.968592994613481	0.132103247602008
0.969072971320425	0.131548625744304
0.969552948027369	0.130977122956553
0.970032924734314	0.130388411827385
0.970512901441258	0.129782134324347
0.970992878148202	0.129157918375915
0.971472854855146	0.128515388572446
0.971952831562091	0.127854171146921
0.972432808269035	0.127173894979748
0.972912784975979	0.126474187710757
0.973392761682923	0.125754669310748
0.973872738389868	0.125014949534636
0.974352715096812	0.124254626705762
0.974832691803756	0.123473287103477
0.9753126685107	0.122670505452883
0.975792645217645	0.121845846040246
0.976272621924589	0.12099886172053
0.976752598631533	0.120129093530629
0.977232575338477	0.119236071532293
0.977712552045422	0.118319316486569
0.978192528752366	0.117378342775394
0.97867250545931	0.116412664502615
0.979152482166254	0.115421801210615
0.979632458873199	0.114405282841325
0.980112435580143	0.113362653552847
0.980592412287087	0.112293473539065
0.981072388994031	0.111197318911029
0.981552365700976	0.110073782624893
0.98203234240792	0.108922475822054
0.982512319114864	0.107743029193676
0.982992295821808	0.106535094366898
0.983472272528753	0.105298345822446
0.983952249235697	0.104032484302117
0.984432225942641	0.102737237766432
0.984912202649585	0.101412359016444
0.985392179356529	0.10005762039415
0.985872156063474	0.0986728055038948
0.986352132770418	0.0972576975219789
