0	0.250566873442078
0.000479976561355535	0.249580731007803
0.00095995312271107	0.248583235870872
0.0014399296840666	0.247574004867831
0.00191990624542214	0.246552619606198
0.00239988280677767	0.245518668466199
0.00287985936813321	0.244471776284703
0.00335983592948874	0.243411622306864
0.00383981249084428	0.242337946525823
0.00431978905219981	0.241250552598434
0.00479976561355535	0.240149303451382
0.00527974217491088	0.239034111287974
0.00575971873626642	0.237904924216786
0.00623969529762195	0.236761710292324
0.00671967185897749	0.235604438272218
0.00719964842033302	0.234433063499593
0.00767962498168856	0.233247520557319
0.00815960154304409	0.232047721738628
0.00863957810439963	0.230833563942855
0.00911955466575516	0.229604942036477
0.0095995312271107	0.228361761427738
0.0100795077884662	0.227103949959352
0.0105594843498218	0.22583146800876
0.0110394609111773	0.224544313051615
0.0115194374725328	0.223242519800176
0.0119994140338884	0.221926161064718
0.0124793905952439	0.220595348629878
0.0129593671565994	0.219250232132681
0.013439343717955	0.2178909961208
0.0139193202793105	0.216517855619155
0.014399296840666	0.21513104850647
0.0148792734020216	0.213730824654021
0.0153592499633771	0.21231743469252
0.0158392265247327	0.210891121584787
0.0163192030860882	0.209452115486523
0.0167991796474437	0.208000634276975
0.0172791562087993	0.206536889848388
0.0177591327701548	0.205061097254026
0.0182391093315103	0.20357348448408
0.0187190858928659	0.202074302205523
0.0191990624542214	0.200563830440973
0.0196790390155769	0.199042381838028
0.0201590155769325	0.197510303442102
0.020638992138288	0.195967978307938
0.0211189686996435	0.194415827165549
0.0215989452609991	0.192854310633925
0.0220789218223546	0.191283929529694
0.0225588983837101	0.189705220657224
0.0230388749450657	0.188118747907953
0.0235188515064212	0.186525088713303
0.0239988280677767	0.184924818372416
0.0244788046291323	0.183318495850412
0.0249587811904878	0.181706655671421
0.0254387577518434	0.180089808425421
0.0259187343131989	0.178468447745231
0.0263987108745544	0.176843060205599
0.02687868743591	0.175214135160762
0.0273586639972655	0.173582171896606
0.027838640558621	0.171947680276061
0.0283186171199766	0.170311173399516
0.0287985936813321	0.168673155100363
0.0292785702426876	0.16703410534277
0.0297585468040432	0.165394466168303
0.0302385233653987	0.163754631050451
0.0307184999267542	0.162114935577635
0.0311984764881098	0.160475650633294
0.0316784530494653	0.158836979071763
0.0321584296108208	0.157199054763451
0.0326384061721764	0.155561938668853
0.0331183827335319	0.153925615458691
0.0335983592948874	0.152289990834961
0.034078335856243	0.150654887755793
0.0345583124175985	0.149020041407244
0.0350382889789541	0.147385097237335
0.0355182655403096	0.145749605760292
0.0359982421016651	0.144113011215104
0.0364782186630207	0.142474633505561
0.0369581952243762	0.140833642652204
0.0374381717857317	0.139189019695023
0.0379181483470873	0.137539513019567
0.0383981249084428	0.135883591261408
0.0388781014697983	0.134219392174566
0.0393580780311539	0.132544666932831
0.0398380545925094	0.130856724723806
0.0403180311538649	0.129152372642581
0.0407980077152205	0.12742785152747
0.041277984276576	0.125678768923403
0.0417579608379315	0.123900019828082
0.0422379373992871	0.122085687015751
0.0427179139606426	0.12022893115566
0.0431978905219981	0.118321876152095
0.0436778670833537	0.116355490092863
0.0441578436447092	0.114319488599609
0.0446378202060648	0.112202305347657
0.0451177967674203	0.109991182857796
0.0455977733287758	0.107672463347481
0.0460777498901314	0.105232201579518
0.0465577264514869	0.102657240012378
0.0470377030128424	0.0999369084325663
0.047517679574198	0.0970654702640054
0.0479976561355535	0.0940452792282982
0.048477632696909	0.0908902532854245
0.0489576092582646	0.0876286774079674
0.0494375858196201	0.0846512326665674
0.0499175623809756	0.081722233111078
0.0503975389423312	0.0788426000734308
0.0508775155036867	0.0760110757078799
0.0513574920650422	0.0732249483928721
0.0518374686263978	0.07048088069768
0.0523174451877533	0.0677755905534549
0.0527974217491088	0.0651063110833707
0.0532773983104644	0.0624713453033393
0.0537573748718199	0.0598705295199666
0.0542373514331755	0.0573055540867365
0.054717327994531	0.0547802067712014
0.0551973045558865	0.0523004226615916
0.0556772811172421	0.0498739523735997
0.0561572576785976	0.0475097461591071
0.0566372342399531	0.0452169582503497
0.0571172108013087	0.0430037163427971
0.0575971873626642	0.0408760998123715
0.0580771639240197	0.0388375239050397
0.0585571404853753	0.0368885683372462
0.0590371170467308	0.0350273189181172
0.0595170936080863	0.0332500456805309
0.0599970701694419	0.0315519929348103
0.0604770467307974	0.0299281711625733
0.0609570232921529	0.0283740348259578
0.0614369998535085	0.0268860807951005
0.061916976414864	0.0254623434793666
0.0623969529762195	0.0241027255585092
0.0628769295375751	0.0228091691633837
0.0633569060989306	0.0215857243758058
0.0638368826602862	0.0204383186154514
0.0643168592216417	0.0193741859940404
0.0647968357829972	0.0184011716279351
0.0652768123443528	0.0175268689967869
0.0657567889057083	0.0167578331213223
0.0662367654670638	0.0160991931794932
0.0667167420284194	0.0155546256272649
0.0671967185897749	0.0151265688459432
0.0676766951511304	0.0148166286245308
0.068156671712486	0.0146259759070679
0.0686366482738415	0.0145556699804426
0.069116624835197	0.0146069638001954
0.0695966013965526	0.014781595914001
0.0700765779579081	0.0150820663036166
0.0705565545192636	0.015511962469659
0.0710365310806192	0.0160762347427132
0.0715165076419747	0.0167812417528117
0.0719964842033302	0.0176344804943208
0.0724764607646858	0.0186439957957015
0.0729564373260413	0.0198175937369549
0.0734364138873969	0.0211619156788237
0.0739163904487524	0.0226817555030982
0.0743963670101079	0.024379889034849
0.0748763435714635	0.0262572529200381
0.075356320132819	0.0283132028850942
0.0758362966941745	0.030545885951435
0.0763162732555301	0.0329524594271128
0.0767962498168856	0.0355290256559462
0.0772762263782411	0.0382704851289863
0.0777562029395967	0.0411704969994047
0.0782361795009522	0.04422151506732
0.0787161560623077	0.0474151638801041
0.0791961326236633	0.0507429040069998
0.0796761091850188	0.0541965441087405
0.0801560857463743	0.0577685585646201
0.0806360623077299	0.0614523434916825
0.0811160388690854	0.0652422326593056
0.081596015430441	0.0691331799029751
0.0820759919917965	0.0731204907160272
0.082555968553152	0.0771996606596066
0.0830359451145076	0.0813662413065352
0.0835159216758631	0.0856158023970492
0.0839958982372186	0.0899440763650459
0.0844758747985742	0.0943471057732417
0.0849558513599297	0.0988213196485287
0.0854358279212852	0.10336352684372
0.0859158044826408	0.107970837613205
0.0863957810439963	0.112640373512126
0.0868757576053518	0.117368980287933
0.0873557341667074	0.12215298379578
0.0878357107280629	0.126987987288539
0.0883156872894184	0.131868702225407
0.088795663850774	0.136788935803088
0.0892756404121295	0.141741663195038
0.089755616973485	0.14671921433823
0.0902355935348406	0.151713634324884
0.0907155700961961	0.156717087683228
0.0911955466575516	0.161722029952311
0.0916755232189072	0.166721285961094
0.0921554997802627	0.171708082676862
0.0926354763416183	0.176675762294271
0.0931154529029738	0.181617283667906
0.0935954294643293	0.186524847246217
0.0940754060256849	0.19138968499858
0.0945553825870404	0.19620188315143
0.0950353591483959	0.200950471671149
0.0955153357097515	0.20562370066281
0.095995312271107	0.210209397690742
0.0964752888324625	0.214695415070209
0.0969552653938181	0.219070201511656
0.0974352419551736	0.223323270735248
0.0979152185165291	0.227445579263171
0.0983951950778847	0.23142982882179
0.0988751716392402	0.235270569011699
0.0993551482005957	0.238963980021795
0.0998351247619513	0.242507543681961
0.100315101323307	0.245899704180943
0.100795077884662	0.249139568536649
0.101275054446018	0.252226576590656
0.101755031007373	0.255160286276629
0.102235007568729	0.257940286663157
0.102714984130084	0.260566113540449
0.10319496069144	0.263037178908081
0.103674937252796	0.265352848991039
0.104154913814151	0.267512525785818
0.104634890375507	0.269515693436788
0.105114866936862	0.27136202904459
0.105594843498218	0.273051505556107
0.106074820059573	0.274584367566235
0.106554796620929	0.275961039750879
0.107034773182284	0.27718200243759
0.10751474974364	0.278247669601903
0.107994726304995	0.279158308143197
0.108474702866351	0.279914055858591
0.108954679427706	0.280515002705219
0.109434655989062	0.280961344503391
0.109914632550418	0.281253553803398
0.110394609111773	0.281392540028297
0.110874585673129	0.281379782717234
0.111354562234484	0.281217414520817
0.11183453879584	0.280908239985088
0.112314515357195	0.280455700723971
0.112794491918551	0.279863769467789
0.113274468479906	0.279136786644306
0.113754445041262	0.278279351698519
0.114234421602617	0.277296219103824
0.114714398163973	0.276192182567107
0.115194374725328	0.274971982977471
0.115674351286684	0.273640265706309
0.116154327848039	0.272201480118585
0.116634304409395	0.270659727884215
0.117114280970751	0.269018597604578
0.117594257532106	0.267281002726771
0.118074234093462	0.265449028087922
0.118554210654817	0.263523904956434
0.119034187216173	0.261506119000658
0.119514163777528	0.259395625840198
0.119994140338884	0.257192152095788
0.120474116900239	0.254895523095374
0.120954093461595	0.252505879682464
0.12143407002295	0.250023805082559
0.121914046584306	0.247450369545328
0.122394023145661	0.244787073857938
0.122873999707017	0.242035737707631
0.123353976268372	0.239198460371056
0.123833952829728	0.236277611996376
0.124313929391084	0.233275825152534
0.124793905952439	0.230196001889604
0.125273882513795	0.227041319632226
0.12575385907515	0.223815236140278
0.126233835636506	0.220521523499538
0.126713812197861	0.217164363453636
0.127193788759217	0.21374852986131
0.127673765320572	0.210279586457338
0.128153741881928	0.206764094216578
0.128633718443283	0.203209684667783
0.129113695004639	0.19962494738271
0.129593671565994	0.196019121335843
0.13007364812735	0.192401692191526
0.130553624688706	0.188781929544929
0.131033601250061	0.185168543388089
0.131513577811417	0.181569563408542
0.131993554372772	0.177992488758334
0.132473530934128	0.174444506785958
0.132953507495483	0.170932731238057
0.133433484056839	0.167464319653845
0.133913460618194	0.164046418368554
0.13439343717955	0.160685903494914
0.134873413740905	0.157389136281799
0.135353390302261	0.154161657587043
0.135833366863616	0.151007947734346
0.136313343424972	0.147931300952853
0.136793319986327	0.14493381188098
0.137273296547683	0.142016355775012
0.137753273109039	0.139178682825863
0.138233249670394	0.136419617539444
0.13871322623175	0.133737312083919
0.139193202793105	0.131129555763799
0.139673179354461	0.128594106106776
0.140153155915816	0.126128796601485
0.140633132477172	0.123731506915988
0.141113109038527	0.121399975041634
0.141593085599883	0.119131378023075
0.142073062161238	0.116921927977094
0.142553038722594	0.114766692913814
0.143033015283949	0.112659589244811
0.143512991845305	0.110593607512736
0.14399296840666	0.108561332536053
0.144472944968016	0.106555548991035
0.144952921529372	0.104569939363187
0.145432898090727	0.102599800056294
0.145912874652083	0.10064247989038
0.146392851213438	0.0986974478362413
0.146872827774794	0.0967661573660378
0.147352804336149	0.0948516608689991
0.147832780897505	0.0929580967786064
0.14831275745886	0.0910902572333039
0.148792734020216	0.0892532244773925
0.149272710581571	0.0874520427557457
0.149752687142927	0.0856915358372729
0.150232663704282	0.0839761087956227
0.150712640265638	0.0823095427652308
0.151192616826994	0.0806947316025029
0.151672593388349	0.0791334010918152
0.152152569949705	0.0776258972969875
0.15263254651106	0.0761712182589312
0.153112523072416	0.0747672845510575
0.153592499633771	0.0734116364775738
0.154072476195127	0.072102380416618
0.154552452756482	0.0708389954814399
0.155032429317838	0.0696228718982081
0.155512405879193	0.0684574802238119
0.155992382440549	0.0673478774760828
0.156472359001904	0.0662999114902389
0.15695233556326	0.065319364688418
0.157432312124615	0.0644110441800423
0.157912288685971	0.0635781120255451
0.158392265247327	0.0628220695706836
0.158872241808682	0.0621428981527769
0.159352218370038	0.0615392852383935
0.159832194931393	0.0610089716727582
0.160312171492749	0.0605490099137848
0.160792148054104	0.0601558234402968
0.16127212461546	0.0598254555074073
0.161752101176815	0.0595539772850683
0.162232077738171	0.0593377968641134
0.162712054299526	0.0591738899691048
0.163192030860882	0.0590598410934186
0.163672007422237	0.0589935049855383
0.164151983983593	0.0589725046351482
0.164631960544948	0.058993794324554
0.165111937106304	0.0590534225088084
0.16559191366766	0.0591465170144591
0.166071890229015	0.0592675690235696
0.166551866790371	0.0594109309117485
0.167031843351726	0.05957134502966
0.167511819913082	0.0597442471418371
0.167991796474437	0.0599258568288396
0.168471773035793	0.0601131211029168
0.168951749597148	0.0603035909108045
0.169431726158504	0.0604953777743585
0.169911702719859	0.0606873353834191
0.170391679281215	0.0608793043021543
0.17087165584257	0.061072385443266
0.171351632403926	0.0612690881506244
0.171831608965282	0.0614734067285251
0.172311585526637	0.0616908507119353
0.172791562087993	0.0619285072115836
0.173271538649348	0.0621949736861358
0.173751515210704	0.0625002493332027
0.174231491772059	0.0628554005904255
0.174711468333415	0.0632719929137291
0.17519144489477	0.0637613792128741
0.175671421456126	0.0643340410187985
0.176151398017481	0.0649989386052587
0.176631374578837	0.0657631755682271
0.177111351140192	0.0666320438925277
0.177591327701548	0.0676092739762213
0.178071304262903	0.0686973339086095
0.178551280824259	0.0698978329407163
0.179031257385615	0.0712118079086951
0.17951123394697	0.0726397247599982
0.179991210508326	0.0741814091769571
0.180471187069681	0.0758358706285989
0.180951163631037	0.0776009921660121
0.181431140192392	0.0794732247732446
0.181911116753748	0.0814474127065812
0.182391093315103	0.0835167507734946
0.182871069876459	0.0856729859640147
0.183351046437814	0.0879068652117191
0.18383102299917	0.0902086407242082
0.184310999560525	0.0925684731456197
0.184790976121881	0.0949767345988574
0.185270952683237	0.0974241075986017
0.185750929244592	0.0999015319958076
0.186230905805948	0.102400215164364
0.186710882367303	0.104911638395639
0.187190858928659	0.107427441602859
0.187670835490014	0.109939344711688
0.18815081205137	0.112439108333112
0.188630788612725	0.11491844119236
0.189110765174081	0.117368997945656
0.189590741735436	0.119782603515075
0.190070718296792	0.122151697024445
0.190550694858147	0.124469834578116
0.191030671419503	0.12673208259838
0.191510647980858	0.12893514077251
0.191990624542214	0.131077214152364
0.19247060110357	0.133157588909735
0.192950577664925	0.135176055538414
0.193430554226281	0.137132405766814
0.193910530787636	0.139026159596345
0.194390507348992	0.140856550699047
0.194870483910347	0.142622657101532
0.195350460471703	0.144323487808486
0.195830437033058	0.145957953119494
0.196310413594414	0.147524879179331
0.196790390155769	0.149023025218289
0.197270366717125	0.150451105804957
0.19775034327848	0.151807859008464
0.198230319839836	0.15309222847079
0.198710296401191	0.154303618975374
0.199190272962547	0.155442053525579
0.199670249523903	0.156508187304864
0.200150226085258	0.157503290121926
0.200630202646614	0.15842920157807
0.201110179207969	0.159288242496142
0.201590155769325	0.160083150059332
0.20207013233068	0.160817043232362
0.202550108892036	0.16149331079101
0.203030085453391	0.162115484973954
0.203510062014747	0.162687116866473
0.203990038576102	0.163211678329293
0.204470015137458	0.163692541159516
0.204949991698813	0.16413297559394
0.205429968260169	0.164536108335988
0.205909944821524	0.164904821135971
0.20638992138288	0.165241563889569
0.206869897944236	0.165548132042693
0.207349874505591	0.165825511885883
0.207829851066947	0.166073796784992
0.208309827628302	0.166292201884548
0.208789804189658	0.166479266437431
0.209269780751013	0.16663313735054
0.209749757312369	0.166751905526794
0.210229733873724	0.166833916040472
0.21070971043508	0.166877896153105
0.211189686996435	0.166882898722537
0.211669663557791	0.166848199635795
0.212149640119146	0.166773144137982
0.212629616680502	0.166657034175073
0.213109593241858	0.16649919614096
0.213589569803213	0.166299263256931
0.214069546364569	0.16605757157165
0.214549522925924	0.165775566011986
0.21502949948728	0.165456017698625
0.215509476048635	0.165102952496876
0.215989452609991	0.16472129694639
0.216469429171346	0.164316368536596
0.216949405732702	0.163893434877241
0.217429382294057	0.163457409926707
0.217909358855413	0.163012771988281
0.218389335416768	0.162563672936937
0.218869311978124	0.162114082083636
0.219349288539479	0.161667820579657
0.219829265100835	0.16122861255506
0.220309241662191	0.160800143707565
0.220789218223546	0.160386100953283
0.221269194784902	0.159990185995086
0.221749171346257	0.159616162337015
0.222229147907613	0.159267810393431
0.222709124468968	0.15894884157296
0.223189101030324	0.158662695815411
0.223669077591679	0.158412250882124
0.224149054153035	0.158199511202592
0.22462903071439	0.158025414808206
0.225109007275746	0.157889722568483
0.225588983837101	0.157791048975523
0.226068960398457	0.157727037975168
0.226548936959813	0.157694708778177
0.227028913521168	0.157690940188474
0.227508890082524	0.157712899926904
0.227988866643879	0.157758287428667
0.228468843205235	0.157825438556223
0.22894881976659	0.157913197004719
0.229428796327946	0.158020557593564
0.229908772889301	0.158146290995151
0.230388749450657	0.158288615473423
0.230868726012012	0.15844499613209
0.231348702573368	0.158612165883131
0.231828679134723	0.158786336768687
0.232308655696079	0.158963471567602
0.232788632257434	0.159139757418161
0.23326860881879	0.159312110704746
0.233748585380146	0.159478515250446
0.234228561941501	0.159638213779215
0.234708538502857	0.159791810063821
0.235188515064212	0.159941111499085
0.235668491625568	0.160088874045506
0.236148468186923	0.160238610252253
0.236628444748279	0.160394516001992
0.237108421309634	0.160561661679497
0.23758839787099	0.160746138235428
0.238068374432345	0.160954916462915
0.238548350993701	0.161195553161011
0.239028327555056	0.161475701016459
0.239508304116412	0.161802236015078
0.239988280677768	0.162180462892062
0.240468257239123	0.162613694707671
0.240948233800479	0.163103037740489
0.241428210361834	0.163647462299219
0.24190818692319	0.164244230390715
0.242388163484545	0.164889265184857
0.242868140045901	0.165577480531941
0.243348116607256	0.166303221457354
0.243828093168612	0.167060601217725
0.244308069729967	0.167843618944991
0.244788046291323	0.168646435919061
0.245268022852678	0.169463686821371
0.245747999414034	0.170290572339395
0.246227975975389	0.171122854283755
0.246707952536745	0.171956842926205
0.247187929098101	0.172789350502544
0.247667905659456	0.173617629884644
0.248147882220812	0.174439438019941
0.248627858782167	0.175253244190623
0.249107835343523	0.176058355498695
0.249587811904878	0.176854898376752
0.250067788466234	0.177643666131555
0.250547765027589	0.178425809146808
0.251027741588945	0.179202332185492
0.2515077181503	0.179973647128272
0.251987694711656	0.180739293494544
0.252467671273011	0.181497890927625
0.252947647834367	0.182247442391388
0.253427624395722	0.18298590265457
0.253907600957078	0.183711627079938
0.254387577518434	0.184423672537831
0.254867554079789	0.185121817840975
0.255347530641145	0.185806213777666
0.2558275072025	0.186476707748096
0.256307483763856	0.187132305751588
0.256787460325211	0.187770750465155
0.257267436886567	0.188388356799318
0.257747413447922	0.188980158358674
0.258227390009278	0.189540332464228
0.258707366570633	0.190062752312136
0.259187343131989	0.190541592334032
0.259667319693344	0.190971875236451
0.2601472962547	0.191349863492156
0.260627272816056	0.191673172166787
0.261107249377411	0.191940680172106
0.261587225938767	0.192152258268552
0.262067202500122	0.192308396290918
0.262547179061478	0.192409795844673
0.263027155622833	0.192457154615902
0.263507132184189	0.192451121856279
0.263987108745544	0.192392416811756
0.2644670853069	0.192282150113909
0.264947061868255	0.192122272447518
0.265427038429611	0.191915806590195
0.265907014990966	0.191666753230359
0.266386991552322	0.191379783412865
0.266866968113677	0.191059694857821
0.267346944675033	0.190710734432273
0.267826921236389	0.190336171303816
0.268306897797744	0.189938152496395
0.2687868743591	0.189517812628407
0.269266850920455	0.189075622314493
0.269746827481811	0.188611894167211
0.270226804043166	0.188127118874465
0.270706780604522	0.187622044197897
0.271186757165877	0.187097557896709
0.271666733727233	0.186554404730172
0.272146710288588	0.185992807309701
0.272626686849944	0.185412260453887
0.273106663411299	0.184811459719696
0.273586639972655	0.18418832343554
0.27406661653401	0.183540084182238
0.274546593095366	0.182863413401708
0.275026569656722	0.182154527336314
0.275506546218077	0.181409383053316
0.275986522779433	0.180623977451513
0.276466499340788	0.179794712556189
0.276946475902144	0.17891881586546
0.277426452463499	0.177994711327059
0.277906429024855	0.177022328566878
0.27838640558621	0.176003131180901
0.278866382147566	0.174939859193528
0.279346358708921	0.173835915723265
0.279826335270277	0.172694605438066
0.280306311831632	0.171518324201338
0.280786288392988	0.170307988463276
0.281266264954343	0.169062860081001
0.281746241515699	0.167780819268633
0.282226218077055	0.166458836420408
0.28270619463841	0.165093667129461
0.283186171199766	0.163682511260191
0.283666147761121	0.162223562115597
0.284146124322477	0.160716475295509
0.284626100883832	0.159162777315945
0.285106077445188	0.157565961625837
0.285586054006543	0.155931471548666
0.286066030567899	0.154266524946502
0.286546007129254	0.15257960512492
0.28702598369061	0.15087971250648
0.287505960251965	0.149175727375885
0.287985936813321	0.147475941723614
0.288465913374677	0.145787846662606
0.288945889936032	0.144118258497824
0.289425866497388	0.142473599120922
0.289905843058743	0.140860134678828
0.290385819620099	0.139284119837329
0.290865796181454	0.137751754576965
0.29134577274281	0.136268901015547
0.291825749304165	0.134840738780287
0.292305725865521	0.13347154574648
0.292785702426876	0.132164525909041
0.293265678988232	0.130921659460274
0.293745655549587	0.129743621766318
0.294225632110943	0.128629879872006
0.294705608672299	0.127578904497063
0.295185585233654	0.126588572255185
0.29566556179501	0.125656612298533
0.296145538356365	0.124781007245811
0.296625514917721	0.123960255254731
0.297105491479076	0.123193505182117
0.297585468040432	0.122480416598242
0.298065444601787	0.121820895040563
0.298545421163143	0.12121490265213
0.299025397724498	0.120662444191026
0.299505374285854	0.120163586739604
0.299985350847209	0.119718565188298
0.300465327408565	0.119327834384421
0.30094530396992	0.118992040671746
0.301425280531276	0.118711874683915
0.301905257092631	0.118487914210684
0.302385233653987	0.118320540750561
0.302865210215343	0.118209950715743
0.303345186776698	0.118156242185546
0.303825163338054	0.118159552062487
0.304305139899409	0.11822012782829
0.304785116460765	0.118338331547663
0.30526509302212	0.118514577266486
0.305745069583476	0.118749190661821
0.306225046144831	0.119042229540514
0.306705022706187	0.119393398695685
0.307184999267542	0.11980204523731
0.307664975828898	0.120267282107139
0.308144952390253	0.120788208989714
0.308624928951609	0.121364095251883
0.309104905512965	0.121994379371648
0.30958488207432	0.12267846286348
0.310064858635676	0.123415288259036
0.310544835197031	0.124202819081744
0.311024811758387	0.125037599177829
0.311504788319742	0.125914576103003
0.311984764881098	0.126827286487725
0.312464741442453	0.12776838503583
0.312944718003809	0.128730293935156
0.313424694565164	0.129705776599732
0.31390467112652	0.130688291109679
0.314384647687875	0.131672090585787
0.314864624249231	0.132652079547989
0.315344600810586	0.133623485601821
0.315824577371942	0.134581501217878
0.316304553933298	0.1355210287328
0.316784530494653	0.136436489544907
0.317264507056009	0.137321680223881
0.317744483617364	0.138169811706639
0.31822446017872	0.138973758979357
0.318704436740075	0.139726516171749
0.319184413301431	0.140421694537841
0.319664389862786	0.141053975444985
0.320144366424142	0.141619414490645
0.320624342985497	0.142115625440125
0.321104319546853	0.142541723922936
0.321584296108208	0.142898027105686
0.322064272669564	0.143185656111615
0.32254424923092	0.143406136827304
0.323024225792275	0.143560968321884
0.323504202353631	0.143651249860057
0.323984178914986	0.143677424119119
0.324464155476342	0.143639226404551
0.324944132037697	0.14353591381361
0.325424108599053	0.143366657270818
0.325904085160408	0.14313095389026
0.326384061721764	0.142828964522939
0.326864038283119	0.14246162240963
0.327344014844475	0.142030445337056
0.32782399140583	0.141537210764381
0.328303967967186	0.140983421268003
0.328783944528541	0.140369759221858
0.329263921089897	0.139695712079596
0.329743897651253	0.13895939851685
0.330223874212608	0.138157462193676
0.330703850773964	0.137285273788783
0.331183827335319	0.136337342075962
0.331663803896675	0.135307796946989
0.33214378045803	0.134190932854015
0.332623757019386	0.132981845814912
0.333103733580741	0.131676886638313
0.333583710142097	0.130273937702301
0.334063686703452	0.128772573713891
0.334543663264808	0.127174124338876
0.335023639826163	0.12548178210578
0.335503616387519	0.123700665509106
0.335983592948874	0.121837691779456
0.33646356951023	0.119901269711877
0.336943546071586	0.117900799146821
0.337423522632941	0.115845902690595
0.337903499194297	0.113745750483232
0.338383475755652	0.111608687393631
0.338863452317008	0.109442149073022
0.339343428878363	0.10725289620676
0.339823405439719	0.105047523980435
0.340303382001074	0.102832827304144
0.34078335856243	0.100615947542789
0.341263335123785	0.0984043668824852
0.341743311685141	0.096205686463866
0.342223288246496	0.0940271868631258
0.342703264807852	0.0918755667591367
0.343183241369208	0.0897569301249304
0.343663217930563	0.0876768236138227
0.344143194491919	0.0856403008587655
0.344623171053274	0.0836519917240095
0.34510314761463	0.0817161336834745
0.345583124175985	0.079836561298335
0.346063100737341	0.078016666053385
0.346543077298696	0.0762593299782477
0.347023053860052	0.0745667489297405
0.347503030421407	0.0729401966218913
0.347983006982763	0.0713798014329175
0.348462983544118	0.0698843690955429
0.348942960105474	0.0684512719840005
0.349422936666829	0.0670765423191075
0.349902913228185	0.0657551699649327
0.350382889789541	0.0644815287396979
0.350862866350896	0.0632499028711933
0.351342842912252	0.0620550865701816
0.351822819473607	0.0608929205203795
0.352302796034963	0.0597607915075078
0.352782772596318	0.0586579811968981
0.353262749157674	0.0575858430108244
0.353742725719029	0.0565477188709163
0.354222702280385	0.0555486609829411
0.35470267884174	0.0545949034892535
0.355182655403096	0.0536932256547837
0.355662631964451	0.0528503546520281
0.356142608525807	0.0520725447590265
0.356622585087162	0.0513654355177951
0.357102561648518	0.0507340943473032
0.357582538209874	0.0501831145066189
0.358062514771229	0.0497167471309963
0.358542491332585	0.0493389152024202
0.35902246789394	0.0490530455366431
0.359502444455296	0.0488618263466354
0.359982421016651	0.0487670159768913
0.360462397578007	0.048769317122127
0.360942374139362	0.0488684424114683
0.361422350700718	0.0490633471068857
0.361902327262073	0.0493524893130241
0.362382303823429	0.0497341226510427
0.362862280384784	0.0502066415392133
0.36334225694614	0.0507688652848941
0.363822233507496	0.0514200961744338
0.364302210068851	0.0521600280229549
0.364782186630207	0.0529884904404366
0.365262163191562	0.0539050008027588
0.365742139752918	0.054908245767995
0.366222116314273	0.0559957105286612
0.366702092875629	0.057163434121589
0.367182069436984	0.0584059515992813
0.36766204599834	0.059716498069727
0.368142022559695	0.0610873894222829
0.368621999121051	0.0625103269652782
0.369101975682406	0.0639766961678708
0.369581952243762	0.065477816190205
0.370061928805117	0.0670050879477654
0.370541905366473	0.0685501490778447
0.371021881927829	0.0701049925316068
0.371501858489184	0.0716619156729723
0.37198183505054	0.0732133746215773
0.372461811611895	0.0747518039106923
0.372941788173251	0.0762693941241509
0.373421764734606	0.0777578850404193
0.373901741295962	0.079208565394408
0.374381717857317	0.0806124826712662
0.374861694418673	0.0819607265938795
0.375341670980028	0.0832447351565297
0.375821647541384	0.0844566714338144
0.376301624102739	0.0855897993915854
0.376781600664095	0.0866388196548027
0.377261577225451	0.0876001207332
0.377741553786806	0.088471930554985
0.378221530348162	0.0892543074076387
0.378701506909517	0.0899490081525434
0.379181483470873	0.0905592107233094
0.379661460032228	0.0910891482297399
0.380141436593584	0.0915436478857536
0.380621413154939	0.0919278099288093
0.381101389716295	0.0922467482137082
0.38158136627765	0.0925054077632304
0.382061342839006	0.0927084241698544
0.382541319400361	0.0928600819942443
0.383021295961717	0.0929642871545543
0.383501272523072	0.0930245480065663
0.383981249084428	0.0930438538807697
0.384461225645783	0.0930245581882558
0.384941202207139	0.0929681835047245
0.385421178768495	0.0928752918303445
0.38590115532985	0.0927454316051072
0.386381131891206	0.0925771582244421
0.386861108452561	0.0923681592807724
0.387341085013917	0.0921154876160805
0.387821061575272	0.0918158397812152
0.388301038136628	0.091465865608327
0.388781014697983	0.091062610905705
0.389260991259339	0.0906040571747284
0.389740967820694	0.0900895957341368
0.39022094438205	0.0895202595935257
0.390700920943405	0.0888986842011656
0.391180897504761	0.0882287659637181
0.391660874066117	0.0875150757038575
0.392140850627472	0.0867622137559244
0.392620827188828	0.0859743663704434
0.393100803750183	0.0851552449209365
0.393580780311539	0.0843084484066085
0.394060756872894	0.0834380174474595
0.39454073343425	0.0825489570571588
0.395020709995605	0.0816475473721594
0.395500686556961	0.0807413984565613
0.395980663118316	0.0798391947323475
0.396460639679672	0.0789502562774288
0.396940616241027	0.0780841693540069
0.397420592802383	0.0772505533719832
0.397900569363739	0.0764587946499889
0.398380545925094	0.0757177535350844
0.39886052248645	0.0750354860611413
0.399340499047805	0.074418992189595
0.399820475609161	0.0738739963925413
0.400300452170516	0.0734048994411962
0.400780428731872	0.0730149099045234
0.401260405293227	0.0727062164397871
0.401740381854583	0.072480178646832
0.402220358415938	0.0723375123489534
0.402700334977294	0.0722783535831005
0.403180311538649	0.0723022378009296
0.403660288100005	0.0724081217853257
0.40414026466136	0.0725944497948437
0.404620241222716	0.0728592796141235
0.405100217784072	0.0732005538205629
0.405580194345427	0.073616424035109
0.406060170906783	0.0741054965570909
0.406540147468138	0.0746670539348501
0.407020124029494	0.0753011453984718
0.407500100590849	0.0760085079196865
0.407980077152205	0.0767903549538645
0.40846005371356	0.0776481387538845
0.408940030274916	0.0785832305123989
0.409420006836271	0.0795966334374346
0.409899983397627	0.080688784342662
0.410379959958982	0.0818594679634843
0.410859936520338	0.0831078715019552
0.411339913081693	0.0844327718023421
0.411819889643049	0.0858327435804973
0.412299866204405	0.0873064152228438
0.41277984276576	0.0888526412986577
0.413259819327116	0.090470520795461
0.413739795888471	0.0921592586559961
0.414219772449827	0.0939179711280523
0.414699749011182	0.0957453976757289
0.415179725572538	0.0976396394141029
0.415659702133893	0.0995979687683708
0.416139678695249	0.101616733837223
0.416619655256604	0.103691387987523
0.41709963181796	0.105816638631883
0.417579608379315	0.107986588762682
0.418059584940671	0.110194891862603
0.418539561502027	0.112434924474068
0.419019538063382	0.114699833014253
0.419499514624738	0.116982457889216
0.419979491186093	0.119275265568822
0.420459467747449	0.121570273916263
0.420939444308804	0.123858967744016
0.42141942087016	0.126132333548652
0.421899397431515	0.128381021660321
0.422379373992871	0.130595612710936
0.422859350554226	0.132766980244311
0.423339327115582	0.134886712236242
0.423819303676937	0.13694748366815
0.424299280238293	0.138943283940862
0.424779256799648	0.140869476512004
0.425259233361004	0.142722711871005
0.42573920992236	0.144500753705536
0.426219186483715	0.146202209310497
0.426699163045071	0.147826230291534
0.427179139606426	0.149372227198531
0.427659116167782	0.150839613921161
0.428139092729137	0.152227582690377
0.428619069290493	0.15353501731861
0.429099045851848	0.154760489524035
0.429579022413204	0.155902384186622
0.430058998974559	0.156959052139788
0.430538975535915	0.157928968057932
0.43101895209727	0.158810843820404
0.431498928658626	0.159603701211568
0.431978905219982	0.160306846689123
0.432458881781337	0.160919819886474
0.432938858342693	0.161442312545943
0.433418834904048	0.161874152094829
0.433898811465404	0.162215331080734
0.434378788026759	0.162466041712308
0.434858764588115	0.162626619636958
0.43533874114947	0.16269744625362
0.435818717710826	0.162678795856411
0.436298694272181	0.162570619473095
0.436778670833537	0.162372343093467
0.437258647394892	0.162082799474055
0.437738623956248	0.16170025581381
0.438218600517603	0.161222528083139
0.438698577078959	0.160647181922045
0.439178553640314	0.159971687749357
0.43965853020167	0.159193520155576
0.440138506763026	0.158310093075285
0.440618483324381	0.15731854080922
0.441098459885737	0.156215493055504
0.441578436447092	0.154996987781442
0.442058413008448	0.153658539150457
0.442538389569803	0.152195466369885
0.443018366131159	0.15060347548774
0.443498342692514	0.14887943698443
0.44397831925387	0.147022089646983
0.444458295815225	0.145032634953423
0.444938272376581	0.142914986149669
0.445418248937936	0.140675663085159
0.445898225499292	0.138323404317093
0.446378202060648	0.135868627206684
0.446858178622003	0.13332272111752
0.447338155183359	0.130697428853916
0.447818131744714	0.128004361457607
0.44829810830607	0.125254627631139
0.448778084867425	0.122458609229555
0.449258061428781	0.119625939039092
0.449738037990136	0.116765567001115
0.450218014551492	0.113885885211085
0.450697991112847	0.110994877702916
0.451177967674203	0.108100235600125
0.451657944235558	0.105209392007983
0.452137920796914	0.10232955229703
0.45261789735827	0.0994676766236821
0.453097873919625	0.0966303948178178
0.453577850480981	0.0938239618926113
0.454057827042336	0.091054247736793
0.454537803603692	0.0883267407339049
0.455017780165047	0.0856465496288991
0.455497756726403	0.083018403527475
0.455977733287758	0.0804466488939207
0.456457709849114	0.077935241029029
0.456937686410469	0.0754877313573126
0.457417662971825	0.0731072620961149
0.45789763953318	0.070796565915447
0.458377616094536	0.0685579693568261
0.458857592655891	0.0663934003207659
0.459337569217247	0.0643043999969818
0.459817545778603	0.062292139677541
0.460297522339958	0.0603574429611904
0.460777498901314	0.0585008275422171
0.461257475462669	0.0567225848158559
0.461737452024025	0.0550227907482759
0.46221742858538	0.0534012560153225
0.462697405146736	0.0518574543907119
0.463177381708091	0.0503904478759919
0.463657358269447	0.0489988322621534
0.464137334830802	0.0476808648954873
0.464617311392158	0.0464346698520309
0.465097287953513	0.0452584609583099
0.465577264514869	0.0441507639599696
0.466057241076224	0.043110576126096
0.46653721763758	0.0421373122840067
0.467017194198936	0.0412306920005748
0.467497170760291	0.0403906344375291
0.467977147321647	0.0396171856748947
0.468457123883002	0.0389105730256416
0.468937100444358	0.0382713826233007
0.469417077005713	0.037700668927392
0.469897053567069	0.0371999794129611
0.470377030128424	0.036771327864509
0.47085700668978	0.036417131182426
0.471336983251135	0.0361399068793463
0.471816959812491	0.0359418926333669
0.472296936373846	0.0358247072709148
0.472776912935202	0.0357889695662742
0.473256889496557	0.0358338293205786
0.473736866057913	0.0359566731649015
0.474216842619269	0.0361530602312309
0.474696819180624	0.036416820202749
0.47517679574198	0.0367403976075031
0.475656772303335	0.037115383730168
0.476136748864691	0.0375329964707188
0.476616725426046	0.037984447020424
0.477096701987402	0.0384611764854741
0.477576678548757	0.0389548406442764
0.478056655110113	0.039457131434553
0.478536631671468	0.0399596549631838
0.479016608232824	0.0404538657686261
0.479496584794179	0.0409310511237998
0.479976561355535	0.0413824660245905
0.480456537916891	0.0417996016765845
0.480936514478246	0.0421746951634471
0.481416491039602	0.042501292878359
0.481896467600957	0.0427747202097781
0.482376444162313	0.0429924129907821
0.482856420723668	0.0431540644613654
0.483336397285024	0.0432615083773774
0.483816373846379	0.0433184902864945
0.484296350407735	0.0433303569436068
0.48477632696909	0.0433037301545143
0.485256303530446	0.0432461333144535
0.485736280091801	0.0431656454401506
0.486216256653157	0.043070541164244
0.486696233214512	0.0429689607159214
0.487176209775868	0.0428686941605045
0.487656186337224	0.0427771312856803
0.488136162898579	0.0427012525425713
0.488616139459935	0.0426476387171118
0.48909611602129	0.0426224895708286
0.489576092582646	0.0426314662543403
0.490056069144001	0.0426792986193309
0.490536045705357	0.0427692376897865
0.491016022266712	0.0429025450688256
0.491495998828068	0.0430781828317113
0.491975975389423	0.0432928340149976
0.492455951950779	0.0435412378129984
0.492935928512134	0.0438167902134362
0.49341590507349	0.0441122431743856
0.493895881634845	0.0444203549146287
0.494375858196201	0.0447343260405683
0.494855834757557	0.0450481197180008
0.495335811318912	0.0453566816374693
0.495815787880268	0.0456560569683467
0.496295764441623	0.0459434281605603
0.496775741002979	0.0462171736760303
0.497255717564334	0.0464768059181603
0.49773569412569	0.0467228157472629
0.498215670687045	0.0469564424038129
0.498695647248401	0.0471794816557948
0.499175623809756	0.0473940705791711
0.499655600371112	0.0476025962885626
0.500135576932467	0.0478076757267779
0.500615553493823	0.0480120574712072
0.501095530055178	0.0482184027460272
0.501575506616534	0.048429055930897
0.50205548317789	0.048645733023123
0.502535459739245	0.0488691923763252
0.503015436300601	0.0490991697633915
0.503495412861956	0.0493345645231242
0.503975389423312	0.0495737332253104
0.504455365984667	0.0498149221965945
0.504935342546023	0.0500567257983283
0.505415319107378	0.0502984133044838
0.505895295668734	0.0505401159156251
0.506375272230089	0.0507829707304747
0.506855248791445	0.0510291921820611
0.507335225352801	0.0512819636624352
0.507815201914156	0.0515452553940602
0.508295178475512	0.0518235625280875
0.508775155036867	0.0521215593180845
0.509255131598223	0.0524437080300954
0.509735108159578	0.0527940761375673
0.510215084720934	0.0531763538718865
0.510695061282289	0.0535939088908453
0.511175037843645	0.0540498580837989
0.511655014405	0.0545471398537688
0.512134990966356	0.0550884733901359
0.512614967527711	0.0556762323735256
0.513094944089067	0.0563123795668157
0.513574920650422	0.0569984676654781
0.514054897211778	0.0577357104618466
0.514534873773133	0.0585252119499279
0.515014850334489	0.059368258535229
0.515494826895845	0.0602665131743886
0.5159748034572	0.0612221470729212
0.516454780018556	0.0622379478096018
0.516934756579911	0.0633172961278122
0.517414733141267	0.0644640294339033
0.517894709702622	0.0656822134097529
0.518374686263978	0.0669757847930058
0.518854662825333	0.0683480646780262
0.519334639386689	0.0698012930201392
0.519814615948044	0.0713362522130168
0.5202945925094	0.0729521075096697
0.520774569070755	0.0746464963336071
0.521254545632111	0.0764158357879043
0.521734522193466	0.0782556986910233
0.522214498754822	0.0801611942573518
0.522694475316178	0.0821272325822592
0.523174451877533	0.0841486769088621
0.523654428438889	0.08622040051536
0.524134405000244	0.0883372429893404
0.5246143815616	0.0904938818023399
0.525094358122955	0.0926847311105759
0.525574334684311	0.0949038395940291
0.526054311245666	0.0971447757531011
0.526534287807022	0.0994006261834284
0.527014264368377	0.10166413559729
0.527494240929733	0.103928006177236
0.527974217491088	0.106185226002448
0.528454194052444	0.108429341034994
0.5289341706138	0.110654545597325
0.529414147175155	0.112855605644361
0.529894123736511	0.115027610506158
0.530374100297866	0.117165682528572
0.530854076859222	0.119264750960796
0.531334053420577	0.121319419375477
0.531814029981933	0.123323921110692
0.532294006543288	0.125272165254302
0.532773983104644	0.127157775333985
0.533253959665999	0.12897411700529
0.533733936227355	0.130714419914478
0.53421391278871	0.132371964313784
0.534693889350066	0.133940308958416
0.535173865911421	0.135413640530902
0.535653842472777	0.136787169674737
0.536133819034132	0.138057444605261
0.536613795595488	0.139222637691452
0.537093772156844	0.140282727635783
0.537573748718199	0.141239592778239
0.538053725279555	0.142096835245284
0.53853370184091	0.142859406730662
0.539013678402266	0.14353302477555
0.539493654963621	0.144123496777576
0.539973631524977	0.144636007097499
0.540453608086332	0.145074669292583
0.540933584647688	0.145442342176426
0.541413561209043	0.145740711256126
0.541893537770399	0.145970566358828
0.542373514331755	0.146132214091706
0.54285349089311	0.146225751725303
0.543333467454466	0.146251292821881
0.543813444015821	0.146209130636441
0.544293420577177	0.146099873710981
0.544773397138532	0.145924565529143
0.545253373699888	0.145684836605603
0.545733350261243	0.145382924489906
0.546213326822599	0.145021578485885
0.546693303383954	0.144603877474299
0.54717327994531	0.144132948529596
0.547653256506665	0.143611744689046
0.548133233068021	0.143043002077612
0.548613209629376	0.142429329333941
0.549093186190732	0.141773398486906
0.549573162752087	0.141078196813611
0.550053139313443	0.140347099369363
0.550533115874799	0.139583789614318
0.551013092436154	0.138792061935063
0.55149306899751	0.137975520695223
0.551973045558865	0.137137258107803
0.552453022120221	0.136279802870424
0.552932998681576	0.135405117637359
0.553412975242932	0.134514516263835
0.553892951804287	0.133608552595639
0.554372928365643	0.132686885683396
0.554852904926998	0.13174802115156
0.555332881488354	0.130789207983854
0.555812858049709	0.129806635840387
0.556292834611065	0.128795866467198
0.556772811172421	0.127752475605065
0.557252787733776	0.126672896241845
0.557732764295132	0.125555000382239
0.558212740856487	0.124398323178949
0.558692717417843	0.123204043715315
0.559172693979198	0.121974774111847
0.559652670540554	0.120714098099861
0.560132647101909	0.119426223504768
0.560612623663265	0.118115821156316
0.56109260022462	0.116787829603492
0.561572576785976	0.115447184179761
0.562052553347332	0.114098612815426
0.562532529908687	0.112746334223078
0.563012506470043	0.11139371909665
0.563492483031398	0.110043124171297
0.563972459592754	0.108695904524428
0.564452436154109	0.107352473380959
0.564932412715465	0.106012616541757
0.56541238927682	0.104675959314086
0.565892365838176	0.103342371975475
0.566372342399531	0.102012306293947
0.566852318960887	0.100687120485327
0.567332295522242	0.0993692348959752
0.567812272083598	0.0980621593757532
0.568292248644953	0.0967705435949224
0.568772225206309	0.0955002790630545
0.569252201767664	0.0942584574841952
0.56973217832902	0.093053236390139
0.570212154890376	0.0918935872292507
0.570692131451731	0.0907888965771191
0.571172108013087	0.0897483738450473
0.571652084574442	0.0887805129643343
0.572132061135798	0.0878927213265391
0.572612037697153	0.0870911664677858
0.573092014258509	0.0863808820323015
0.573571990819864	0.0857661335447457
0.57405196738122	0.0852508385490134
0.574531943942575	0.0848389117137061
0.575011920503931	0.0845344656400595
0.575491897065286	0.0843418254755439
0.575971873626642	0.0842653741896709
0.576451850187997	0.0843093088790268
0.576931826749353	0.0844773712039167
0.577411803310709	0.0847725819424476
0.577891779872064	0.0851969836786799
0.57837175643342	0.0857513984936952
0.578851732994775	0.086435337029854
0.579331709556131	0.0872470050965856
0.579811686117486	0.0881833219595708
0.580291662678842	0.0892399681910002
0.580771639240197	0.0904114523298557
0.581251615801553	0.0916910815326172
0.581731592362908	0.0930709451530309
0.582211568924264	0.0945420034979875
0.582691545485619	0.0960942521539098
0.583171522046975	0.097716931487396
0.583651498608331	0.0993988784880249
0.584131475169686	0.101128965774486
0.584611451731042	0.102896386671071
0.585091428292397	0.104690832922904
0.585571404853753	0.106502521301974
0.586051381415108	0.108321983294144
0.586531357976464	0.110139719907594
0.587011334537819	0.111946042201397
0.587491311099175	0.113731009227157
0.58797128766053	0.115484556593754
0.588451264221886	0.117196831006647
0.588931240783241	0.11885863477588
0.589411217344597	0.120461690867666
0.589891193905952	0.12199879369292
0.590371170467308	0.123463753265368
0.590851147028663	0.124851228415849
0.591331123590019	0.126156485625355
0.591811100151375	0.127375296168015
0.59229107671273	0.128503893166158
0.592771053274086	0.12953907293542
0.593251029835441	0.130478342521626
0.593731006396797	0.131320115003403
0.594210982958152	0.132063741898794
0.594690959519508	0.132709521083173
0.595170936080863	0.133258616081913
0.595650912642219	0.133712953114576
0.596130889203574	0.134074994290068
0.59661086576493	0.134347628299966
0.597090842326286	0.134534161687087
0.597570818887641	0.134638400149352
0.598050795448997	0.134664772305318
0.598530772010352	0.134618462747938
0.599010748571708	0.134505397911507
0.599490725133063	0.134332104542547
0.599970701694419	0.134105455107685
0.600450678255774	0.133832290383304
0.60093065481713	0.133519064971787
0.601410631378485	0.13317168365453
0.601890607939841	0.132795457667291
0.602370584501196	0.132395125477653
0.602850561062552	0.13197494194018
0.603330537623907	0.13153875146303
0.603810514185263	0.131090026818549
0.604290490746618	0.13063192168436
0.604770467307974	0.130167451826439
0.60525044386933	0.129699632130039
0.605730420430685	0.129231606070653
0.606210396992041	0.128766729720322
0.606690373553396	0.128308505633171
0.607170350114752	0.127860321264759
0.607650326676107	0.127425245676229
0.608130303237463	0.127005951854625
0.608610279798818	0.126604662342704
0.609090256360174	0.126223152781446
0.609570232921529	0.125862823481039
0.610050209482885	0.125524688556266
0.61053018604424	0.125209252756025
0.611010162605596	0.124916390640908
0.611490139166952	0.124645221683827
0.611970115728307	0.124393997500959
0.612450092289663	0.124160165518613
0.612930068851018	0.123940604282189
0.613410045412374	0.123731784322037
0.613890021973729	0.123529880127458
0.614369998535085	0.123330851538064
0.61484997509644	0.123130474174389
0.615329951657796	0.122924353412889
0.615809928219151	0.122708038114451
0.616289904780507	0.122477174865475
0.616769881341863	0.122227681338915
0.617249857903218	0.121955935693773
0.617729834464574	0.121658792730215
0.618209811025929	0.121333434092709
0.618689787587285	0.120977179582234
0.61916976414864	0.120587306167995
0.619649740709996	0.12016091744667
0.620129717271351	0.11969503352515
0.620609693832707	0.119186788121589
0.621089670394062	0.118633686368161
0.621569646955418	0.118033938106438
0.622049623516773	0.117386676930528
0.622529600078129	0.116691901449231
0.623009576639484	0.115950398785873
0.62348955320084	0.115163640092764
0.623969529762195	0.11433358060868
0.624449506323551	0.113462503329506
0.624929482884907	0.112553019389301
0.625409459446262	0.111608084645991
0.625889436007618	0.110631065978544
0.626369412568973	0.109625856521891
0.626849389130329	0.108596908161666
0.627329365691684	0.10754920662702
0.62780934225304	0.106488286266789
0.628289318814395	0.105420230231077
0.628769295375751	0.104351656084655
0.629249271937106	0.103289679653073
0.629729248498462	0.102241809284334
0.630209225059817	0.101215762921789
0.630689201621173	0.100219201394503
0.631169178182528	0.0992593709992979
0.631649154743884	0.0983427904267033
0.63212913130524	0.0974750384415505
0.632609107866595	0.0966606687515568
0.633089084427951	0.095903279067124
0.633569060989306	0.0952057171275917
0.634049037550662	0.0945703179562486
0.634529014112017	0.0939990509692139
0.635008990673373	0.0934935821503621
0.635488967234728	0.0930553062513169
0.635968943796084	0.0926851688242794
0.636448920357439	0.0923833703913171
0.636928896918795	0.092149118354016
0.63740887348015	0.0919804514673291
0.637888850041506	0.0918741141477758
0.638368826602862	0.0918257231412536
0.638848803164217	0.0918301300620446
0.639328779725573	0.0918818284498657
0.639808756286928	0.0919753301946609
0.640288732848284	0.0921053488048251
0.640768709409639	0.0922665737926583
0.641248685970995	0.092453270087417
0.64172866253235	0.0926588977947973
0.642208639093706	0.0928758602702325
0.642688615655061	0.0930955819201292
0.643168592216417	0.0933089823081947
0.643648568777772	0.0935070997557222
0.644128545339128	0.0936816468756193
0.644608521900483	0.0938252929123089
0.645088498461839	0.0939315436272247
0.645568475023194	0.0939944153188184
0.64604845158455	0.0940080798807599
0.646528428145906	0.0939666301717011
0.647008404707261	0.0938641613409492
0.647488381268617	0.0936952627954231
0.647968357829972	0.0934554870777765
0.648448334391328	0.0931416916886599
0.648928310952683	0.0927521616830261
0.649408287514039	0.0922865087118349
0.649888264075394	0.0917453783231903
0.65036824063675	0.0911304384575964
0.650848217198105	0.0904444220664647
0.651328193759461	0.0896911333719725
0.651808170320817	0.0888754156880291
0.652288146882172	0.0880030275048813
0.652768123443528	0.0870800176511105
0.653248100004883	0.086111989179181
0.653728076566239	0.0851035546646469
0.654208053127594	0.0840580634484911
0.65468802968895	0.0829776133729539
0.655168006250305	0.0818635849200295
0.655647982811661	0.0807171935004563
0.656127959373016	0.0795399052415923
0.656607935934372	0.0783336988129979
0.657087912495727	0.0771011630256903
0.657567889057083	0.0758452846003616
0.658047865618438	0.0745694001812106
0.658527842179794	0.0732774324424633
0.659007818741149	0.0719741927583443
0.659487795302505	0.0706656129807988
0.659967771863861	0.0693590980782473
0.660447748425216	0.0680636633053458
0.660927724986572	0.0667896519212429
0.661407701547927	0.0655482003830377
0.661887678109283	0.0643506088344566
0.662367654670638	0.0632075731677217
0.662847631231994	0.0621286476025903
0.663327607793349	0.06112209512406
0.663807584354705	0.0601949840265884
0.66428756091606	0.0593535295809235
0.664767537477416	0.0586037006844557
0.665247514038771	0.0579517212887175
0.665727490600127	0.057404344211623
0.666207467161483	0.0569689084527307
0.666687443722838	0.0566531163979611
0.667167420284194	0.0564645591568266
0.667647396845549	0.0564102617017802
0.668127373406905	0.0564963151368431
0.66860734996826	0.0567276572134602
0.669087326529616	0.0571080094838961
0.669567303090971	0.0576399456924263
0.670047279652327	0.0583250616911419
0.670527256213682	0.0591641906520657
0.671007232775038	0.0601575287949412
0.671487209336393	0.0613046778030099
0.671967185897749	0.0626046238477474
0.672447162459104	0.0640556503953744
0.67292713902046	0.0656552144491584
0.673407115581816	0.0673999000932834
0.673887092143171	0.069285422440662
0.674367068704527	0.0713066633005151
0.674847045265882	0.0734577544204534
0.675327021827238	0.075732099852388
0.675806998388593	0.0781223557940918
0.676286974949949	0.0806204386752288
0.676766951511304	0.0832175164182728
0.67724692807266	0.0859039220317073
0.677726904634015	0.0886690473581461
0.678206881195371	0.0915012477238334
0.678686857756726	0.0943877600088064
0.679166834318082	0.0973147375081239
0.679646810879438	0.10026745911627
0.680126787440793	0.103230693079386
0.680606764002149	0.106189240831998
0.681086740563504	0.109128612349695
0.68156671712486	0.112035685044459
0.682046693686215	0.114899296573663
0.682526670247571	0.117710690161403
0.683006646808926	0.120463833390732
0.683486623370282	0.123155572863373
0.683966599931637	0.125785258455387
0.684446576492993	0.128353886806999
0.684926553054348	0.13086305494808
0.685406529615704	0.133313770584715
0.685886506177059	0.135705278388712
0.686366482738415	0.138034517374034
0.686846459299771	0.140296338631803
0.687326435861126	0.142484226220905
0.687806412422482	0.144591428833186
0.688286388983837	0.146612176943949
0.688766365545193	0.148542404292553
0.689246342106548	0.150379965735904
0.689726318667904	0.152124538396367
0.690206295229259	0.153777188975437
0.690686271790615	0.155339827447653
0.69116624835197	0.156815027729271
0.691646224913326	0.158206125488421
0.692126201474681	0.159517309451241
0.692606178036037	0.160753665050676
0.693086154597393	0.161921139987585
0.693566131158748	0.163026366857466
0.694046107720104	0.164076315795238
0.694526084281459	0.165078047530521
0.695006060842815	0.166038527783628
0.69548603740417	0.166964420098627
0.695966013965526	0.167861907615399
0.696445990526881	0.168736569633103
0.696925967088237	0.169593184316525
0.697405943649592	0.170435579713237
0.697885920210948	0.171266552035494
0.698365896772303	0.17208774174762
0.698845873333659	0.172899505383402
0.699325849895014	0.173700931293307
0.69980582645637	0.174489861428354
0.700285803017725	0.175262943716554
0.700765779579081	0.176015862892001
0.701245756140437	0.176743735852114
0.701725732701792	0.177441497988328
0.702205709263148	0.178104217836218
0.702685685824503	0.178727277640233
0.703165662385859	0.179306334674406
0.703645638947214	0.179837094083263
0.70412561550857	0.180315037342709
0.704605592069925	0.180735269639337
0.705085568631281	0.181092630560569
0.705565545192636	0.181381988072136
0.706045521753992	0.181598602238336
0.706525498315347	0.181738387119231
0.707005474876703	0.181797991662638
0.707485451438059	0.181774732765504
0.707965427999414	0.181666501375219
0.70844540456077	0.181471660883826
0.708925381122125	0.181189084177581
0.709405357683481	0.180818405486013
0.709885334244836	0.180360273253442
0.710365310806192	0.179816372069032
0.710845287367547	0.179189325751095
0.711325263928903	0.178482425855343
0.711805240490258	0.177699182048366
0.712285217051614	0.176842880593256
0.712765193612969	0.175916392047694
0.713245170174325	0.174922152994846
0.71372514673568	0.173862391783405
0.714205123297036	0.172739553918299
0.714685099858392	0.17155676632883
0.715165076419747	0.170318279286536
0.715645052981103	0.169029787671851
0.716125029542458	0.167698474450648
0.716605006103814	0.166332814767946
0.717084982665169	0.164942270413957
0.717564959226525	0.163536918982331
0.71804493578788	0.162127127572677
0.718524912349236	0.160723304913154
0.719004888910591	0.159335705138111
0.719484865471947	0.157974297508401
0.719964842033302	0.156648673073273
0.720444818594658	0.155367866817511
0.720924795156014	0.154140252211742
0.721404771717369	0.152973342543862
0.721884748278725	0.15187351818152
0.72236472484008	0.150845680223178
0.722844701401436	0.14989296968672
0.723324677962791	0.149016460370846
0.723804654524147	0.148215077594921
0.724284631085502	0.14748573561485
0.724764607646858	0.146823726632528
0.725244584208213	0.146223318687753
0.725724560769569	0.145678521782257
0.726204537330924	0.14518371887343
0.72668451389228	0.1447341807124
0.727164490453635	0.144326278268296
0.727644467014991	0.143957322682319
0.728124443576347	0.143625056939599
0.728604420137702	0.143327097489116
0.729084396699058	0.143060343158412
0.729564373260413	0.142820585269616
0.730044349821769	0.142602421147118
0.730524326383124	0.1423995413542
0.73100430294448	0.142205332704809
0.731484279505835	0.142013727827938
0.731964256067191	0.141820153166273
0.732444232628546	0.141622225321773
0.732924209189902	0.141419971140702
0.733404185751257	0.141215576583701
0.733884162312613	0.141012645449685
0.734364138873969	0.140815119809175
0.734844115435324	0.140626261342823
0.73532409199668	0.14044799003154
0.735804068558035	0.140280651764806
0.736284045119391	0.140123313034969
0.736764021680746	0.139974537832602
0.737243998242102	0.139833370522884
0.737723974803457	0.139700257683666
0.738203951364813	0.139577634553103
0.738683927926168	0.139470002691891
0.739163904487524	0.1393835090349
0.739643881048879	0.139325232602793
0.740123857610235	0.139302378741296
0.74060383417159	0.139321602636162
0.741083810732946	0.139388611016687
0.741563787294302	0.13950809508316
0.742043763855657	0.139683887863937
0.742523740417013	0.139919178805577
0.743003716978368	0.140216657630908
0.743483693539724	0.140578571938563
0.743963670101079	0.141006641561527
0.744443646662435	0.14150182458932
0.74492362322379	0.142064009305093
0.745403599785146	0.142691827221658
0.745883576346501	0.143382528327488
0.746363552907857	0.144131908422797
0.746843529469212	0.144934310090496
0.747323506030568	0.145782823009961
0.747803482591924	0.146669534620944
0.748283459153279	0.147585913490473
0.748763435714635	0.148523220114
0.74924341227599	0.149472907390466
0.749723388837346	0.150426850749301
0.750203365398701	0.151377582440014
0.750683341960057	0.152318309586788
0.751163318521412	0.153242820187798
0.751643295082768	0.154145446084796
0.752123271644123	0.155021250597238
0.752603248205479	0.155866188701348
0.753083224766834	0.156677313494548
0.75356320132819	0.157452913331897
0.754043177889545	0.158192539942187
0.754523154450901	0.158896824742962
0.755003131012256	0.159567307040082
0.755483107573612	0.160206169971775
0.755963084134968	0.160815998894594
0.756443060696323	0.161399616092844
0.756923037257679	0.161960077471965
0.757403013819034	0.162500652699236
0.75788299038039	0.163024941188169
0.758362966941745	0.163537071178115
0.758842943503101	0.1640417744448
0.759322920064456	0.16454426292538
0.759802896625812	0.165049999289747
0.760282873187167	0.165564299050566
0.760762849748523	0.166091834020581
0.761242826309878	0.166636208337673
0.761722802871234	0.167199679056463
0.76220277943259	0.167783081609385
0.762682755993945	0.168386104188673
0.763162732555301	0.16900767741453
0.763642709116656	0.169646372791942
0.764122685678012	0.170300588920319
0.764602662239367	0.170968460980666
0.765082638800723	0.171647495234979
0.765562615362078	0.172334165225904
0.766042591923434	0.173023579657139
0.766522568484789	0.173709447465461
0.767002545046145	0.174384254377284
0.7674825216075	0.175039597849987
0.767962498168856	0.175666591219638
0.768442474730211	0.176256312798069
0.768922451291567	0.176800056829165
0.769402427852923	0.177289525390053
0.769882404414278	0.17771699620885
0.770362380975634	0.178075487868411
0.770842357536989	0.178358889846285
0.771322334098345	0.178562200545821
0.7718023106597	0.178681692140609
0.772282287221056	0.178715012835709
0.772762263782411	0.178661297030791
0.773242240343767	0.178521173649432
0.773722216905122	0.178296702684978
0.774202193466478	0.177991411713903
0.774682170027833	0.177610305305046
0.775162146589189	0.177159638683827
0.775642123150544	0.17664657289404
0.7761220997119	0.176078760045526
0.776602076273256	0.175463733350712
0.777082052834611	0.174808252128934
0.777562029395967	0.174117860350893
0.778042005957322	0.173396523230505
0.778521982518678	0.172646425729749
0.779001959080033	0.171868116693281
0.779481935641389	0.171060868488971
0.779961912202744	0.170223108642471
0.7804418887641	0.16935312397487
0.780921865325455	0.168449840936134
0.781401841886811	0.167513562779431
0.781881818448166	0.166546451624118
0.782361795009522	0.16555259433545
0.782841771570878	0.164537514684803
0.783321748132233	0.163507330760868
0.783801724693589	0.162467664357144
0.784281701254944	0.161422674734672
0.7847616778163	0.160374535812988
0.785241654377655	0.159323389957826
0.785721630939011	0.158267685673725
0.786201607500366	0.157204895729157
0.786681584061722	0.156132078206019
0.787161560623077	0.155046121600526
0.787641537184433	0.153943836099618
0.788121513745788	0.152821918799946
0.788601490307144	0.151676721706542
0.789081466868499	0.150504273654439
0.789561443429855	0.149300588540902
0.790041419991211	0.148062053034319
0.790521396552566	0.146785783543674
0.791001373113922	0.145469802854359
0.791481349675277	0.144112945832292
0.791961326236633	0.142714632669544
0.792441302797988	0.141274721187153
0.792921279359344	0.139793334535616
0.793401255920699	0.138270674078393
0.793881232482055	0.136706947626467
0.79436120904341	0.135102376759054
0.794841185604766	0.133457223582171
0.795321162166121	0.131771982997052
0.795801138727477	0.130047649886943
0.796281115288832	0.128285974868021
0.796761091850188	0.126489688332835
0.797241068411544	0.12466264686284
0.797721044972899	0.122809727175483
0.798201021534255	0.120936682696884
0.79868099809561	0.119050017787329
0.799160974656966	0.117156841295935
0.799640951218321	0.115264716213841
0.800120927779677	0.113381631811288
0.800600904341032	0.111515903566931
0.801080880902388	0.109675975278377
0.801560857463743	0.107870194392928
0.802040834025099	0.106106604519494
0.802520810586455	0.104392783095287
0.80300078714781	0.102735971306318
0.803480763709166	0.101143328416078
0.803960740270521	0.0996221697554081
0.804440716831877	0.0981800760478126
0.804920693393232	0.0968248567952789
0.805400669954588	0.0955643708147049
0.805880646515943	0.0944064254232952
0.806360623077299	0.0933587087451515
0.806840599638654	0.0924287944881287
0.80732057620001	0.09162427691752
0.807800552761365	0.0909529560356583
0.808280529322721	0.090422799809807
0.808760505884076	0.090041769072795
0.809240482445432	0.0898175249069093
0.809720459006787	0.0897570369937026
0.810200435568143	0.0898661360080207
0.810680412129499	0.0901492321301714
0.811160388690854	0.0906091325146981
0.81164036525221	0.0912470195807835
0.812120341813565	0.0920626067593774
0.812600318374921	0.0930543335897175
0.813080294936276	0.0942194895497557
0.813560271497632	0.0955543680427075
0.814040248058987	0.0970543807864734
0.814520224620343	0.0987140069851543
0.815000201181698	0.10052672513495
0.815480177743054	0.102484857616255
0.815960154304409	0.104579321610473
0.816440130865765	0.106799351818214
0.816920107427121	0.109132345967966
0.817400083988476	0.111563853337693
0.817880060549832	0.114077917817689
0.818360037111187	0.116657808884439
0.818840013672543	0.119287102010464
0.819319990233898	0.121950727325789
0.819799966795254	0.124635863703
0.820279943356609	0.127332326668965
0.820759919917965	0.130032425603488
0.82123989647932	0.132730298327518
0.821719873040676	0.135421081382567
0.822199849602031	0.13810003662595
0.822679826163387	0.140762027226258
0.823159802724742	0.143401412308809
0.823639779286098	0.146012355084007
0.824119755847454	0.148589226051955
0.824599732408809	0.151127151541043
0.825079708970165	0.153622540931098
0.82555968553152	0.156073296559601
0.826039662092876	0.158478548712226
0.826519638654231	0.16083822807951
0.826999615215587	0.16315242549497
0.827479591776942	0.165420701048518
0.827959568338298	0.167641610220129
0.828439544899653	0.16981260198308
0.828919521461009	0.171930240834144
0.829399498022364	0.173990826967775
0.82987947458372	0.175991311173726
0.830359451145075	0.177930181295749
0.830839427706431	0.179808026348775
0.831319404267786	0.181627578913504
0.831799380829142	0.183393126950819
0.832279357390498	0.185109424828277
0.832759333951853	0.186780442343341
0.833239310513209	0.188408289916611
0.833719287074564	0.189992635208117
0.83419926363592	0.191530685244911
0.834679240197275	0.193017710002466
0.835159216758631	0.194447923760232
0.835639193319986	0.19581538014475
0.836119169881342	0.197114601291967
0.836599146442697	0.198340923511057
0.837079123004053	0.199490540712561
0.837559099565409	0.200560365328209
0.838039076126764	0.201547734154026
0.83851905268812	0.202450141422638
0.838999029249475	0.203264981987527
0.839479005810831	0.203989300162848
0.839958982372186	0.204619541200179
0.840438958933542	0.205151543528866
0.840918935494897	0.20558079293353
0.841398912056253	0.205902914036701
0.841878888617608	0.206114399489773
0.842358865178964	0.206213390724685
0.842838841740319	0.206200119098556
0.843318818301675	0.206077022915118
0.84379879486303	0.205848549147217
0.844278771424386	0.205520614613471
0.844758747985742	0.205099927191608
0.845238724547097	0.204593508566019
0.845718701108453	0.204008323742801
0.846198677669808	0.20335103999671
0.846678654231164	0.202627969289398
0.847158630792519	0.201845107208544
0.847638607353875	0.201008116051423
0.84811858391523	0.200122314396078
0.848598560476586	0.199192650039777
0.849078537037941	0.198223629816571
0.849558513599297	0.197219283558795
0.850038490160652	0.196183164293263
0.850518466722008	0.195118220177452
0.850998443283363	0.194026597253067
0.851478419844719	0.192909423383495
0.851958396406075	0.191766591375588
0.85243837296743	0.190596636167071
0.852918349528786	0.189396891039392
0.853398326090141	0.188163850322276
0.853878302651497	0.186893644341034
0.854358279212852	0.185582542314875
0.854838255774208	0.184227418352374
0.855318232335563	0.182826063760241
0.855798208896919	0.181377367980169
0.856278185458274	0.179881249421722
0.85675816201963	0.178338372081789
0.857238138580986	0.176749830642603
0.857718115142341	0.175116911948815
0.858198091703697	0.17344089569209
0.858678068265052	0.171723016927523
0.859158044826408	0.169964595006992
0.859638021387763	0.168167309351269
0.860117997949119	0.166333643585636
0.860597974510474	0.164467403996206
0.86107795107183	0.162573902402084
0.861557927633185	0.160659924723965
0.862037904194541	0.158733281768928
0.862517880755896	0.15680186042007
0.862997857317252	0.154872416586748
0.863477833878607	0.152949684895123
0.863957810439963	0.15103586180552
0.864437787001318	0.149130702667519
0.864917763562674	0.147232262492106
0.86539774012403	0.145337908911183
0.865877716685385	0.143445235790277
0.866357693246741	0.141552830514304
0.866837669808096	0.139660609207301
0.867317646369452	0.137769653827492
0.867797622930807	0.135881896887489
0.868277599492163	0.133999942232331
0.868757576053518	0.132126926527802
0.869237552614874	0.130266557093111
0.869717529176229	0.12842332785143
0.870197505737585	0.126602739211806
0.87067748229894	0.124811392275528
0.871157458860296	0.123056845835471
0.871637435421652	0.121347363840176
0.872117411983007	0.119691471485024
0.872597388544363	0.118097451605979
0.873077365105718	0.116572899815388
0.873557341667074	0.115124497704133
0.874037318228429	0.113758079352671
0.874517294789785	0.112478946725596
0.87499727135114	0.111292314083526
0.875477247912496	0.110203743848556
0.875957224473851	0.109219341145497
0.876437201035207	0.108345631470416
0.876917177596562	0.107589268147053
0.877397154157918	0.106956674611551
0.877877130719273	0.106453750464453
0.878357107280629	0.106085883012905
0.878837083841985	0.105858122973709
0.87931706040334	0.10577537202232
0.879797036964696	0.105842637869254
0.880277013526051	0.106065093144321
0.880756990087407	0.106447717245779
0.881236966648762	0.106994716195684
0.881716943210118	0.107709002483812
0.882196919771473	0.108591682542447
0.882676896332829	0.109641851480348
0.883156872894184	0.110856749040868
0.88363684945554	0.112232111848092
0.884116826016895	0.113762739291429
0.884596802578251	0.115443054480535
0.885076779139606	0.117267296800948
0.885556755700962	0.119229487754034
0.886036732262317	0.121323315722339
0.886516708823673	0.123541900696028
0.886996685385029	0.125877617829107
0.887476661946384	0.128322164199827
0.88795663850774	0.130866787089399
0.888436615069095	0.133502643403953
0.888916591630451	0.136221044185114
0.889396568191806	0.139013452691702
0.889876544753162	0.141871301211743
0.890356521314517	0.144785784661586
0.890836497875873	0.147747642116515
0.891316474437228	0.150746952145702
0.891796450998584	0.153773040700874
0.89227642755994	0.156814541459018
0.892756404121295	0.15985962301475
0.893236380682651	0.16289632008019
0.893716357244006	0.16591290771694
0.894196333805362	0.16889840759544
0.894676310366717	0.171842986135999
0.895156286928073	0.174738077671787
0.895636263489428	0.177576245682025
0.896116240050784	0.180350968697772
0.896596216612139	0.183056351464067
0.897076193173495	0.185686957345858
0.89755616973485	0.188237711503966
0.898036146296206	0.190703943029974
0.898516122857561	0.193081575037705
0.898996099418917	0.19536735719497
0.899476075980273	0.197558972543531
0.899956052541628	0.199655132679016
0.900436029102984	0.201655635546566
0.900916005664339	0.203561451446696
0.901395982225695	0.205374764664416
0.90187595878705	0.207099051201675
0.902355935348406	0.208738954670024
0.902835911909761	0.210299998095252
0.903315888471117	0.211788182063922
0.903795865032472	0.21320962148133
0.904275841593828	0.214570251643189
0.904755818155183	0.215875772492396
0.905235794716539	0.217131666327729
0.905715771277894	0.218343245687677
0.90619574783925	0.219515575051258
0.906675724400606	0.220653319392604
0.907155700961961	0.221760484351142
0.907635677523317	0.222840248024597
0.908115654084672	0.2238948046743
0.908595630646028	0.224925329411302
0.909075607207383	0.225932020436199
0.909555583768739	0.226914303840304
0.910035560330094	0.227871110206205
0.91051553689145	0.228801264197922
0.910995513452805	0.229703733654097
0.911475490014161	0.2305778469409
0.911955466575516	0.231423534360797
0.912435443136872	0.232241503620318
0.912915419698228	0.233033302591079
0.913395396259583	0.233801325377765
0.913875372820939	0.234548688269784
0.914355349382294	0.23527888899254
0.91483532594365	0.235995346144915
0.915315302505005	0.236700884368058
0.915795279066361	0.237397267301127
0.916275255627716	0.238084898090501
0.916755232189072	0.238762760089077
0.917235208750427	0.239428541816526
0.917715185311783	0.240078947033603
0.918195161873138	0.240710038847968
0.918675138434494	0.241317548546686
0.919155114995849	0.241897078487794
0.919635091557205	0.242444217066817
0.920115068118561	0.242954522612159
0.920595044679916	0.243423586136503
0.921075021241272	0.243847130104404
0.921554997802627	0.24422116009637
0.922034974363983	0.244542069458469
0.922514950925338	0.244806696336599
0.922994927486694	0.245012380163154
0.923474904048049	0.245156925797421
0.923954880609405	0.245238449193436
0.92443485717076	0.245255134426414
0.924914833732116	0.245204838892754
0.925394810293471	0.245084591116035
0.925874786854827	0.244890192610713
0.926354763416183	0.244616000672687
0.926834739977538	0.244254936465444
0.927314716538894	0.243798880005217
0.927794693100249	0.243239416144586
0.928274669661605	0.242568761808691
0.92875464622296	0.2417807007475
0.929234622784316	0.240871269131539
0.929714599345671	0.239838995297936
0.930194575907027	0.238684703071322
0.930674552468382	0.237410972848023
0.931154529029738	0.236021378350494
0.931634505591093	0.234519831245335
0.932114482152449	0.232910197491086
0.932594458713804	0.231196188672734
0.93307443527516	0.229381533562443
0.933554411836516	0.227470292171117
0.934034388397871	0.22590356649137
0.934514364959227	0.224260137145653
0.934994341520582	0.222560389501281
0.935474318081938	0.220822065150082
0.935954294643293	0.219059480851474
0.936434271204649	0.217283548352188
0.936914247766004	0.215502208049961
0.93739422432736	0.213721007727696
0.937874200888715	0.21194366343587
0.938354177450071	0.210172533535586
0.938834154011426	0.208408990274425
0.939314130572782	0.206653698122775
0.939794107134137	0.204906817476048
0.940274083695493	0.203168152655617
0.940754060256848	0.20143725811251
0.941234036818204	0.19971351636023
0.94171401337956	0.197996199269337
0.942193989940915	0.196284515966258
0.942673966502271	0.194577652154554
0.943153943063626	0.192874808081174
0.943633919624982	0.19117522439768
0.944113896186337	0.189478189452727
0.944593872747693	0.187783031228823
0.945073849309048	0.186089096902484
0.945553825870404	0.184395723170419
0.946033802431759	0.182702216742269
0.946513778993115	0.181007845805293
0.946993755554471	0.179311841810426
0.947473732115826	0.177613415579603
0.947953708677182	0.175911781664889
0.948433685238537	0.174206176629971
0.948913661799893	0.172495872139671
0.949393638361248	0.170780184242786
0.949873614922604	0.169058477257203
0.950353591483959	0.16733016360216
0.950833568045315	0.165594707901556
0.95131354460667	0.163851628378285
0.951793521168026	0.162100493802173
0.952273497729381	0.160340916725272
0.952753474290737	0.158572543232389
0.953233450852092	0.156795040220098
0.953713427413448	0.155008087928596
0.954193403974804	0.153211377696297
0.954673380536159	0.151404614413385
0.955153357097515	0.149587519900622
0.95563333365887	0.14775983573935
0.956113310220226	0.145921323136473
0.956593286781581	0.144071761175636
0.957073263342937	0.142210940787093
0.957553239904292	0.140338657478605
0.958033216465648	0.138454704760209
0.958513193027003	0.136558870919289
0.958993169588359	0.134650938413976
0.959473146149714	0.132730687836099
0.95995312271107	0.13079790139136
0.960433099272425	0.12885236570782
0.960913075833781	0.126893874335933
0.961393052395137	0.124922228976995
0.961873028956492	0.122937237217461
0.962353005517848	0.120938711874875
0.962832982079203	0.118926471794902
0.963312958640559	0.11690034323136
0.963792935201914	0.114860161977371
0.96427291176327	0.112805777524633
0.964752888324625	0.110737056242115
0.965232864885981	0.10865388345432
0.965712841447336	0.106556164358351
0.966192818008692	0.104443823452011
0.966672794570047	0.10231680278075
0.967152771131403	0.100175061002543
0.967632747692759	0.0980185727880701
0.968112724254114	0.0958473282913278
0.96859270081547	0.0936613326866778
0.969072677376825	0.0914606057683564
0.969552653938181	0.0892451816084484
0.970032630499536	0.0870151082693533
0.970512607060892	0.0847704475667728
0.970992583622247	0.0825112748792735
0.971472560183603	0.0802376790004833
0.971952536744958	0.0779497620300145
0.972432513306314	0.0756476396078028
0.972912489867669	0.0733314423636449
0.973392466429025	0.0710013167767035
0.97387244299038	0.0686574225634752
0.974352419551736	0.0662999264622321
0.974832396113092	0.0639289927537556
0.975312372674447	0.0615447702997908
0.975792349235803	0.059147379153846
0.976272325797158	0.0567369013472822
0.976752302358514	0.0543133775250146
0.977232278919869	0.0518768103741876
0.977712255481225	0.0494271747961854
0.97819223204258	0.0469644304512774
0.978672208603936	0.0444885326283575
0.979152185165291	0.0419994407727674
0.979632161726647	0.0394971229721358
0.980112138288002	0.0369815552446635
0.980592114849358	0.034452719455523
0.981072091410713	0.0319106030165069
0.981552067972069	0.0293551990497886
0.982032044533425	0.0267865065022325
0.98251202109478	0.0242045302057814
