0	3.47197433314176e-05
0.000479976487876561	0.00363353526112626
0.000959952975753123	0.00719521919760952
0.00143992946362968	0.0107196815994521
0.00191990595150625	0.014206831824006
0.00239988243938281	0.01765657907585
0.00287985892725937	0.021068832849695
0.00335983541513593	0.0244435032867634
0.00383981190301249	0.0277805014515653
0.00431978839088905	0.0310797395358067
0.00479976487876561	0.0343411309959969
0.00527974136664218	0.0375645906311593
0.00575971785451874	0.0407500346068934
0.0062396943423953	0.0438973804318864
0.00671967083027186	0.047006547298793
0.00719964731814842	0.0500774574595024
0.00767962380602498	0.0531100354905919
0.00815960029390154	0.0561042053993261
0.00863957678177811	0.0590598868346786
0.00911955326965467	0.0619769917517832
0.00959952975753123	0.0648554194250294
0.0100795062454078	0.0676950502564822
0.0105594827332844	0.0704957395776346
0.0110394592211609	0.0732573121542117
0.0115194357090375	0.0759795574519516
0.011999412196914	0.07866222755311
0.0124793886847906	0.0813050381886681
0.0129593651726672	0.0839076733604073
0.0134393416605437	0.086469793131827
0.0139193181484203	0.0889910433095389
0.0143992946362968	0.0914710640114635
0.0148792711241734	0.0939094968431199
0.01535924761205	0.0963059902117634
0.0158392240999265	0.098660202017004
0.0163192005878031	0.100971799568374
0.0167991770756796	0.10324045897505
0.0172791535635562	0.105465865563992
0.0177591300514328	0.107647714629327
0.0182391065393093	0.109785712259557
0.0187190830271859	0.111879576247478
0.0191990595150625	0.113929037087789
0.019679036002939	0.115933839067391
0.0201590124908156	0.117893741453534
0.0206389889786921	0.119808519785012
0.0211189654665687	0.121677967271761
0.0215989419544453	0.12350189630834
0.0220789184423218	0.125280140106942
0.0225588949301984	0.127012554455781
0.0230388714180749	0.1286990196089
0.0235188479059515	0.130339442313741
0.0239988243938281	0.131933757983085
0.0244788008817046	0.133481933018339
0.0249587773695812	0.134983967291541
0.0254387538574578	0.136439896793944
0.0259187303453343	0.137849796810685
0.0263987068332109	0.139213786673367
0.0268786833210874	0.140532034121442
0.027358659808964	0.141804755916963
0.0278386362968406	0.143032214356737
0.0283186127847171	0.144214709922614
0.0287985892725937	0.145352569713808
0.0292785657604702	0.146446134987865
0.0297585422483468	0.147495753010588
0.0302385187362234	0.148501775287236
0.0307184952240999	0.149464563419847
0.0311984717119765	0.150384503233006
0.031678448199853	0.151262024074236
0.0321584246877296	0.152097616349108
0.0326384011756062	0.152891841977331
0.0331183776634827	0.15364533545281
0.0335983541513593	0.154358794538015
0.0340783306392359	0.155032963899195
0.0345583071271124	0.155668619394251
0.035038283614989	0.156266558838695
0.0355182601028655	0.156827601609628
0.0359982365907421	0.157352598837279
0.0364782130786187	0.157842454485652
0.0369581895664952	0.15829815260081
0.0374381660543718	0.158720787604062
0.0379181425422483	0.159111588000375
0.0383981190301249	0.159471931462618
0.0388780955180015	0.159803339787083
0.039358072005878	0.160107455923084
0.0398380484937546	0.160386006786302
0.0403180249816312	0.160640763203217
0.0407980014695077	0.160873499750806
0.0412779779573843	0.161085970413938
0.0417579544452608	0.16127990724214
0.0422379309331374	0.161457041022208
0.042717907421014	0.161619129941085
0.0431978839088905	0.161767991866685
0.0436778603967671	0.16190550908061
0.0441578368846436	0.162033589561239
0.0446378133725202	0.162154070132343
0.0451177898603968	0.16226855382238
0.0455977663482733	0.16237815519038
0.0460777428361499	0.162483151828477
0.0465577193240265	0.162582519080847
0.047037695811903	0.162673335476538
0.0475176722997796	0.162750080187967
0.0479976487876561	0.162803902511066
0.0484776252755327	0.162822028748523
0.0489576017634093	0.162787591119237
0.0494375782512858	0.161890366562153
0.0499175547391624	0.160910241769904
0.0503975312270389	0.159845692808058
0.0508775077149155	0.158695910897463
0.0513574842027921	0.157460702454515
0.0518374606906686	0.156140331557942
0.0523174371785452	0.154735434035823
0.0527974136664218	0.153247001731454
0.0532773901542983	0.151676319618777
0.0537573666421749	0.150024893239413
0.0542373431300514	0.148294416083365
0.054717319617928	0.146486684863534
0.0551972961058046	0.144603454533496
0.0556772725936811	0.142646409483362
0.0561572490815577	0.140617297618787
0.0566372255694342	0.138518106641332
0.0571172020573108	0.136351356263289
0.0575971785451874	0.134120528413207
0.0580771550330639	0.131830557217307
0.0585571315209405	0.129488066755709
0.059037108008817	0.127101290028052
0.0595170844966936	0.124679632219202
0.0599970609845702	0.122232988269234
0.0604770374724467	0.119770964022108
0.0609570139603233	0.117302223946591
0.0614369904481999	0.114834090987447
0.0619169669360764	0.112372458163575
0.062396943423953	0.109921997433392
0.0628769199118295	0.107486562736806
0.0633568963997061	0.105069525844136
0.0638368728875827	0.102674074257903
0.0643168493754592	0.100303553632958
0.0647968258633358	0.0979617886466508
0.0652768023512123	0.0956532279058851
0.0657567788390889	0.0933829855095071
0.0662367553269655	0.0911568152294668
0.066716731814842	0.0889808763503487
0.0671967083027186	0.0868613325434609
0.0676766847905952	0.0848038539117695
0.0681566612784717	0.0828132727710447
0.0686366377663483	0.0808934219759955
0.0691166142542248	0.0790472632148727
0.0695965907421014	0.0772771107719475
0.070076567229978	0.0755848988419607
0.0705565437178545	0.0739723196129641
0.0710365202057311	0.0724408482049668
0.0715164966936076	0.0709916481667692
0.0719964731814842	0.0696254727279544
0.0724764496693608	0.0683425885062421
0.0729564261572373	0.0671429149558886
0.0734364026451139	0.0660263213664771
0.0739163791329905	0.0649929994546043
0.074396355620867	0.0640437829069462
0.0748763321087436	0.0631805038930114
0.0753563085966201	0.0624062770375594
0.0758362850844967	0.0617256320622567
0.0763162615723733	0.0611443880194485
0.0767962380602498	0.0606693489279192
0.0772762145481264	0.0603078171117974
0.0777561910360029	0.0600669936969422
0.0782361675238795	0.059953355182755
0.0787161440117561	0.059972208628185
0.0791961204996326	0.0601274298290497
0.0796760969875092	0.0604213543845962
0.0801560734753858	0.0608547970445573
0.0806360499632623	0.0614271817092396
0.0811160264511389	0.062136623229119
0.0815960029390154	0.0629799293167224
0.082075979426892	0.0639525820276071
0.0825559559147686	0.065048761858223
0.0830359324026451	0.0662614430879152
0.0835159088905217	0.0675826658811866
0.0839958853783982	0.0690039477390187
0.0844758618662748	0.0705167399269341
0.0849558383541514	0.0721128924437248
0.0854358148420279	0.0737851853430195
0.0859157913299045	0.0755277330706131
0.086395767817781	0.0773363442190822
0.0868757443056576	0.0792087829470378
0.0873557207935342	0.0811448495730604
0.0878356972814107	0.0831459823071447
0.0883156737692873	0.0852145632567834
0.0887956502571638	0.087353019417867
0.0892756267450404	0.0895629112310195
0.089755603232917	0.0918441653613651
0.0902355797207935	0.0941947139631846
0.0907155562086701	0.0966105643406119
0.0911955326965467	0.0990863636524625
0.0916755091844232	0.101616125536878
0.0921554856722998	0.104193885859388
0.0926354621601763	0.106813987381249
0.0931154386480529	0.109471047419428
0.0935954151359295	0.112159552102506
0.094075391623806	0.114873362579488
0.0945553681116826	0.117605311902797
0.0950353445995591	0.120347158543474
0.0955153210874357	0.12308985037026
0.0959952975753123	0.125824011648814
0.0964752740631888	0.128540493626297
0.0969552505510654	0.1312308752057
0.097435227038942	0.133887827340123
0.0979152035268185	0.136505364246124
0.0983951800146951	0.13907891485483
0.0988751565025716	0.141605253725405
0.0993551329904482	0.144082308162032
0.0998351094783248	0.146508953659494
0.100315085966201	0.148884678652107
0.100795062454078	0.151209200622296
0.101275038941954	0.153482164145378
0.101755015429831	0.155703024542414
0.102234991917708	0.157871101922371
0.102714968405584	0.159985914646967
0.103194944893461	0.162047596142092
0.103674921381337	0.16405730674031
0.104154897869214	0.166017477171689
0.10463487435709	0.167931740166383
0.105114850844967	0.169804429132896
0.105594827332844	0.17163990614496
0.10607480382072	0.173441839366108
0.106554780308597	0.175212614813054
0.107034756796473	0.176953043254729
0.10751473328435	0.178662456752239
0.107994709772226	0.180339042306321
0.108474686260103	0.181980347416106
0.108954662747979	0.183583761463753
0.109434639235856	0.185146808835593
0.109914615723733	0.186667262636684
0.110394592211609	0.188143163192491
0.110874568699486	0.189572713849494
0.111354545187362	0.190954177292479
0.111834521675239	0.192285860993525
0.112314498163115	0.193566130879686
0.112794474650992	0.194793441487049
0.113274451138868	0.19596639581455
0.113754427626745	0.197083837624947
0.114234404114622	0.19814496607514
0.114714380602498	0.199149499508812
0.115194357090375	0.200097948817137
0.115674333578251	0.200991761053129
0.116154310066128	0.201833268898712
0.116634286554004	0.202625458485601
0.117114263041881	0.203371567659144
0.117594239529758	0.204074478953464
0.118074216017634	0.204736182811373
0.118554192505511	0.205357406740542
0.119034168993387	0.205937469224702
0.119514145481264	0.206474412498538
0.11999412196914	0.206965304586216
0.120474098457017	0.207406480883817
0.120954074944893	0.207793665063288
0.12143405143277	0.208121979157464
0.121914027920647	0.208385727865107
0.122394004408523	0.208578092932633
0.1228739808964	0.208691010952231
0.123353957384276	0.208715320778462
0.123833933872153	0.208641043935439
0.124313910360029	0.208457830513732
0.124793886847906	0.208155456592998
0.125273863335783	0.207724341920257
0.125753839823659	0.207155972973993
0.126233816311536	0.206443209827232
0.126713792799412	0.205580409895579
0.127193769287289	0.204563507165703
0.127673745775165	0.203390047728942
0.128153722263042	0.202059218309449
0.128633698750918	0.200571851850605
0.129113675238795	0.198930541302658
0.129593651726672	0.197139871328197
0.130073628214548	0.195206678227075
0.130553604702425	0.193140093598232
0.131033581190301	0.190951243125103
0.131513557678178	0.188652661762259
0.131993534166054	0.186257465052864
0.132473510653931	0.183778294398807
0.132953487141807	0.181226378516142
0.133433463629684	0.178611058263042
0.133913440117561	0.17593977567395
0.134393416605437	0.173218485224111
0.134873393093314	0.17045238448607
0.13535336958119	0.167646659853225
0.135833346069067	0.164807099071978
0.136313322556943	0.161940514300937
0.13679329904482	0.159054869975262
0.137273275532697	0.156159126704716
0.137753252020573	0.153263075672604
0.13823322850845	0.150377234946892
0.138713204996326	0.147512645707035
0.139193181484203	0.144680592190701
0.139673157972079	0.14189239864009
0.140153134459956	0.139159324041192
0.140633110947832	0.136492419007436
0.141113087435709	0.13390240883167
0.141593063923586	0.131399616912198
0.142073040411462	0.128993922844913
0.142553016899339	0.126694739046669
0.143032993387215	0.124510981090615
0.143512969875092	0.122450966707238
0.143992946362968	0.120522312681946
0.144472922850845	0.118731762100676
0.144952899338722	0.117084942909113
0.145432875826598	0.115586025196023
0.145912852314475	0.11423735602709
0.146392828802351	0.113039115469291
0.146872805290228	0.111989057362205
0.147352781778104	0.111082367289432
0.147832758265981	0.110311655600193
0.148312734753857	0.109667205165493
0.148792711241734	0.109137411600119
0.149272687729611	0.108709338781378
0.149752664217487	0.108369352240244
0.150232640705364	0.108103890063237
0.15071261719324	0.107900260273781
0.151192593681117	0.107747315173772
0.151672570168993	0.107635941222488
0.15215254665687	0.107559344759943
0.152632523144747	0.10751300772003
0.153112499632623	0.107494356448588
0.1535924761205	0.107502254599705
0.154072452608376	0.107536459979663
0.154552429096253	0.107597062871617
0.155032405584129	0.107684172613287
0.155512382072006	0.107797893909485
0.155992358559882	0.107938556358944
0.156472335047759	0.108106995445645
0.156952311535636	0.10830479498316
0.157432288023512	0.108534336389549
0.157912264511389	0.108798638850517
0.158392240999265	0.109101058498832
0.158872217487142	0.109444955708493
0.159352193975018	0.109833436374378
0.159832170462895	0.11026923121662
0.160312146950772	0.110754606512577
0.160792123438648	0.111291281198713
0.161272099926525	0.11188025766289
0.161752076414401	0.112521603535872
0.162232052902278	0.113214342413596
0.162712029390154	0.113956655993404
0.163192005878031	0.114746222542011
0.163671982365907	0.115580641894406
0.164151958853784	0.116457883777517
0.164631935341661	0.117376563997561
0.165111911829537	0.118335886646868
0.165591888317414	0.11933537308756
0.16607186480529	0.12037461619099
0.166551841293167	0.121453117757137
0.167031817781043	0.122570409115217
0.16751179426892	0.123726289348429
0.167991770756796	0.124921009950347
0.168471747244673	0.12615526654271
0.16895172373255	0.12742997252981
0.169431700220426	0.128745774734202
0.169911676708303	0.130102548534792
0.170391653196179	0.131499021561233
0.170871629684056	0.132932586019139
0.171351606171932	0.134399316144704
0.171831582659809	0.135894146459407
0.172311559147686	0.137411022949019
0.172791535635562	0.138943172139256
0.173271512123439	0.140483392950343
0.173751488611315	0.142024224996426
0.174231465099192	0.14355791081286
0.174711441587068	0.145076360567518
0.175191418074945	0.146571064169048
0.175671394562821	0.14803303911999
0.176151371050698	0.149452986570394
0.176631347538575	0.150821803583569
0.177111324026451	0.152131342012825
0.177591300514328	0.153375225453675
0.178071277002204	0.154549498800892
0.178551253490081	0.155652873837138
0.179031229977957	0.156686429446723
0.179511206465834	0.157652880999847
0.179991182953711	0.158555603952353
0.180471159441587	0.159397764308021
0.180951135929464	0.160181779661622
0.18143111241734	0.160909206442544
0.181911088905217	0.161580911367535
0.182391065393093	0.162197415430511
0.18287104188097	0.162759293796937
0.183351018368846	0.163267493665494
0.183830994856723	0.16372341129183
0.1843109713446	0.164128796680497
0.184790947832476	0.164485610835612
0.185270924320353	0.164795797991024
0.185750900808229	0.165061020619582
0.186230877296106	0.165282489160815
0.186710853783982	0.16546081503207
0.187190830271859	0.165595883538273
0.187670806759735	0.165686869721775
0.188150783247612	0.165732331255121
0.188630759735489	0.165730334405376
0.189110736223365	0.16567881511451
0.189590712711242	0.165576072390965
0.190070689199118	0.1654211159655
0.190550665686995	0.165213935764303
0.191030642174871	0.164955583700692
0.191510618662748	0.164647845032367
0.191990595150625	0.164292643576509
0.192470571638501	0.163891486689875
0.192950548126378	0.163445018098703
0.193430524614254	0.162952865755135
0.193910501102131	0.162413925911174
0.194390477590007	0.161826882311549
0.194870454077884	0.16119078772299
0.19535043056576	0.160505643371987
0.195830407053637	0.159772845196193
0.196310383541514	0.158995399761978
0.19679036002939	0.158177875701216
0.197270336517267	0.157326165065436
0.197750313005143	0.156447056652666
0.19823028949302	0.155547693817196
0.198710265980896	0.154634992191724
0.199190242468773	0.153715183800567
0.19967021895665	0.152793568775281
0.200150195444526	0.151874554391007
0.200630171932403	0.150961905726874
0.201110148420279	0.150058965934927
0.201590124908156	0.149168782240873
0.202070101396032	0.148294226225017
0.202550077883909	0.147437853159529
0.203030054371785	0.146601570885769
0.203510030859662	0.145786393860567
0.203990007347539	0.14499237220838
0.204469983835415	0.144218595598925
0.204949960323292	0.143463433642042
0.205429936811168	0.142724888964148
0.205909913299045	0.142000949677801
0.206389889786921	0.14128997202639
0.206869866274798	0.140591031304424
0.207349842762675	0.139904010910221
0.207829819250551	0.139229588828278
0.208309795738428	0.138569190846215
0.208789772226304	0.137924820202703
0.209269748714181	0.137298789128653
0.209749725202057	0.136693619720614
0.210229701689934	0.136111867608768
0.21070967817781	0.135555747301198
0.211189654665687	0.135026643801694
0.211669631153564	0.134524600116566
0.21214960764144	0.134047805254783
0.212629584129317	0.133592342319468
0.213109560617193	0.133152340733224
0.21358953710507	0.132720481750014
0.214069513592946	0.132288766454552
0.214549490080823	0.131849423894277
0.2150294665687	0.131395644546843
0.215509443056576	0.130922063547094
0.215989419544453	0.130425050195017
0.216469396032329	0.129902690214444
0.216949372520206	0.12935452670159
0.217429349008082	0.128781392657137
0.217909325495959	0.12818530036972
0.218389301983835	0.127569329479552
0.218869278471712	0.126937549229644
0.219349254959589	0.126294995010309
0.219829231447465	0.125647528276737
0.220309207935342	0.125001644299659
0.220789184423218	0.12436422586715
0.221269160911095	0.123742283789154
0.221749137398971	0.123142659354659
0.222229113886848	0.122571816852998
0.222709090374724	0.122035674917209
0.223189066862601	0.121539519446765
0.223669043350478	0.121088021863856
0.224149019838354	0.120685291119075
0.224628996326231	0.120334815877548
0.225108972814107	0.120039420006441
0.225588949301984	0.119801244976873
0.22606892578986	0.119621680778044
0.226548902277737	0.119501230018125
0.227028878765614	0.119439479891416
0.22750885525349	0.119435184664829
0.227988831741367	0.119486475705398
0.228468808229243	0.119591229227443
0.22894878471712	0.11974743215246
0.229428761204996	0.119953491641777
0.229908737692873	0.120208489155266
0.230388714180749	0.12051216943316
0.230868690668626	0.120864492545085
0.231348667156503	0.121265077089032
0.231828643644379	0.121712638861276
0.232308620132256	0.122204444424944
0.232788596620132	0.12273597038239
0.233268573108009	0.123300933241903
0.233748549595885	0.123891555272854
0.234228526083762	0.124499026586349
0.234708502571638	0.125114091834051
0.235188479059515	0.125727540423576
0.235668455547392	0.126330566510668
0.236148432035268	0.126915125439304
0.236628408523145	0.127474110193253
0.237108385011021	0.128001277113035
0.237588361498898	0.128491066481348
0.238068337986774	0.128938420524685
0.238548314474651	0.129338532094693
0.239028290962528	0.129686643231314
0.239508267450404	0.1299779645159
0.239988243938281	0.130207722917794
0.240468220426157	0.130371363864286
0.240948196914034	0.130464935076251
0.24142817340191	0.130485452360299
0.241908149889787	0.130431172784293
0.242388126377663	0.130301735437859
0.24286810286554	0.130098238130445
0.243348079353417	0.129823084924987
0.243828055841293	0.129479715390016
0.24430803232917	0.129072352373867
0.244788008817046	0.128605769883374
0.245267985304923	0.128085066200304
0.245747961792799	0.127515513867923
0.246227938280676	0.12690248011098
0.246707914768553	0.126251338591983
0.247187891256429	0.125567437259006
0.247667867744306	0.124856113463228
0.248147844232182	0.124122655582632
0.248627820720059	0.123372291093786
0.249107797207935	0.122610275672711
0.249587773695812	0.121841972372497
0.250067750183688	0.12107284732595
0.250547726671565	0.120308439410969
0.251027703159442	0.119554319581028
0.251507679647318	0.118815957618542
0.251987656135195	0.118098564098973
0.252467632623071	0.117406902743808
0.252947609110948	0.116745171448115
0.253427585598824	0.116116934169189
0.253907562086701	0.115525100080602
0.254387538574578	0.114971949537433
0.254867515062454	0.114459210500254
0.255347491550331	0.1139880771968
0.255827468038207	0.113559171060639
0.256307444526084	0.11317246715124
0.25678742101396	0.112827244037717
0.257267397501837	0.112522136988197
0.257747373989713	0.112255252299947
0.25822735047759	0.112024147486965
0.258707326965467	0.111825718911167
0.259187303453343	0.111656041728589
0.25966727994122	0.111510148126775
0.260147256429096	0.111381782687704
0.260627232916973	0.111263367757815
0.261107209404849	0.111146127160285
0.261587185892726	0.111020362433229
0.262067162380603	0.110875857392453
0.262547138868479	0.11070233047122
0.263027115356356	0.110489825758427
0.263507091844232	0.110229206294167
0.263987068332109	0.109912503840319
0.264467044819985	0.109533001452232
0.264947021307862	0.109085259224737
0.265426997795738	0.108565060451299
0.265906974283615	0.107969094785558
0.266386950771492	0.107294635664286
0.266866927259368	0.106539363792414
0.267346903747245	0.105701368912942
0.267826880235121	0.104779482871286
0.268306856722998	0.103773958305928
0.268786833210874	0.10268705270126
0.269266809698751	0.101523409690175
0.269746786186628	0.100290265043822
0.270226762674504	0.0989973413848708
0.270706739162381	0.0976565122799264
0.271186715650257	0.0962815423527869
0.271666692138134	0.0948878508390588
0.27214666862601	0.0934921101116743
0.272626645113887	0.0921117743148355
0.273106621601763	0.0907644861415714
0.27358659808964	0.0894673216519348
0.274066574577517	0.088236031794603
0.274546551065393	0.087084489665138
0.27502652755327	0.0860244188502193
0.275506504041146	0.0850653310905736
0.275986480529023	0.0842146830057352
0.276466457016899	0.0834781311242565
0.276946433504776	0.0828597367064296
0.277426409992653	0.0823620780336791
0.277906386480529	0.0819863372616363
0.278386362968406	0.0817324306902579
0.278866339456282	0.0815992381548742
0.279346315944159	0.0815849814342941
0.279826292432035	0.0816876387337243
0.280306268919912	0.08190526459573
0.280786245407788	0.0822362717891416
0.281266221895665	0.0826795672266143
0.281746198383542	0.0832345055240601
0.282226174871418	0.0839007233314486
0.282706151359295	0.0846779621952783
0.283186127847171	0.0855658233784199
0.283666104335048	0.0865635856208727
0.284146080822924	0.0876701857811116
0.284626057310801	0.0888842774290081
0.285106033798677	0.0902042552849698
0.285586010286554	0.0916282492984153
0.286065986774431	0.0931539907242906
0.286545963262307	0.0947785407522172
0.287025939750184	0.0964980278597376
0.28750591623806	0.0983075539416274
0.287985892725937	0.10020120094833
0.288465869213813	0.102172286949486
0.28894584570169	0.104213747371997
0.289425822189567	0.106318431630891
0.289905798677443	0.1084791934702
0.29038577516532	0.11068889009605
0.290865751653196	0.1129402325741
0.291345728141073	0.115225581649163
0.291825704628949	0.117536867015448
0.292305681116826	0.119865684159054
0.292785657604702	0.122203431079457
0.293265634092579	0.124541504079775
0.293745610580456	0.126871437939198
0.294225587068332	0.129184992249035
0.294705563556209	0.131474227325402
0.295185540044085	0.133731523951259
0.295665516531962	0.135949499438716
0.296145493019838	0.138120949546805
0.296625469507715	0.140238809450146
0.297105445995591	0.142296113025876
0.297585422483468	0.14428611971595
0.298065398971345	0.146202691987662
0.298545375459221	0.148040703492041
0.299025351947098	0.149796315239963
0.299505328434974	0.151467101546591
0.299985304922851	0.153051942714089
0.300465281410727	0.154550571153022
0.300945257898604	0.155962982062478
0.301425234386481	0.157288903631766
0.301905210874357	0.158527406184547
0.302385187362234	0.159676770575821
0.30286516385011	0.160734677552312
0.303345140337987	0.161698495610731
0.303825116825863	0.16256558194454
0.30430509331374	0.163333595034573
0.304785069801616	0.164000750152552
0.305265046289493	0.164565881491576
0.30574502277737	0.165028534941134
0.306224999265246	0.165389154364082
0.306704975753123	0.165649163778513
0.307184952240999	0.165810952957463
0.307664928728876	0.165877999642304
0.308144905216752	0.165854956270806
0.308624881704629	0.165747535565474
0.309104858192506	0.165562196908952
0.309584834680382	0.165305648806519
0.310064811168259	0.164984133049816
0.310544787656135	0.164602739141955
0.311024764144012	0.164164955729341
0.311504740631888	0.163672446475178
0.311984717119765	0.163125170608218
0.312464693607641	0.162521885118178
0.312944670095518	0.161860729374693
0.313424646583395	0.161139732138768
0.313904623071271	0.160357351327155
0.314384599559148	0.159512830666841
0.314864576047024	0.158606245566219
0.315344552534901	0.157638443432901
0.315824529022777	0.156610940471142
0.316304505510654	0.155525720885931
0.31678448199853	0.154385068729911
0.317264458486407	0.153191360125816
0.317744434974284	0.151946808733368
0.31822441146216	0.150653262055965
0.318704387950037	0.149312200310422
0.319184364437913	0.147924687991671
0.31966434092579	0.146491281447516
0.320144317413666	0.145011951151745
0.320624293901543	0.143486014149107
0.32110427038942	0.141912063748718
0.321584246877296	0.140288079849924
0.322064223365173	0.138611718655386
0.322544199853049	0.136880786059615
0.323024176340926	0.135093756676958
0.323504152828802	0.133250295282645
0.323984129316679	0.131351553442545
0.324464105804555	0.129400231082723
0.324944082292432	0.127400424749141
0.325424058780309	0.125357263636515
0.325904035268185	0.1232763550446
0.326384011756062	0.121163325671418
0.326863988243938	0.119023613682132
0.327343964731815	0.116862458643665
0.327823941219691	0.11468500472238
0.328303917707568	0.112496578537665
0.328783894195445	0.110302913963881
0.329263870683321	0.108110256784715
0.329743847171198	0.105925319606284
0.330223823659074	0.103755149050484
0.330703800146951	0.101606867797681
0.331183776634827	0.0994874935262607
0.331663753122704	0.0974038541874997
0.33214372961058	0.0953625837690474
0.332623706098457	0.093370206165254
0.333103682586334	0.0914332874581888
0.33358365907421	0.089558522989844
0.334063635562087	0.0877527347279554
0.334543612049963	0.0860227921702344
0.33502358853784	0.0843755473664476
0.335503565025716	0.0828177609290536
0.335983541513593	0.0813560047462624
0.33646351800147	0.0799965473106869
0.336943494489346	0.0787452383816367
0.337423470977223	0.0776074092729042
0.337903447465099	0.0765877987509851
0.338383423952976	0.0756906440579612
0.338863400440852	0.074919980047901
0.339343376928729	0.0742800538175566
0.339823353416605	0.0737756873456524
0.340303329904482	0.07341251729822
0.340783306392359	0.0731970147113773
0.341263282880235	0.0731361724712745
0.341743259368112	0.0732369279272567
0.342223235855988	0.0735055063396987
0.342703212343865	0.0739467909499784
0.343183188831741	0.0745638632202562
0.343663165319618	0.0753578345754181
0.344143141807495	0.0763278764289407
0.344623118295371	0.0774713353361279
0.345103094783248	0.0787839510850485
0.345583071271124	0.0802601337086406
0.346063047759001	0.0818930205457377
0.346543024246877	0.0836744292996159
0.347023000734754	0.0855948244108271
0.34750297722263	0.0876432343164909
0.347982953710507	0.0898071057034694
0.348462930198384	0.0920723283958582
0.34894290668626	0.0944234087861817
0.349422883174137	0.0968437515723044
0.349902859662013	0.0993160394571364
0.35038283614989	0.101822671113333
0.350862812637766	0.104346146878004
0.351342789125643	0.106869329115435
0.351822765613519	0.109375586521499
0.352302742101396	0.111848857269431
0.352782718589273	0.114273717248971
0.353262695077149	0.116635461625366
0.353742671565026	0.118920272684446
0.354222648052902	0.121115505355063
0.354702624540779	0.123210011792414
0.355182601028655	0.125194444621239
0.355662577516532	0.127061455748187
0.356142554004409	0.128805593368066
0.356622530492285	0.13042294910772
0.357102506980162	0.1319107349492
0.357582483468038	0.133266916286555
0.358062459955915	0.134489952332828
0.358542436443791	0.135578811795482
0.359022412931668	0.136533230123227
0.359502389419544	0.137353942415761
0.359982365907421	0.138042766942153
0.360462342395298	0.138602550820214
0.360942318883174	0.139037059075592
0.361422295371051	0.139350952269424
0.361902271858927	0.13954989041949
0.362382248346804	0.139640636276526
0.36286222483468	0.139631142139085
0.363342201322557	0.139530510519166
0.363822177810434	0.139348650782579
0.36430215429831	0.139095669159886
0.364782130786187	0.138781207835895
0.365262107274063	0.138413943425881
0.36574208376194	0.138001409234197
0.366222060249816	0.13755014125497
0.366702036737693	0.137065982170971
0.367182013225569	0.136554372378102
0.367661989713446	0.136020586108845
0.368141966201323	0.135469806762123
0.368621942689199	0.134906988147075
0.369101919177076	0.134336713549877
0.369581895664952	0.133763127915514
0.370061872152829	0.133189899002306
0.370541848640705	0.132620203789051
0.371021825128582	0.132056745236856
0.371501801616459	0.131501805713421
0.371981778104335	0.13095732448107
0.372461754592212	0.13042502049283
0.372941731080088	0.129906598024239
0.373421707567965	0.129403814661641
0.373901684055841	0.12891839863746
0.374381660543718	0.128451873612385
0.374861637031594	0.128005195835113
0.375341613519471	0.1275782124668
0.375821590007348	0.127169248347698
0.376301566495224	0.126774896964525
0.376781542983101	0.12639000697223
0.377261519470977	0.126007996896986
0.377741495958854	0.125621443562417
0.37822147244673	0.125222657390692
0.378701448934607	0.124804231293606
0.379181425422484	0.124359507846134
0.37966140191036	0.123882805816613
0.380141378398237	0.123369481555898
0.380621354886113	0.122815960269247
0.38110133137399	0.122219578111234
0.381581307861866	0.121578281724746
0.382061284349743	0.120890366825989
0.382541260837619	0.120154278189778
0.383021237325496	0.11936847406082
0.383501213813373	0.118531457511475
0.383981190301249	0.117641972044009
0.384461166789126	0.11669930226673
0.384941143277002	0.115703580189241
0.385421119764879	0.114656073778638
0.385901096252755	0.113559293243979
0.386381072740632	0.112416935656846
0.386861049228508	0.111233702224433
0.387341025716385	0.110015015790976
0.387821002204262	0.108766653772268
0.388300978692138	0.10749451645601
0.388780955180015	0.106204425663859
0.389260931667891	0.104901945422404
0.389740908155768	0.103592161624427
0.390220884643644	0.102279544987948
0.390700861131521	0.100967797143594
0.391180837619398	0.0996598004107201
0.391660814107274	0.0983576696087207
0.392140790595151	0.0970629933962116
0.392620767083027	0.095777272095415
0.393100743570904	0.0945024606810954
0.39358072005878	0.0932414109540397
0.394060696546657	0.091998170657663
0.394540673034533	0.0907780111072011
0.39502064952241	0.0895871669755785
0.395500626010287	0.0884324726722323
0.395980602498163	0.0873210961181413
0.39646057898604	0.086260280938563
0.396940555473916	0.0852571896885588
0.397420531961793	0.0843188252705754
0.397900508449669	0.0834518852987884
0.398380484937546	0.0826625206372907
0.398860461425423	0.0819561112772422
0.399340437913299	0.0813370750056512
0.399820414401176	0.0808087147607134
0.400300390889052	0.080373228358572
0.400780367376929	0.080031853439001
0.401260343864805	0.0797850075378918
0.401740320352682	0.0796324186068536
0.402220296840558	0.0795732403462319
0.402700273328435	0.0796061277505912
0.403180249816312	0.0797292727639635
0.403660226304188	0.0799405145734984
0.404140202792065	0.0802375426956418
0.404620179279941	0.0806180819376098
0.405100155767818	0.0810799096966706
0.405580132255694	0.081620733372906
0.406060108743571	0.0822380061955246
0.406540085231447	0.0829286210492164
0.407020061719324	0.0836885208728828
0.407500038207201	0.0845124413568227
0.407980014695077	0.0853938687105929
0.408459991182954	0.0863251226441271
0.40893996767083	0.0872975754206751
0.409419944158707	0.0883017897789959
0.409899920646583	0.0893275077169783
0.41037989713446	0.0903635788118217
0.410859873622337	0.0913978336394511
0.411339850110213	0.0924168928760168
0.41181982659809	0.0934062185386795
0.412299803085966	0.094350543539017
0.412779779573843	0.0952345472071216
0.413259756061719	0.0960435781299027
0.413739732549596	0.0967643719369088
0.414219709037472	0.0973856322411908
0.414699685525349	0.0978984956808165
0.415179662013226	0.098296741567093
0.415659638501102	0.0985767298694129
0.416139614988979	0.0987372429996582
0.416619591476855	0.0987793530535002
0.417099567964732	0.0987061420335532
0.417579544452608	0.0985222662720052
0.418059520940485	0.0982335501438993
0.418539497428361	0.0978465431783243
0.419019473916238	0.0973680299125814
0.419499450404115	0.0968046172860759
0.419979426891991	0.0961624788564491
0.420459403379868	0.0954473447562358
0.420939379867744	0.0946647231988502
0.421419356355621	0.0938202980029283
0.421899332843497	0.0929203629568394
0.422379309331374	0.0919722492178624
0.422859285819251	0.0909847427120115
0.423339262307127	0.0899682554722533
0.423819238795004	0.0889347050929377
0.42429921528288	0.0878972228739166
0.424779191770757	0.0868698182779091
0.425259168258633	0.0858670052299021
0.42573914474651	0.0849034120103541
0.426219121234386	0.0839934820574631
0.426699097722263	0.0831512264686648
0.42717907421014	0.0823899800991501
0.427659050698016	0.081722123798771
0.428139027185893	0.081158877779273
0.428619003673769	0.0807101806488472
0.429098980161646	0.0803846651194902
0.429578956649522	0.080189737915465
0.430058933137399	0.0801316230794985
0.430538909625276	0.0802153564572814
0.431018886113152	0.080444758654247
0.431498862601029	0.0808223705620044
0.431978839088905	0.0813493325954772
0.432458815576782	0.0820253444519856
0.432938792064658	0.0828488387205001
0.433418768552535	0.0838173701163384
0.433898745040411	0.0849280821783539
0.434378721528288	0.0861780369993939
0.434858698016165	0.087564274648172
0.435338674504041	0.0890836533438466
0.435818650991918	0.0907324695384352
0.436298627479794	0.0925059897790586
0.436778603967671	0.0943981237704492
0.437258580455547	0.0964013949191748
0.437738556943424	0.0985071599713906
0.438218533431301	0.100706029966273
0.438698509919177	0.102988300520272
0.439178486407054	0.105344252711901
0.43965846289493	0.107764330548863
0.440138439382807	0.110239178662519
0.440618415870683	0.112759545596978
0.44109839235856	0.115316224418741
0.441578368846436	0.117900022845972
0.442058345334313	0.120501718743086
0.44253832182219	0.123112009847727
0.443018298310066	0.125721486943176
0.443498274797943	0.128320657017979
0.443978251285819	0.130900027701928
0.444458227773696	0.133450228066896
0.444938204261572	0.135962152113074
0.445418180749449	0.138427092690197
0.445898157237326	0.140836799049749
0.446378133725202	0.143183455928092
0.446858110213079	0.145459660407951
0.447338086700955	0.147658428448332
0.447818063188832	0.149773254636463
0.448298039676708	0.151798266496412
0.448778016164585	0.153728508051714
0.449257992652461	0.155560216174381
0.449737969140338	0.157290917332866
0.450217945628215	0.158919319244439
0.450697922116091	0.160445022207334
0.451177898603968	0.161868154437571
0.451657875091844	0.163189068163255
0.452137851579721	0.164408315656156
0.452617828067597	0.16552685861948
0.453097804555474	0.166546366964793
0.453577781043351	0.167469563727014
0.454057757531227	0.168300437999671
0.454537734019104	0.16904405297139
0.45501771050698	0.169706075091292
0.455497686994857	0.170292208011127
0.455977663482733	0.170807616428189
0.45645763997061	0.171256586828326
0.456937616458486	0.171642728579628
0.457417592946363	0.171969313155851
0.45789756943424	0.172239552418307
0.458377545922116	0.17245681263134
0.458857522409993	0.172624670501614
0.459337498897869	0.172746533441984
0.459817475385746	0.172825226230235
0.460297451873622	0.172862634516583
0.460777428361499	0.172859425662567
0.461257404849375	0.172814948757925
0.461737381337252	0.172727393778792
0.462217357825129	0.172593924090984
0.462697334313005	0.172410913360939
0.463177310800882	0.172174260637015
0.463657287288758	0.171879660969349
0.464137263776635	0.171522824069894
0.464617240264511	0.171099833492854
0.465097216752388	0.170607470874104
0.465577193240265	0.170043482245154
0.466057169728141	0.169406668646902
0.466537146216018	0.168696802378925
0.467017122703894	0.167914335400232
0.467497099191771	0.167060020806111
0.467977075679647	0.166134451945438
0.468457052167524	0.165137682645772
0.4689370286554	0.164069056767588
0.469417005143277	0.162927309706722
0.469896981631154	0.161710916250947
0.47037695811903	0.160418616927609
0.470856934606907	0.159050002126843
0.471336911094783	0.157606005579661
0.47181688758266	0.156089170036603
0.472296864070536	0.154503720605456
0.472776840558413	0.152855360695072
0.47325681704629	0.151150840683305
0.473736793534166	0.149397428122606
0.474216770022043	0.147602424734935
0.474696746509919	0.14577271164229
0.475176722997796	0.143914474514321
0.475656699485672	0.142033152700111
0.476136675973549	0.140133508285379
0.476616652461425	0.138219835157647
0.477096628949302	0.136296282919946
0.477576605437179	0.134367145983256
0.478056581925055	0.132437153967351
0.478536558412932	0.130511776446547
0.479016534900808	0.12859732881169
0.479496511388685	0.1267008291216
0.479976487876561	0.124829713773636
0.480456464364438	0.122991367542702
0.480936440852315	0.121192577759753
0.481416417340191	0.119439131261086
0.481896393828068	0.117735531382974
0.482376370315944	0.116084896225709
0.482856346803821	0.114489099407511
0.483336323291697	0.112949021639028
0.483816299779574	0.111464771314663
0.48429627626745	0.110035978714303
0.484776252755327	0.108662115862601
0.485256229243204	0.107342766791189
0.48573620573108	0.106077954719071
0.486216182218957	0.104868609559106
0.486696158706833	0.103716913604139
0.48717613519471	0.102626533026713
0.487656111682586	0.101602630036486
0.488136088170463	0.100651597526458
0.488616064658339	0.0997805328679241
0.489096041146216	0.0989967009311753
0.489576017634093	0.098307003824906
0.490055994121969	0.097717494219924
0.490535970609846	0.0972330234001533
0.491015947097722	0.0968570756435502
0.491495923585599	0.0965917087516436
0.491975900073475	0.0964375946155877
0.492455876561352	0.0963941424960831
0.492935853049228	0.0964596812006518
0.493415829537105	0.0966316517491023
0.493895806024982	0.0969068554887485
0.494375782512858	0.0972816771970461
0.494855759000735	0.0977522425100152
0.495335735488611	0.098314499749132
0.495815711976488	0.0989642198565973
0.496295688464364	0.0996969227806243
0.496775664952241	0.100507778874454
0.497255641440118	0.101391493267384
0.497735617927994	0.102342160143332
0.498215594415871	0.10335311062266
0.498695570903747	0.104416759868547
0.499175547391624	0.105524460656197
0.4996555238795	0.106666493902504
0.500135500367377	0.107832205982938
0.500615476855254	0.109010266528175
0.50109545334313	0.110189037760966
0.501575429831007	0.111357004918463
0.502055406318883	0.112503154018318
0.50253538280676	0.113617355530235
0.503015359294636	0.114690648220696
0.503495335782513	0.115715377405376
0.503975312270389	0.116685260069268
0.504455288758266	0.117595373638602
0.504935265246143	0.118441994700057
0.505415241734019	0.119222445915931
0.505895218221896	0.119934972711487
0.506375194709772	0.120578588456486
0.506855171197649	0.121152972385575
0.507335147685525	0.121658351286341
0.507815124173402	0.122095252556026
0.508295100661278	0.122464264578038
0.508775077149155	0.122765793802695
0.509255053637032	0.122999754442264
0.509735030124908	0.123165368465648
0.510215006612785	0.123261234505773
0.510694983100661	0.123285549711806
0.511174959588538	0.123236383740548
0.511654936076414	0.123112017155231
0.512134912564291	0.122911204720668
0.512614889052168	0.122633364664614
0.513094865540044	0.122278769724426
0.513574842027921	0.121848579499003
0.514054818515797	0.121344823195971
0.514534795003674	0.120770345109012
0.51501477149155	0.120128636592727
0.515494747979427	0.119423529753441
0.515974724467303	0.118659024193059
0.51645470095518	0.117839194280045
0.516934677443057	0.11696812547619
0.517414653930933	0.116049888232182
0.51789463041881	0.115088517130178
0.518374606906686	0.114087856495348
0.518854583394563	0.113051373549055
0.519334559882439	0.11198197119437
0.519814536370316	0.110881816663814
0.520294512858193	0.109752242552321
0.520774489346069	0.108593907791927
0.521254465833946	0.107407022955829
0.521734442321822	0.106191584127768
0.522214418809699	0.104947581581454
0.522694395297575	0.103675112560333
0.523174371785452	0.10237436273499
0.523654348273328	0.10104556742445
0.524134324761205	0.0996890584161908
0.524614301249082	0.0983052580113811
0.525094277736958	0.0968946140467931
0.525574254224835	0.0954575142217156
0.526054230712711	0.0939941975532026
0.526534207200588	0.0925046842853707
0.527014183688464	0.0909888842373988
0.527494160176341	0.0894468180770911
0.527974136664217	0.0878788180645279
0.528454113152094	0.0862856893091741
0.528934089639971	0.0846687981885207
0.529414066127847	0.083029957909473
0.529894042615724	0.0813712396837746
0.5303740191036	0.0796948573966919
0.530853995591477	0.0780031379382866
0.531333972079353	0.0762986242132487
0.53181394856723	0.0745844460473106
0.532293925055107	0.0728646921111595
0.532773901542983	0.0711445218413908
0.53325387803086	0.0694300426783166
0.533733854518736	0.0677279652899539
0.534213831006613	0.0660450413189025
0.534693807494489	0.0643875453008827
0.535173783982366	0.0627609590324729
0.535653760470242	0.0611698679621043
0.536133736958119	0.0596180001932483
0.536613713445996	0.0581084307907642
0.537093689933872	0.0566437217077396
0.537573666421749	0.0552259043213451
0.538053642909625	0.0538563810436235
0.538533619397502	0.05253588436073
0.539013595885378	0.0512645098282031
0.539493572373255	0.0500418985691984
0.539973548861131	0.0488676127809526
0.540453525349008	0.0477416067143854
0.540933501836885	0.0466645938800454
0.541413478324761	0.0456382383720335
0.541893454812638	0.0446651569314717
0.542373431300514	0.0437487856329766
0.542853407788391	0.042893161577797
0.543333384276267	0.0421027424216714
0.543813360764144	0.0413822352899813
0.544293337252021	0.0407364516678742
0.544773313739897	0.0401702755979548
0.545253290227774	0.0396885690667729
0.54573326671565	0.0392959713872716
0.546213243203527	0.0389966228061072
0.546693219691403	0.038793948100438
0.54717319617928	0.0386905246148394
0.547653172667157	0.038688035410226
0.548133149155033	0.0387872818812322
0.54861312564291	0.0389882467783884
0.549093102130786	0.039290180102335
0.549573078618663	0.0396916307487258
0.550053055106539	0.0401904240167645
0.550533031594416	0.0407836585914043
0.551013008082292	0.0414677406415523
0.551492984570169	0.0422384937234235
0.551972961058045	0.0430914033138932
0.552452937545922	0.0440218672143846
0.552932914033799	0.0450253794154348
0.553412890521675	0.0460976314315936
0.553892867009552	0.0472344858279546
0.554372843497428	0.0484318107454268
0.554852819985305	0.0496854370610837
0.555332796473181	0.0509911630903528
0.555812772961058	0.0523447885168247
0.556292749448935	0.053742227624237
0.556772725936811	0.0551797228061738
0.557252702424688	0.0566539276748557
0.557732678912564	0.0581620030643043
0.558212655400441	0.0597016883158843
0.558692631888317	0.0612712213521979
0.559172608376194	0.062869042840885
0.559652584864071	0.0644934547065751
0.560132561351947	0.0661421823721872
0.560612537839824	0.0678117901438091
0.5610925143277	0.0694971695980113
0.561572490815577	0.0711912901947568
0.562052467303453	0.072885158918443
0.56253244379133	0.0745680935717743
0.563012420279206	0.0762284100058302
0.563492396767083	0.0778543917517466
0.56397237325496	0.0794351480001444
0.564452349742836	0.0809614162298814
0.564932326230713	0.0824261180574923
0.565412302718589	0.0838244640916378
0.565892279206466	0.0851537062528499
0.566372255694342	0.0864128033406713
0.566852232182219	0.08760196806461
0.567332208670096	0.0887222793694112
0.567812185157972	0.0897755301090703
0.568292161645849	0.090764202898465
0.568772138133725	0.0916913803487102
0.569252114621602	0.092560726365473
0.569732091109478	0.0933763840186462
0.570212067597355	0.0941428467195115
0.570692044085231	0.0948648285026911
0.571172020573108	0.0955473038307398
0.571651997060985	0.0961955381587828
0.572131973548861	0.0968151546967035
0.572611950036738	0.0974120195687787
0.573091926524614	0.0979919787379927
0.573571903012491	0.0985604860302048
0.574051879500367	0.099122259031708
0.574531855988244	0.0996810115804713
0.57501183247612	0.100239474728577
0.575491808963997	0.100799655109865
0.575971785451874	0.101363246882327
0.57645176193975	0.101932032877181
0.576931738427627	0.102508237679041
0.577411714915503	0.103094709815087
0.57789169140338	0.103694945549367
0.578371667891256	0.104312978764757
0.578851644379133	0.104953287235392
0.57933162086701	0.105620767387563
0.579811597354886	0.106320651392872
0.580291573842763	0.107058307116707
0.580771550330639	0.107838956570673
0.581251526818516	0.108667308617494
0.581731503306392	0.109547078261751
0.582211479794269	0.110480646968629
0.582691456282145	0.111468926617605
0.583171432770022	0.112511426953553
0.583651409257899	0.113606543085792
0.584131385745775	0.11475200047134
0.584611362233652	0.115945202813944
0.585091338721528	0.117183502343854
0.585571315209405	0.118464402615846
0.586051291697281	0.119785532983821
0.586531268185158	0.121144415534562
0.587011244673035	0.122538303120636
0.587491221160911	0.123964104675986
0.587971197648788	0.12541826503899
0.588451174136664	0.126896704314597
0.588931150624541	0.128394843874485
0.589411127112417	0.129907681544558
0.589891103600294	0.131429853286187
0.590371080088171	0.132955749540231
0.590851056576047	0.134479593345193
0.591331033063924	0.135995520601848
0.5918110095518	0.137497694386608
0.592290986039677	0.138980447232431
0.592770962527553	0.140438353398115
0.59325093901543	0.14186634946171
0.593730915503306	0.143259862930425
0.594210891991183	0.144614895079611
0.594690868479059	0.145928095545644
0.595170844966936	0.147196842706671
0.595650821454813	0.148419173151803
0.596130797942689	0.149593558569003
0.596610774430566	0.15071857536675
0.597090750918442	0.151792467186976
0.597570727406319	0.152812738611769
0.598050703894195	0.153775962759892
0.598530680382072	0.154677830868989
0.599010656869949	0.155513429810378
0.599490633357825	0.156277715557203
0.599970609845702	0.156965998761774
0.600450586333578	0.157574315238084
0.600930562821455	0.15809970385563
0.601410539309331	0.15854026470649
0.601890515797208	0.158895003810857
0.602370492285085	0.159163672334871
0.602850468772961	0.15934663916063
0.603330445260838	0.159444690503998
0.603810421748714	0.159458800048056
0.604290398236591	0.159389899725572
0.604770374724467	0.159238666600331
0.605250351212344	0.159005446043285
0.60573032770022	0.158690260631251
0.606210304188097	0.158292904931024
0.606690280675974	0.157813207874094
0.60717025716385	0.157251341032521
0.607650233651727	0.156608031678661
0.608130210139603	0.155884640654103
0.60861018662748	0.155083155218112
0.609090163115356	0.154206083156198
0.609570139603233	0.153256340357818
0.610050116091109	0.152237210612531
0.610530092578986	0.15115245746158
0.611010069066863	0.150006677562932
0.611490045554739	0.148805683583487
0.611970022042616	0.147556754409874
0.612449998530492	0.146268640392417
0.612929975018369	0.144951286395456
0.613409951506245	0.143615282178211
0.613889927994122	0.142271206515586
0.614369904481999	0.14092900722758
0.614849880969875	0.13959757847245
0.615329857457752	0.138284683861774
0.615809833945628	0.136997136990767
0.616289810433505	0.135741075080426
0.616769786921381	0.134522271398672
0.617249763409258	0.133346324055868
0.617729739897134	0.132218690006301
0.618209716385011	0.1311445890203
0.618689692872888	0.130128893185878
0.619169669360764	0.129175919209569
0.619649645848641	0.12828923628935
0.620129622336517	0.127471507185727
0.620609598824394	0.126724351723821
0.62108957531227	0.126048235799489
0.621569551800147	0.12544250479898
0.622049528288024	0.124905602567333
0.6225295047759	0.124435336366794
0.623009481263777	0.124029143105447
0.623489457751653	0.12368431090047
0.62396943423953	0.123398044041916
0.624449410727406	0.123167388186846
0.624929387215283	0.122989182511902
0.625409363703159	0.122859963072963
0.625889340191036	0.122775838443634
0.626369316678913	0.122732468704929
0.626849293166789	0.122725111092995
0.627329269654666	0.122748587270059
0.627809246142542	0.122797199390347
0.628289222630419	0.122864642515337
0.628769199118295	0.12294393718378
0.629249175606172	0.123027417237953
0.629729152094048	0.123106897427067
0.630209128581925	0.123174039255546
0.630689105069802	0.123220789252446
0.631169081557678	0.123239826589803
0.631649058045555	0.123224967128231
0.632129034533431	0.123171470378189
0.632609011021308	0.123076239684034
0.633088987509184	0.122937949556234
0.633568963997061	0.122757151225238
0.634048940484938	0.122536303200698
0.634528916972814	0.122279692359828
0.635008893460691	0.121993249871982
0.635488869948567	0.121684118103908
0.635968846436444	0.12135998470547
0.63644882292432	0.121028326199467
0.636928799412197	0.120695704450708
0.637408775900073	0.120367271060867
0.63788875238795	0.120046682449804
0.638368728875827	0.119736373431117
0.638848705363703	0.119437945330349
0.63932868185158	0.119152446913392
0.639808658339456	0.118880459301636
0.640288634827333	0.11862198971798
0.640768611315209	0.118376270060817
0.641248587803086	0.118141670012673
0.641728564290962	0.117915882459746
0.642208540778839	0.117696415240534
0.642688517266716	0.117481386385694
0.643168493754592	0.117270265109534
0.643648470242469	0.117064347473472
0.644128446730345	0.116866870733568
0.644608423218222	0.116682770825651
0.645088399706098	0.11651809477625
0.645568376193975	0.11637934211659
0.646048352681852	0.116272903785188
0.646528329169728	0.116204699924603
0.647008305657605	0.11618002597038
0.647488282145481	0.116203493887321
0.647968258633358	0.116278966104568
0.648448235121234	0.116409405138481
0.648928211609111	0.116596641950325
0.649408188096988	0.11684105766091
0.649888164584864	0.11714131817516
0.650368141072741	0.1174942712434
0.650848117560617	0.117895085124571
0.651328094048494	0.11833760610435
0.65180807053637	0.118814855024092
0.652288047024247	0.119319492453937
0.652768023512123	0.119844232001376
0.653248	0.120382085658457
0.653727976487877	0.12092646085412
0.654207952975753	0.121471166157325
0.65468792946363	0.122010437481177
0.655167905951506	0.12253897459463
0.655647882439383	0.123052107278775
0.656127858927259	0.123546107292044
0.656607835415136	0.124018551278283
0.657087811903013	0.124468474872993
0.657567788390889	0.124896343147461
0.658047764878766	0.125303939262981
0.658527741366642	0.125693961734722
0.659007717854519	0.126069428637406
0.659487694342395	0.126433148894902
0.659967670830272	0.126787243569227
0.660447647318148	0.127132731977926
0.660927623806025	0.127469375211985
0.661407600293902	0.127795620320274
0.661887576781778	0.128108462700639
0.662367553269655	0.128403437695951
0.662847529757531	0.12867473597521
0.663327506245408	0.128915275737975
0.663807482733284	0.129116947536163
0.664287459221161	0.129271185699111
0.664767435709037	0.12936963584803
0.665247412196914	0.129404850941858
0.665727388684791	0.129370945262964
0.666207365172667	0.129264019246587
0.666687341660544	0.129082232368688
0.66716731814842	0.128825592363581
0.667647294636297	0.128495454858636
0.668127271124173	0.12809396554671
0.66860724761205	0.127623605293
0.669087224099927	0.127087080861441
0.669567200587803	0.126487464669208
0.67004717707568	0.125828535386002
0.670527153563556	0.12511507309522
0.671007130051433	0.124353009247303
0.671487106539309	0.123549279583277
0.671967083027186	0.122711504165586
0.672447059515062	0.121847417148274
0.672927036002939	0.12096429676684
0.673407012490816	0.120068532058949
0.673886988978692	0.11916545892633
0.674366965466569	0.118259336785626
0.674846941954445	0.11735356308251
0.675326918442322	0.116450999610492
0.675806894930198	0.115554335699221
0.676286871418075	0.114666439547619
0.676766847905951	0.113790714264029
0.677246824393828	0.112931335244183
0.677726800881705	0.112093372647158
0.678206777369581	0.111282756036384
0.678686753857458	0.110506080820705
0.679166730345334	0.109770313804488
0.679646706833211	0.109082386094369
0.680126683321087	0.108448777167002
0.680606659808964	0.107875168564437
0.681086636296841	0.107366205217517
0.681566612784717	0.106925385314742
0.682046589272594	0.106555197894886
0.68252656576047	0.106257389103417
0.683006542248347	0.106033337230798
0.683486518736223	0.105884518186822
0.6839664952241	0.10581286419787
0.684446471711976	0.105820844695372
0.684926448199853	0.10591140225462
0.68540642468773	0.10608772599289
0.685886401175606	0.106352836839068
0.686366377663483	0.106709153743657
0.686846354151359	0.107158214181287
0.687326330639236	0.107700532111114
0.687806307127112	0.108335591957664
0.688286283614989	0.109061947123109
0.688766260102866	0.109877298837558
0.689246236590742	0.11077855078588
0.689726213078619	0.111761834946016
0.690206189566495	0.112822490159496
0.690686166054372	0.113955016167135
0.691166142542248	0.115153112323932
0.691646119030125	0.116409778853434
0.692126095518002	0.11771744997552
0.692606072005878	0.119068157285184
0.693086048493755	0.12045374329711
0.693566024981631	0.121866009409895
0.694046001469508	0.123296764274348
0.694525977957384	0.124737788779081
0.695005954445261	0.12618072229783
0.695485930933137	0.127616859227694
0.695965907421014	0.129037000295828
0.696445883908891	0.130431422294478
0.696925860396767	0.131789886441243
0.697405836884644	0.133101713107571
0.69788581337252	0.134355955211335
0.698365789860397	0.135541580752407
0.698845766348273	0.13664771549634
0.69932574283615	0.137663947531534
0.699805719324026	0.138580661463765
0.700285695811903	0.139389427100652
0.70076567229978	0.140083437388136
0.701245648787656	0.140657756089231
0.701725625275533	0.141109349041051
0.702205601763409	0.141436853530768
0.702685578251286	0.141640110772943
0.703165554739162	0.141719668022831
0.703645531227039	0.141676390997964
0.704125507714916	0.141511261151105
0.704605484202792	0.141225438202814
0.705085460690669	0.140820485329028
0.705565437178545	0.140298577081077
0.706045413666422	0.13966255350936
0.706525390154298	0.138915870000551
0.707005366642175	0.138062376654796
0.707485343130051	0.137106051772238
0.707965319617928	0.13605079885363
0.708445296105805	0.134900399008763
0.708925272593681	0.13365864502629
0.709405249081558	0.132329647427561
0.709885225569434	0.130918188777962
0.710365202057311	0.12942996582641
0.710845178545187	0.127871645880344
0.711325155033064	0.126250732784804
0.71180513152094	0.124575355151601
0.712285108008817	0.122853929857264
0.712765084496694	0.121094599264424
0.71324506098457	0.11930464535878
0.713725037472447	0.117489978697357
0.714205013960323	0.115654752112232
0.7146849904482	0.113801227706479
0.715164966936076	0.111930038378133
0.715644943423953	0.110040714836856
0.71612491991183	0.108132395179161
0.716604896399706	0.106204645298103
0.717084872887583	0.104258057663207
0.717564849375459	0.102294478050698
0.718044825863336	0.100317032747646
0.718524802351212	0.0983299672673131
0.719004778839089	0.096338301243374
0.719484755326965	0.0943474940931866
0.719964731814842	0.0923632089710208
0.720444708302719	0.0903910170064185
0.720924684790595	0.0884361309010406
0.721404661278472	0.0865031961258532
0.721884637766348	0.0845960301338392
0.722364614254225	0.0827174790793893
0.722844590742101	0.0808695169088549
0.723324567229978	0.0790534762859108
0.723804543717855	0.0772703271805755
0.724284520205731	0.0755210530863042
0.724764496693608	0.0738070329935564
0.725244473181484	0.0721304663308533
0.725724449669361	0.0704945929958413
0.726204426157237	0.0689036398721799
0.726684402645114	0.0673625645269516
0.72716437913299	0.0658767363896992
0.727644355620867	0.0644514073032556
0.728124332108744	0.0630911117491386
0.72860430859662	0.0617991373424802
0.729084285084497	0.0605772265197077
0.729564261572373	0.0594255037448376
0.73004423806025	0.0583426839110647
0.730524214548126	0.0573264376761547
0.731004191036003	0.0563739205141932
0.731484167523879	0.0554824208925255
0.731964144011756	0.0546500375294188
0.732444120499633	0.053876110594158
0.732924096987509	0.0531614804095907
0.733404073475386	0.0525085402703936
0.733884049963262	0.0519210627432328
0.734364026451139	0.0514038223072625
0.734844002939015	0.0509621811009638
0.735323979426892	0.0506017964411569
0.735803955914769	0.0503285239202076
0.736283932402645	0.0501484793059224
0.736763908890522	0.0500681453954551
0.737243885378398	0.0500943822487712
0.737723861866275	0.0502343056711456
0.738203838354151	0.0504949650955534
0.738683814842028	0.0508828743907503
0.739163791329905	0.0514035153462662
0.739643767817781	0.0520608940987621
0.740123744305658	0.0528572693865334
0.740603720793534	0.0537931285693706
0.741083697281411	0.0548673175206933
0.741563673769287	0.0560772228040919
0.742043650257164	0.0574190941492482
0.74252362674504	0.0588884173093789
0.743003603232917	0.060480231131267
0.743483579720793	0.0621894260969586
0.74396355620867	0.0640110507800063
0.744443532696547	0.0659405867564395
0.744923509184423	0.0679742175918706
0.7454034856723	0.0701089898929217
0.745883462160176	0.0723428515251934
0.746363438648053	0.0746745039235727
0.746843415135929	0.0771031623783936
0.747323391623806	0.0796280678519084
0.747803368111683	0.0822478801346982
0.748283344599559	0.0849600570766776
0.748763321087436	0.0877602897234902
0.749243297575312	0.0906420920568383
0.749723274063189	0.0935967276275741
0.750203250551065	0.0966133970270953
0.750683227038942	0.099679639909477
0.751163203526819	0.102781898368799
0.751643180014695	0.105906145614569
0.752123156502572	0.109038396942854
0.752603132990448	0.112165173116836
0.753083109478325	0.115273856700378
0.753563085966201	0.118352899890804
0.754043062454078	0.121391937326951
0.754523038941954	0.124381947455794
0.755003015429831	0.127315312078462
0.755482991917708	0.130185755546524
0.755962968405584	0.132988282287134
0.756442944893461	0.1357191053109
0.756922921381337	0.138375580441777
0.757402897869214	0.140956054852088
0.75788287435709	0.143459673791672
0.758362850844967	0.145886260483396
0.758842827332843	0.148236226653361
0.75932280382072	0.150510344519176
0.759802780308597	0.152709494788423
0.760282756796473	0.154834479163974
0.76076273328435	0.156885776344657
0.761242709772226	0.158863207783728
0.761722686260103	0.160765649527568
0.762202662747979	0.162590776283445
0.762682639235856	0.164334917592133
0.763162615723733	0.165993158567531
0.763642592211609	0.167559686817207
0.764122568699486	0.169028356325053
0.764602545187362	0.170393404726003
0.765082521675239	0.171650015370081
0.765562498163115	0.172794528966921
0.766042474650992	0.173824215699661
0.766522451138869	0.174736707855206
0.767002427626745	0.175529379265685
0.767482404114622	0.176198893646439
0.767962380602498	0.17674107900086
0.768442357090375	0.177151313691011
0.768922333578251	0.177425297084136
0.769402310066128	0.177559842896425
0.769882286554004	0.177553588621386
0.770362263041881	0.17740746367265
0.770842239529758	0.17712471523497
0.771322216017634	0.176710555257989
0.771802192505511	0.176171698435932
0.772282168993387	0.175515823895733
0.772762145481264	0.174751054574887
0.77324212196914	0.173885602890332
0.773722098457017	0.172927563076582
0.774202074944893	0.171884876399325
0.77468205143277	0.170765463008949
0.775162027920647	0.169577278806013
0.775642004408523	0.168328298665709
0.7761219808964	0.167026486753481
0.776601957384276	0.165679768851974
0.777081933872153	0.164295836329678
0.777561910360029	0.162881939982985
0.778041886847906	0.161444613853978
0.778521863335783	0.159989332289524
0.779001839823659	0.158520129549109
0.779481816311536	0.157039378635945
0.779961792799412	0.155547754363673
0.780441769287289	0.154044540480017
0.780921745775165	0.152528280456827
0.781401722263042	0.150997543585769
0.781881698750919	0.149451566297468
0.782361675238795	0.147890667332711
0.782841651726672	0.146316297661352
0.783321628214548	0.144730749094302
0.783801604702425	0.143136699791533
0.784281581190301	0.141536831747098
0.784761557678178	0.139933687944238
0.785241534166054	0.138329814772298
0.785721510653931	0.136728056418851
0.786201487141807	0.135131842658755
0.786681463629684	0.133545437295722
0.787161440117561	0.131974035066893
0.787641416605437	0.130423740776325
0.788121393093314	0.128901360118195
0.78860136958119	0.127414090778706
0.789081346069067	0.12596914796739
0.789561322556943	0.124573439834037
0.79004129904482	0.12323326332529
0.790521275532697	0.121954145513913
0.791001252020573	0.120740893306171
0.79148122850845	0.11959773427428
0.791961204996326	0.118528421606628
0.792441181484203	0.117536291622451
0.792921157972079	0.116624194037887
0.793401134459956	0.115794326454053
0.793881110947833	0.115048128707142
0.794361087435709	0.114386412412408
0.794841063923586	0.11380963944198
0.795321040411462	0.113318272322652
0.795801016899339	0.112913107470249
0.796280993387215	0.112595405818191
0.796760969875092	0.112366705727582
0.797240946362968	0.112228489100569
0.797720922850845	0.112181874636616
0.798200899338722	0.112227396559043
0.798680875826598	0.112365044666675
0.799160852314475	0.112594650414474
0.799640828802351	0.112916313354763
0.800120805290228	0.113330621965631
0.800600781778104	0.113838677502055
0.801080758265981	0.114441897666555
0.801560734753857	0.115141603787056
0.802040711241734	0.115938666082032
0.802520687729611	0.116833311044872
0.803000664217487	0.117825039877823
0.803480640705364	0.118912657765987
0.80396061719324	0.120094373866013
0.804440593681117	0.121367812355402
0.804920570168993	0.122729971499498
0.80540054665687	0.124177198881399
0.805880523144747	0.125705217606365
0.806360499632623	0.127309125233491
0.8068404761205	0.128983363211894
0.807320452608376	0.130721651768369
0.807800429096253	0.132516907399587
0.808280405584129	0.134361137561002
0.808760382072006	0.136245425039622
0.809240358559882	0.138160153222799
0.809720335047759	0.140095616079746
0.810200311535636	0.142042899727762
0.810680288023512	0.143994698220928
0.811160264511389	0.145945712787023
0.811640240999265	0.147892554567905
0.812120217487142	0.149833088906267
0.812600193975018	0.151765369533611
0.813080170462895	0.153686598108625
0.813560146950772	0.155592426180701
0.814040123438648	0.157476720646614
0.814520099926525	0.159331880372934
0.815000076414401	0.161149501840786
0.815480052902278	0.162921027209154
0.815960029390154	0.164638331416535
0.816440005878031	0.166294229894874
0.816919982365907	0.167882804000594
0.817399958853784	0.169399642995842
0.817879935341661	0.170841974806326
0.818359911829537	0.172208578726185
0.818839888317414	0.173499481983384
0.81931986480529	0.174715539457457
0.819799841293167	0.175857810882515
0.820279817781043	0.176926992800332
0.82075979426892	0.177923117170702
0.821239770756796	0.178845523440945
0.821719747244673	0.179693062568442
0.82219972373255	0.180464484036595
0.822679700220426	0.181158809908744
0.823159676708303	0.181775751097836
0.823639653196179	0.182316034439033
0.824119629684056	0.182781539112163
0.824599606171932	0.183175267755491
0.825079582659809	0.183501409739956
0.825559559147686	0.183765351102427
0.826039535635562	0.183973438037467
0.826519512123439	0.184132428901092
0.826999488611315	0.184248807495701
0.827479465099192	0.184327996570271
0.827959441587068	0.184373587762079
0.828439418074945	0.184386807659854
0.828919394562821	0.184366421004442
0.829399371050698	0.184309101010076
0.829879347538575	0.184210201960147
0.830359324026451	0.184064691933966
0.830839300514328	0.183868006266842
0.831319277002204	0.183616668084753
0.831799253490081	0.183308630850309
0.832279229977957	0.182943329434781
0.832759206465834	0.182521470956097
0.83323918295371	0.18204479229125
0.833719159441587	0.181515846996853
0.834199135929464	0.180937763925674
0.83467911241734	0.180313934354796
0.835159088905217	0.179647742746586
0.835639065393093	0.178942393143187
0.83611904188097	0.178200842034938
0.836599018368846	0.177425894430578
0.837078994856723	0.176620509691562
0.8375589713446	0.175787995172212
0.838038947832476	0.174931948661204
0.838518924320353	0.174055993338543
0.838998900808229	0.173163313560372
0.839478877296106	0.172256002167247
0.839958853783982	0.171334599668762
0.840438830271859	0.170397989185587
0.840918806759736	0.169443625119657
0.841398783247612	0.168468068561616
0.841878759735489	0.167467731199924
0.842358736223365	0.166439515331779
0.842838712711242	0.165381246034168
0.843318689199118	0.16429192296492
0.843798665686995	0.163171763594558
0.844278642174871	0.162022074203401
0.844758618662748	0.160845228446313
0.845238595150624	0.159644685211125
0.845718571638501	0.158424952482485
0.846198548126378	0.157191519748818
0.846678524614254	0.155950649506168
0.847158501102131	0.154708976575611
0.847638477590007	0.153473065366377
0.848118454077884	0.15224898595915
0.84859843056576	0.15104189329295
0.849078407053637	0.149855751676103
0.849558383541514	0.148693256118849
0.85003836002939	0.147555848726202
0.850518336517267	0.146443848498486
0.850998313005143	0.145356685431187
0.85147828949302	0.144293089963651
0.851958265980896	0.14325122132741
0.852438242468773	0.142228823777331
0.85291821895665	0.141223352037174
0.853398195444526	0.140232032076476
0.853878171932403	0.139251965577536
0.854358148420279	0.138280277406535
0.854838124908156	0.137314329288387
0.855318101396032	0.136351921044774
0.855798077883909	0.135391499468861
0.856278054371786	0.134432057994075
0.856758030859662	0.133472745693985
0.857238007347539	0.132512281466614
0.857717983835415	0.131548387991331
0.858197960323292	0.130577392504174
0.858677936811168	0.129594325457601
0.859157913299045	0.128593451215434
0.859637889786921	0.127569147323076
0.860117866274798	0.12651668890144
0.860597842762674	0.125432751346185
0.861077819250551	0.124315415781245
0.861557795738428	0.123163830164543
0.862037772226304	0.121977693331466
0.862517748714181	0.120756948213862
0.862997725202057	0.119501700439457
0.863477701689934	0.118212522407324
0.86395767817781	0.116890871498076
0.864437654665687	0.115539395778412
0.864917631153564	0.114161913300917
0.86539760764144	0.112763123762647
0.865877584129317	0.111348055386899
0.866357560617193	0.109921437953314
0.86683753710507	0.108487209075147
0.867317513592946	0.107048206041219
0.867797490080823	0.10560589860935
0.8682774665687	0.104160322361566
0.868757443056576	0.10271017536052
0.869237419544453	0.101252975773767
0.869717396032329	0.0997854043372745
0.870197372520206	0.0983038298176415
0.870677349008082	0.0968048483399146
0.871157325495959	0.0952859015011022
0.871637301983835	0.0937458625902656
0.872117278471712	0.092185446919111
0.872597254959589	0.0906075463630997
0.873077231447465	0.0890173895054854
0.873557207935342	0.0874223480672494
0.874037184423218	0.0858314956785268
0.874517160911095	0.0842551831017712
0.874997137398971	0.0827044910100422
0.875477113886848	0.0811907312713397
0.875957090374724	0.0797250823984694
0.876437066862601	0.0783183377045464
0.876917043350478	0.0769806110050498
0.877397019838354	0.0757212053524405
0.877876996326231	0.0745483702954375
0.878356972814107	0.073469054160339
0.878836949301984	0.072488852434758
0.87931692578986	0.0716121678765782
0.879796902277737	0.0708423749326897
0.880276878765614	0.0701821953980607
0.88075685525349	0.069634140027259
0.881236831741367	0.0692007824392833
0.881716808229243	0.0688846772366091
0.88219678471712	0.0686881177977725
0.882676761204996	0.0686127688437356
0.883156737692873	0.0686593666942779
0.88363671418075	0.0688275315380093
0.884116690668626	0.0691158135493733
0.884596667156503	0.0695219635587168
0.885076643644379	0.0700433687319534
0.885556620132256	0.0706775840154842
0.886036596620132	0.0714227534973062
0.886516573108009	0.0722778177311727
0.886996549595885	0.0732424951257545
0.887476526083762	0.0743171320256774
0.887956502571638	0.0755023949351951
0.888436479059515	0.0767989888946929
0.888916455547392	0.0782075272996523
0.889396432035268	0.0797284895707317
0.889876408523145	0.0813621750698786
0.890356385011021	0.0831086353969802
0.890836361498898	0.0849674598905867
0.891316337986774	0.0869374878895051
0.891796314474651	0.0890165333697668
0.892276290962528	0.0912012573446018
0.892756267450404	0.093487267390438
0.893236243938281	0.0958694335795634
0.893716220426157	0.0983422863755912
0.894196196914034	0.100900401361894
0.89467617340191	0.103538525508854
0.895156149889787	0.106251399935853
0.895636126377664	0.109033425538503
0.89611610286554	0.111878313159282
0.896596079353417	0.114778831835629
0.897076055841293	0.117726918256479
0.89755603232917	0.120714003226259
0.898036008817046	0.123731354415411
0.898515985304923	0.126770422134772
0.898995961792799	0.12982312567216
0.899475938280676	0.132881783031488
0.899955914768553	0.13593883655439
0.900435891256429	0.13898658301124
0.900915867744306	0.142016928332197
0.901395844232182	0.145021221829811
0.901875820720059	0.147990402979149
0.902355797207935	0.150915307919583
0.902835773695812	0.153787085762532
0.903315750183688	0.156597712126098
0.903795726671565	0.159340573320708
0.904275703159442	0.162010801663468
0.904755679647318	0.164605359911279
0.905235656135195	0.167122840364414
0.905715632623071	0.169562986205881
0.906195609110948	0.171925973028002
0.906675585598824	0.174211696724572
0.907155562086701	0.176419235786628
0.907635538574578	0.178546606203802
0.908115515062454	0.180590884580692
0.908595491550331	0.182548710941206
0.909075468038207	0.184416912372374
0.909555444526084	0.186193130853905
0.91003542101396	0.187876266616535
0.910515397501837	0.189466603191988
0.910995373989713	0.190965524785543
0.91147535047759	0.192375055474979
0.911955326965467	0.193697344405207
0.912435303453343	0.194934247006639
0.91291527994122	0.196087073682399
0.913395256429096	0.197156562601082
0.913875232916973	0.198143084278751
0.914355209404849	0.199046912781595
0.914835185892726	0.199868407563654
0.915315162380603	0.200608116047075
0.915795138868479	0.201266686547217
0.916275115356356	0.201844649166528
0.916755091844232	0.20234216495707
0.917235068332109	0.202758868601181
0.917715044819985	0.203093774489859
0.918195021307862	0.203345230102959
0.918674997795738	0.203510932535912
0.919154974283615	0.203587939907646
0.919634950771492	0.203572733992009
0.920114927259368	0.203461339723286
0.920594903747245	0.203249489242271
0.921074880235121	0.202932845609137
0.921554856722998	0.202507356755872
0.922034833210874	0.201969641867293
0.922514809698751	0.201317311278647
0.922994786186627	0.200549210115438
0.923474762674504	0.19966565497307
0.923954739162381	0.198668601174371
0.924434715650257	0.197561617284224
0.924914692138134	0.196349582209593
0.92539466862601	0.195038229660354
0.925874645113887	0.193633505922653
0.926354621601763	0.19214085008083
0.92683459808964	0.190564563927845
0.927314574577517	0.188907464395857
0.927794551065393	0.187170879425115
0.92827452755327	0.18535499111888
0.928754504041146	0.18345936980102
0.929234480529023	0.181483535344746
0.929714457016899	0.17942740381471
0.930194433504776	0.177291579410125
0.930674409992652	0.175077425923984
0.931154386480529	0.172867038559079
0.931634362968406	0.170709649331219
0.932114339456282	0.168614452311817
0.932594315944159	0.166588243704271
0.933074292432035	0.164633963945891
0.933554268919912	0.162750939760309
0.934034245407788	0.160935784212002
0.934514221895665	0.159183393996899
0.934994198383541	0.157487797650311
0.935474174871418	0.155842777841818
0.935954151359295	0.154242283852237
0.936434127847171	0.152680677467551
0.936914104335048	0.15115285819778
0.937394080822924	0.149654309464979
0.937874057310801	0.148181094869244
0.938354033798677	0.146729822750457
0.938834010286554	0.145297593734286
0.939313986774431	0.143881940850346
0.939793963262307	0.142480767680048
0.940273939750184	0.141092295014673
0.94075391623806	0.13971501837256
0.941233892725937	0.138347675756086
0.941713869213813	0.136989224673723
0.94219384570169	0.135638825560293
0.942673822189567	0.134295825133063
0.943153798677443	0.132959741038814
0.94363377516532	0.131630242350231
0.944113751653196	0.130307125162492
0.944593728141073	0.12899028579389
0.945073704628949	0.127679697098784
0.945553681116826	0.126375386530431
0.946033657604702	0.12507742048631
0.946513634092579	0.123785895389772
0.946993610580456	0.122500934452082
0.947473587068332	0.121222689672401
0.947953563556209	0.119951347754918
0.948433540044085	0.11868713093542
0.948913516531962	0.117430293114734
0.949393493019838	0.116181112528086
0.949873469507715	0.114939881136153
0.950353445995591	0.11370689171602
0.950833422483468	0.112482430347163
0.951313398971345	0.111266773832621
0.951793375459221	0.110060190886144
0.952273351947098	0.10886294683925
0.952753328434974	0.107675310947787
0.953233304922851	0.106497559530383
0.953713281410727	0.105329975264363
0.954193257898604	0.10417284358903
0.954673234386481	0.103026446700264
0.955153210874357	0.101891056397353
0.955633187362234	0.100766929042369
0.95611316385011	0.0996543023397297
0.956593140337987	0.0985533938986567
0.957073116825863	0.0974644015320838
0.95755309331374	0.0963875042791012
0.958033069801617	0.0953228640423406
0.958513046289493	0.0942706284828242
0.95899302277737	0.0932309348143475
0.959472999265246	0.0922039139239049
0.959952975753123	0.0911896943313465
0.960432952240999	0.0901884055723242
0.960912928728876	0.0892001806435888
0.961392905216752	0.0882251571886688
0.961872881704629	0.0872634771247491
0.962352858192505	0.0863152853223732
0.962832834680382	0.0853807298021835
0.963312811168259	0.0844599609585733
0.963792787656135	0.0835531293917246
0.964272764144012	0.0826603828077883
0.964752740631888	0.0817818621433986
0.965232717119765	0.0809176968590347
0.965712693607641	0.0800680017757765
0.966192670095518	0.0792328763285984
0.966672646583395	0.0784124067090564
0.967152623071271	0.0776066689047203
0.967632599559148	0.0768157317744556
0.968112576047024	0.0760396580354325
0.968592552534901	0.0752785032733991
0.969072529022777	0.074532312615927
0.969552505510654	0.0738011171865638
0.970032481998531	0.0730849313464959
0.970512458486407	0.0723837532496759
0.970992434974284	0.0716975684895132
0.97147241146216	0.0710263560081361
0.971952387950037	0.070370093279142
0.972432364437913	0.0697287607213978
0.97291234092579	0.0691023453579482
0.973392317413666	0.0684908436082267
0.973872293901543	0.0678942603157313
0.97435227038942	0.0673126063179692
0.974832246877296	0.0667458942777531
0.975312223365173	0.0661941323686734
0.975792199853049	0.0656573154970205
0.976272176340926	0.0651354183165797
0.976752152828802	0.0646283916738329
0.977232129316679	0.0641361631280109
0.977712105804555	0.0636586422629858
0.978192082292432	0.0631957300972961
0.978672058780309	0.0627473276344652
0.979152035268185	0.0623133433646115
0.979632011756062	0.0618936989774891
