0	0.994222821596427
0.000399982908174166	0.99864753118619
0.000799965816348331	1.00299731847504
0.0011999487245225	1.00727246364137
0.00159993163269666	1.01147326893292
0.00199991454087083	1.01560005605713
0.00239989744904499	1.01965316441126
0.00279988035721916	1.02363294962034
0.00319986326539333	1.02753978130361
0.00359984617356749	1.03137404271283
0.00399982908174166	1.03513613326135
0.00439981198991582	1.03882646955393
0.00479979489808999	1.04244548270935
0.00519977780626415	1.04599361563272
0.00559976071443832	1.04947132013434
0.00599974362261249	1.05287905286667
0.00639972653078665	1.05621727186155
0.00679970943896082	1.05948643275289
0.00719969234713498	1.06268698340084
0.00759967525530915	1.06581936047256
0.00799965816348331	1.06888398849131
0.00839964107165748	1.0718812758813
0.00879962397983165	1.07481161522193
0.00919960688800581	1.07767538672583
0.00959958979617998	1.08047296176564
0.00999957270435414	1.08320470373383
0.0103995556125283	1.08587096890749
0.0107995385207025	1.08847210553849
0.0111995214288766	1.09100844971629
0.0115995043370508	1.09348031849487
0.011999487245225	1.0958880021131
0.0123994701533991	1.09823175827583
0.0127994530615733	1.10051181118834
0.0131994359697475	1.10272835648507
0.0135994188779216	1.10488157265164
0.0139994017860958	1.10697163420236
0.01439938469427	1.10899872595988
0.0147993676024441	1.11096305405668
0.0151993505106183	1.11286485042488
0.0155993334187925	1.1147043702128
0.0159993163269666	1.11648188728296
0.0163992992351408	1.11819768917303
0.016799282143315	1.11985207387998
0.0171992650514891	1.12144535117093
0.0175992479596633	1.12297784757531
0.0179992308678375	1.12444991181879
0.0183992137760116	1.12586191834819
0.0187991966841858	1.12721426580778
0.01919917959236	1.12850737229557
0.0195991625005341	1.12974166836353
0.0199991454087083	1.13091758849372
0.0203991283168824	1.13203556266502
0.0207991112250566	1.13309600890792
0.0211990941332308	1.13409932484314
0.0215990770414049	1.13504587751001
0.0219990599495791	1.13593599382092
0.0223990428577533	1.13676995358646
0.0227990257659274	1.13754798608877
0.0231990086741016	1.13827027230571
0.0235989915822758	1.13893695265376
0.0239989744904499	1.13954813983835
0.0243989573986241	1.14010393418021
0.0247989403067983	1.14060443868352
0.0251989232149724	1.14104977020552
0.0255989061231466	1.14144006472808
0.0259988890313208	1.14177547705708
0.0263988719394949	1.14205617513997
0.0267988548476691	1.142282331979
0.0271988377558433	1.14245412079277
0.0275988206640174	1.142571707997
0.0279988035721916	1.14263524284385
0.0283987864803658	1.14264484342151
0.0287987693885399	1.14260058089014
0.0291987522967141	1.14250245607875
0.0295987352048883	1.14235037957602
0.0299987181130624	1.14214416162118
0.0303987010212366	1.14188351382897
0.0307986839294108	1.1415680646977
0.0311986668375849	1.14119738917962
0.0315986497457591	1.14077104179668
0.0319986326539333	1.14028858174583
0.0323986155621074	1.13974958537928
0.0327985984702816	1.13915364503551
0.0331985813784558	1.13850035218031
0.0335985642866299	1.13778927962862
0.0339985471948041	1.13701996856053
0.0343985301029782	1.13619191717923
0.0347985130111524	1.13530456789661
0.0351984959193266	1.1343572990031
0.0355984788275007	1.13334941801023
0.0359984617356749	1.13228014989351
0.0363984446438491	1.13114862693407
0.0367984275520232	1.12995388557101
0.0371984104601974	1.12869486809985
0.0375983933683716	1.12737042794902
0.0379983762765457	1.12597933646602
0.0383983591847199	1.12452028729584
0.0387983420928941	1.12299190301565
0.0391983250010682	1.1213927412853
0.0395983079092424	1.11972129594877
0.0399982908174166	1.11797600071598
0.0403982737255907	1.11615524818124
0.0407982566337649	1.11425742464738
0.0411982395419391	1.11228097263617
0.0415982224501132	1.11022448978968
0.0419982053582874	1.10808688229877
0.0423981882664616	1.10586758941658
0.0427981711746357	1.10356689041603
0.0431981540828099	1.10118628481645
0.0435981369909841	1.09872893514932
0.0439981198991582	1.09620015575994
0.0443981028073324	1.09360790304359
0.0447980857155066	1.09096316524869
0.0451980686236807	1.08828009895257
0.0455980515318549	1.08557563210947
0.0459980344400291	1.08286806830532
0.0463980173482032	1.08017401906903
0.0467980002563774	1.07750277439159
0.0471979831645516	1.07542823963066
0.0475979660727257	1.07332664131891
0.0479979489808999	1.07119545982912
0.048397931889074	1.06903352574665
0.0487979147972482	1.06684057745926
0.0491978977054224	1.06461693831234
0.0495978806135965	1.0623633283457
0.0499978635217707	1.06008086157198
0.0503978464299449	1.05777104134926
0.050797829338119	1.05543579569409
0.0511978122462932	1.05307748639386
0.0515977951544674	1.05069885619976
0.0519977780626415	1.04830283368197
0.0523977609708157	1.04589248475437
0.0527977438789899	1.04347111127849
0.053197726787164	1.04104250032546
0.0535977096953382	1.03861121745946
0.0539976926035124	1.03618297505722
0.0543976755116865	1.03376495456173
0.0547976584198607	1.03136619242401
0.0551976413280349	1.02899751312714
0.055597624236209	1.02667130972555
0.0559976071443832	1.02440109645608
0.0563975900525574	1.02220097189061
0.0567975729607315	1.02008485528651
0.0571975558689057	1.01806596267512
0.0575975387770799	1.0161564655422
0.057997521685254	1.01436731436038
0.0583975045934282	1.01270818205573
0.0587974875016024	1.01118732978958
0.0591974704097765	1.00981111506829
0.0595974533179507	1.00858345784798
0.0599974362261249	1.00750545664358
0.060397419134299	1.00657530628135
0.0607974020424732	1.00578860154978
0.0611973849506474	1.00513936642214
0.0615973678588215	1.0046213336863
0.0619973507669957	1.00422901596629
0.0623973336751698	1.00395832138992
0.062797316583344	1.00380670147644
0.0631972994915182	1.00377289664057
0.0635972823996924	1.00385651337997
0.0639972653078665	1.00405775838935
0.0643972482160407	1.00437740005245
0.0647972311242148	1.00481685788202
0.065197214032389	1.00537834140262
0.0655971969405632	1.00606466115777
0.0659971798487373	1.00687872914729
0.0663971627569115	1.00782290733782
0.0667971456650857	1.00889851686197
0.0671971285732598	1.01010542348073
0.067597111481434	1.01144188383468
0.0679970943896082	1.01290460606995
0.0683970772977823	1.01448888287281
0.0687970602059565	1.01618864747907
0.0691970431141307	1.01799654682383
0.0695970260223048	1.01990395342415
0.069997008930479	1.02190119185625
0.0703969918386532	1.02397804110149
0.0707969747468273	1.02612435667621
0.0711969576550015	1.02833049530182
0.0715969405631757	1.03058771898939
0.0719969234713498	1.03288835347538
0.072396906379524	1.03522559000057
0.0727968892876982	1.03759327300912
0.0731968721958723	1.03998580258827
0.0735968551040465	1.04239815771071
0.0739968380122207	1.04482625174203
0.0743968209203948	1.04726722718659
0.074796803828569	1.04971926839718
0.0751967867367432	1.05218111529801
0.0755967696449173	1.05465143682629
0.0759967525530915	1.05712785298592
0.0763967354612656	1.05960613546306
0.0767967183694398	1.06207998237052
0.077196701277614	1.06454128304242
0.0775966841857881	1.06698076960084
0.0779966670939623	1.06938900061863
0.0783966500021365	1.07175727716707
0.0787966329103106	1.07407819984496
0.0791966158184848	1.07634590686413
0.079596598726659	1.07855604043184
0.0799965816348331	1.08070546830498
0.0803965645430073	1.08279221165839
0.0807965474511815	1.08481562781014
0.0811965303593556	1.08677659343464
0.0815965132675298	1.08867750739711
0.081996496175704	1.09052207838242
0.0823964790838781	1.09231483844573
0.0827964619920523	1.09406033959607
0.0831964449002265	1.09576232723507
0.0835964278084006	1.09742321584294
0.0839964107165748	1.099043974592
0.084396393624749	1.1006244719922
0.0847963765329231	1.10216422569066
0.0851963594410973	1.10366326635567
0.0855963423492715	1.10512285330426
0.0859963252574456	1.1065458002214
0.0863963081656198	1.10793629181599
0.086796291073794	1.10929925158709
0.0871962739819681	1.11063958223039
0.0875962568901423	1.1119614537327
0.0879962397983165	1.11326781216968
0.0883962227064906	1.11456008825777
0.0887962056146648	1.11583836063297
0.0891961885228389	1.11710187674979
0.0895961714310131	1.11834962655472
0.0899961543391873	1.11958081747323
0.0903961372473615	1.12079514592506
0.0907961201555356	1.12199265531921
0.0911961030637098	1.12317337782342
0.0915960859718839	1.12433689240457
0.0919960688800581	1.12548185740717
0.0923960517882323	1.12660565933431
0.0927960346964064	1.12770445003062
0.0931960176045806	1.12877341454728
0.0935960005127548	1.12980715291925
0.0939959834209289	1.13080019733586
0.0943959663291031	1.13174749467916
0.0947959492372773	1.13264467537028
0.0951959321454514	1.1334880471664
0.0955959150536256	1.13427441662692
0.0959958979617998	1.13500080306326
0.0963958808699739	1.13566424448005
0.0967958637781481	1.1362616663881
0.0971958466863223	1.13678989959419
0.0975958295944964	1.13724565342197
0.0979958125026706	1.13762554157056
0.0983957954108448	1.13792609091937
0.0987957783190189	1.13814377203348
0.0991957612271931	1.13827507500742
0.0995957441353673	1.13831697607712
0.0999957270435414	1.13826744270236
0.100395709951716	1.13812583089639
0.10079569285989	1.13789317125157
0.101195675768064	1.13757214426359
0.101595658676238	1.13716646241896
0.101995641584412	1.13668003456109
0.102395624492586	1.13611604182143
0.102795607400761	1.13547603397173
0.103195590308935	1.13475950296212
0.103595573217109	1.13396408655105
0.103995556125283	1.1330859039968
0.104395539033457	1.13212007135754
0.104795521941631	1.13106148283477
0.105195504849806	1.12990544292256
0.10559548775798	1.1286479833607
0.105995470666154	1.12728618124118
0.106395453574328	1.1258183017383
0.106795436482502	1.12424366958996
0.107195419390676	1.12256242575698
0.107595402298851	1.12077530527651
0.107995385207025	1.11888346101039
0.108395368115199	1.11688840601323
0.108795351023373	1.11479194743907
0.109195333931547	1.11259608584108
0.109595316839721	1.11030271555768
0.109995299747896	1.10791329510255
0.11039528265607	1.10542867701354
0.110795265564244	1.10284914858663
0.111195248472418	1.1001745237956
0.111595231380592	1.09740446831742
0.111995214288766	1.09453891341977
0.112395197196941	1.09157825667563
0.112795180105115	1.08852326552611
0.113195163013289	1.08537488240707
0.113595145921463	1.08213384785313
0.113995128829637	1.07880031825886
0.114395111737811	1.07537369017558
0.114795094645986	1.07185261900683
0.11519507755416	1.06823516392154
0.115595060462334	1.06451913688254
0.115995043370508	1.06070250956127
0.116395026278682	1.05678394008058
0.116795009186856	1.05276327396927
0.117194992095031	1.04864187571383
0.117594975003205	1.04442278668807
0.117994957911379	1.04011066617171
0.118394940819553	1.03571130197975
0.118794923727727	1.03123095088175
0.119194906635901	1.02667588360166
0.119594889544076	1.02205220687074
0.11999487245225	1.01736598992429
0.120394855360424	1.0126240130334
0.120794838268598	1.00783477584022
0.121194821176772	1.00300932236395
0.121594804084946	0.998161649908384
0.121994786993121	0.993308667798661
0.122394769901295	0.988469450106416
0.122794752809469	0.983664064673447
0.123194735717643	0.978912302248512
0.123594718625817	0.97423245352048
0.123994701533991	0.969640178487029
0.124394684442166	0.965147848106518
0.12479466735034	0.960764320957751
0.125194650258514	0.956494958507912
0.125594633166688	0.952341819989693
0.125994616074862	0.948304154401287
0.126394598983036	0.944378986540528
0.126794581891211	0.940561719882486
0.127194564799385	0.93684679848693
0.127594547707559	0.933228438663985
0.127994530615733	0.929701025367184
0.128394513523907	0.926259127604137
0.128794496432081	0.922897136619563
0.129194479340256	0.919608655028329
0.12959446224843	0.916385814805248
0.129994445156604	0.913218838056421
0.130394428064778	0.910096048506596
0.130794410972952	0.907004499041142
0.131194393881126	0.903931087863229
0.131594376789301	0.900863973350148
0.131994359697475	0.897794054464659
0.132394342605649	0.894716240819257
0.132794325513823	0.891630288555822
0.133194308421997	0.888541240150112
0.133594291330171	0.885459490157373
0.133994274238346	0.882400421720448
0.13439425714652	0.8793835554633
0.134794240054694	0.876431493386388
0.135194222962868	0.873568474692637
0.135594205871042	0.87081875495106
0.135994188779216	0.86820530795188
0.136394171687391	0.865749090563
0.136794154595565	0.863468749346935
0.137194137503739	0.861380873621734
0.137594120411913	0.859500580278445
0.137994103320087	0.857842118597798
0.138394086228261	0.856419179644367
0.138794069136435	0.85524494001078
0.13919405204461	0.854331773308243
0.139594034952784	0.853690880380091
0.139994017860958	0.853332031790376
0.140394000769132	0.853263414079703
0.140793983677306	0.853491530911169
0.141193966585481	0.854021369648119
0.141593949493655	0.854856665131039
0.141993932401829	0.856000008662979
0.142393915310003	0.857452855253575
0.142793898218177	0.859215474602368
0.143193881126351	0.861286881754736
0.143593864034525	0.863664905672201
0.1439938469427	0.866346257885228
0.144393829850874	0.869326316188479
0.144793812759048	0.872598909792385
0.145193795667222	0.876156247353244
0.145593778575396	0.879988654863045
0.14599376148357	0.884084374654988
0.146393744391745	0.888429782088622
0.146793727299919	0.893009659503279
0.147193710208093	0.897807420437405
0.147593693116267	0.902805581742737
0.147993676024441	0.907986231071318
0.148393658932615	0.913331522335967
0.14879364184079	0.918824297599108
0.149193624748964	0.924448730012398
0.149593607657138	0.930190634028788
0.149993590565312	0.936037723116262
0.150393573473486	0.941979593504554
0.15079355638166	0.948007398295124
0.151193539289835	0.954113371307612
0.151593522198009	0.960290422247143
0.151993505106183	0.96653177367607
0.152393488014357	0.972830910249611
0.152793470922531	0.979181361754279
0.153193453830705	0.98557616577306
0.15359343673888	0.992007074092161
0.153993419647054	0.99846364890469
0.154393402555228	1.0049324197174
0.154793385463402	1.01139671605752
0.155193368371576	1.01783723469419
0.15559335127975	1.02423312253084
0.155993334187925	1.03056336016273
0.156393317096099	1.036808169369
0.156793300004273	1.042950115782
0.157193282912447	1.04897489286934
0.157593265820621	1.05487185180699
0.157993248728795	1.06063432846315
0.15839323163697	1.06625966499573
0.158793214545144	1.07174908338109
0.159193197453318	1.07710723893383
0.159593180361492	1.08234139591308
0.159993163269666	1.08746024919756
0.16039314617784	1.09247282063581
0.160793129086015	1.09738749438912
0.161193111994189	1.1022113740214
0.161593094902363	1.10694997435461
0.161993077810537	1.11160724305871
0.162393060718711	1.11618560848306
0.162793043626885	1.1206861062641
0.16319302653506	1.12510839238055
0.163593009443234	1.12945074451999
0.163992992351408	1.13371031508971
0.164392975259582	1.13788355697953
0.164792958167756	1.14196642474892
0.16519294107593	1.14595457503443
0.165592923984105	1.1498434631838
0.165992906892279	1.15362818315042
0.166392889800453	1.15730334686207
0.166792872708627	1.16086315431373
0.167192855616801	1.16430150217958
0.167592838524975	1.16761236173539
0.16799282143315	1.17079031190733
0.168392804341324	1.17383078994434
0.168792787249498	1.17673014447024
0.169192770157672	1.17948556487464
0.169592753065846	1.18209485623358
0.16999273597402	1.18455612382299
0.170392718882195	1.18686739947887
0.170792701790369	1.1890263030572
0.171192684698543	1.19102985444002
0.171592667606717	1.19287443332763
0.171992650514891	1.19455576194693
0.172392633423065	1.19606918008104
0.17279261633124	1.19741018830364
0.173192599239414	1.19857495496351
0.173592582147588	1.19956070143762
0.173992565055762	1.20036593687989
0.174392547963936	1.20099044387543
0.17479253087211	1.20143513884358
0.175192513780285	1.20170204859742
0.175592496688459	1.20179425075683
0.175992479596633	1.20171583537273
0.176392462504807	1.20147192490894
0.176792445412981	1.20106862410094
0.177192428321155	1.20051270740159
0.17759241122933	1.19981121331166
0.177992394137504	1.19897118348894
0.178392377045678	1.19799965208917
0.178792359953852	1.19690384506725
0.179192342862026	1.19569157465171
0.1795923257702	1.19437161679234
0.179992308678375	1.19295392123321
0.180392291586549	1.19144954598809
0.180792274494723	1.18987033529704
0.181192257402897	1.1882283882298
0.181592240311071	1.18653554382313
0.181992223219245	1.18480293862435
0.18239220612742	1.18304080751834
0.182792189035594	1.18125853039965
0.183192171943768	1.17946474804648
0.183592154851942	1.17766751494319
0.183992137760116	1.17587456730295
0.18439212066829	1.17409339585309
0.184792103576465	1.17233113014105
0.185192086484639	1.17059446493432
0.185592069392813	1.16888947325693
0.185992052300987	1.16722121480157
0.186392035209161	1.16559336768106
0.186792018117335	1.16400791499373
0.18719200102551	1.16246482775918
0.187591983933684	1.16096208657055
0.187991966841858	1.15949607448386
0.188391949750032	1.15806213059544
0.188791932658206	1.15665511159113
0.18919191556638	1.15527000872579
0.189591898474555	1.15390228946331
0.189991881382729	1.15254789439947
0.190391864290903	1.15120295377096
0.190791847199077	1.14986354336279
0.191191830107251	1.14852537166443
0.191591813015425	1.14718372839424
0.1919917959236	1.14583362008158
0.192391778831774	1.1444700168668
0.192791761739948	1.14308788182717
0.193191744648122	1.1416822328423
0.193591727556296	1.1402480261009
0.19399171046447	1.13877993364843
0.194391693372645	1.13727231215214
0.194791676280819	1.13571940162539
0.195191659188993	1.13411550370882
0.195591642097167	1.13245532797451
0.195991625005341	1.13073423975924
0.196391607913515	1.12894815727948
0.19679159082169	1.12709323322804
0.197191573729864	1.12516560592048
0.197591556638038	1.12316099993872
0.197991539546212	1.12107451977569
0.198391522454386	1.11890078634507
0.19879150536256	1.11663424671958
0.199191488270735	1.11426959305645
0.199591471178909	1.1118024815443
0.199991454087083	1.10923004512976
0.200391436995257	1.10655107716247
0.200791419903431	1.10376600030407
0.201191402811605	1.10087667582171
0.20159138571978	1.09788579590667
0.201991368627954	1.09479623558369
0.202391351536128	1.09161048015849
0.202791334444302	1.08833039699187
0.203191317352476	1.08495721444991
0.20359130026065	1.08149180308987
0.203991283168825	1.07793512948134
0.204391266076999	1.07428886542853
0.204791248985173	1.07055582309919
0.205191231893347	1.06674027289867
0.205591214801521	1.06284811442975
0.205991197709695	1.05888695807227
0.20639118061787	1.05486617836314
0.206791163526044	1.05079705620262
0.207191146434218	1.04669281829475
0.207591129342392	1.04256853375017
0.207991112250566	1.03844092992055
0.20839109515874	1.03432799829671
0.208791078066914	1.03024835529238
0.209191060975089	1.02622058119598
0.209591043883263	1.02226256043349
0.209991026791437	1.01839091403772
0.210391009699611	1.01462051768107
0.210790992607785	1.01096414465348
0.21119097551596	1.00743223190874
0.211590958424134	1.00403288668123
0.211990941332308	1.00077183816693
0.212390924240482	0.997652396085299
0.212790907148656	0.994675661448881
0.21319089005683	0.991840782568114
0.213590872965004	0.989144920406295
0.213990855873179	0.986583239531739
0.214390838781353	0.984149020166879
0.214790821689527	0.981833771971933
0.215190804597701	0.979627310729542
0.215590787505875	0.977518258676306
0.215990770414049	0.975494740981365
0.216390753322224	0.97354520127761
0.216790736230398	0.971659181161607
0.217190719138572	0.969827886962631
0.217590702046746	0.968044195609851
0.21799068495492	0.966302498754636
0.218390667863094	0.964598673697807
0.218790650771269	0.962930038079651
0.219190633679443	0.961295369660079
0.219590616587617	0.959695170997188
0.219990599495791	0.958131981624476
0.220390582403965	0.956610438617915
0.220790565312139	0.955137239430827
0.221190548220314	0.953721071492287
0.221590531128488	0.952372271813942
0.221990514036662	0.951102286543986
0.222390496944836	0.949922968431252
0.22279047985301	0.94884562555079
0.223190462761184	0.94787998943863
0.223590445669359	0.947033376629423
0.223990428577533	0.946310205703862
0.224390411485707	0.945711916985289
0.224790394393881	0.945237338031462
0.225190377302055	0.944883157919992
0.225590360210229	0.944644426684455
0.225990343118404	0.944514823817872
0.226390326026578	0.944486743535433
0.226790308934752	0.944551286719584
0.227190291842926	0.944698664608473
0.2275902747511	0.944919013719129
0.227990257659274	0.945203433169149
0.228390240567449	0.945545036176942
0.228790223475623	0.9459396351106
0.229190206383797	0.946385767894698
0.229590189291971	0.946884169987699
0.229990172200145	0.947436845712612
0.230390155108319	0.948046114529301
0.230790138016494	0.948713980299359
0.231190120924668	0.9494419914195
0.231590103832842	0.950231529206684
0.231990086741016	0.951084348812559
0.23239006964919	0.952003077233685
0.232790052557364	0.952991570024666
0.233190035465539	0.954054939890333
0.233590018373713	0.95519922966635
0.233990001281887	0.956430970883277
0.234389984190061	0.957756715810632
0.234789967098235	0.959182679148897
0.235189950006409	0.960714718678337
0.235589932914584	0.962358621533887
0.235989915822758	0.964120475604147
0.236389898730932	0.966006927172715
0.236789881639106	0.968025434010294
0.23718986454728	0.970184369457145
0.237589847455454	0.972492999760337
0.237989830363629	0.974961205988707
0.238389813271803	0.977599123459686
0.238789796179977	0.980416754238281
0.239189779088151	0.983423583974896
0.239589761996325	0.986628238367389
0.239989744904499	0.990038419400471
0.240389727812674	0.993660850597655
0.240789710720848	0.997501253822874
0.241189693629022	1.00156436197289
0.241589676537196	1.00585381267726
0.24198965944537	1.01037182825838
0.242389642353544	1.01511904853774
0.242789625261719	1.02009434029255
0.243189608169893	1.02529465649272
0.243589591078067	1.03071529159765
0.243989573986241	1.03635046987887
0.244389556894415	1.04219394244938
0.244789539802589	1.04823964197153
0.245189522710764	1.05448228513747
0.245589505618938	1.06091764337992
0.245989488527112	1.06754265335655
0.246389471435286	1.07435537064238
0.24678945434346	1.08135441264237
0.247189437251634	1.08853798052203
0.247589420159809	1.09590266577151
0.247989403067983	1.1034421753878
0.248389385976157	1.11114618766258
0.248789368884331	1.11899977657673
0.249189351792505	1.12698349994967
0.249589334700679	1.13507398071619
0.249989317608854	1.14324493521271
0.250389300517028	1.15146849298155
0.250789283425202	1.1597163589513
0.251189266333376	1.16796065146974
0.25158924924155	1.17617451891142
0.251989232149724	1.18433238885419
0.252389215057899	1.1924098302689
0.252789197966073	1.20038333345251
0.253189180874247	1.20822998347594
0.253589163782421	1.21592690166369
0.253989146690595	1.22345077504502
0.254389129598769	1.23077771271808
0.254789112506944	1.23788342671141
0.255189095415118	1.24474379668969
0.255589078323292	1.25133579144208
0.255989061231466	1.25763836202431
0.25638904413964	1.26363329550632
0.256789027047814	1.26930597240363
0.257189009955989	1.27464559170507
0.257588992864163	1.27964498226516
0.257988975772337	1.28430025734637
0.258388958680511	1.2886102402432
0.258788941588685	1.29257572894395
0.259188924496859	1.29619899271771
0.259588907405034	1.2994835503359
0.259988890313208	1.30243417523128
0.260388873221382	1.30505702837051
0.260788856129556	1.30735974333053
0.26118883903773	1.30935137645319
0.261588821945904	1.31104226598659
0.261988804854079	1.31244383078475
0.262388787762253	1.31356839423996
0.262788770670427	1.31442902241902
0.263188753578601	1.31503966817326
0.263588736486775	1.31541544890211
0.263988719394949	1.31557269339114
0.264388702303124	1.3155285584095
0.264788685211298	1.31530048470468
0.265188668119472	1.31490556732168
0.265588651027646	1.31435996148028
0.26598863393582	1.31367873029546
0.266388616843994	1.31287628979067
0.266788599752169	1.3119671576836
0.267188582660343	1.31096666567908
0.267588565568517	1.30989134736181
0.267988548476691	1.30875887274542
0.268388531384865	1.30758749505109
0.268788514293039	1.30639522262912
0.269188497201214	1.30519893485409
0.269588480109388	1.30401357673585
0.269988463017562	1.30285157992055
0.270388445925736	1.30172270868657
0.27078842883391	1.30063401828639
0.271188411742084	1.29958979870164
0.271588394650259	1.29859180283208
0.271988377558433	1.29763966149248
0.272388360466607	1.29673114223833
0.272788343374781	1.29586246891426
0.273188326282955	1.2950288054154
0.273588309191129	1.29422462017922
0.273988292099304	1.29344394269288
0.274388275007478	1.29268069158681
0.274788257915652	1.29192885080224
0.275188240823826	1.29118258223542
0.275588223732	1.29043633761547
0.275988206640174	1.28968486187055
0.276388189548348	1.28892313205671
0.276788172456523	1.28814652742725
0.277188155364697	1.28735110333726
0.277588138272871	1.28653396416781
0.277988121181045	1.28569364262101
0.278388104089219	1.28483040820964
0.278788086997393	1.28394627751892
0.279188069905568	1.28304476187319
0.279588052813742	1.28213031201322
0.279988035721916	1.28120721838982
0.28038801863009	1.28027808052648
0.280788001538264	1.27934223909741
0.281187984446438	1.27839438151854
0.281587967354613	1.27742376676938
0.281987950262787	1.27641444023618
0.282387933170961	1.27534629815603
0.282787916079135	1.27419677437084
0.283187898987309	1.27294291778032
0.283587881895484	1.27156321248922
0.283987864803658	1.2700386450597
0.284387847711832	1.26835323259174
0.284787830620006	1.26649407638911
0.28518781352818	1.26445119597809
0.285587796436354	1.26221750320781
0.285987779344528	1.25978897309568
0.286387762252703	1.25716466154324
0.286787745160877	1.25434661477326
0.287187728069051	1.2513394087388
0.287587710977225	1.24814918170738
0.287987693885399	1.24478263477293
0.288387676793573	1.24124621443151
0.288787659701748	1.23754536017464
0.289187642609922	1.23368421700763
0.289587625518096	1.2296657915231
0.28998760842627	1.22549228547235
0.290387591334444	1.22116565317125
0.290787574242618	1.21668845118246
0.291187557150793	1.21206446747321
0.291587540058967	1.20729911935724
0.291987522967141	1.20239980747561
0.292387505875315	1.19737595137117
0.292787488783489	1.19223866193489
0.293187471691663	1.18700052180158
0.293587454599838	1.18167547368808
0.293987437508012	1.17627867386526
0.294387420416186	1.17082657080101
0.29478740332436	1.16533710427687
0.295187386232534	1.1598296064505
0.295587369140708	1.15432455032098
0.295987352048883	1.14884325702911
0.296387334957057	1.14340756208076
0.296787317865231	1.13803953138758
0.297187300773405	1.13276125093117
0.297587283681579	1.12759450329018
0.297987266589753	1.12256028015828
0.298387249497928	1.11767818324115
0.298787232406102	1.11296583357268
0.299187215314276	1.10843841777459
0.29958719822245	1.10410843181327
0.299987181130624	1.09998584187281
0.300387164038798	1.09607865889552
0.300787146946973	1.09239362290892
0.301187129855147	1.0889367284556
0.301587112763321	1.08571367664921
0.301987095671495	1.08273024264606
0.302387078579669	1.07999251347171
0.302787061487843	1.07750719676399
0.303187044396018	1.0752818825364
0.303587027304192	1.07332509798204
0.303987010212366	1.07164608924576
0.30438699312054	1.07025426366199
0.304786976028714	1.06915838221033
0.305186958936888	1.06836580955802
0.305586941845063	1.06788191002409
0.305986924753237	1.06770975352804
0.306386907661411	1.06785039608032
0.306786890569585	1.06830350253458
0.307186873477759	1.06906780581391
0.307586856385933	1.07014142497044
0.307986839294108	1.07152195235167
0.308386822202282	1.07320614436478
0.308786805110456	1.07518923474696
0.30918678801863	1.0774642834544
0.309586770926804	1.08002167766126
0.309986753834978	1.08284893789766
0.310386736743153	1.08593083100605
0.310786719651327	1.08924966886847
0.311186702559501	1.09278563856093
0.311586685467675	1.09651725363828
0.311986668375849	1.1004219863534
0.312386651284023	1.10447696812189
0.312786634192198	1.10865971455195
0.313186617100372	1.11294883715729
0.313586600008546	1.11732463316309
0.31398658291672	1.12176936694506
0.314386565824894	1.12626724641834
0.314786548733068	1.13080424181399
0.315186531641243	1.13536785210948
0.315586514549417	1.13994675491936
0.315986497457591	1.14453038870885
0.316386480365765	1.14910853295708
0.316786463273939	1.15367085108132
0.317186446182113	1.1582065534865
0.317586429090288	1.16270451058564
0.317986411998462	1.16715372194753
0.318386394906636	1.17154399251103
0.31878637781481	1.17586665170588
0.319186360722984	1.18011505985199
0.319586343631158	1.184284442397
0.319986326539333	1.18837107912548
0.320386309447507	1.1923710761108
0.320786292355681	1.19627918598806
0.321186275263855	1.20008803231072
0.321586258172029	1.20378809968345
0.321986241080203	1.20736834513946
0.322386223988378	1.21081715342243
0.322786206896552	1.21412333500963
0.323186189804726	1.21727689123393
0.3235861727129	1.22026925096794
0.323986155621074	1.22309325978792
0.324386138529248	1.22574307466427
0.324786121437423	1.22821406819532
0.325186104345597	1.23050288826627
0.325586087253771	1.2326078211287
0.325986070161945	1.23452912174808
0.326386053070119	1.23626925042282
0.326786035978293	1.23783286470558
0.327186018886468	1.23922645964196
0.327586001794642	1.2404577628836
0.327985984702816	1.2415351074163
0.32838596761099	1.24246664931523
0.328785950519164	1.24325973287035
0.329185933427338	1.24392067945137
0.329585916335513	1.2444547874177
0.329985899243687	1.24486639342391
0.330385882151861	1.24515931018207
0.330785865060035	1.24533738700363
0.331185847968209	1.24540495105526
0.331585830876383	1.24536716864361
0.331985813784558	1.24523019502432
0.332385796692732	1.2450008310081
0.332785779600906	1.24468593382815
0.33318576250908	1.24429179512196
0.333585745417254	1.24382356510861
0.333985728325428	1.24328494024532
0.334385711233603	1.24267841831832
0.334785694141777	1.24200577854665
0.335185677049951	1.24126856012673
0.335585659958125	1.24046841036086
0.335985642866299	1.23960718178638
0.336385625774473	1.23868657655754
0.336785608682648	1.23770766771402
0.337185591590822	1.23667049363516
0.337585574498996	1.23557373482658
0.33798555740717	1.2344145998017
0.338385540315344	1.23318907665018
0.338785523223518	1.23189224926921
0.339185506131693	1.23051862045665
0.339585489039867	1.22906234257243
0.339985471948041	1.22751742642511
0.340385454856215	1.22587777529197
0.340785437764389	1.22413720276926
0.341185420672563	1.22228938858345
0.341585403580738	1.2203278371724
0.341985386488912	1.21824578099737
0.342385369397086	1.2160362820195
0.34278535230526	1.21369258078172
0.343185335213434	1.21120849835785
0.343585318121608	1.20857879829597
0.343985301029783	1.2057996983021
0.344385283937957	1.20286916573239
0.344785266846131	1.19978693827858
0.345185249754305	1.19655447319627
0.345585232662479	1.19317477887752
0.345985215570653	1.18965202955637
0.346385198478827	1.18599123873783
0.346785181387002	1.18219789075603
0.347185164295176	1.17827720333117
0.34758514720335	1.17423338192557
0.347985130111524	1.17006895725491
0.348385113019698	1.16578409372112
0.348785095927872	1.16137616433472
0.349185078836047	1.15683998419903
0.349585061744221	1.15216837996878
0.349985044652395	1.1473530950486
0.350385027560569	1.14238602270272
0.350785010468743	1.13726018845123
0.351184993376917	1.13197023079346
0.351584976285092	1.12651276554937
0.351984959193266	1.12088637850226
0.35238494210144	1.11509111840807
0.352784925009614	1.10912802213249
0.353184907917788	1.10299897183766
0.353584890825963	1.09670670378797
0.353984873734137	1.0902550260263
0.354384856642311	1.08364928249736
0.354784839550485	1.07689678117507
0.355184822458659	1.07000710908001
0.355584805366833	1.06299238702275
0.355984788275007	1.05586739547123
0.356384771183182	1.04864953389925
0.356784754091356	1.0413587728839
0.35718473699953	1.03401750217561
0.357584719907704	1.02665024691667
0.357984702815878	1.01928313311634
0.358384685724052	1.01194322305758
0.358784668632227	1.00465797940162
0.359184651540401	0.997454902537831
0.359584634448575	0.990361140845452
0.359984617356749	0.983403293988806
0.360384600264923	0.976607441486628
0.360784583173097	0.969998954903376
0.361184566081272	0.963602086478678
0.361584548989446	0.957439704231622
0.36198453189762	0.951533124509925
0.362384514805794	0.945902013703698
0.362784497713968	0.94056473146087
0.363184480622142	0.935538928282543
0.363584463530317	0.930841937857135
0.363984446438491	0.92649103482961
0.364384429346665	0.922503344095383
0.364784412254839	0.918895161626246
0.365184395163013	0.915681093365918
0.365584378071187	0.912873402833774
0.365984360979362	0.910481200691911
0.366384343887536	0.908509697733833
0.36678432679571	0.906959880055265
0.367184309703884	0.905828378869359
0.367584292612058	0.90510736351492
0.367984275520232	0.904784688662636
0.368384258428407	0.904844123512356
0.368784241336581	0.905265695378517
0.369184224244755	0.906026291759132
0.369584207152929	0.907100460151051
0.369984190061103	0.908461201007517
0.370384172969277	0.910080903120885
0.370784155877452	0.911932281553665
0.371184138785626	0.913989117238252
0.3715841216938	0.916226676867197
0.371984104601974	0.918621937150336
0.372384087510148	0.921153645931943
0.372784070418322	0.923802352448072
0.373184053326497	0.926550535517931
0.373584036234671	0.929382613993831
0.373984019142845	0.93228482285428
0.374384002051019	0.935244949528724
0.374783984959193	0.938251862375012
0.375183967867367	0.941294802977536
0.375583950775542	0.944362740628312
0.375983933683716	0.947443929534329
0.37638391659189	0.950525896190996
0.376783899500064	0.953595854555989
0.377183882408238	0.956641454286794
0.377583865316412	0.959651483640123
0.377983848224587	0.962616504663116
0.378383831132761	0.965529285973699
0.378783814040935	0.968384842988864
0.379183796949109	0.971180143150756
0.379583779857283	0.973913837064026
0.379983762765457	0.976586022581644
0.380383745673632	0.979198077499118
0.380783728581806	0.981752511158206
0.38118371148998	0.984252835357997
0.381583694398154	0.986703408197179
0.381983677306328	0.989109096422333
0.382383660214502	0.991474666858331
0.382783643122677	0.993804124943747
0.383183626030851	0.996100169877583
0.383583608939025	0.998363890623223
0.383983591847199	1.0005949749207
0.384383574755373	1.00279236736489
0.384783557663547	1.00495512354265
0.385183540571722	1.00708327908191
0.385583523479896	1.00917870820682
0.38598350638807	1.01124554376238
0.386383489296244	1.01329013786816
0.386783472204418	1.01532081130604
0.387183455112592	1.01734739139828
0.387583438020767	1.01938043844656
0.387983420928941	1.02143060720567
0.388383403837115	1.02350805913196
0.388783386745289	1.02562191169776
0.389183369653463	1.02778000861691
0.389583352561637	1.02998917125666
0.389983335469812	1.03225564224104
0.390383318377986	1.03458583217603
0.39078330128616	1.0369870908586
0.391183284194334	1.03946810405218
0.391583267102508	1.04203880256115
0.391983250010682	1.04470989126012
0.392383232918857	1.04749194326617
0.392783215827031	1.05039440600867
0.393183198735205	1.05342471454474
0.393583181643379	1.0565876538492
0.393983164551553	1.05988511146486
0.394383147459727	1.06331621397221
0.394783130367902	1.06687757370717
0.395183113276076	1.07056365559199
0.39558309618425	1.07436726362657
0.395983079092424	1.07828005404169
0.396383062000598	1.08229308202546
0.396783044908772	1.08639726664728
0.397183027816947	1.09058364010894
0.397583010725121	1.09484334542763
0.397982993633295	1.09916733703246
0.398382976541469	1.10354600480083
0.398782959449643	1.1079689155829
0.399182942357817	1.11242467894916
0.399582925265992	1.1169008644905
0.399982908174166	1.12138421222207
0.40038289108234	1.12586095277413
0.400782873990514	1.13031699647495
0.401182856898688	1.13473813365742
0.401582839806862	1.13911034861344
0.401982822715037	1.14342008970697
0.402382805623211	1.14765464672612
0.402782788531385	1.15180256178161
0.403182771439559	1.15585382828206
0.403582754347733	1.15979976070982
0.403982737255907	1.16363275197381
0.404382720164082	1.16734581259152
0.404782703072256	1.17093199642405
0.40518268598043	1.17438394277943
0.405582668888604	1.1776936864513
0.405982651796778	1.18085256373402
0.406382634704952	1.18385109715783
0.406782617613127	1.18667891442513
0.407182600521301	1.18932477176766
0.407582583429475	1.19177676635265
0.407982566337649	1.19402273901627
0.408382549245823	1.19605092501542
0.408782532153997	1.19785066141637
0.409182515062172	1.19941281402161
0.409582497970346	1.20072983189486
0.40998248087852	1.20179538783321
0.410382463786694	1.20260353784721
0.410782446694868	1.20314778392631
0.411182429603042	1.20342058141055
0.411582412511217	1.20341340460235
0.411982395419391	1.20311733225208
0.412382378327565	1.20252425774807
0.412782361235739	1.20162828893183
0.413182344143913	1.2004268762579
0.413582327052087	1.19892150738843
0.413982309960262	1.19711797417306
0.414382292868436	1.19502613537335
0.41478227577661	1.1926593068458
0.415182258684784	1.19003362776295
0.415582241592958	1.18716749772103
0.415982224501132	1.18408099057685
0.416382207409306	1.18079527706564
0.416782190317481	1.17733214581103
0.417182173225655	1.17371343018429
0.417582156133829	1.16996038870133
0.417982139042003	1.16609326064057
0.418382121950177	1.16213104658077
0.418782104858351	1.15809157570352
0.419182087766526	1.15399199114771
0.4195820706747	1.14984943068772
0.419982053582874	1.14568148150469
0.420382036491048	1.14150638893568
0.420782019399222	1.13734307429066
0.421182002307396	1.13321079159209
0.421581985215571	1.12912858622665
0.421981968123745	1.12511467668216
0.422381951031919	1.12118586687912
0.422781933940093	1.11735710097763
0.423181916848267	1.113641090739
0.423581899756442	1.1100480611863
0.423981882664616	1.10658579803799
0.42438186557279	1.10325986495396
0.424781848480964	1.10007394201703
0.425181831389138	1.09703040935435
0.425581814297312	1.09413098439711
0.425981797205486	1.09137707209126
0.426381780113661	1.08876990793483
0.426781763021835	1.08631059081682
0.427181745930009	1.08399980349216
0.427581728838183	1.08183747574761
0.427981711746357	1.07982270159776
0.428381694654531	1.07795367795921
0.428781677562706	1.07622769401333
0.42918166047088	1.07464138485061
0.429581643379054	1.07319102210607
0.429981626287228	1.0718727095528
0.430381609195402	1.07068274546414
0.430781592103576	1.06961809156133
0.431181575011751	1.06867658767722
0.431581557919925	1.06785686348191
0.431981540828099	1.06715816905891
0.432381523736273	1.06658001458322
0.432781506644447	1.06612154145708
0.433181489552621	1.06578086435059
0.433581472460796	1.06555445379515
0.43398145536897	1.06543659930831
0.434381438277144	1.06541912363068
0.434781421185318	1.06549140109801
0.435181404093492	1.06564060381464
0.435581387001666	1.06585207059234
0.435981369909841	1.06610993042
0.436381352818015	1.06639792582231
0.436781335726189	1.0667001490017
0.437181318634363	1.06700159008908
0.437581301542537	1.06728868224388
0.437981284450711	1.06754968676646
0.438381267358886	1.06777491914834
0.43878125026706	1.06795692580547
0.439181233175234	1.06809062021757
0.439581216083408	1.06817334107792
0.439981198991582	1.06820489728939
0.440381181899756	1.06818753810076
0.440781164807931	1.06812565571389
0.441181147716105	1.0680254474123
0.441581130624279	1.06789468557501
0.441981113532453	1.06774238896257
0.442381096440627	1.06757839876205
0.442781079348801	1.06741300868445
0.443181062256976	1.06725655564345
0.44358104516515	1.06711912295948
0.443981028073324	1.0670103963126
0.444381010981498	1.06693950704304
0.444780993889672	1.06691491068355
0.445180976797846	1.06694460158184
0.445580959706021	1.06703631744728
0.445980942614195	1.06719751508908
0.446380925522369	1.06743503349924
0.446780908430543	1.06775453634914
0.447180891338717	1.06815980255977
0.447580874246891	1.06865211822694
0.447980857155066	1.06922984526454
0.44838084006324	1.06988840882164
0.448780822971414	1.07062072560535
0.449180805879588	1.07141790569351
0.449580788787762	1.0722698897498
0.449980771695936	1.07316614025379
0.450380754604111	1.0740961073699
0.450780737512285	1.07504950430295
0.451180720420459	1.076016516849
0.451580703328633	1.07698804007615
0.451980686236807	1.07795584257127
0.452380669144981	1.0789129931978
0.452780652053156	1.07985426956404
0.45318063496133	1.08077619402726
0.453580617869504	1.08167674864087
0.453980600777678	1.08255495018131
0.454380583685852	1.08340995974468
0.454780566594026	1.08423993687085
0.455180549502201	1.08504105437276
0.455580532410375	1.08580689144708
0.455980515318549	1.08652825545521
0.456380498226723	1.08719375562335
0.456780481134897	1.08779107799466
0.457180464043071	1.08830850636702
0.457580446951246	1.08873635054978
0.45798042985942	1.08906788920515
0.458380412767594	1.08929963639034
0.458780395675768	1.08943101832612
0.459180378583942	1.08946385303598
0.459580361492116	1.08940158806535
0.459980344400291	1.08924862367405
0.460380327308465	1.08900998523754
0.460780310216639	1.08869140343222
0.461180293124813	1.08829946154302
0.461580276032987	1.08784164581766
0.461980258941161	1.08732609810872
0.462380241849336	1.0867611453931
0.46278022475751	1.08615473867226
0.463180207665684	1.08551401352961
0.463580190573858	1.08484504113242
0.463980173482032	1.08415288224152
0.464380156390206	1.08344179573332
0.464780139298381	1.08271553940216
0.465180122206555	1.08197749714888
0.465580105114729	1.08123055181523
0.465980088022903	1.08047674288061
0.466380070931077	1.07971688922453
0.466780053839251	1.07895016977401
0.467180036747426	1.07817379249948
0.4675800196556	1.07738307239784
0.467980002563774	1.07657187788523
0.468379985471948	1.07573313375926
0.468779968380122	1.07485922551873
0.469179951288296	1.07394232465497
0.469579934196471	1.07297462996986
0.469979917104645	1.07194849621474
0.470379900012819	1.07085662884915
0.470779882920993	1.06969242996614
0.471179865829167	1.06845019565375
0.471579848737341	1.067125230414
0.471979831645515	1.06571401805644
0.47237981455369	1.06421414251038
0.472779797461864	1.06262388654945
0.473179780370038	1.06094212063038
0.473579763278212	1.05916844302183
0.473979746186386	1.05730328972275
0.47437972909456	1.05534819963925
0.474779712002735	1.05330632635082
0.475179694910909	1.05118262175792
0.475579677819083	1.04898359830691
0.475979660727257	1.04671704976813
0.476379643635431	1.04439175491929
0.476779626543606	1.04201717699103
0.47717960945178	1.03960346328289
0.477579592359954	1.03716168057231
0.477979575268128	1.03470392345649
0.478379558176302	1.03224336245693
0.478779541084476	1.02979429143184
0.479179523992651	1.02737213257994
0.479579506900825	1.02499332722052
0.479979489808999	1.02267539899844
0.480379472717173	1.02043711005894
0.480779455625347	1.0182984930229
0.481179438533521	1.01628059019751
0.481579421441695	1.0144051202049
0.48197940434987	1.01269383164761
0.482379387258044	1.01116776794752
0.482779370166218	1.00984665916074
0.483179353074392	1.00874860761038
0.483579335982566	1.00788980167475
0.48397931889074	1.00728458696999
0.484379301798915	1.00694564925142
0.484779284707089	1.00688414297944
0.485179267615263	1.00710982677691
0.485579250523437	1.00763137082652
0.485979233431611	1.00845649519884
0.486379216339785	1.00959205038779
0.48677919924796	1.01104402692465
0.487179182156134	1.01281735843523
0.487579165064308	1.01491556596686
0.487979147972482	1.01734058235403
0.488379130880656	1.02009263626982
0.48877911378883	1.02317033854703
0.489179096697005	1.02657101992566
0.489579079605179	1.03029127922699
0.489979062513353	1.03432736985279
0.490379045421527	1.03867534897906
0.490779028329701	1.04333085617127
0.491179011237875	1.0482885552868
0.49157899414605	1.0535413032401
0.491978977054224	1.05907929817
0.492378959962398	1.06488948973504
0.492778942870572	1.07095541273486
0.493178925778746	1.07725726047328
0.49357890868692	1.08377232117715
0.493978891595095	1.09047570000543
0.494378874503269	1.09734113738093
0.494778857411443	1.10434176292082
0.495178840319617	1.11145092798951
0.495578823227791	1.11864295461084
0.495978806135965	1.12589391572038
0.49637878904414	1.13318236766973
0.496778771952314	1.1404896617125
0.497178754860488	1.14779966969867
0.497578737768662	1.15509821575475
0.497978720676836	1.16237225785699
0.49837870358501	1.16960886007662
0.498778686493185	1.17679447666384
0.499178669401359	1.18391482718981
0.499578652309533	1.19095498039417
0.499978635217707	1.19789950870061
0.500378618125881	1.20473278951692
0.500778601034055	1.21143926105287
0.50117858394223	1.21800366206571
0.501578566850404	1.22441147912166
0.501978549758578	1.23064972750519
0.502378532666752	1.23670780861143
0.502778515574926	1.24257822553919
0.5031784984831	1.24825693626873
0.503578481391275	1.25374300960234
0.503978464299449	1.25903754680988
0.504378447207623	1.26414233469451
0.504778430115797	1.26905864748595
0.505178413023971	1.27378639853804
0.505578395932145	1.27832403407398
0.50597837884032	1.28266912184701
0.506378361748494	1.28681919010968
0.506778344656668	1.29077248638604
0.507178327564842	1.29452863988273
0.507578310473016	1.2980890939066
0.50797829338119	1.30145719426927
0.508378276289365	1.3046379858883
0.508778259197539	1.30763803156725
0.509178242105713	1.31046534003146
0.509578225013887	1.31312931581219
0.509978207922061	1.31564056015368
0.510378190830235	1.31801065788858
0.51077817373841	1.32025162579936
0.511178156646584	1.32237497601157
0.511578139554758	1.32439072596466
0.511978122462932	1.32630667099833
0.512378105371106	1.32812797224345
0.51277808827928	1.32985741687048
0.513178071187455	1.33149629758174
0.513578054095629	1.33304533974752
0.513978037003803	1.33450555583743
0.514378019911977	1.3358789580204
0.514778002820151	1.33716885493287
0.515177985728325	1.33837971531176
0.5155779686365	1.33951699476292
0.515977951544674	1.34058705666569
0.516377934452848	1.34159719540999
0.516777917361022	1.34255561002999
0.517177900269196	1.34347132915359
0.51757788317737	1.34435397680585
0.517977866085545	1.34521329562115
0.518377848993719	1.34605858839273
0.518777831901893	1.34689821194103
0.519177814810067	1.34773908752555
0.519577797718241	1.34858635359177
0.519977780626415	1.34944321982747
0.52037776353459	1.35031100235928
0.520777746442764	1.35118922394316
0.521177729350938	1.35207591623752
0.521577712259112	1.35296786514787
0.521977695167286	1.35386060535388
0.52237767807546	1.35474835209245
0.522777660983635	1.35562392489875
0.523177643891809	1.35647856289572
0.523577626799983	1.35730187724808
0.523977609708157	1.35808210727167
0.524377592616331	1.35880649829547
0.524777575524505	1.35946185671893
0.52517755843268	1.36003510546938
0.525577541340854	1.36051361688637
0.525977524249028	1.36088553363304
0.526377507157202	1.3611400813469
0.526777490065376	1.36126773223249
0.52717747297355	1.36126025862323
0.527577455881725	1.36111082805787
0.527977438789899	1.36081400722098
0.528377421698073	1.36036560676958
0.528777404606247	1.35976266148662
0.529177387514421	1.35900340008237
0.529577370422595	1.35808718597779
0.52997735333077	1.35701435840312
0.530377336238944	1.35578585281263
0.530777319147118	1.35440247040642
0.531177302055292	1.35286416823153
0.531577284963466	1.35116946434891
0.53197726787164	1.34931507864283
0.532377250779815	1.34729592356585
0.532777233687989	1.34510561535237
0.533177216596163	1.34273720667615
0.533577199504337	1.34018392963319
0.533977182412511	1.33743963748983
0.534377165320685	1.33449898010226
0.534777148228859	1.33135731947309
0.535177131137034	1.32801063778148
0.535577114045208	1.32445569024175
0.535977096953382	1.32069037540533
0.536377079861556	1.3167139969581
0.53677706276973	1.31252734552112
0.537177045677905	1.30813259713204
0.537577028586079	1.30353295435983
0.537977011494253	1.29873221161488
0.538376994402427	1.29373456474827
0.538776977310601	1.2885446470924
0.539176960218775	1.28316783709283
0.539576943126949	1.27761084962972
0.539976926035124	1.27188219060287
0.540376908943298	1.26599216095475
0.540776891851472	1.25995265609277
0.541176874759646	1.25377689112702
0.54157685766782	1.24747883439241
0.541976840575994	1.24107273401735
0.542376823484169	1.23457294070665
0.542776806392343	1.2279938871261
0.543176789300517	1.22135000364654
0.543576772208691	1.21465566701436
0.543976755116865	1.20792508402983
0.544376738025039	1.20117229705948
0.544776720933214	1.194411500321
0.545176703841388	1.18765753869946
0.545576686749562	1.18092628621305
0.545976669657736	1.17423511747429
0.54637665256591	1.16760309164442
0.546776635474085	1.16105062330359
0.547176618382259	1.15459872661395
0.547576601290433	1.14826820850885
0.547976584198607	1.14207873412457
0.548376567106781	1.1360480429234
0.548776550014955	1.13019140481233
0.54917653292313	1.12452134152194
0.549576515831304	1.11904766737406
0.549976498739478	1.11377784564831
0.550376481647652	1.10871722106465
0.550776464555826	1.10386918489217
0.551176447464	1.09923532248155
0.551576430372174	1.09481538827878
0.551976413280349	1.09060701140297
0.552376396188523	1.08660550100413
0.552776379096697	1.08280370371196
0.553176362004871	1.07919189720242
0.553576344913045	1.07575798767373
0.55397632782122	1.07248812440334
0.554376310729394	1.06936770970627
0.554776293637568	1.06638256924476
0.555176276545742	1.06351997688155
0.555576259453916	1.06076920996348
0.55597624236209	1.05812162612393
0.556376225270264	1.05557041844934
0.556776208178439	1.05311009451285
0.557176191086613	1.0507359104242
0.557576173994787	1.04844354626535
0.557976156902961	1.04622901502265
0.558376139811135	1.04408877983443
0.55877612271931	1.04201993364899
0.559176105627484	1.04002033080484
0.559576088535658	1.03808854675177
0.559976071443832	1.03622383149051
0.560376054352006	1.03442599119829
0.56077603726018	1.03269513015526
0.561176020168354	1.03103142040505
0.561576003076529	1.02943495032001
0.561975985984703	1.02790539729991
0.562375968892877	1.02644162548684
0.562775951801051	1.02504169225154
0.563175934709225	1.02370338222609
0.563575917617399	1.02242509163283
0.563975900525574	1.02120707098624
0.564375883433748	1.02005272448528
0.564775866341922	1.01896929037886
0.565175849250096	1.01796784383186
0.56557583215827	1.01706272990681
0.565975815066444	1.01627050096621
0.566375797974619	1.01560870223334
0.566775780882793	1.01509505011653
0.567175763790967	1.01474682939388
0.567575746699141	1.0145803938
0.567975729607315	1.01461096419091
0.568375712515489	1.01485251997552
0.568775695423664	1.01531745297726
0.569175678331838	1.01601626194528
0.569575661240012	1.01695732431349
0.569975644148186	1.01814667062995
0.57037562705636	1.01958801714741
0.570775609964534	1.02128309669483
0.571175592872709	1.02323196159537
0.571575575780883	1.0254334164207
0.571975558689057	1.02788567910757
0.572375541597231	1.03058693954723
0.572775524505405	1.03353590614784
0.573175507413579	1.03673239521287
0.573575490321754	1.04017770627547
0.573975473229928	1.04387453301899
0.574375456138102	1.04782663013968
0.574775439046276	1.05203810985005
0.57517542195445	1.05651246168037
0.575575404862624	1.06125157100367
0.575975387770799	1.06625500546398
0.576375370678973	1.0715196789128
0.576775353587147	1.07704006807198
0.577175336495321	1.08280870262522
0.577575319403495	1.0888167984906
0.577975302311669	1.09505474850575
0.578375285219844	1.10151221574264
0.578775268128018	1.10817786051353
0.579175251036192	1.11503899990694
0.579575233944366	1.1220814022903
0.57997521685254	1.12928926289605
0.580375199760714	1.13664557839955
0.580775182668889	1.14413280360802
0.581175165577063	1.15173362490043
0.581575148485237	1.15943142909576
0.581975131393411	1.16721051887809
0.582375114301585	1.17505592328131
0.582775097209759	1.1829530344628
0.583175080117934	1.19088731646038
0.583575063026108	1.19884430657644
0.583975045934282	1.20680974269003
0.584375028842456	1.21476994526876
0.58477501175063	1.22271229769917
0.585174994658804	1.23062546825979
0.585574977566979	1.2384990495944
0.585974960475153	1.24632291734603
0.586374943383327	1.25408635821294
0.586774926291501	1.26177720926899
0.587174909199675	1.2693813259463
0.587574892107849	1.27688268757954
0.587974875016024	1.28426405579607
0.588374857924198	1.29150806834453
0.588774840832372	1.29859843927613
0.589174823740546	1.30552102373252
0.58957480664872	1.31226483954637
0.589974789556894	1.31882287395213
0.590374772465069	1.3251923911243
0.590774755373243	1.33137481173516
0.591174738281417	1.33737512521201
0.591574721189591	1.34320086892699
0.591974704097765	1.3488608845645
0.592374687005939	1.35436414496081
0.592774669914114	1.35971870455348
0.593174652822288	1.3649308601939
0.593574635730462	1.37000469566069
0.593974618638636	1.37494197365968
0.59437460154681	1.37974229575875
0.594774584454984	1.38440362827668
0.595174567363159	1.38892311983269
0.595574550271333	1.39329798340246
0.595974533179507	1.39752640952288
0.596374516087681	1.401608308352
0.596774498995855	1.40554554902479
0.597174481904029	1.40934154379253
0.597574464812204	1.41300042768803
0.597974447720378	1.41652595306091
0.598374430628552	1.41992045159098
0.598774413536726	1.42318410520849
0.5991743964449	1.42631494453722
0.599574379353074	1.4293093065738
0.599974362261249	1.43216264964163
0.600374345169423	1.43487049829747
0.600774328077597	1.43742942141672
0.601174310985771	1.43983787921483
0.601574293893945	1.44209679537862
0.601974276802119	1.44420969628904
0.602374259710293	1.4461825571837
0.602774242618468	1.44802337332627
0.603174225526642	1.44974151280729
0.603574208434816	1.45134689128876
0.60397419134299	1.4528492320247
0.604374174251164	1.45425722408312
0.604774157159339	1.45557768993576
0.605174140067513	1.45681501037836
0.605574122975687	1.45797087900231
0.605974105883861	1.45904415753003
0.606374088792035	1.46003102893189
0.606774071700209	1.46092535546001
0.607174054608383	1.46171895140505
0.607574037516558	1.46240188445016
0.607974020424732	1.46296300523992
0.608374003332906	1.46339053390152
0.60877398624108	1.46367260355678
0.609173969149254	1.46379780382548
0.609573952057429	1.46375571327774
0.609973934965603	1.46353710923133
0.610373917873777	1.46313399495864
0.610773900781951	1.46253960217419
0.611173883690125	1.46174843120489
0.611573866598299	1.46075631426307
0.611973849506473	1.45956084586208
0.612373832414648	1.45816190129036
0.612773815322822	1.45656184295494
0.613173798230996	1.45476541638892
0.61357378113917	1.45277948076895
0.613973764047344	1.45061243424179
0.614373746955518	1.44827365573354
0.614773729863693	1.44577338014716
0.615173712771867	1.44312268489652
0.615573695680041	1.44033344092901
0.615973678588215	1.43741838002899
0.616373661496389	1.43439093882754
0.616773644404564	1.43126481778097
0.617173627312738	1.42805367631277
0.617573610220912	1.42477096638097
0.617973593129086	1.42142954393172
0.61837357603726	1.41804136539484
0.618773558945434	1.4146172495009
0.619173541853609	1.41116635396912
0.619573524761783	1.40769561726745
0.619973507669957	1.40420949449361
0.620373490578131	1.40070987600081
0.620773473486305	1.39719624887883
0.621173456394479	1.39366637292499
0.621573439302654	1.39011711139349
0.621973422210828	1.38654501658576
0.622373405119002	1.38294680782365
0.622773388027176	1.37931983277712
0.62317337093535	1.37566249649267
0.623573353843524	1.37197444108748
0.623973336751698	1.36825649576222
0.624373319659873	1.36451039200054
0.624773302568047	1.3607382421683
0.625173285476221	1.3569418385162
0.625573268384395	1.35312195704609
0.625973251292569	1.34927799174371
0.626373234200744	1.34540813322949
0.626773217108918	1.34151011090771
0.627173200017092	1.33758218421007
0.627573182925266	1.33362400733424
0.62797316583344	1.32963723723181
0.628373148741614	1.32562573944577
0.628773131649788	1.32159519382359
0.629173114557963	1.31755225777475
0.629573097466137	1.3135035670249
0.629973080374311	1.30945483265629
0.630373063282485	1.30541011790273
0.630773046190659	1.30137144026578
0.631173029098834	1.29733861145981
0.631573012007008	1.29330942992503
0.631972994915182	1.2892801253306
0.632372977823356	1.28524560505809
0.63277296073153	1.28119954839086
0.633172943639704	1.27713469287687
0.633572926547878	1.27304327827061
0.633972909456053	1.26891747840899
0.634372892364227	1.26475009709235
0.634772875272401	1.26053538778584
0.635172858180575	1.25626942961796
0.635572841088749	1.25195013247139
0.635972823996923	1.24757688677288
0.636372806905098	1.24314985734718
0.636772789813272	1.23866918441751
0.637172772721446	1.23413465858135
0.63757275562962	1.22954587552755
0.637972738537794	1.22490278434704
0.638372721445968	1.22020678141608
0.638772704354143	1.21546191548917
0.639172687262317	1.21067559071877
0.639572670170491	1.2058588485016
0.639972653078665	1.20102611742134
0.640372635986839	1.19619425154665
0.640772618895013	1.19138111710239
0.641172601803188	1.18660440956406
0.641572584711362	1.18188080844258
0.641972567619536	1.17722561676279
0.64237255052771	1.17265304389645
0.642772533435884	1.1681769777391
0.643172516344058	1.1638118612994
0.643572499252233	1.1595734982204
0.643972482160407	1.15547938647047
0.644372465068581	1.15154839203449
0.644772447976755	1.14780006879906
0.645172430884929	1.14425388318303
0.645572413793103	1.1409281983481
0.645972396701278	1.13783940980046
0.646372379609452	1.13500133536456
0.646772362517626	1.13242479303715
0.6471723454258	1.13011747370008
0.647572328333974	1.12808425157083
0.647972311242148	1.12632778343288
0.648372294150323	1.12484938060581
0.648772277058497	1.12365008829243
0.649172259966671	1.12273141008198
0.649572242874845	1.12209529800888
0.649972225783019	1.12174375128214
0.650372208691193	1.12167780358001
0.650772191599368	1.12189600549988
0.651172174507542	1.1223930980109
0.651572157415716	1.12315942954316
0.65197214032389	1.12418108155053
0.652372123232064	1.12544106874915
0.652772106140238	1.12692130597873
0.653172089048413	1.12860465308482
0.653572071956587	1.1304766682489
0.653972054864761	1.13252699782025
0.654372037772935	1.13474974361773
0.654772020681109	1.13714286606819
0.655172003589283	1.13970688597303
0.655571986497458	1.14244310214422
0.655971969405632	1.14535148235849
0.656371952313806	1.1484291152509
0.65677193522198	1.1516693972079
0.657171918130154	1.15506219899577
0.657571901038328	1.15859486458924
0.657971883946503	1.16225381394522
0.658371866854677	1.16602609785181
0.658771849762851	1.16990059112726
0.659171832671025	1.17386844820643
0.659571815579199	1.17792295658906
0.659971798487373	1.18205907127841
0.660371781395548	1.18627293446226
0.660771764303722	1.19056140583255
0.661171747211896	1.1949217142316
0.66157173012007	1.19935126076536
0.661971713028244	1.20384737437772
0.662371695936418	1.20840697067263
0.662771678844593	1.21302634579639
0.663171661752767	1.21770112709065
0.663571644660941	1.22242638730822
0.663971627569115	1.22719705599656
0.664371610477289	1.23200829894691
0.664771593385463	1.23685561685634
0.665171576293638	1.2417348732693
0.665571559201812	1.24664233664262
0.665971542109986	1.2515743271353
0.66637152501816	1.25652675877402
0.666771507926334	1.26149490758892
0.667171490834508	1.26647319803727
0.667571473742683	1.27145490392418
0.667971456650857	1.27643217552707
0.668371439559031	1.28139616032488
0.668771422467205	1.28633698166291
0.669171405375379	1.29124386877768
0.669571388283553	1.29610543330862
0.669971371191728	1.30090991405109
0.670371354099902	1.30564561669155
0.670771337008076	1.3103015837344
0.67117131991625	1.31486823953057
0.671571302824424	1.31933800464068
0.671971285732598	1.32370584533257
0.672371268640773	1.3279695301914
0.672771251548947	1.33212945251863
0.673171234457121	1.33618833847254
0.673571217365295	1.34015078830773
0.673971200273469	1.34402274801553
0.674371183181643	1.34781118314563
0.674771166089817	1.3515241671278
0.675171148997992	1.35517068523009
0.675571131906166	1.35876034955607
0.67597111481434	1.36230286496074
0.676371097722514	1.36580735195524
0.676771080630688	1.36928145928615
0.677171063538863	1.37273075454119
0.677571046447037	1.37615819332209
0.677971029355211	1.37956391609022
0.678371012263385	1.38294535558585
0.678770995171559	1.38629757783232
0.679170978079733	1.38961339208517
0.679570960987907	1.39288341881795
0.679970943896082	1.39609608006864
0.680370926804256	1.39923772159295
0.68077090971243	1.40229290971009
0.681170892620604	1.40524509586099
0.681570875528778	1.40807747626984
0.681970858436952	1.41077394395632
0.682370841345127	1.41331975113478
0.682770824253301	1.41570198765258
0.683170807161475	1.41790995596165
0.683570790069649	1.41993535012023
0.683970772977823	1.42177236257264
0.684370755885997	1.4234178910445
0.684770738794172	1.42487152507573
0.685170721702346	1.42613520817209
0.68557070461052	1.42721286356392
0.685970687518694	1.42810992266676
0.686370670426868	1.42883252169802
0.686770653335043	1.42938666846676
0.687170636243217	1.42977771911347
0.687570619151391	1.43000998201342
0.687970602059565	1.43008630026165
0.688370584967739	1.43000779196244
0.688770567875913	1.42977367968666
0.689170550784088	1.42938115083435
0.689570533692262	1.42882556236868
0.689970516600436	1.42810099287692
0.69037049950861	1.42720094921259
0.690770482416784	1.42611923233498
0.691170465324958	1.42485096454105
0.691570448233133	1.42339319873175
0.691970431141307	1.42174498180565
0.692370414049481	1.41990703468478
0.692770396957655	1.41788121339465
0.693170379865829	1.41566963245672
0.693570362774003	1.41327384952911
0.693970345682178	1.41069443863415
0.694370328590352	1.40793103616042
0.694770311498526	1.40498280095284
0.6951702944067	1.40184938464964
0.695570277314874	1.3985320733303
0.695970260223048	1.39503487569108
0.696370243131222	1.39136521618609
0.696770226039397	1.38753401019715
0.697170208947571	1.38355500679693
0.697570191855745	1.37944369340968
0.697970174763919	1.37521605953387
0.698370157672093	1.37088757009592
0.698770140580267	1.36647278446297
0.699170123488442	1.36198569707474
0.699570106396616	1.35744041305515
0.69997008930479	1.35285186304654
0.700370072212964	1.34823614539607
0.700770055121138	1.34361013534366
0.701170038029312	1.33899054416219
0.701570020937487	1.3343928076714
0.701970003845661	1.32983010570475
0.702369986753835	1.32531279626702
0.702769969662009	1.32084842071795
0.703169952570183	1.31644212864554
0.703569935478357	1.31209725822075
0.703969918386532	1.30781594261496
0.704369901294706	1.30359961618128
0.70476988420288	1.29944940374834
0.705169867111054	1.2953664848128
0.705569850019228	1.29135256266427
0.705969832927402	1.28741030377798
0.706369815835577	1.2835435634773
0.706769798743751	1.27975725793534
0.707169781651925	1.27605695640526
0.707569764560099	1.27244835937025
0.707969747468273	1.26893667460374
0.708369730376447	1.26552618243409
0.708769713284622	1.26222004590962
0.709169696192796	1.25902026323137
0.70956967910097	1.25592765264512
0.709969662009144	1.25294187190413
0.710369644917318	1.25006144878901
0.710769627825492	1.2472839494584
0.711169610733667	1.24460631690185
0.711569593641841	1.2420252000691
0.711969576550015	1.23953720480348
0.712369559458189	1.23713910028728
0.712769542366363	1.23482769716139
0.713169525274537	1.23259938890714
0.713569508182712	1.23044962609353
0.713969491090886	1.22837255490936
0.71436947399906	1.22636075952204
0.714769456907234	1.2244054382291
0.715169439815408	1.22249689061599
0.715569422723582	1.2206249308041
0.715969405631757	1.21877910060072
0.716369388539931	1.2169488286739
0.716769371448105	1.21512357577681
0.717169354356279	1.21329284760322
0.717569337264453	1.21144618604206
0.717969320172627	1.20957312872194
0.718369303080802	1.20766294124654
0.718769285988976	1.20570425700872
0.71916926889715	1.20368456624948
0.719569251805324	1.20158968114252
0.719969234713498	1.19940339779296
0.720369217621672	1.19710773658516
0.720769200529847	1.19468367509309
0.721169183438021	1.1921122582437
0.721569166346195	1.18937591418223
0.721969149254369	1.18645982696579
0.722369132162543	1.1833529860121
0.722769115070717	1.18004852611459
0.723169097978892	1.17654332527659
0.723569080887066	1.17283730757151
0.72396906379524	1.16893249342547
0.724369046703414	1.16483214429313
0.724769029611588	1.16054016197535
0.725169012519762	1.15606091256868
0.725568995427937	1.15139944975257
0.725968978336111	1.14656203564403
0.726368961244285	1.1415564816646
0.726768944152459	1.13639236317601
0.727168927060633	1.1310812794564
0.727568909968807	1.12563703202463
0.727968892876982	1.12007563600053
0.728368875785156	1.1144153820566
0.72876885869333	1.10867654202196
0.729168841601504	1.10288073199886
0.729568824509678	1.09705006736587
0.729968807417852	1.09120624457905
0.730368790326027	1.08536946345366
0.730768773234201	1.07955792957975
0.731168756142375	1.07378799523411
0.731568739050549	1.06807456260428
0.731968721958723	1.06243158243319
0.732368704866897	1.05687269042393
0.732768687775072	1.05141147156176
0.733168670683246	1.04606134919016
0.73356865359142	1.04083520356294
0.733968636499594	1.03574489351784
0.734368619407768	1.03080066139874
0.734768602315942	1.02601067207659
0.735168585224117	1.02138069937783
0.735568568132291	1.01691391872755
0.735968551040465	1.01261092164165
0.736368533948639	1.00847014278973
0.736768516856813	1.00448845991969
0.737168499764987	1.00066181180144
0.737568482673162	0.996985886494451
0.737968465581336	0.993456694935437
0.73836844848951	0.990070917158559
0.738768431397684	0.986826158217945
0.739168414305858	0.98372102118788
0.739568397214032	0.980755007735758
0.739968380122207	0.977928172837251
0.740368363030381	0.975240497324627
0.740768345938555	0.972691212763179
0.741168328846729	0.970278331364246
0.741568311754903	0.967998377773447
0.741968294663077	0.965846511223778
0.742368277571252	0.963817280386641
0.742768260479426	0.961905745619981
0.7431682433876	0.960108484839556
0.743568226295774	0.958424246850748
0.743968209203948	0.956853914293379
0.744368192112122	0.955399518720441
0.744768175020297	0.954062755901828
0.745168157928471	0.952843525274259
0.745568140836645	0.951738750172768
0.745968123744819	0.950742022616281
0.746368106652993	0.94984436886937
0.746768089561167	0.949035692819155
0.747168072469341	0.948306431327799
0.747568055377516	0.94764922773136
0.74796803828569	0.947060204885401
0.748368021193864	0.946539479809026
0.748768004102038	0.946090908703188
0.749167987010212	0.945721091291077
0.749567969918386	0.945437896139833
0.749967952826561	0.94524888917889
0.750367935734735	0.945159989179246
0.750767918642909	0.945174628285338
0.751167901551083	0.945293556909236
0.751567884459257	0.945515293064314
0.751967867367431	0.945837059501976
0.752367850275606	0.946255889149116
0.75276783318378	0.946769439593273
0.753167816091954	0.947376467295069
0.753567799000128	0.9480770730376
0.753967781908302	0.948872479529668
0.754367764816476	0.949764533368704
0.754767747724651	0.95075514387649
0.755167730632825	0.951845625662121
0.755567713540999	0.953035895994323
0.755967696449173	0.954323907550933
0.756367679357347	0.955705213166379
0.756767662265522	0.957172835074931
0.757167645173696	0.958717801818052
0.75756762808187	0.96033027234873
0.757967610990044	0.962000689425543
0.758367593898218	0.963720954383113
0.758767576806392	0.965485447587212
0.759167559714567	0.96729165740754
0.759567542622741	0.969140213747544
0.759967525530915	0.971034622028054
0.760367508439089	0.972980666201007
0.760767491347263	0.974985468677813
0.761167474255437	0.977056422576217
0.761567457163612	0.979200329445519
0.761967440071786	0.981422778842603
0.76236742297996	0.983727732611305
0.762767405888134	0.98611737878914
0.763167388796308	0.988592231625819
0.763567371704482	0.991151189474734
0.763967354612656	0.993791505235786
0.764367337520831	0.996508776004337
0.764767320429005	0.99929697480601
0.765167303337179	1.00214847909533
0.765567286245353	1.00505431515774
0.765967269153527	1.0080045870119
0.766367252061702	1.0109888561766
0.766767234969876	1.01399652199139
0.76716721787805	1.01701738306852
0.767567200786224	1.02004219187026
0.767967183694398	1.02306306362573
0.768367166602572	1.02607395413244
0.768767149510746	1.02907104883313
0.769167132418921	1.03205273950803
0.769567115327095	1.03501925839927
0.769967098235269	1.03797221457677
0.770367081143443	1.04091400387782
0.770767064051617	1.04384716210281
0.771167046959791	1.04677381854359
0.771567029867966	1.04969530456575
0.77196701277614	1.05261181844678
0.772366995684314	1.05552216615541
0.772766978592488	1.05842354284115
0.773166961500662	1.06131123475393
0.773566944408836	1.06417824227005
0.773966927317011	1.06701504297254
0.774366910225185	1.06980965170319
0.774766893133359	1.07254794167004
0.775166876041533	1.07521420002338
0.775566858949707	1.0777917751434
0.775966841857881	1.08026372346983
0.776366824766056	1.08261346806852
0.77676680767423	1.08482541893887
0.777166790582404	1.08688537987672
0.777566773490578	1.08878080421085
0.777966756398752	1.09050104465373
0.778366739306926	1.09203770208987
0.778766722215101	1.0933848288749
0.779166705123275	1.09453900546866
0.779566688031449	1.09549935453467
0.779966670939623	1.0962674999234
0.780366653847797	1.09684722955007
0.780766636755971	1.09724418846739
0.781166619664146	1.09746570539237
0.78156660257232	1.0975205863301
0.781966585480494	1.09741869313366
0.782366568388668	1.09717034321067
0.782766551296842	1.09678539482943
0.783166534205016	1.09627224457388
0.783566517113191	1.09563706073754
0.783966500021365	1.09488342956328
0.784366482929539	1.09401238900675
0.784766465837713	1.09302312135945
0.785166448745887	1.09191410481514
0.785566431654061	1.09068431378897
0.785966414562236	1.08933416740748
0.78636639747041	1.08786626447711
0.786766380378584	1.08628559846554
0.787166363286758	1.08459902538208
0.787566346194932	1.08281438834327
0.787966329103106	1.08093959815085
0.788366312011281	1.07898176864365
0.788766294919455	1.07694682151262
0.789166277827629	1.07483967712252
0.789566260735803	1.07266474324514
0.789966243643977	1.07042648722037
0.790366226552151	1.06812996009653
0.790766209460326	1.06578093787781
0.7911661923685	1.06338566019939
0.791566175276674	1.06095048537593
0.791966158184848	1.05848159700477
0.792366141093022	1.05598500358972
0.792766124001196	1.053466937571
0.793166106909371	1.05093447184307
0.793566089817545	1.04839619425208
0.793966072725719	1.0458627444638
0.794366055633893	1.0433468716835
0.794766038542067	1.04086311754027
0.795166021450241	1.0384272328656
0.795566004358416	1.0360553381983
0.79596598726659	1.03376300342108
0.796365970174764	1.03156440904704
0.796765953082938	1.02947141587289
0.797165935991112	1.02749292848257
0.797565918899286	1.02563476710879
0.797965901807461	1.02389997221824
0.798365884715635	1.02228933435592
0.798765867623809	1.02080220040115
0.799165850531983	1.01943733127843
0.799565833440157	1.01819358778852
0.799965816348331	1.01707038549865
0.800365799256506	1.01606793790254
0.80076578216468	1.01518726404435
0.801165765072854	1.01443025064613
0.801565747981028	1.013799595233
0.801965730889202	1.01329861529377
0.802365713797376	1.0129309198641
0.802765696705551	1.01270003301961
0.803165679613725	1.01260893471716
0.803565662521899	1.01265964811486
0.803965645430073	1.01285289177125
0.804365628338247	1.01318792277377
0.804765611246421	1.01366263712788
0.805165594154596	1.01427366846017
0.80556557706277	1.01501640797001
0.805965559970944	1.01588495923999
0.806365542879118	1.01687202494612
0.806765525787292	1.01796858580475
0.807165508695466	1.01916365514703
0.807565491603641	1.02044421947544
0.807965474511815	1.02179535251891
0.808365457419989	1.02320062886673
0.808765440328163	1.02464291356243
0.809165423236337	1.02610519105335
0.809565406144511	1.02757128086337
0.809965389052686	1.02902637954438
0.81036537196086	1.03045729806243
0.810765354869034	1.0318522373027
0.811165337777208	1.0332004879287
0.811565320685382	1.03449207365926
0.811965303593556	1.03571743186545
0.812365286501731	1.03686739475924
0.812765269409905	1.03793345714998
0.813165252318079	1.03890794990339
0.813565235226253	1.03978408120771
0.813965218134427	1.04055589894005
0.814365201042601	1.04121809357369
0.814765183950776	1.04176581691009
0.81516516685895	1.04219465863889
0.815565149767124	1.04250084666092
0.815965132675298	1.04268166675944
0.816365115583472	1.0427359964525
0.816765098491646	1.04266474339544
0.817165081399821	1.04247112676978
0.817565064307995	1.04216072166463
0.817965047216169	1.04174108606461
0.818365030124343	1.04122113578857
0.818765013032517	1.04061033716485
0.819164995940691	1.03991787974805
0.819564978848865	1.03915228629362
0.81996496175704	1.03832151965876
0.820364944665214	1.03743325751431
0.820764927573388	1.03649546272499
0.821164910481562	1.03551721358498
0.821564893389736	1.03450915531839
0.82196487629791	1.03348344750516
0.822364859206085	1.03245322614358
0.822764842114259	1.03143159007091
0.823164825022433	1.03043039541359
0.823564807930607	1.02945942387268
0.823964790838781	1.0285259327357
0.824364773746955	1.02763471915311
0.82476475665513	1.02678886759629
0.825164739563304	1.02599081751047
0.825564722471478	1.02524315086918
0.825964705379652	1.02454920037867
0.826364688287826	1.02391337701899
0.826764671196001	1.02334108527318
0.827164654104175	1.02283820585703
0.827564637012349	1.022410493978
0.827964619920523	1.02206299621481
0.828364602828697	1.0217995661692
0.828764585736871	1.02162237532783
0.829164568645046	1.02153147417318
0.82956455155322	1.02152457949295
0.829964534461394	1.02159727216527
0.830364517369568	1.02174351850279
0.830764500277742	1.02195638164249
0.831164483185916	1.02222889008704
0.831564466094091	1.02255488669725
0.831964449002265	1.02292969908779
0.832364431910439	1.02335048981341
0.832764414818613	1.02381632377737
0.833164397726787	1.02432813412387
0.833564380634961	1.02488860463578
0.833964363543136	1.02550164288922
0.83436434645131	1.02617154467543
0.834764329359484	1.02690222823222
0.835164312267658	1.02769658751728
0.835564295175832	1.0285558003069
0.835964278084006	1.02947900219543
0.83636426099218	1.03046347213633
0.836764243900355	1.03150518107745
0.837164226808529	1.03259939392932
0.837564209716703	1.03374143977112
0.837964192624877	1.03492723691179
0.838364175533051	1.03615367228367
0.838764158441225	1.03741887229384
0.8391641413494	1.03872236431153
0.839564124257574	1.04006489823569
0.839964107165748	1.04144834240351
0.840364090073922	1.04287561695684
0.840764072982096	1.04435051318795
0.84116405589027	1.04587747701478
0.841564038798445	1.04746182014494
0.841964021706619	1.04910998411275
0.842364004614793	1.05082955360326
0.842763987522967	1.05262885499931
0.843163970431141	1.0545163244518
0.843563953339315	1.05649944253043
0.84396393624749	1.0585835856294
0.844363919155664	1.06077117259035
0.844763902063838	1.06306142433538
0.845163884972012	1.06545063925399
0.845563867880186	1.06793283615951
0.84596385078836	1.07050048083132
0.846363833696535	1.07314503827282
0.846763816604709	1.07585737979153
0.847163799512883	1.0786282643555
0.847563782421057	1.08144868101931
0.847963765329231	1.08431011098652
0.848363748237405	1.08720493308697
0.84876373114558	1.09012673733206
0.849163714053754	1.09307009746086
0.849563696961928	1.09603010664823
0.849963679870102	1.09900187920453
0.850363662778276	1.10197992727805
0.85076364568645	1.10495778390658
0.851163628594625	1.10792805713758
0.851563611502799	1.11088264589679
0.851963594410973	1.11381304311024
0.852363577319147	1.11671070471324
0.852763560227321	1.1195671398409
0.853163543135495	1.12237378254757
0.85356352604367	1.12512200680239
0.853963508951844	1.12780323028586
0.854363491860018	1.13040888572608
0.854763474768192	1.13293048644706
0.855163457676366	1.13535969048138
0.85556344058454	1.13768840930552
0.855963423492715	1.1399090410446
0.856363406400889	1.14201489027095
0.856763389309063	1.1440004977197
0.857163372217237	1.14586188371045
0.857563355125411	1.14759665391885
0.857963338033585	1.14920382755433
0.85836332094176	1.15068335946995
0.858763303849934	1.15203559977748
0.859163286758108	1.15326081853983
0.859563269666282	1.1543588077552
0.859963252574456	1.15532868375588
0.86036323548263	1.15616894738991
0.860763218390805	1.1568775847861
0.861163201298979	1.15745225238004
0.861563184207153	1.15789046586762
0.861963167115327	1.15818974446703
0.862363150023501	1.15834774830797
0.862763132931675	1.15836249057016
0.86316311583985	1.15823253397412
0.863563098748024	1.15795713027094
0.863963081656198	1.1575363949045
0.864363064564372	1.15697150854676
0.864763047472546	1.15626488110947
0.86516303038072	1.15542036027592
0.865563013288895	1.15444345862704
0.865962996197069	1.15334141920224
0.866362979105243	1.15212310934464
0.866762962013417	1.15079881642968
0.867162944921591	1.14937970414078
0.867562927829765	1.14787705365057
0.86796291073794	1.1463015377731
0.868362893646114	1.14466266051866
0.868762876554288	1.14296831521198
0.869162859462462	1.1412245851575
0.869562842370636	1.13943582761997
0.86996282527881	1.13760493308466
0.870362808186985	1.13573374280955
0.870762791095159	1.13382351827001
0.871162774003333	1.13187514907269
0.871562756911507	1.1298891824213
0.871962739819681	1.12786587396683
0.872362722727855	1.12580504641179
0.87276270563603	1.12370578135713
0.873162688544204	1.1215663378741
0.873562671452378	1.11938448551148
0.873962654360552	1.11715798633777
0.874362637268726	1.11488511905883
0.8747626201769	1.11256522828748
0.875162603085075	1.11019908089991
0.875562585993249	1.10778886149125
0.875962568901423	1.10533783244075
0.876362551809597	1.10284969719956
0.876762534717771	1.10032785535253
0.877162517625945	1.09777488633136
0.87756250053412	1.09519234189459
0.877962483442294	1.09258067624662
0.878362466350468	1.08993945180502
0.878762449258642	1.08726784434109
0.879162432166816	1.08456526442769
0.87956241507499	1.08183177097552
0.879962397983165	1.07906846071665
0.880362380891339	1.07627797065696
0.880762363799513	1.07346465880607
0.881162346707687	1.07063444917092
0.881562329615861	1.06779451762552
0.881962312524035	1.06495280305314
0.88236229543221	1.0621174239563
0.882762278340384	1.05929627737489
0.883162261248558	1.05649678882497
0.883562244156732	1.05372568443112
0.883962227064906	1.05098898646677
0.88436220997308	1.04829211177807
0.884762192881255	1.04563988399172
0.885162175789429	1.04303651163271
0.885562158697603	1.04048572236302
0.885962141605777	1.03799099342731
0.886362124513951	1.03555593078946
0.886762107422125	1.03318489143661
0.887162090330299	1.03088374208825
0.887562073238474	1.02866052355583
0.887962056146648	1.02652587538543
0.888362039054822	1.02449315571132
0.888762021962996	1.02257829344468
0.88916200487117	1.02079944626387
0.889561987779344	1.02062998910684
0.889961970687519	1.02073413192267
0.890361953595693	1.02112863828838
0.890761936503867	1.02180456027207
0.891161919412041	1.02273831352165
0.891561902320215	1.02389948184886
0.891961885228389	1.0252559204625
0.892361868136564	1.02677680164555
0.892761851044738	1.02843420948414
0.893161833952912	1.0302037855448
0.893561816861086	1.03206480513362
0.89396179976926	1.03399995063177
0.894361782677434	1.03599494821803
0.894761765585609	1.03803816320488
0.895161748493783	1.04012021479319
0.895561731401957	1.04223362734413
0.895961714310131	1.044372510503
0.896361697218305	1.04653226643648
0.896761680126479	1.04870934107594
0.897161663034654	1.05090101086448
0.897561645942828	1.05310520425794
0.897961628851002	1.05532036049137
0.898361611759176	1.05754532228036
0.89876159466735	1.0597792474965
0.899161577575525	1.06202153831464
0.899561560483699	1.0642717789421
0.899961543391873	1.06652968077511
0.900361526300047	1.06879504025236
0.900761509208221	1.07106771383821
0.901161492116395	1.07334760249305
0.90156147502457	1.07563464739619
0.901961457932744	1.07792882859532
0.902361440840918	1.08023016308735
0.902761423749092	1.08253870147344
0.903161406657266	1.08485452868738
0.90356138956544	1.0871777597328
0.903961372473615	1.08950853505074
0.904361355381789	1.09184702283469
0.904761338289963	1.09419342160679
0.905161321198137	1.09654795397307
0.905561304106311	1.09891085824719
0.905961287014485	1.10128237989113
0.906361269922659	1.10366276045574
0.906761252830834	1.10605223166476
0.907161235739008	1.10845102071749
0.907561218647182	1.11085935657594
0.907961201555356	1.11327747649529
0.90836118446353	1.11570563302906
0.908761167371704	1.11814409604569
0.909161150279879	1.12059314441997
0.909561133188053	1.12305305655425
0.909961116096227	1.12552410266001
0.910361099004401	1.12800653822628
0.910761081912575	1.13050060192687
0.911161064820749	1.13300652271191
0.911561047728924	1.13552453132582
0.911961030637098	1.13805487243638
0.912361013545272	1.14059781432792
0.912760996453446	1.1431536529254
0.91316097936162	1.14572270729263
0.913560962269794	1.14830531048875
0.913960945177969	1.15090179554824
0.914360928086143	1.1535124799239
0.914760910994317	1.15613765105612
0.915160893902491	1.15877755673689
0.915560876810665	1.1614323993863
0.915960859718839	1.1641023352031
0.916360842627014	1.16678747588299
0.916760825535188	1.16948789239225
0.917160808443362	1.17220362068176
0.917560791351536	1.17493466883489
0.91796077425971	1.17768102073377
0.918360757167884	1.18044263787515
0.918760740076059	1.18321945950267
0.919160722984233	1.1860113980348
0.919560705892407	1.18881833116242
0.919960688800581	1.19164009716721
0.920360671708755	1.19447649509681
0.920760654616929	1.19732729031131
0.921160637525104	1.20019222406672
0.921560620433278	1.20307102575834
0.921960603341452	1.20596342160129
0.922360586249626	1.20886913808446
0.9227605691578	1.21178789834351
0.923160552065974	1.21471941249757
0.923560534974149	1.21766336464012
0.923960517882323	1.22061940337482
0.924360500790497	1.22358713745919
0.924760483698671	1.22656613666331
0.925160466606845	1.22955593836561
0.925560449515019	1.23255605700577
0.925960432423194	1.23556599224306
0.926360415331368	1.23858523129602
0.926760398239542	1.24161324528919
0.927160381147716	1.2446494845075
0.92756036405589	1.24769337301405
0.927960346964064	1.25074430353035
0.928360329872239	1.25380163571227
0.928760312780413	1.25686469737389
0.929160295688587	1.25993278606532
0.929560278596761	1.26300517050897
0.929960261504935	1.26608109343029
0.930360244413109	1.26915977283932
0.930760227321284	1.27224040475897
0.931160210229458	1.27532216788678
0.931560193137632	1.27840422659731
0.931960176045806	1.28148572764001
0.93236015895398	1.28456579546001
0.932760141862154	1.28764352412298
0.933160124770329	1.2907179673421
0.933560107678503	1.29378813541308
0.933960090586677	1.29685300497216
0.934360073494851	1.29991153810869
0.934760056403025	1.30296271099103
0.935160039311199	1.3060055471904
0.935560022219374	1.30903914840895
0.935960005127548	1.31206271890665
