0	1.80920975978201
0.000399982922768219	1.80962164154926
0.000799965845536439	1.81005629421358
0.00119994876830466	1.81051391976723
0.00159993169107288	1.81099477434306
0.0019999146138411	1.81149910871664
0.00239989753660932	1.81202712600109
0.00279988045937753	1.81257895508656
0.00319986338214575	1.81315463779188
0.00359984630491397	1.81375412379023
0.00399982922768219	1.81437728318762
0.00439981215045041	1.81502392941664
0.00479979507321863	1.81569384668107
0.00519977799598685	1.81638681600579
0.00559976091875507	1.8171026308737
0.00599974384152329	1.81784109133456
0.00639972676429151	1.8186019833357
0.00679970968705973	1.81938504900323
0.00719969260982795	1.820189954847
0.00759967553259617	1.82101626876385
0.00799965845536438	1.82186345023197
0.0083996413781326	1.8227308552111
0.00879962430090082	1.82361775289998
0.00919960722366904	1.82452334768035
0.00959959014643726	1.82544680123922
0.00999957306920548	1.82638725261213
0.0103995559919737	1.82734383110242
0.0107995389147419	1.82831566398848
0.0111995218375101	1.82930188433419
0.0115995047602784	1.83030163598102
0.0119994876830466	1.8313140713557
0.0123994706058148	1.83233834609574
0.012799453528583	1.83337360950544
0.0131994364513512	1.834418989607
0.0135994193741195	1.83547357804029
0.0139994022968877	1.83653641626573
0.0143993852196559	1.83760648268237
0.0147993681424241	1.83868268776409
0.0151993510651923	1.83976388045219
0.0155993339879606	1.8408488608196
0.0159993169107288	1.84193640133598
0.016399299833497	1.84302527467494
0.0167992827562652	1.8441142807357
0.0171992656790334	1.84520226792358
0.0175992486018016	1.84628815010781
0.0179992315245699	1.84737091562999
0.0183992144473381	1.84844963010015
0.0187991973701063	1.84952343455034
0.0191991802928745	1.85059154022818
0.0195991632156427	1.8516532205092
0.019999146138411	1.8527078046938
0.0203991290611792	1.85375467353302
0.0207991119839474	1.85479325740773
0.0211990949067156	1.85582304165099
0.0215990778294838	1.85684357638649
0.0219990607522521	1.85785449018498
0.0223990436750203	1.85885550561171
0.0227990265977885	1.85984644796622
0.0231990095205567	1.86082724131231
0.0235989924433249	1.86179789570375
0.0239989753660932	1.86275848625914
0.0243989582888614	1.86370912867058
0.0247989412116296	1.86464996532005
0.0251989241343978	1.86558116331496
0.025598907057166	1.86650292057488
0.0259988899799343	1.86741547762331
0.0263988729027025	1.86831912893653
0.0267988558254707	1.86921422236672
0.0271988387482389	1.87010115405115
0.0275988216710071	1.87098036357945
0.0279988045937753	1.8718523299245
0.0283987875165436	1.87271757428403
0.0287987704393118	1.87357668219801
0.02919875336208	1.87443033290844
0.0295987362848482	1.87527933364548
0.0299987192076164	1.8761246552923
0.0303987021303847	1.8769674642132
0.0307986850531529	1.87780914561344
0.0311986679759211	1.87865132503634
0.0315986508986893	1.8794958784345
0.0319986338214575	1.88034493304698
0.0323986167442258	1.88120086195448
0.032798599666994	1.88206627314262
0.0331985825897622	1.88294399178526
0.0335985655125304	1.88383704989587
0.0339985484352986	1.88474868410496
0.0343985313580669	1.88568233294713
0.0347985142808351	1.88664163938739
0.0351984972036033	1.88763045835871
0.0355984801263715	1.88865285748751
0.0359984630491397	1.88971312405695
0.036398445971908	1.89081579501678
0.0367984288946762	1.89196569817954
0.0371984118174444	1.89316800978312
0.0375983947402126	1.8944283382687
0.0379983776629808	1.89575282226396
0.0383983605857491	1.89714822628617
0.0387983435085173	1.89862203489927
0.0391983264312855	1.9001825410186
0.0395983093540537	1.90183892572215
0.0399982922768219	1.90360132847613
0.0403982751995901	1.90548088979637
0.0407982581223584	1.90748974392206
0.0411982410451266	1.90964095577699
0.0415982239678948	1.9119483824032
0.041998206890663	1.91442643211934
0.0423981898134312	1.91708969258836
0.0427981727361995	1.91995238940464
0.0431981556589677	1.92302759180158
0.0435981385817359	1.92632606349508
0.0439981215045041	1.9298546130922
0.0443981044272723	1.93361381791185
0.0447980873500406	1.93759502588974
0.0451980702728088	1.94177665075197
0.045598053195577	1.94611993306661
0.0459980361183452	1.95056466369724
0.0463980190411134	1.95502581141626
0.0467980019638817	1.95939245607548
0.0471979848866499	1.96160416935214
0.0475979678094181	1.96370119038736
0.0479979507321863	1.9656791742662
0.0483979336549545	1.96753542760806
0.0487979165777227	1.96926793346584
0.049197899500491	1.9708748369753
0.0495978824232592	1.97235419116018
0.0499978653460274	1.97370384009721
0.0503978482687956	1.9749211602247
0.0507978311915638	1.97600299708779
0.0511978141143321	1.976945708769
0.0515977970371003	1.97774539661492
0.0519977799598685	1.97839831525579
0.0523977628826367	1.97890147928659
0.0527977458054049	1.97925309946426
0.0531977287281732	1.97945278179437
0.0535977116509414	1.97950119637633
0.0539976945737096	1.97939931772734
0.0543976774964778	1.97914737201463
0.054797660419246	1.97874386488341
0.0551976433420143	1.97818517892779
0.0555976262647825	1.97746580854845
0.0559976091875507	1.97657899453977
0.0563975921103189	1.97551787010162
0.0567975750330871	1.97427671068288
0.0571975579558554	1.97285166547636
0.0575975408786236	1.9712409384469
0.0579975238013918	1.96944484779346
0.05839750672416	1.96746564379625
0.0587974896469282	1.96530712501717
0.0591974725696965	1.96297438335931
0.0595974554924647	1.96047368195824
0.0599974384152329	1.9578121496229
0.0603974213380011	1.95499722632989
0.0607974042607693	1.95203564075934
0.0611973871835375	1.9489320316552
0.0615973701063058	1.94568764002535
0.061997353029074	1.94229960647647
0.0623973359518422	1.93876098855491
0.0627973188746104	1.93506163277032
0.0631973017973786	1.93118968517393
0.0635972847201469	1.92713363134036
0.0639972676429151	1.92288433527575
0.0643972505656833	1.91843657350851
0.0647972334884515	1.91378987903068
0.0651972164112197	1.90894888392898
0.065597199333988	1.90392309233898
0.0659971822567562	1.89872626644924
0.0663971651795244	1.89337554849427
0.0667971481022926	1.88789036650987
0.0671971310250608	1.88229106713068
0.0675971139478291	1.87659761916557
0.0679970968705973	1.87082860676857
0.0683970797933655	1.86500058493341
0.0687970627161337	1.8591282671343
0.0691970456389019	1.85322557211307
0.0695970285616701	1.8473069235207
0.0699970114844384	1.84138825780364
0.0703969944072066	1.83548754904323
0.0707969773299748	1.82962451762265
0.071196960252743	1.82381954064667
0.0715969431755113	1.81809244012064
0.0719969260982795	1.81246124047444
0.0723969090210477	1.80694131174901
0.0727968919438159	1.80154508177954
0.0731968748665841	1.79628208263475
0.0735968577893523	1.79115887535632
0.0739968407121206	1.78617924667591
0.0743968236348888	1.78134454740537
0.074796806557657	1.77665396816885
0.0751967894804252	1.77210499083006
0.0755967724031934	1.76769424308136
0.0759967553259617	1.76341816582583
0.0763967382487299	1.75927374022894
0.0767967211714981	1.75525915872935
0.0771967040942663	1.75137427811961
0.0775966870170345	1.74762087967584
0.0779966699398028	1.74400310071166
0.078396652862571	1.74052743347896
0.0787966357853392	1.73720238313035
0.0791966187081074	1.73403782191371
0.0795966016308756	1.73104393440384
0.0799965845536438	1.72822964061878
0.0803965674764121	1.7256012907208
0.0807965503991803	1.72316183886006
0.0811965333219485	1.72091040828597
0.0815965162447167	1.71884246173338
0.0819964991674849	1.71695056733626
0.0823964820902532	1.71522520509089
0.0827964650130214	1.71365568193868
0.0831964479357896	1.71223114710412
0.0835964308585578	1.71094129319899
0.0839964137813261	1.70977679293884
0.0843963967040943	1.70872967394596
0.0847963796268625	1.70779347528095
0.0851963625496307	1.7069630424928
0.0855963454723989	1.70623412379596
0.0859963283951671	1.70560286426087
0.0863963113179354	1.70506538902985
0.0867962942407036	1.70461757630259
0.0871962771634718	1.70425508334781
0.08759626008624	1.70397340096724
0.0879962430090082	1.7037681231418
0.0883962259317765	1.70363506360783
0.0887962088545447	1.70357012689197
0.0891961917773129	1.70356889442149
0.0895961747000811	1.70362610786765
0.0899961576228493	1.70373515242422
0.0903961405456176	1.70388793629959
0.0907961234683858	1.70407504372646
0.091196106391154	1.70428623614849
0.0915960893139222	1.70451128201483
0.0919960722366904	1.70474109720802
0.0923960551594586	1.70496880752624
0.0927960380822269	1.70519041540359
0.0931960210049951	1.70540515614534
0.0935960039277633	1.70561568577047
0.0939959868505315	1.70582777424555
0.0943959697732997	1.7060495171229
0.094795952696068	1.70629068831956
0.0951959356188362	1.70656230814217
0.0955959185416044	1.70687633060654
0.0959959014643726	1.70724557493785
0.0963958843871408	1.70768373474402
0.0967958673099091	1.70820502270965
0.0971958502326773	1.70882369957017
0.0975958331554455	1.7095535022836
0.0979958160782137	1.71040693475571
0.0983957990009819	1.71139466841077
0.0987957819237502	1.7125256862916
0.0991957648465184	1.71380793296763
0.0995957477692866	1.71524916089244
0.0999957306920548	1.71685739892738
0.100395713614823	1.71864105296955
0.100795696537591	1.72060840476297
0.101195679460359	1.72276657619699
0.101595662383128	1.72512026896001
0.101995645305896	1.72767092728458
0.102395628228664	1.73041637321996
0.102795611151432	1.73335104170811
0.103195594074201	1.73646686240335
0.103595576996969	1.73975452461315
0.103995559919737	1.7432045976588
0.104395542842505	1.74680840566112
0.104795525765273	1.75055841523427
0.105195508688042	1.75444811787544
0.10559549161081	1.75847167495816
0.105995474533578	1.7626235964692
0.106395457456346	1.76689857635171
0.106795440379115	1.7712913916207
0.107195423301883	1.77579685911806
0.107595406224651	1.78040976457276
0.107995389147419	1.78512468598866
0.108395372070187	1.78993567654169
0.108795354992956	1.79483602277499
0.109195337915724	1.79981812562521
0.109595320838492	1.80487345025056
0.10999530376126	1.80999267194102
0.110395286684029	1.815166027683
0.110795269606797	1.82038370226759
0.111195252529565	1.82563605558715
0.111595235452333	1.83091390818237
0.111995218375101	1.83620888981668
0.11239520129787	1.84151363484397
0.112795184220638	1.84682170234565
0.113195167143406	1.85212723629115
0.113595150066174	1.85742414884081
0.113995132988942	1.86270497103075
0.114395115911711	1.86795983210715
0.114795098834479	1.87317602675749
0.115195081757247	1.87833805104033
0.115595064680015	1.88342835703865
0.115995047602784	1.88842855391821
0.116395030525552	1.89332059122762
0.11679501344832	1.89808752226166
0.117194996371088	1.90271392382793
0.117594979293856	1.90718579065132
0.117994962216625	1.91149012321229
0.118394945139393	1.91561435498615
0.118794928062161	1.91954583033309
0.119194910984929	1.92327134997374
0.119594893907698	1.92677696520794
0.119994876830466	1.9300480828778
0.120394859753234	1.93306994178456
0.120794842676002	1.93582823567157
0.12119482559877	1.93830984552601
0.121594808521539	1.94050356961156
0.121994791444307	1.94240071464357
0.122394774367075	1.94399532612724
0.122794757289843	1.94528429295871
0.123194740212612	1.94626741767423
0.12359472313538	1.9469473114448
0.123994706058148	1.94732933027372
0.124394688980916	1.94742184011429
0.124794671903684	1.94723655017914
0.125194654826453	1.94678864679391
0.125594637749221	1.94609670899084
0.125994620671989	1.94518236171489
0.126394603594757	1.94406950960098
0.126794586517526	1.94278312645443
0.127194569440294	1.94134786021304
0.127594552363062	1.93978690875234
0.12799453528583	1.93812126100491
0.128394518208598	1.93636929300485
0.128794501131367	1.934546921813
0.129194484054135	1.93266822291689
0.129594466976903	1.9307462353248
0.129994449899671	1.92879386034075
0.130394432822439	1.92682475480728
0.130794415745208	1.92485391572348
0.131194398667976	1.92289803170295
0.131594381590744	1.92097589062476
0.131994364513512	1.91910835460963
0.132394347436281	1.91731781553651
0.132794330359049	1.9156275195294
0.133194313281817	1.91406089171096
0.133594296204585	1.9126406632174
0.133994279127353	1.91138817004599
0.134394262050122	1.91032302447812
0.13479424497289	1.90946315563876
0.135194227895658	1.90882510552609
0.135594210818426	1.90842452087118
0.135994193741195	1.90827650613104
0.136394176663963	1.90839572754694
0.136794159586731	1.90879605443619
0.137194142509499	1.90948994385753
0.137594125432267	1.91048752079869
0.137994108355036	1.9117956963413
0.138394091277804	1.9134175449123
0.138794074200572	1.9153522168435
0.13919405712334	1.91759508068806
0.139594040046109	1.92013798364626
0.139994022968877	1.92296968921978
0.140394005891645	1.92607640228564
0.140793988814413	1.92944187284977
0.141193971737181	1.933047351884
0.14159395465995	1.93687169927357
0.141993937582718	1.94089172076122
0.142393920505486	1.94508255669753
0.142793903428254	1.94941851324584
0.143193886351023	1.95387412227162
0.143593869273791	1.95842529940175
0.143993852196559	1.96305023516194
0.144393835119327	1.96773007949356
0.144793818042095	1.97244910267222
0.145193800964864	1.97719440796379
0.145593783887632	1.98195524290541
0.1459937668104	1.98672222538076
0.146393749733168	1.99148655564433
0.146793732655936	1.99623976084909
0.147193715578705	2.00097375084012
0.147593698501473	2.00568099326023
0.147993681424241	2.01035444163279
0.148393664347009	2.01498744323157
0.148793647269778	2.01957346777717
0.149193630192546	2.02410568265825
0.149593613115314	2.02857656706938
0.149993596038082	2.03297796918377
0.15039357896085	2.03730159082136
0.150793561883619	2.0415397764077
0.151193544806387	2.04568635068496
0.151593527729155	2.04973719451046
0.151993510651923	2.05369050334318
0.152393493574692	2.05754666536947
0.15279347649746	2.06130787479162
0.153193459420228	2.06497775032
0.153593442342996	2.06856131969155
0.153993425265764	2.07206502616953
0.154393408188533	2.07549669718776
0.154793391111301	2.0788653402432
0.155193374034069	2.08218062304901
0.155593356956837	2.08545201918506
0.155993339879606	2.08868802255373
0.156393322802374	2.09189525481962
0.156793305725142	2.09507767809173
0.15719328864791	2.09823630257361
0.157593271570678	2.10136947872592
0.157993254493447	2.10447337902277
0.158393237416215	2.1075429600433
0.158793220338983	2.11057310883484
0.159193203261751	2.11355985387211
0.159593186184519	2.11650158190631
0.159993169107288	2.11939997639398
0.160393152030056	2.12226017448332
0.160793134952824	2.12509031290572
0.161193117875592	2.12790053021907
0.161593100798361	2.13070136092687
0.161993083721129	2.13350209146474
0.162393066643897	2.13630959034757
0.162793049566665	2.13912756297616
0.163193032489433	2.1419565393898
0.163593015412202	2.14479453854789
0.16399299833497	2.14763785480197
0.164392981257738	2.15048191233013
0.164792964180506	2.15332228001631
0.165192947103275	2.15615545252566
0.165592930026043	2.15897902984766
0.165992912948811	2.16179166009892
0.166392895871579	2.16459264870652
0.166792878794347	2.16738122259382
0.167192861717116	2.17015574572151
0.167592844639884	2.17291310534899
0.167992827562652	2.17564825789551
0.16839281048542	2.17835410620212
0.168792793408189	2.1810218486325
0.169192776330957	2.18364142669849
0.169592759253725	2.1862019530149
0.169992742176493	2.18869220399406
0.170392725099261	2.19110115362339
0.17079270802203	2.19341836385045
0.171192690944798	2.19563431293975
0.171592673867566	2.19774085123144
0.171992656790334	2.19973163706015
0.172392639713103	2.20160237397562
0.172792622635871	2.203350880313
0.173192605558639	2.2049768433409
0.173592588481407	2.20648092624717
0.173992571404175	2.20786350324752
0.174392554326944	2.20912330965524
0.174792537249712	2.21025602973163
0.17519252017248	2.21125318963803
0.175592503095248	2.21210180943341
0.175992486018016	2.2127847669156
0.176392468940785	2.21328186366795
0.176792451863553	2.2135713941776
0.177192434786321	2.21363188780546
0.177592417709089	2.21344355507561
0.177992400631858	2.21298939284544
0.178392383554626	2.21225569088928
0.178792366477394	2.2112319558648
0.179192349400162	2.20991040587595
0.17959233232293	2.20828529554716
0.179992315245699	2.20635225535213
0.180392298168467	2.2041078397567
0.180792281091235	2.20154954610961
0.181192264014003	2.1986763410661
0.181592246936772	2.19548982043033
0.18199222985954	2.19199554254614
0.182392212782308	2.18820417391711
0.182792195705076	2.18413201457485
0.183192178627844	2.17980054526951
0.183592161550613	2.17523502954614
0.183992144473381	2.17046260344787
0.184392127396149	2.16551022589912
0.184792110318917	2.16040291359866
0.185192093241686	2.15516269168354
0.185592076164454	2.1498084013469
0.185992059087222	2.14435616523517
0.18639204200999	2.13882023013013
0.186792024932758	2.13321405240188
0.187192007855527	2.12755123128625
0.187591990778295	2.12184599238798
0.187991973701063	2.1161132203546
0.188391956623831	2.11036824241223
0.188791939546599	2.10462624894116
0.189191922469368	2.09890171262139
0.189591905392136	2.09320784822307
0.189991888314904	2.0875562784364
0.190391871237672	2.0819569442205
0.190791854160441	2.07641856358673
0.191191837083209	2.07094926780559
0.191591820005977	2.06555726410086
0.191991802928745	2.06025152185963
0.192391785851513	2.05504247757565
0.192791768774282	2.04994248686127
0.19319175169705	2.04496592091199
0.193591734619818	2.04012884338405
0.193991717542586	2.03544820803183
0.194391700465355	2.03094068811398
0.194791683388123	2.02662114383913
0.195191666310891	2.02250110186471
0.195591649233659	2.01858767350902
0.195991632156427	2.01488297840484
0.196391615079196	2.01138396747202
0.196791598001964	2.00808287515424
0.197191580924732	2.00496805697317
0.1975915638475	2.0020249511258
0.197991546770269	1.99923702281374
0.198391529693037	1.99658666534422
0.198791512615805	1.99405579672015
0.199191495538573	1.99162633633121
0.199591478461341	1.98928065104042
0.19999146138411	1.98700172535075
0.200391444306878	1.98477307590446
0.200791427229646	1.9825786923304
0.201191410152414	1.98040302227284
0.201591393075183	1.97823074903027
0.201991375997951	1.97604666751051
0.202391358920719	1.973835730152
0.202791341843487	1.9715831909674
0.203191324766255	1.96927465141902
0.203591307689024	1.96689627436294
0.203991290611792	1.96443493966404
0.20439127353456	1.96187835369487
0.204791256457328	1.95921504430803
0.205191239380096	1.95643467219323
0.205591222302865	1.9535283814483
0.205991205225633	1.95048927708525
0.206391188148401	1.94731293011668
0.206791171071169	1.94399781815837
0.207191153993938	1.94054523969002
0.207591136916706	1.93695897567112
0.207991119839474	1.93324484232929
0.208391102762242	1.92941015513194
0.20879108568501	1.92546311947171
0.209191068607779	1.92141263860265
0.209591051530547	1.91726820945353
0.209991034453315	1.91303981295267
0.210391017376083	1.90873767053742
0.210791000298852	1.90437176144696
0.21119098322162	1.89995105239105
0.211590966144388	1.89548302057815
0.211990949067156	1.89097339362016
0.212390931989924	1.88642600616959
0.212790914912693	1.88184287325387
0.213190897835461	1.8772244800695
0.213590880758229	1.87257002990285
0.213990863680997	1.86787764812962
0.214390846603766	1.86314454354928
0.214790829526534	1.85836721027357
0.215190812449302	1.85354178050346
0.21559079537207	1.8486645197723
0.215990778294838	1.8437322000385
0.216390761217607	1.83874250833677
0.216790744140375	1.83369436391195
0.217190727063143	1.82858794045555
0.217590709985911	1.82342452114537
0.21799069290868	1.81820651634817
0.218390675831448	1.81293769164899
0.218790658754216	1.80762354920027
0.219190641676984	1.80227166984792
0.219590624599752	1.79689199017904
0.219990607522521	1.79149718003827
0.220390590445289	1.78610291371068
0.220790573368057	1.78072776715126
0.221190556290825	1.7753930305984
0.221590539213593	1.77012234827897
0.221990522136362	1.76494094142934
0.22239050505913	1.75987458975717
0.222790487981898	1.7549487755437
0.223190470904666	1.75018788991175
0.223590453827435	1.74561472885734
0.223990436750203	1.74125050505889
0.224390419672971	1.73711510054502
0.224790402595739	1.73322727313784
0.225190385518507	1.72960500015202
0.225590368441276	1.72626563223829
0.225990351364044	1.72322549640255
0.226390334286812	1.72049926979331
0.22679031720958	1.71809953135387
0.227190300132349	1.71603624514253
0.227590283055117	1.71431620488005
0.227990265977885	1.71294281907576
0.228390248900653	1.71191620906651
0.228790231823421	1.71123336993606
0.22919021474619	1.71088861932804
0.229590197668958	1.71087435828195
0.229990180591726	1.71118179353504
0.230390163514494	1.71180148357597
0.230790146437263	1.71272375798183
0.231190129360031	1.71393887030423
0.231590112282799	1.71543690195772
0.231990095205567	1.71720777166395
0.232390078128335	1.71924149876916
0.232790061051104	1.7215286437478
0.233190043973872	1.72406073003192
0.23359002689664	1.72683062398932
0.233990009819408	1.72983261505379
0.234389992742176	1.73306202172932
0.234789975664945	1.73651437046521
0.235189958587713	1.74018458703704
0.235589941510481	1.74406641914293
0.235989924433249	1.74815185529912
0.236389907356018	1.75243071051625
0.236789890278786	1.75689043740334
0.237189873201554	1.76151596154517
0.237589856124322	1.76628936383324
0.23798983904709	1.7711898244758
0.238389821969859	1.7761938027902
0.238789804892627	1.78127552099532
0.239189787815395	1.78640782374452
0.239589770738163	1.79156328687687
0.239989753660932	1.79671517880014
0.2403897365837	1.80183857039465
0.240789719506468	1.80691154603493
0.241189702429236	1.8119162575536
0.241589685352004	1.81683969523902
0.241989668274773	1.82167452332326
0.242389651197541	1.8264194474398
0.242789634120309	1.8310787885584
0.243189617043077	1.83566144538633
0.243589599965846	1.84017944163125
0.243989582888614	1.8446464263012
0.244389565811382	1.84907654608084
0.24478954873415	1.85348390206991
0.245189531656918	1.85788235979127
0.245589514579687	1.86228573092283
0.245989497502455	1.86670795911512
0.246389480425223	1.87116296911918
0.246789463347991	1.87566398589403
0.24718944627076	1.88022279719579
0.247589429193528	1.88484900938237
0.247989412116296	1.88954962809528
0.248389395039064	1.89432896552749
0.248789377961832	1.89918904652509
0.249189360884601	1.90413012093362
0.249589343807369	1.90915114274218
0.249989326730137	1.91425003193154
0.250389309652905	1.91942370003012
0.250789292575674	1.92466754337564
0.251189275498442	1.92997453247957
0.25158925842121	1.93533446241916
0.251989241343978	1.94073370047468
0.252389224266746	1.94615530818359
0.252789207189515	1.95157993493116
0.253189190112283	1.95698741905794
0.253589173035051	1.96235851592827
0.253989155957819	1.96767643356673
0.254389138880587	1.97292821942757
0.254789121803356	1.97810561247679
0.255189104726124	1.9832051850959
0.255589087648892	1.98822831181313
0.25598907057166	1.99318076246963
0.256389053494429	1.99807167169283
0.256789036417197	2.00291224340149
0.257189019339965	2.00771447569983
0.257589002262733	2.01248957620851
0.257988985185501	2.01724652354481
0.25838896810827	2.02199154878359
0.258788951031038	2.02672844778075
0.259188933953806	2.03145935449807
0.259588916876574	2.0361858156307
0.259988899799343	2.04090947471756
0.260388882722111	2.04563207443417
0.260788865644879	2.05035508463596
0.261188848567647	2.0550790716185
0.261588831490415	2.05980280913646
0.261988814413184	2.06452272198404
0.262388797335952	2.06923275379531
0.26278878025872	2.07392423890948
0.263188763181488	2.07858606013147
0.263588746104256	2.08320500855154
0.263988729027025	2.08776622764527
0.264388711949793	2.09225380634495
0.264788694872561	2.09665163649715
0.265188677795329	2.10094416424893
0.265588660718098	2.105117174227
0.265988643640866	2.10915837550417
0.266388626563634	2.11305761990783
0.266788609486402	2.11680678102883
0.26718859240917	2.12039967192498
0.267588575331939	2.12383202411385
0.267988558254707	2.12710158819671
0.268388541177475	2.13020806978826
0.268788524100243	2.13315291190749
0.269188507023012	2.13593900228806
0.26958848994578	2.13857035228797
0.269988472868548	2.1410516769719
0.270388455791316	2.14338813848109
0.270788438714084	2.14558523600099
0.271188421636853	2.14764868387509
0.271588404559621	2.14958445221173
0.271988387482389	2.15139889149788
0.272388370405157	2.15309884899993
0.272788353327926	2.15469178679551
0.273188336250694	2.1561858194169
0.273588319173462	2.15758946350073
0.27398830209623	2.1589112255363
0.274388285018998	2.16015903660714
0.274788267941767	2.16133989696405
0.275188250864535	2.16245992249031
0.275588233787303	2.16352485947086
0.275988216710071	2.16454095532389
0.27638819963284	2.165516038674
0.276788182555608	2.16646027360091
0.277188165478376	2.16738636005058
0.277588148401144	2.16830921482514
0.277988131323912	2.16924511626255
0.278388114246681	2.17021056848161
0.278788097169449	2.17122139087221
0.279188080092217	2.17229192007111
0.279588063014985	2.17343421581652
0.279988045937754	2.17465756839883
0.280388028860522	2.17596833137131
0.28078801178329	2.17736983931459
0.281187994706058	2.17886260693666
0.281587977628826	2.18044485847398
0.281987960551595	2.18211310941064
0.282387943474363	2.18386276479117
0.282787926397131	2.18568878916586
0.283187909319899	2.18758594843287
0.283587892242667	2.18954865354702
0.283987875165436	2.1915708427094
0.284387858088204	2.1936458566237
0.284787841010972	2.19576614078689
0.28518782393374	2.19792309902996
0.285587806856509	2.20010720084881
0.285987789779277	2.20230825741587
0.286387772702045	2.20451593277643
0.286787755624813	2.20672060180866
0.287187738547581	2.20891437594348
0.28758772147035	2.21109194982094
0.287987704393118	2.21325115127462
0.288387687315886	2.2153929466852
0.288787670238654	2.21752088480479
0.289187653161423	2.21964028541285
0.289587636084191	2.22175749018901
0.289987619006959	2.22387916830113
0.290387601929727	2.2260120490716
0.290787584852495	2.2281629930899
0.291187567775264	2.23033914274796
0.291587550698032	2.23254782376553
0.2919875336208	2.23479637057809
0.292387516543568	2.2370919252551
0.292787499466336	2.23944121513384
0.293187482389105	2.24185054358256
0.293587465311873	2.24432584614621
0.293987448234641	2.24687270255551
0.294387431157409	2.24949619433542
0.294787414080178	2.25220050876163
0.295187397002946	2.25498810811372
0.295587379925714	2.25785890345194
0.295987362848482	2.26080943306735
0.29638734577125	2.26383224957587
0.296787328694019	2.26691561335766
0.297187311616787	2.27004369529156
0.297587294539555	2.27319701668365
0.297987277462323	2.27635319460207
0.298387260385092	2.279487709053
0.29878724330786	2.28257480343622
0.299187226230628	2.28558832389446
0.299587209153396	2.28850253813128
0.299987192076164	2.29129261067833
0.300387174998933	2.29393499326434
0.300787157921701	2.29640776996664
0.301187140844469	2.29869107728892
0.301587123767237	2.30076760035264
0.301987106690006	2.30262319460395
0.302387089612774	2.30424736998929
0.302787072535542	2.30563365794889
0.30318705545831	2.30677951137222
0.303587038381078	2.30768591062253
0.303987021303847	2.30835672112963
0.304387004226615	2.30879772822682
0.304786987149383	2.30901533352655
0.305186970072151	2.30901562842078
0.30558695299492	2.30880391620523
0.305986935917688	2.30838463225506
0.306386918840456	2.30776189801255
0.306786901763224	2.3069407267478
0.307186884685992	2.30592838828017
0.307586867608761	2.30473565237874
0.307986850531529	2.30337771083978
0.308386833454297	2.30187431423526
0.308786816377065	2.30024915911951
0.309186799299834	2.29852877858342
0.309586782222602	2.29674092817143
0.30998676514537	2.29491286777881
0.310386748068138	2.29307015180338
0.310786730990906	2.29123596138055
0.311186713913675	2.28943112319347
0.311586696836443	2.28767482497801
0.311986679759211	2.28598566025763
0.312386662681979	2.28438256335617
0.312786645604747	2.28288536846706
0.313186628527516	2.28151469060828
0.313586611450284	2.28029117590073
0.313986594373052	2.27923456535088
0.31438657729582	2.27836281978958
0.314786560218589	2.27769160338097
0.315186543141357	2.27723431643079
0.315586526064125	2.27700249981535
0.315986508986893	2.2770062163483
0.316386491909661	2.2772543824737
0.31678647483243	2.27775480334708
0.317186457755198	2.27851375023362
0.317586440677966	2.27953526375397
0.317986423600734	2.28082053134733
0.318386406523503	2.28236754648588
0.318786389446271	2.28417122605421
0.319186372369039	2.2862240025726
0.319586355291807	2.28851657667537
0.319986338214575	2.29103876204335
0.320386321137344	2.293780186887
0.320786304060112	2.29673057296786
0.32118628698288	2.29987943597108
0.321586269905648	2.3032157903523
0.321986252828417	2.30672809988031
0.322386235751185	2.31040431930886
0.322786218673953	2.31423217330219
0.323186201596721	2.31819984385305
0.323586184519489	2.32229645296731
0.323986167442258	2.32651203335422
0.324386150365026	2.33083711602934
0.324786133287794	2.33526203188076
0.325186116210562	2.33977609269287
0.32558609913333	2.34436737769385
0.325986082056099	2.34902317367972
0.326386064978867	2.35373064326718
0.326786047901635	2.35847761155604
0.327186030824403	2.36325330918236
0.327586013747172	2.36804854567577
0.32798599666994	2.37285535020237
0.328385979592708	2.37766649290954
0.328785962515476	2.38247527326506
0.329185945438244	2.387275777179
0.329585928361013	2.39206360533669
0.329985911283781	2.39683677668729
0.330385894206549	2.40159658849307
0.330785877129317	2.40634800826807
0.331185860052086	2.41109919616507
0.331585842974854	2.41586026705063
0.331985825897622	2.420641632659
0.33238580882039	2.42545226589322
0.332785791743158	2.43029818461596
0.333185774665927	2.43518139939594
0.333585757588695	2.44009941835346
0.333985740511463	2.44504521228761
0.334385723434231	2.45000761499534
0.334785706357	2.45497198035377
0.335185689279768	2.45992086130168
0.335585672202536	2.46483470644359
0.335985655125304	2.46969252786693
0.336385638048072	2.47447226923153
0.336785620970841	2.47915090130223
0.337185603893609	2.48370445474573
0.337585586816377	2.48810814613254
0.337985569739145	2.4923365713816
0.338385552661914	2.49636418496935
0.338785535584682	2.50016595059342
0.33918551850745	2.50371804914742
0.339585501430218	2.50699864375386
0.339985484352986	2.50998872333081
0.340385467275755	2.51267255199409
0.340785450198523	2.51503786819402
0.341185433121291	2.51707592345252
0.341585416044059	2.5187812936344
0.341985398966827	2.5201514806764
0.342385381889596	2.52118653624269
0.342785364812364	2.52188845927075
0.343185347735132	2.52226061943489
0.3435853306579	2.52230763024534
0.343985313580669	2.52203551915525
0.344385296503437	2.52145188632018
0.344785279426205	2.52056608843104
0.345185262348973	2.51938947573088
0.345585245271741	2.51793529928468
0.34598522819451	2.51621822747393
0.346385211117278	2.51425377132329
0.346785194040046	2.51205754342825
0.347185176962814	2.5096444966264
0.347585159885583	2.50702839327614
0.347985142808351	2.50422157722277
0.348385125731119	2.50123488711557
0.348785108653887	2.49807774655551
0.349185091576655	2.49475856159531
0.349585074499424	2.49128495436382
0.349985057422192	2.48766376813183
0.35038504034496	2.48390105212879
0.350785023267728	2.48000210615749
0.351185006190497	2.47597144619053
0.351584989113265	2.4718129493724
0.351984972036033	2.46753032784062
0.352384954958801	2.46312763702854
0.352784937881569	2.45860978559623
0.353184920804338	2.45398302451191
0.353584903727106	2.44925507927366
0.353984886649874	2.44443496563251
0.354384869572642	2.43953293616333
0.35478485249541	2.43456063263674
0.355184835418179	2.42953105749848
0.355584818340947	2.42445855470451
0.355984801263715	2.41935865707234
0.356384784186483	2.41424741320169
0.356784767109252	2.40914033732272
0.35718475003202	2.40405131739236
0.357584732954788	2.39899173778182
0.357984715877556	2.39397021084705
0.358384698800324	2.3889932640827
0.358784681723093	2.38406653335185
0.359184664645861	2.3791961832033
0.359584647568629	2.37439003057532
0.359984630491397	2.36965804183693
0.360384613414166	2.36501205987584
0.360784596336934	2.36046518105387
0.361184579259702	2.35603099060404
0.36158456218247	2.35172308829801
0.361984545105238	2.34755498150319
0.362384528028007	2.34354019468666
0.362784510950775	2.33969238328185
0.363184493873543	2.33602555402099
0.363584476796311	2.33255386219079
0.36398445971908	2.32929084293025
0.364384442641848	2.32624834092468
0.364784425564616	2.32343548373019
0.365184408487384	2.32085751326564
0.365584391410152	2.31851510818729
0.365984374332921	2.31640442021081
0.366384357255689	2.31451768342495
0.366784340178457	2.31284421556569
0.367184323101225	2.31137170974773
0.367584306023994	2.3100871304603
0.367984288946762	2.30897697239476
0.36838427186953	2.30802735185003
0.368784254792298	2.30722392660625
0.369184237715066	2.30655172813278
0.369584220637835	2.30599540798818
0.369984203560603	2.30553990804123
0.370384186483371	2.30517099429487
0.370784169406139	2.30487554977433
0.371184152328908	2.30464146012948
0.371584135251676	2.30445707351381
0.371984118174444	2.30431072219881
0.372384101097212	2.30419080076845
0.37278408401998	2.30408610211547
0.373184066942749	2.30398644268556
0.373584049865517	2.30388345582464
0.373984032788285	2.30377115819491
0.374384015711053	2.30364597071998
0.374783998633821	2.30350659774422
0.37518398155659	2.30335369719098
0.375583964479358	2.30318936718552
0.375983947402126	2.30301659354751
0.376383930324894	2.30283874997038
0.376783913247663	2.30265878642808
0.377183896170431	2.30247840832752
0.377583879093199	2.30229758917643
0.377983862015967	2.30211430312175
0.378383844938735	2.3019244311054
0.378783827861504	2.30172216139985
0.379183810784272	2.30150043941582
0.37958379370704	2.30125126217873
0.379983776629808	2.30096587263044
0.380383759552577	2.30063500930034
0.380783742475345	2.3002488993264
0.381183725398113	2.29979723698721
0.381583708320881	2.2992691917342
0.381983691243649	2.29865352131827
0.382383674166418	2.29793865622928
0.382783657089186	2.29711299161514
0.383183640011954	2.29616527963386
0.383583622934722	2.295085116198
0.38398360585749	2.29386341438554
0.384383588780259	2.29249270345603
0.384783571703027	2.29096704773175
0.385183554625795	2.28928177397479
0.385583537548563	2.28743331337442
0.385983520471332	2.28541931657119
0.3863835033941	2.28323908751252
0.386783486316868	2.28089458131864
0.387183469239636	2.27839168671577
0.387583452162404	2.2757413388002
0.387983435085173	2.27296019289592
0.388383418007941	2.27007053063785
0.388783400930709	2.26709940879111
0.389183383853477	2.26407737346078
0.389583366776246	2.2610366878865
0.389983349699014	2.25800927495741
0.390383332621782	2.25502490179144
0.39078331554455	2.25210992633501
0.391183298467318	2.24928651831065
0.391583281390087	2.24657256540055
0.391983264312855	2.24398221686461
0.392383247235623	2.24152692036972
0.392783230158391	2.2392165657066
0.39318321308116	2.23706056906688
0.393583196003928	2.23506850551361
0.393983178926696	2.23325041741318
0.394383161849464	2.23161694749005
0.394783144772232	2.23017949022285
0.395183127695001	2.22895022450666
0.395583110617769	2.22794201747278
0.395983093540537	2.22716815599869
0.396383076463305	2.22664189307484
0.396783059386074	2.22637545322543
0.397183042308842	2.22637899952023
0.39758302523161	2.2266600770531
0.397983008154378	2.22722349660681
0.398382991077146	2.22807155425558
0.398782973999915	2.22920470538333
0.399182956922683	2.23062223360212
0.399582939845451	2.23232245133054
0.399982922768219	2.2343025093287
0.400382905690988	2.23655807236624
0.400782888613756	2.23908305731267
0.401182871536524	2.24186990558809
0.401582854459292	2.24491049417919
0.40198283738206	2.24819708813061
0.402382820304829	2.25172276761786
0.402782803227597	2.25548115905574
0.403182786150365	2.2594651609623
0.403582769073133	2.26366478446983
0.403982751995901	2.26806503941894
0.40438273491867	2.27264467985253
0.404782717841438	2.27737624296138
0.405182700764206	2.2822275178437
0.405582683686974	2.2871642109128
0.405982666609743	2.29215283915382
0.406382649532511	2.2971631117489
0.406782632455279	2.30216945262605
0.407182615378047	2.30715127690254
0.407582598300815	2.31209226907386
0.407982581223584	2.3169793734438
0.408382564146352	2.32180182656217
0.40878254706912	2.32655050860641
0.409182529991888	2.33121792479941
0.409582512914657	2.33579853428358
0.409982495837425	2.34028893867532
0.410382478760193	2.34468806559729
0.410782461682961	2.34899711707904
0.411182444605729	2.35321913461374
0.411582427528498	2.35735847203985
0.411982410451266	2.36142057596211
0.412382393374034	2.36541190218683
0.412782376296802	2.36933992035079
0.413182359219571	2.3732130843824
0.413582342142339	2.3770406587456
0.413982325065107	2.3808323223387
0.414382307987875	2.38459761989694
0.414782290910643	2.38834519926102
0.415182273833412	2.39208196308084
0.41558225675618	2.39581247117493
0.415982239678948	2.39953877301393
0.416382222601716	2.40326070770271
0.416782205524484	2.40697656243974
0.417182188447253	2.41068393545365
0.417582171370021	2.41438061294477
0.417982154292789	2.41806520024383
0.418382137215557	2.42173733566004
0.418782120138326	2.42539759724141
0.419182103061094	2.4290473351982
0.419582085983862	2.43268868238857
0.41998206890663	2.43632457958948
0.420382051829398	2.4399587945157
0.420782034752167	2.44359584497576
0.421182017674935	2.44724070606732
0.421582000597703	2.45089803682387
0.421981983520471	2.45457106658604
0.42238196644324	2.45826032607455
0.422781949366008	2.46196244513122
0.423181932288776	2.46566936402262
0.423581915211544	2.46936797679074
0.423981898134312	2.47304027967049
0.424381881057081	2.47666405193492
0.424781863979849	2.48021408388388
0.425181846902617	2.48366363411619
0.425581829825385	2.4869858743527
0.425981812748153	2.49015510355084
0.426381795670922	2.49314748591111
0.42678177859369	2.49594127617279
0.427181761516458	2.49851657857295
0.427581744439226	2.50085469055319
0.427981727361995	2.50293748454904
0.428381710284763	2.50474688493602
0.428781693207531	2.50626447364503
0.429181676130299	2.50747114661001
0.429581659053067	2.50834702212132
0.429981641975836	2.50887138720711
0.430381624898604	2.50902276317335
0.430781607821372	2.50877923125688
0.43118159074414	2.50811895828063
0.431581573666909	2.50702070024684
0.431981556589677	2.50546440853908
0.432381539512445	2.50343173249313
0.432781522435213	2.50090617202973
0.433181505357981	2.49787298339651
0.43358148828075	2.49431918797559
0.433981471203518	2.49023336609877
0.434381454126286	2.48560555584616
0.434781437049054	2.4804273654182
0.435181419971823	2.47469227098694
0.435581402894591	2.46839582866711
0.435981385817359	2.4615358129951
0.436381368740127	2.45411188968841
0.436781351662895	2.44612496053793
0.437181334585664	2.43757650977644
0.437581317508432	2.42846803731387
0.4379813004312	2.41880062653967
0.438381283353968	2.40857518469497
0.438781266276737	2.39779328221353
0.439181249199505	2.38645827351683
0.439581232122273	2.37457635001102
0.439981215045041	2.36215747278622
0.440381197967809	2.34921581105256
0.440781180890578	2.33576991691205
0.441181163813346	2.32184278533347
0.441581146736114	2.30746201793042
0.441981129658882	2.29266002176818
0.442381112581651	2.27747419500717
0.442781095504419	2.26194682819156
0.443181078427187	2.24612439972584
0.443581061349955	2.23005631857174
0.443981044272723	2.21379353811399
0.444381027195492	2.19738721193346
0.44478101011826	2.18088776508508
0.445180993041028	2.1643448252103
0.445580975963796	2.14780786424752
0.445980958886564	2.1313269297395
0.446380941809333	2.11495304604973
0.446780924732101	2.09873800595066
0.447180907654869	2.08273349884229
0.447580890577637	2.0669899563995
0.447980873500406	2.05155563673099
0.448380856423174	2.0364762684515
0.448780839345942	2.02179537497563
0.44918082226871	2.00755484113429
0.449580805191478	1.99379535275636
0.449980788114247	1.98055632113589
0.450380771037015	1.96787512202907
0.450780753959783	1.95578549176906
0.451180736882551	1.94431588720446
0.45158071980532	1.93348825299509
0.451980702728088	1.92331751081337
0.452380685650856	1.91381196911535
0.452780668573624	1.90497458127386
0.453180651496392	1.89680422988438
0.453580634419161	1.88929709935209
0.453980617341929	1.88244774120315
0.454380600264697	1.87624956314961
0.454780583187465	1.87069466875487
0.455180566110233	1.86577373063382
0.455580549033002	1.8614757217628
0.45598053195577	1.85778760771313
0.456380514878538	1.85469420958668
0.456780497801306	1.85217854678776
0.457180480724075	1.8502223820085
0.457580463646843	1.84880697480353
0.457980446569611	1.84791410622912
0.458380429492379	1.84752740973967
0.458780412415147	1.84763352355251
0.459180395337916	1.84822281305557
0.459580378260684	1.8492893541889
0.459980361183452	1.85083013853176
0.46038034410622	1.85284361774835
0.460780327028989	1.85532819380658
0.461180309951757	1.85828080760843
0.461580292874525	1.86169594709223
0.461980275797293	1.86556550474687
0.462380258720061	1.86987940968618
0.46278024164283	1.87462649451494
0.463180224565598	1.87979538396876
0.463580207488366	1.88537521330339
0.463980190411134	1.89135597172725
0.464380173333903	1.89772833796044
0.464780156256671	1.90448300657221
0.465180139179439	1.9116098774031
0.465580122102207	1.91909739782281
0.465980105024975	1.92693205612619
0.466380087947744	1.93509818787362
0.466780070870512	1.94357825806622
0.46718005379328	1.95235341918188
0.467580036716048	1.96140419383668
0.467980019638817	1.97071109578554
0.468380002561585	1.98025511049646
0.468779985484353	1.99001798047775
0.469179968407121	1.99998249929518
0.469579951329889	2.01013272501398
0.469979934252658	2.02045407895609
0.470379917175426	2.03093321989572
0.470779900098194	2.0415578436817
0.471179883020962	2.05231648988905
0.47157986594373	2.06319811544327
0.471979848866499	2.07419156166804
0.472379831789267	2.08528546114761
0.472779814712035	2.09646837811968
0.473179797634803	2.10772886774031
0.473579780557572	2.11905583891066
0.47397976348034	2.13043914671511
0.474379746403108	2.14186973543132
0.474779729325876	2.15333959656142
0.475179712248644	2.16484158868669
0.475579695171413	2.17636888090577
0.475979678094181	2.18791433477555
0.476379661016949	2.19947028188883
0.476779643939717	2.2110284236467
0.477179626862486	2.22257986209246
0.477579609785254	2.23411540502762
0.477979592708022	2.24562580123544
0.47837957563079	2.25710162460521
0.478779558553558	2.26853310224904
0.479179541476327	2.27991020148411
0.479579524399095	2.2912227491342
0.479979507321863	2.30246056665138
0.480379490244631	2.313613760865
0.480779473167399	2.32467302566515
0.481179456090168	2.33562955059691
0.481579439012936	2.34647480624958
0.481979421935704	2.35720041506289
0.482379404858472	2.36779801648638
0.482779387781241	2.37825913356995
0.483179370704009	2.3885752849185
0.483579353626777	2.39873781573985
0.483979336549545	2.40873728166291
0.484379319472313	2.41856265329207
0.484779302395082	2.42820037895635
0.48517928531785	2.4376333477033
0.485579268240618	2.4468404856808
0.485979251163386	2.45579714108964
0.486379234086155	2.46447574796135
0.486779217008923	2.47284653940607
0.487179199931691	2.48087846262939
0.487579182854459	2.48854003664331
0.487979165777227	2.4958000528353
0.488379148699996	2.50262848703257
0.488779131622764	2.50899777370651
0.489179114545532	2.51488396729814
0.4895790974683	2.52026775263369
0.489979080391069	2.5251351190191
0.490379063313837	2.52947729479556
0.490779046236605	2.53328999417677
0.491179029159373	2.53657240213264
0.491579012082141	2.53932586923386
0.49197899500491	2.5415526663598
0.492378977927678	2.54325537855024
0.492778960850446	2.54443708104866
0.493178943773214	2.54510178330503
0.493578926695983	2.54525502135649
0.493978909618751	2.54490440741035
0.494378892541519	2.5440600410562
0.494778875464287	2.54273486895322
0.495178858387055	2.54094503175263
0.495578841309824	2.53870997556882
0.495978824232592	2.53605234754127
0.49637880715536	2.53299769593933
0.496778790078128	2.52957375117354
0.497178773000897	2.52580912975584
0.497578755923665	2.52173177897328
0.497978738846433	2.517367674286
0.498378721769201	2.51273988302003
0.498778704691969	2.50786805793417
0.499178687614738	2.50276867625513
0.499578670537506	2.49745568721256
0.499978653460274	2.49194113477522
0.500378636383042	2.48623566232513
0.50077861930581	2.48034863173993
0.501178602228579	2.47428795735147
0.501578585151347	2.4680602590776
0.501978568074115	2.4616715246271
0.502378550996883	2.45512791587915
0.502778533919652	2.44843675057742
0.50317851684242	2.44160744837624
0.503578499765188	2.43465195037909
0.503978482687956	2.42758445478158
0.504378465610724	2.42042083551464
0.504778448533493	2.41317783896289
0.505178431456261	2.40587252500211
0.505578414379029	2.39852230565039
0.505978397301797	2.39114539416772
0.506378380224566	2.38376112708761
0.506778363147334	2.37639007113561
0.507178346070102	2.36905348582887
0.50757832899287	2.36177230789777
0.507978311915638	2.35456593396388
0.508378294838407	2.34745130942321
0.508778277761175	2.3404423882447
0.509178260683943	2.33355010898791
0.509578243606711	2.326782619197
0.50997822652948	2.32014549430261
0.510378209452248	2.31364153534621
0.510778192375016	2.30727039302654
0.511178175297784	2.30102821714897
0.511578158220552	2.29490767629136
0.511978141143321	2.28889854491095
0.512378124066089	2.28298882414391
0.512778106988857	2.27716599293261
0.513178089911625	2.27141818266457
0.513578072834393	2.26573477757444
0.513978055757162	2.26010640151368
0.51437803867993	2.25452446231541
0.514778021602698	2.24898061922091
0.515178004525466	2.2434663917458
0.515577987448235	2.23797306826177
0.515977970371003	2.23249176577295
0.516377953293771	2.22701355647237
0.516777936216539	2.22152943237051
0.517177919139308	2.21602996055185
0.517577902062076	2.21050474396831
0.517977884984844	2.20494202826032
0.518377867907612	2.19932876163324
0.51877785083038	2.19365105165954
0.519177833753149	2.18789497168949
0.519577816675917	2.18204749425035
0.519977799598685	2.17609725656129
0.520377782521453	2.17003508073018
0.520777765444221	2.16385408667474
0.52117774836699	2.15754941594661
0.521577731289758	2.15111788436522
0.521977714212526	2.14455756483373
0.522377697135294	2.13786733952446
0.522777680058063	2.13104655606148
0.523177662980831	2.12409480484604
0.523577645903599	2.11701159425183
0.523977628826367	2.10979602469088
0.524377611749135	2.10244664321617
0.524777594671904	2.09496153499228
0.525177577594672	2.08733869666652
0.52557756051744	2.07957670410311
0.525977543440208	2.07167552783549
0.526377526362977	2.06363728314113
0.526777509285745	2.05546684980779
0.527177492208513	2.04717211722079
0.527577475131281	2.03876370775692
0.527977458054049	2.03025451896462
0.528377440976818	2.0216591464294
0.528777423899586	2.01299335617784
0.529177406822354	2.00427370758228
0.529577389745122	1.99551749314414
0.52997737266789	1.98674272294248
0.530377355590659	1.97796817311557
0.530777338513427	1.96921346803677
0.531177321436195	1.96049906610597
0.531577304358963	1.95184607385672
0.531977287281732	1.9432761727916
0.5323772702045	1.93481142160545
0.532777253127268	1.92647396076246
0.533177236050036	1.91828538699218
0.533577218972805	1.91026598291998
0.533977201895573	1.90243377654157
0.534377184818341	1.89480371539522
0.534777167741109	1.88738708398768
0.535177150663877	1.88019152079661
0.535577133586645	1.87322173504194
0.535977116509414	1.86648079746409
0.536377099432182	1.85997163044226
0.53677708235495	1.85369832224555
0.537177065277718	1.84766707930655
0.537577048200487	1.8418867754103
0.537977031123255	1.83636884664103
0.538377014046023	1.83112673966035
0.538776996968791	1.82617517659071
0.53917697989156	1.82152937670127
0.539576962814328	1.81720437417563
0.539976945737096	1.81321446176613
0.540376928659864	1.80957267253135
0.540776911582632	1.80629035247021
0.541176894505401	1.80337694148293
0.541576877428169	1.80083978744421
0.541976860350937	1.79868413403501
0.542376843273705	1.79691369114801
0.542776826196473	1.79553120498037
0.543176809119242	1.79453904059243
0.54357679204201	1.79393982660059
0.543976774964778	1.79373692201509
0.544376757887546	1.79393423247576
0.544776740810315	1.79453604623589
0.545176723733083	1.79554677159699
0.545576706655851	1.79697018415784
0.545976689578619	1.79880868702582
0.546376672501387	1.8010628309051
0.546776655424156	1.80373079144878
0.547176638346924	1.80680852005221
0.547576621269692	1.81029053741985
0.54797660419246	1.81417082989138
0.548376587115229	1.81844374845635
0.548776570037997	1.82310517107273
0.549176552960765	1.82815294761285
0.549576535883533	1.83358644556677
0.549976518806301	1.83940553563578
0.55037650172907	1.84560902328689
0.550776484651838	1.85219269929531
0.551176467574606	1.85914790038234
0.551576450497374	1.86646095202628
0.551976433420143	1.87411350084444
0.552376416342911	1.88208393671307
0.552776399265679	1.8903494307347
0.553176382188447	1.89888783096341
0.553576365111215	1.90767927533976
0.553976348033984	1.91670701665045
0.554376330956752	1.92595731491834
0.55477631387952	1.93541859496104
0.555176296802288	1.94508027889868
0.555576279725057	1.9549315992841
0.555976262647825	1.96496083873397
0.556376245570593	1.97515507955425
0.556776228493361	1.98550023019832
0.557176211416129	1.9959812935388
0.557576194338898	2.00658273527207
0.557976177261666	2.01728873743861
0.558376160184434	2.02808347478839
0.558776143107202	2.03895162454856
0.559176126029971	2.04987886924449
0.559576108952739	2.06085234721933
0.559976091875507	2.07186132714037
0.560376074798275	2.08289764963331
0.560776057721043	2.09395579941809
0.561176040643812	2.10503256785074
0.56157602356658	2.11612606860453
0.561976006489348	2.12723418316112
0.562375989412116	2.1383530594223
0.562775972334884	2.1494759036215
0.563175955257653	2.16059236339719
0.563575938180421	2.17168893524497
0.563975921103189	2.18275012551565
0.564375904025957	2.19375969606003
0.564775886948726	2.20470192757086
0.565175869871494	2.21556233242862
0.565575852794262	2.22632755913723
0.56597583571703	2.23698496564388
0.566375818639798	2.2475222330002
0.566775801562567	2.25792685607356
0.567175784485335	2.26818607949298
0.567575767408103	2.27828736069697
0.567975750330871	2.2882188209473
0.56837573325364	2.29796976064605
0.568775716176408	2.30753121478059
0.569175699099176	2.31689623288778
0.569575682021944	2.32605994194892
0.569975664944712	2.3350196010805
0.570375647867481	2.34377430064855
0.570775630790249	2.35232439559372
0.571175613713017	2.3606708723568
0.571575596635785	2.36881460056973
0.571975579558553	2.37675553596437
0.572375562481322	2.3844922177453
0.57277554540409	2.39202165369879
0.573175528326858	2.39933944283856
0.573575511249626	2.40644001542134
0.573975494172395	2.41331694132997
0.574375477095163	2.41996324083818
0.574775460017931	2.42637162252758
0.575175442940699	2.43253449635483
0.575575425863468	2.43844398113777
0.575975408786236	2.44409199653273
0.576375391709004	2.44947041489539
0.576775374631772	2.45457158229427
0.57717535755454	2.45938898988203
0.577575340477309	2.46391776722363
0.577975323400077	2.46815497808347
0.578375306322845	2.47209982653067
0.578775289245613	2.4757532265561
0.579175272168381	2.47911698864152
0.57957525509115	2.48219314973616
0.579975238013918	2.48498338473926
0.580375220936686	2.48748823746782
0.580775203859454	2.48970669833813
0.581175186782223	2.49163610429989
0.581575169704991	2.49327207717231
0.581975152627759	2.49460855029216
0.582375135550527	2.49563817086713
0.582775118473295	2.49635258570166
0.583175101396064	2.4967429274279
0.583575084318832	2.49680060559444
0.5839750672416	2.49651823128631
0.584375050164368	2.49589041653028
0.584775033087137	2.49491466157656
0.585175016009905	2.49359192373623
0.585574998932673	2.49192662567064
0.585974981855441	2.48992626935478
0.586374964778209	2.48760093627646
0.586774947700978	2.48496255277455
0.587174930623746	2.48202434053034
0.587574913546514	2.47880031517898
0.587974896469282	2.47530479879245
0.58837487939205	2.47155194483191
0.588774862314819	2.46755533387102
0.589174845237587	2.4633272776033
0.589574828160355	2.45887813769887
0.589974811083123	2.45421592685551
0.590374794005892	2.44934632017931
0.59077477692866	2.44427299759539
0.591174759851428	2.43899843497057
0.591574742774196	2.43352497111002
0.591974725696965	2.42785598218648
0.592374708619733	2.42199680046757
0.592774691542501	2.41595534782424
0.593174674465269	2.40974231279778
0.593574657388037	2.40337102327473
0.593974640310805	2.39685712213173
0.594374623233574	2.39021797337464
0.594774606156342	2.3834719279131
0.59517458907911	2.37663780150971
0.595574572001878	2.36973464451391
0.595974554924647	2.36278151720767
0.596374537847415	2.35579727764681
0.596774520770183	2.34880036257079
0.597174503692951	2.34180848622196
0.59757448661572	2.3348383768471
0.597974469538488	2.32790581670978
0.598374452461256	2.32102569698522
0.598774435384024	2.31421231823563
0.599174418306792	2.3074799770936
0.599574401229561	2.30084360622557
0.599974384152329	2.29431927051131
0.600374367075097	2.28792469886302
0.600774349997865	2.28167943987426
0.601174332920633	2.27560472926806
0.601574315843402	2.2697230508656
0.60197429876617	2.26405737918232
0.602374281688938	2.25863029088904
0.602774264611706	2.25346331459725
0.603174247534475	2.24857642227499
0.603574230457243	2.24398775426014
0.603974213380011	2.23971367206615
0.604374196302779	2.23576890950239
0.604774179225547	2.23216661314072
0.605174162148316	2.22891851829778
0.605574145071084	2.2260351288077
0.605974127993852	2.22352569182746
0.60637411091662	2.22139828657934
0.606774093839389	2.21966017321763
0.607174076762157	2.21831797998349
0.607574059684925	2.21737776171278
0.607974042607693	2.21684497753921
0.608374025530461	2.21672405328037
0.60877400845323	2.21701738950706
0.609173991375998	2.2177243233852
0.609573974298766	2.218840099324
0.609973957221534	2.22035495309927
0.610373940144303	2.22225354908829
0.610773923067071	2.22451506338974
0.611173905989839	2.22711346846856
0.611573888912607	2.23001824074555
0.611973871835375	2.23319541030844
0.612373854758144	2.2366087371378
0.612773837680912	2.24022054509099
0.61317382060368	2.24399247599917
0.613573803526448	2.24788582486375
0.613973786449217	2.25186162872178
0.614373769371985	2.25588060472913
0.614773752294753	2.25990335391745
0.615173735217521	2.26389068378219
0.615573718140289	2.26780433976648
0.615973701063058	2.27160800941531
0.616373683985826	2.27526852754585
0.616773666908594	2.27875694217208
0.617173649831362	2.28204921918505
0.617573632754131	2.28512632966678
0.617973615676899	2.28797390144895
0.618373598599667	2.29058164392855
0.618773581522435	2.29294262669682
0.619173564445203	2.29505254982906
0.619573547367972	2.29690913210089
0.61997353029074	2.29851169019388
0.620373513213508	2.29986078115149
0.620773496136276	2.30095777620314
0.621173479059044	2.30180435136945
0.621573461981813	2.30240222093934
0.621973444904581	2.30275291457441
0.622373427827349	2.30285769094792
0.622773410750117	2.30271761046053
0.623173393672886	2.30233392179422
0.623573376595654	2.30170842814039
0.623973359518422	2.30084402788742
0.62437334244119	2.29974530153254
0.624773325363958	2.29841914238346
0.625173308286727	2.2968754669305
0.625573291209495	2.29512798242379
0.625973274132263	2.29319439490519
0.626373257055031	2.29109626880137
0.6267732399778	2.28885832193114
0.627173222900568	2.2865071289084
0.627573205823336	2.28406935567683
0.627973188746104	2.28156998596911
0.628373171668872	2.27903056025742
0.628773154591641	2.27646798239013
0.629173137514409	2.27389414337292
0.629573120437177	2.27131606929533
0.629973103359945	2.26873630299598
0.630373086282713	2.26615353578875
0.630773069205482	2.26356329285617
0.63117305212825	2.26095859432957
0.631573035051018	2.25833060002814
0.631973017973786	2.25566940388022
0.632373000896555	2.25296478876567
0.632772983819323	2.25020685041884
0.633172966742091	2.24738652699219
0.633572949664859	2.24449606289028
0.633972932587628	2.24152933828949
0.634372915510396	2.23848205480374
0.634772898433164	2.23535188463236
0.635172881355932	2.2321382135247
0.6355728642787	2.22884155898545
0.635972847201469	2.225463210482
0.636372830124237	2.22200485358257
0.636772813047005	2.21846806464218
0.637172795969773	2.21485422542031
0.637572778892541	2.2111649688061
0.63797276181531	2.2074026285398
0.638372744738078	2.20357091013323
0.638772727660846	2.19967567974146
0.639172710583614	2.19572506683465
0.639572693506383	2.19172876228076
0.639972676429151	2.18769697999685
0.640372659351919	2.18363913989696
0.640772642274687	2.17956277855251
0.641172625197455	2.1754731598809
0.641572608120224	2.17137346205886
0.641972591042992	2.16726533549884
0.64237257396576	2.16315019751584
0.642772556888528	2.15903065029133
0.643172539811297	2.15491158136094
0.643572522734065	2.15080106221482
0.643972505656833	2.14671099953979
0.644372488579601	2.14265704809582
0.644772471502369	2.13865821503669
0.645172454425138	2.13473625002598
0.645572437347906	2.13091473114863
0.645972420270674	2.12721794271015
0.646372403193442	2.12366988637341
0.64677238611621	2.12029314931792
0.647172369038979	2.11710815836364
0.647572351961747	2.1141329625917
0.647972334884515	2.1113833856071
0.648372317807283	2.1088732003167
0.648772300730052	2.10661449311695
0.64917228365282	2.10461799792523
0.649572266575588	2.10289309509211
0.649972249498356	2.10144751129468
0.650372232421125	2.10028693355129
0.650772215343893	2.09941459331691
0.651172198266661	2.09883079728338
0.651572181189429	2.09853267877491
0.651972164112197	2.09851426615019
0.652372147034966	2.09876687350328
0.652772129957734	2.09927981087676
0.653172112880502	2.10004135536031
0.65357209580327	2.10103993972272
0.653972078726038	2.10226537437835
0.654372061648807	2.10370986840164
0.654772044571575	2.10536851311235
0.655172027494343	2.1072389961968
0.655572010417111	2.10932069130787
0.65597199333988	2.11161345402462
0.656371976262648	2.11411633977162
0.656771959185416	2.11682681937116
0.657171942108184	2.11974092972176
0.657571925030952	2.1228542816263
0.657971907953721	2.12616320282397
0.658371890876489	2.12966578411466
0.658771873799257	2.13336234549433
0.659171856722025	2.13725523091225
0.659571839644794	2.1413480951899
0.659971822567562	2.14564510075525
0.66037180549033	2.15015006468889
0.660771788413098	2.15486591808105
0.661171771335866	2.15979444594376
0.661571754258635	2.16493605989547
0.661971737181403	2.17028952168468
0.662371720104171	2.17585182182389
0.662771703026939	2.1816182675096
0.663171685949707	2.18758285529139
0.663571668872476	2.19373907796018
0.663971651795244	2.20008094530176
0.664371634718012	2.20660423673187
0.66477161764078	2.21330776463593
0.665171600563549	2.22019403633478
0.665571583486317	2.22726918328797
0.665971566409085	2.23454235889505
0.666371549331853	2.24202448691232
0.666771532254621	2.24972661039947
0.66717151517739	2.25765828641182
0.667571498100158	2.26582626277811
0.667971481022926	2.27423354451702
0.668371463945694	2.28287927890405
0.668771446868463	2.29175919593994
0.669171429791231	2.30086616403285
0.669571412713999	2.31019091287048
0.669971395636767	2.31972305341834
0.670371378559535	2.32945194957475
0.670771361482304	2.33936730045165
0.671171344405072	2.34945977948022
0.67157132732784	2.35972154366342
0.671971310250608	2.37014650928046
0.672371293173377	2.38073036031425
0.672771276096145	2.39147019588741
0.673171259018913	2.40236401535154
0.673571241941681	2.41341018235382
0.673971224864449	2.42460680107106
0.674371207787218	2.43595107764128
0.674771190709986	2.44743861450763
0.675171173632754	2.45906277087609
0.675571156555522	2.47081412534095
0.675971139478291	2.48268018208084
0.676371122401059	2.49464508657616
0.676771105323827	2.50668962159333
0.677171088246595	2.51879155315094
0.677571071169363	2.53092612000248
0.677971054092132	2.54306635250249
0.6783710370149	2.55518348318361
0.678771019937668	2.56724745274053
0.679171002860436	2.57922735701598
0.679570985783205	2.59109183603772
0.679970968705973	2.60280962107723
0.680370951628741	2.61435009691725
0.680770934551509	2.62568414318858
0.681170917474277	2.63678509502588
0.681570900397046	2.64762953451885
0.681970883319814	2.65819769176493
0.682370866242582	2.66847360913854
0.68277084916535	2.67844489260343
0.683170832088118	2.68810183644987
0.683570815010887	2.69743621045475
0.683970797933655	2.70644009482902
0.684370780856423	2.71510494631436
0.684770763779191	2.72342103979447
0.68517074670196	2.73137726439753
0.685570729624728	2.73896123100865
0.685970712547496	2.74615946842242
0.686370695470264	2.75295770008254
0.686770678393032	2.75934101170833
0.687170661315801	2.7652940060898
0.687570644238569	2.7708012629401
0.687970627161337	2.77584806041251
0.688370610084105	2.78042113153383
0.688770593006873	2.78450938401705
0.689170575929642	2.78810457654032
0.68957055885241	2.79120154743882
0.689970541775178	2.79379783956263
0.690370524697946	2.79589292077019
0.690770507620715	2.79748701417205
0.691170490543483	2.79857993549965
0.691570473466251	2.79917044617934
0.691970456389019	2.79925612725284
0.692370439311788	2.798833561911
0.692770422234556	2.7978990243254
0.693170405157324	2.7964493273372
0.693570388080092	2.79448242928182
0.69397037100286	2.79199787970498
0.694370353925629	2.78899711725414
0.694770336848397	2.78548353362592
0.695170319771165	2.78146260804513
0.695570302693933	2.77694212643349
0.695970285616701	2.7719323893001
0.69637026853947	2.76644625775879
0.696770251462238	2.76049889151504
0.697170234385006	2.75410712094796
0.697570217307774	2.7472887707126
0.697970200230543	2.74006200600612
0.698370183153311	2.73244485874026
0.698770166076079	2.72445520432251
0.699170148998847	2.71611092164154
0.699570131921615	2.70742979104513
0.699970114844384	2.69842919729614
0.700370097767152	2.68912589067777
0.70077008068992	2.67953562947544
0.701170063612688	2.66967320714706
0.701570046535457	2.65955306514289
0.701970029458225	2.64919009751565
0.702370012380993	2.63860030755805
0.702769995303761	2.62780154035576
0.703169978226529	2.6168137616295
0.703569961149298	2.6056588082694
0.703969944072066	2.59436014013124
0.704369926994834	2.58294315859686
0.704769909917602	2.57143548263337
0.70516989284037	2.55986741356644
0.705569875763139	2.54827234822664
0.705969858685907	2.53668690773215
0.706369841608675	2.5251503321756
0.706769824531443	2.51370363525346
0.707169807454212	2.50238822166317
0.70756979037698	2.49124443517828
0.707969773299748	2.48031031165046
0.708369756222516	2.46962075444967
0.708769739145285	2.45920694463915
0.709169722068053	2.44909637006133
0.709569704990821	2.43931332346645
0.709969687913589	2.42987966141723
0.710369670836357	2.42081550213041
0.710769653759126	2.41213986931005
0.711169636681894	2.40387101628129
0.711569619604662	2.39602658679992
0.71196960252743	2.38862373609532
0.712369585450198	2.38167914016052
0.712769568372967	2.37520905091483
0.713169551295735	2.36922945647473
0.713569534218503	2.36375614918529
0.713969517141271	2.3588044459497
0.71436950006404	2.35438858252961
0.714769482986808	2.35052088992438
0.715169465909576	2.34721098090039
0.715569448832344	2.34446490489732
0.715969431755112	2.3422844761508
0.716369414677881	2.34066674382526
0.716769397600649	2.33960363166756
0.717169380523417	2.33908186852713
0.717569363446185	2.33908320250537
0.717969346368954	2.33958469112333
0.718369329291722	2.34055926375538
0.71876931221449	2.34197666194276
0.719169295137258	2.34380447931657
0.719569278060026	2.34600914117171
0.719969260982795	2.34855704154631
0.720369243905563	2.35141572385908
0.720769226828331	2.35455480118004
0.721169209751099	2.35794667230209
0.721569192673868	2.3615668939088
0.721969175596636	2.36539394349005
0.722369158519404	2.36940876354331
0.722769141442172	2.37359434197205
0.72316912436494	2.37793510850747
0.723569107287709	2.38241630035164
0.723969090210477	2.38702349492995
0.724369073133245	2.39174214217049
0.724769056056013	2.39655696470988
0.725169038978781	2.40145134428109
0.72556902190155	2.40640707845333
0.725969004824318	2.41140458524723
0.726368987747086	2.41642347128488
0.726768970669854	2.42144348122474
0.727168953592623	2.4264456772
0.727568936515391	2.43141353387928
0.727968919438159	2.43633379101203
0.728368902360927	2.44119702849319
0.728768885283695	2.44599768944374
0.729168868206464	2.45073360148351
0.729568851129232	2.45540550338265
0.729968834052	2.46001662759732
0.730368816974768	2.46457213658529
0.730768799897537	2.46907861703449
0.731168782820305	2.47354393480363
0.731568765743073	2.47797706454485
0.731968748665841	2.48238807712851
0.732368731588609	2.48678830856352
0.732768714511378	2.49119052536796
0.733168697434146	2.49560865783676
0.733568680356914	2.5000571541824
0.733968663279682	2.50454996180273
0.734368646202451	2.50909924272267
0.734768629125219	2.51371387170503
0.735168612047987	2.51839800716867
0.735568594970755	2.52314997316758
0.735968577893523	2.52796186566503
0.736368560816292	2.53281970225251
0.73676854373906	2.5377041676974
0.737168526661828	2.54259170381891
0.737568509584596	2.54745584266953
0.737968492507365	2.55226845763986
0.738368475430133	2.55700103018843
0.738768458352901	2.56162560999369
0.739168441275669	2.56611560365417
0.739568424198437	2.57044644345892
0.739968407121206	2.57459605502642
0.740368390043974	2.57854493327779
0.740768372966742	2.58227607202222
0.74116835588951	2.58577467374849
0.741568338812278	2.589027685168
0.741968321735047	2.59202327423476
0.742368304657815	2.59475052566214
0.742768287580583	2.59719939424654
0.743168270503351	2.59936093792162
0.74356825342612	2.60122759974325
0.743968236348888	2.6027935956287
0.744368219271656	2.60405533820277
0.744768202194424	2.60501172145664
0.745168185117193	2.60566428388787
0.745568168039961	2.60601722433833
0.745968150962729	2.60607708225775
0.746368133885497	2.60585238951245
0.746768116808265	2.60535357809665
0.747168099731033	2.60459289998657
0.747568082653802	2.60358436876138
0.74796806557657	2.60234360246985
0.748368048499338	2.6008873494836
0.748768031422106	2.59923262288476
0.749168014344875	2.59739590177569
0.749567997267643	2.59539246080696
0.749967980190411	2.59323574003243
0.750367963113179	2.5909371282945
0.750767946035948	2.58850634788542
0.751167928958716	2.585952138521
0.751567911881484	2.58328288827298
0.751967894804252	2.58050718051588
0.75236787772702	2.57763392430114
0.752767860649789	2.57467191878181
0.753167843572557	2.5716292772922
0.753567826495325	2.56851304988466
0.753967809418093	2.56532889416166
0.754367792340861	2.56208102126641
0.75476777526363	2.55877252104345
0.755167758186398	2.55540568340929
0.755567741109166	2.55198206341235
0.755967724031934	2.54850268278105
0.756367706954703	2.54496808647179
0.756767689877471	2.54137826821295
0.757167672800239	2.53773266653498
0.757567655723007	2.53403041984448
0.757967638645775	2.5302707812136
0.758367621568544	2.52645373763832
0.758767604491312	2.52258049157137
0.75916758741408	2.51865356041365
0.759567570336848	2.51467666663332
0.759967553259617	2.51065455281781
0.760367536182385	2.50659275071902
0.760767519105153	2.50249759575365
0.761167502027921	2.49837656129527
0.761567484950689	2.49423851248138
0.761967467873458	2.49009351875189
0.762367450796226	2.48595215246382
0.762767433718994	2.48182412965451
0.763167416641762	2.47771651097999
0.763567399564531	2.4736322466507
0.763967382487299	2.4695693807271
0.764367365410067	2.46552105257999
0.764767348332835	2.46147657435672
0.765167331255603	2.45742342579881
0.765567314178372	2.45334911450454
0.76596729710114	2.44924271412997
0.766367280023908	2.44509617449382
0.766767262946676	2.44090500245097
0.767167245869445	2.43666820485239
0.767567228792213	2.4323881012504
0.767967211714981	2.42807015450673
0.768367194637749	2.42372253196326
0.768767177560517	2.41935561975454
0.769167160483286	2.41498173099384
0.769567143406054	2.41061473828524
0.769967126328822	2.40626978498271
0.77036710925159	2.40196317127751
0.770767092174358	2.39771205180685
0.771167075097127	2.39353388472186
0.771567058019895	2.38944568186299
0.771967040942663	2.38546308467753
0.772367023865431	2.3815995326811
0.7727670067882	2.37786586470515
0.773166989710968	2.37427046606965
0.773566972633736	2.37082007705118
0.773966955556504	2.36752089084752
0.774366938479272	2.36437960481142
0.774766921402041	2.36140421703952
0.775166904324809	2.35860425637975
0.775566887247577	2.35599016933103
0.775966870170345	2.35357236142631
0.776366853093114	2.35136022444363
0.776766836015882	2.34936114504042
0.77716681893865	2.34757981657628
0.777566801861418	2.34601810817109
0.777966784784186	2.34467517235896
0.778366767706955	2.34354753588328
0.778766750629723	2.34262937186469
0.779166733552491	2.34191275205346
0.779566716475259	2.34138784368799
0.779966699398028	2.34104332978772
0.780366682320796	2.34086688598255
0.780766665243564	2.34084562961847
0.781166648166332	2.34096671002551
0.7815666310891	2.34121790411401
0.781966614011869	2.34158802169414
0.782366596934637	2.34206717747088
0.782766579857405	2.34264710678111
0.783166562780173	2.34332129154439
0.783566545702941	2.34408486420029
0.78396652862571	2.34493430981022
0.784366511548478	2.34586700409269
0.784766494471246	2.34688063373681
0.785166477394014	2.34797265865379
0.785566460316783	2.34914006127744
0.785966443239551	2.35037922901343
0.786366426162319	2.3516861408142
0.786766409085087	2.35305663151869
0.787166392007856	2.35448656365957
0.787566374930624	2.35597186895934
0.787966357853392	2.35750847441832
0.78836634077616	2.35909203485519
0.788766323698928	2.36071770713098
0.789166306621697	2.36238003942799
0.789566289544465	2.36407305091255
0.789966272467233	2.36579033971467
0.790366255390001	2.36752524872805
0.790766238312769	2.36927096251821
0.791166221235538	2.37102082838573
0.791566204158306	2.37276892878734
0.791966187081074	2.37451083837584
0.792366170003842	2.37624451565329
0.792766152926611	2.37797129967303
0.793166135849379	2.37969652748472
0.793566118772147	2.38142947734664
0.793966101694915	2.38318288060766
0.794366084617683	2.38497179945659
0.794766067540452	2.3868121254187
0.79516605046322	2.38871917653805
0.795566033385988	2.39070635594741
0.795966016308756	2.39278388746436
0.796365999231525	2.39495825999061
0.796765982154293	2.39723210664069
0.797165965077061	2.39960419602884
0.797565947999829	2.402069836197
0.797965930922597	2.40462190669493
0.798365913845366	2.40725181652989
0.798765896768134	2.40995042588905
0.799165879690902	2.41270884189955
0.79956586261367	2.41551879915278
0.799965845536438	2.41837260214591
0.800365828459207	2.42126293308831
0.800765811381975	2.42418229992992
0.801165794304743	2.42712250013289
0.801565777227511	2.43007445237199
0.80196576015028	2.43302818136847
0.802365743073048	2.43597285464988
0.802765725995816	2.43889714689693
0.803165708918584	2.44178966112464
0.803565691841353	2.44463922114649
0.803965674764121	2.44743499668815
0.804365657686889	2.45016655441513
0.804765640609657	2.45282390978387
0.805165623532425	2.45539775172812
0.805565606455194	2.45787986704378
0.805965589377962	2.46026371496209
0.80636557230073	2.4625453666208
0.806765555223498	2.46472455096504
0.807165538146266	2.46680526784342
0.807565521069035	2.46879576330549
0.807965503991803	2.47070784321284
0.808365486914571	2.47255561775113
0.808765469837339	2.47435381676586
0.809165452760108	2.47611603498691
0.809565435682876	2.47785331803945
0.809965418605644	2.47957332204041
0.810365401528412	2.48127997695589
0.81076538445118	2.48297378352145
0.811165367373949	2.4846525707414
0.811565350296717	2.48631225016742
0.811965333219485	2.48794758376032
0.812365316142253	2.48955273219775
0.812765299065021	2.4911214157519
0.81316528198779	2.49264684044986
0.813565264910558	2.49412143798912
0.813965247833326	2.49553633104466
0.814365230756094	2.49688077663129
0.814765213678863	2.49814205578612
0.815165196601631	2.49930562517045
0.815565179524399	2.50035554207146
0.815965162447167	2.50127538145918
0.816365145369935	2.50204937401282
0.816765128292704	2.50266330226398
0.817165111215472	2.50310522897894
0.81756509413824	2.50336589521543
0.817965077061008	2.50343846761153
0.818365059983777	2.50331782458051
0.818765042906545	2.50299950903491
0.819165025829313	2.50247865637318
0.819565008752081	2.50174923635732
0.819964991674849	2.50080359972524
0.820364974597618	2.49963232823547
0.820764957520386	2.49822430412187
0.821164940443154	2.49656700357352
0.821564923365922	2.49464697887118
0.821964906288691	2.49245050475648
0.822364889211459	2.48996420391513
0.822764872134227	2.48717575328333
0.823164855056995	2.48407467300161
0.823564837979763	2.48065291478161
0.823964820902532	2.4769051709085
0.8243648038253	2.47282890847942
0.824764786748068	2.46842397607737
0.825164769670836	2.46369180223658
0.825564752593605	2.45863490997694
0.825964735516373	2.45325685484861
0.826364718439141	2.44756252299623
0.826764701361909	2.44155896719411
0.827164684284677	2.43525628946857
0.827564667207446	2.42866813983295
0.827964650130214	2.42181183853745
0.828364633052982	2.41470773340952
0.82876461597575	2.40737760494656
0.829164598898518	2.39984294129466
0.829564581821287	2.39212363711077
0.829964564744055	2.38423701187349
0.830364547666823	2.3761977164512
0.830764530589591	2.3680185438523
0.83116451351236	2.35971158662377
0.831564496435128	2.35128923944796
0.831964479357896	2.34276501554748
0.832364462280664	2.33415366901195
0.832764445203433	2.32547073864618
0.833164428126201	2.31673191985118
0.833564411048969	2.30795232901304
0.833964393971737	2.29914593418114
0.834364376894505	2.29032562299436
0.834764359817274	2.28150359556813
0.835164342740042	2.2726917927009
0.83556432566281	2.26390228671036
0.835964308585578	2.25514759736321
0.836364291508346	2.24644067870681
0.836764274431115	2.23779470474487
0.837164257353883	2.22922263804842
0.837564240276651	2.22073668179693
0.837964223199419	2.21234775007442
0.838364206122188	2.204065166491
0.838764189044956	2.19589652048384
0.839164171967724	2.18784785886976
0.839564154890492	2.17992434337075
0.83996413781326	2.17213126697837
0.840364120736029	2.16447535991401
0.840764103658797	2.15696607680464
0.841164086581565	2.14961649237308
0.841564069504333	2.1424433841252
0.841964052427101	2.13546640478052
0.84236403534987	2.1287064743645
0.842764018272638	2.12218390409291
0.843164001195406	2.1159168809274
0.843563984118174	2.10992057520684
0.843963967040943	2.10420708906401
0.844363949963711	2.09878615640098
0.844763932886479	2.09366601169106
0.845163915809247	2.08885378267198
0.845563898732016	2.08435543420907
0.845963881654784	2.08017508084825
0.846363864577552	2.07631375228105
0.84676384750032	2.07276825072334
0.847163830423088	2.06953083239455
0.847563813345857	2.06658948555101
0.847963796268625	2.06392881158119
0.848363779191393	2.06153133961232
0.848763762114161	2.05937898605452
0.849163745036929	2.05745406732526
0.849563727959698	2.05574014347032
0.849963710882466	2.05422248767477
0.850363693805234	2.05288820741069
0.850763676728002	2.05172621761039
0.851163659650771	2.05072746722165
0.851563642573539	2.04988506306716
0.851963625496307	2.04919419495272
0.852363608419075	2.04865218477588
0.852763591341843	2.04825846961602
0.853163574264612	2.04801430712709
0.85356355718738	2.04792258804288
0.853963540110148	2.04798798838399
0.854363523032916	2.04821714101529
0.854763505955685	2.04861904627175
0.855163488878453	2.04920552762022
0.855563471801221	2.04999131589352
0.855963454723989	2.05099352533442
0.856363437646757	2.05223072683686
0.856763420569526	2.05372133370685
0.857163403492294	2.05548168099717
0.857563386415062	2.05752428519865
0.85796336933783	2.05985671507956
0.858363352260598	2.0624810967708
0.858763335183367	2.06539459853312
0.859163318106135	2.06859033984763
0.859563301028903	2.07205853535017
0.859963283951671	2.07578770754952
0.86036326687444	2.07976560103994
0.860763249797208	2.08397942537455
0.861163232719976	2.08841563481395
0.861563215642744	2.09305938828162
0.861963198565513	2.09789385168392
0.862363181488281	2.10289938358213
0.862763164411049	2.10805293110692
0.863163147333817	2.11332795204384
0.863563130256585	2.11869509643591
0.863963113179354	2.12412334392259
0.864363096102122	2.12958143122662
0.86476307902489	2.13503938370374
0.865163061947658	2.14046963335884
0.865563044870426	2.14584743417811
0.865963027793195	2.15115066225771
0.866363010715963	2.15635897569737
0.866762993638731	2.16145276210332
0.867162976561499	2.16641268836389
0.867562959484268	2.17121986834689
0.867962942407036	2.17585650555446
0.868362925329804	2.18030713464407
0.868762908252572	2.18456013141743
0.86916289117534	2.18860863763436
0.869562874098109	2.19245087136655
0.869962857020877	2.1960900397089
0.870362839943645	2.19953395093825
0.870762822866413	2.20279442262841
0.871162805789181	2.20588678719522
0.87156278871195	2.20882950424344
0.871962771634718	2.21164363189364
0.872362754557486	2.21435210347641
0.872762737480254	2.21697869184159
0.873162720403023	2.21954674131069
0.873562703325791	2.22207773809219
0.873962686248559	2.22459003233902
0.874362669171327	2.22709798459861
0.874762652094096	2.22961160364449
0.875162635016864	2.23213645381249
0.875562617939632	2.23467402189091
0.8759626008624	2.23722233043393
0.876362583785168	2.23977659461043
0.876762566707937	2.24232987892301
0.877162549630705	2.24487403270175
0.877562532553473	2.24740058412534
0.877962515476241	2.24990175335629
0.878362498399009	2.25237153546137
0.878762481321778	2.25480674784501
0.879162464244546	2.25720773898425
0.879562447167314	2.25957871489985
0.879962430090082	2.26192758533469
0.880362413012851	2.26426521745716
0.880762395935619	2.26660412048505
0.881162378858387	2.26895697709813
0.881562361781155	2.27133524317612
0.881962344703923	2.27374803950466
0.882362327626692	2.27620150487256
0.88276231054946	2.27869868236147
0.883162293472228	2.28123978446269
0.883562276394996	2.28382258559549
0.883962259317765	2.2864428965501
0.884362242240533	2.28909481104854
0.884762225163301	2.29177086668486
0.885162208086069	2.29446229657873
0.885562191008837	2.29715912168578
0.885962173931606	2.29984993750585
0.886362156854374	2.30252204610925
0.886762139777142	2.30516187548416
0.88716212269991	2.30775548641159
0.887562105622679	2.31028945996133
0.887962088545447	2.31275201868656
0.888362071468215	2.31513377712211
0.888762054390983	2.3174282748689
0.889162037313751	2.31963223667011
0.88956202023652	2.32174522381177
0.889962003159288	2.32376920062689
0.890361986082056	2.32574583526214
0.890761969004824	2.32747617145977
0.891161951927593	2.32900770214708
0.891561934850361	2.33038675834395
0.891961917773129	2.33165564272221
0.892361900695897	2.33285107247895
0.892761883618665	2.33400363226057
0.893161866541434	2.33513790939942
0.893561849464202	2.33627303665433
0.89396183238697	2.33742345502034
0.894361815309738	2.33859973478548
0.894761798232506	2.33980937509343
0.895161781155275	2.34105751617154
0.895561764078043	2.34234754155394
0.895961747000811	2.34368154572524
0.896361729923579	2.34506068428575
0.896761712846348	2.34648542051689
0.897161695769116	2.34795569630757
0.897561678691884	2.34947105452201
0.897961661614652	2.3510307399166
0.89836164453742	2.35263377715382
0.898761627460189	2.35427903131651
0.899161610382957	2.3559652676069
0.899561593305725	2.35769121301706
0.899961576228493	2.3594556078515
0.900361559151261	2.36125724698986
0.90076154207403	2.36309502011638
0.901161524996798	2.36496793371419
0.901561507919566	2.36687511447069
0.901961490842334	2.36881579459293
0.902361473765103	2.37078929141943
0.902761456687871	2.37279498205627
0.903161439610639	2.37483228567058
0.903561422533407	2.37690065114599
0.903961405456176	2.37899955301578
0.904361388378944	2.38112849282453
0.904761371301712	2.38328700759838
0.90516135422448	2.38547467774562
0.905561337147248	2.38769113293928
0.905961320070017	2.38993605123409
0.906361302992785	2.39220915640482
0.906761285915553	2.39451020732967
0.907161268838321	2.39683898270644
0.907561251761089	2.39919526442886
0.907961234683858	2.4015788196951
0.908361217606626	2.40398938143487
0.908761200529394	2.40642663452205
0.909161183452162	2.40889020274203
0.909561166374931	2.41137963313207
0.909961149297699	2.41389438845546
0.910361132220467	2.41643384894164
0.910761115143235	2.41899731591832
0.911161098066003	2.42158402699731
0.911561080988772	2.42419318462944
0.91196106391154	2.42682398682645
0.912361046834308	2.42947565723334
0.912761029757076	2.43214747251205
0.913161012679845	2.43483877359374
0.913560995602613	2.43754896240973
0.913960978525381	2.44027749465044
0.914360961448149	2.44302386951044
0.914760944370917	2.44578761803349
0.915160927293686	2.44856830034211
0.915560910216454	2.45136551155506
0.915960893139222	2.45417888985236
0.91636087606199	2.45700812526098
0.916760858984759	2.45985297071512
0.917160841907527	2.46271325204807
0.917560824830295	2.46558887521298
0.917960807753063	2.46847982989592
0.918360790675831	2.47138619214223
0.9187607735986	2.47430812462597
0.919160756521368	2.47724587184348
0.919560739444136	2.48019974916832
0.919960722366904	2.48317012727232
0.920360705289673	2.48615740875701
0.920760688212441	2.48916200263274
0.921160671135209	2.49218430113163
0.921560654057977	2.49522466072838
0.921960636980745	2.49828338754479
0.922360619903514	2.50136073198362
0.922760602826282	2.50445688918781
0.92316058574905	2.50757200144917
0.923560568671818	2.51070616339976
0.923960551594586	2.51385943245522
0.924360534517355	2.51703184068208
0.924760517440123	2.52022341132856
0.925160500362891	2.5234341805303
0.925560483285659	2.52666422254375
0.925960466208428	2.52991367391753
0.926360449131196	2.53318275427003
0.926760432053964	2.53647178021573
0.927160414976732	2.53978117007002
0.9275603978995	2.54311143722445
0.927960380822269	2.54646317461579
0.928360363745037	2.54983703287576
0.928760346667805	2.5532336936701
0.929160329590573	2.55665384173736
0.929560312513341	2.56009814154884
0.92996029543611	2.5635672212237
0.930360278358878	2.56706166729077
0.930760261281646	2.57058203247804
0.931160244204414	2.57412885055541
0.931560227127183	2.5777026542425
0.931960210049951	2.58130399278845
0.932360192972719	2.58493343648625
0.932760175895487	2.58859156064451
0.933160158818256	2.59227892053264
0.933560141741024	2.59599602250807
0.933960124663792	2.5997432953979
0.93436010758656	2.60352107648679
0.934760090509328	2.60732961469272
0.935160073432097	2.6111690801374
0.935560056354865	2.61503958216776
0.935960039277633	2.61894119444749
0.936360022200401	2.62287397698707
0.936760005123169	2.6268380012458
