0	1.2343813525803
0.000399982931512695	1.24248851985158
0.000799965863025389	1.25055320347958
0.00119994879453808	1.25857528642302
0.00159993172605078	1.26655464827704
0.00199991465756347	1.27449114132904
0.00239989758907617	1.2823845767885
0.00279988052058886	1.2902347241894
0.00319986345210156	1.29804133224939
0.00359984638361425	1.30580414473666
0.00399982931512695	1.3135229033361
0.00439981224663964	1.32119734277965
0.00479979517815234	1.32882717964193
0.00519977810966503	1.33641210387765
0.00559976104117773	1.3439517807468
0.00599974397269042	1.35144586333649
0.00639972690420311	1.35889400810886
0.00679970983571581	1.36629589026731
0.0071996927672285	1.37365120910789
0.0075996756987412	1.38095968278528
0.00799965863025389	1.38822103526714
0.00839964156176659	1.39543498157374
0.00879962449327928	1.40260121037982
0.00919960742479198	1.40971937206832
0.00959959035630467	1.41678907460967
0.00999957328781737	1.4238098861607
0.0103995562193301	1.43078133895467
0.0107995391508428	1.43770293511427
0.0111995220823555	1.44457415233169
0.0115995050138681	1.45139444917645
0.0119994879453808	1.45816327016569
0.0123994708768935	1.46488005404786
0.0127994538084062	1.47154424161427
0.0131994367399189	1.47815528445693
0.0135994196714316	1.48471265261481
0.0139994026029443	1.49121584082802
0.014399385534457	1.49766437088614
0.0147993684659697	1.50405779360292
0.0151993513974824	1.51039568998979
0.0155993343289951	1.51667767252142
0.0159993172605078	1.52290338569606
0.0163993001920205	1.52907250614078
0.0167992831235332	1.53518474143967
0.0171992660550459	1.54123982914995
0.0175992489865586	1.54723753358585
0.0179992319180713	1.55317764215742
0.018399214849584	1.5590599633177
0.0187991977810966	1.56488432760167
0.0191991807126093	1.5706505902193
0.019599163644122	1.57635863849984
0.0199991465756347	1.58200840220016
0.0203991295071474	1.58759986612386
0.0207991124386601	1.59313308471628
0.0211990953701728	1.5986081913595
0.0215990783016855	1.6040253980547
0.0219990612331982	1.60938498594751
0.0223990441647109	1.61468729048311
0.0227990270962236	1.61993268053728
0.0231990100277363	1.62512153901143
0.023598992959249	1.63025425398842
0.0239989758907617	1.63533122009862
0.0243989588222744	1.64035284472
0.0247989417537871	1.64531955851716
0.0251989246852998	1.65023182180259
0.0255989076168125	1.65509012322649
0.0259988905483252	1.65989497357342
0.0263988734798378	1.66464689564315
0.0267988564113505	1.66934640671919
0.0271988393428632	1.67399400428195
0.0275988222743759	1.6785901589667
0.0279988052058886	1.68313531136533
0.0283987881374013	1.68762986963318
0.028798771068914	1.69207421549876
0.0291987540004267	1.69646871790395
0.0295987369319394	1.7008137479077
0.0299987198634521	1.70510969377464
0.0303987027949648	1.70935697446083
0.0307986857264775	1.7135560465394
0.0311986686579902	1.71770740778591
0.0315986515895029	1.72181159773629
0.0319986345210156	1.72586919928163
0.0323986174525283	1.72988084369959
0.032798600384041	1.73384721927464
0.0331985833155537	1.73776907499879
0.0335985662470663	1.74164721423658
0.0339985491785791	1.74548247742965
0.0343985321100917	1.74927571900614
0.0347985150416044	1.75302778686228
0.0351984979731171	1.75673950685407
0.0355984809046298	1.760411677904
0.0359984638361425	1.76404508067339
0.0363984467676552	1.76764049666088
0.0367984296991679	1.77119872032062
0.0371984126306806	1.77472056064152
0.0375983955621933	1.77820682608774
0.037998378493706	1.78165828712579
0.0383983614252187	1.78507561627654
0.0387983443567314	1.78845932478525
0.0391983272882441	1.79180969023433
0.0395983102197568	1.79512668615635
0.0399982931512695	1.79840991121208
0.0403982760827822	1.80165851120858
0.0407982590142949	1.80487108101164
0.0411982419458076	1.80804555683138
0.0415982248773202	1.81117907901438
0.0419982078088329	1.81426782874492
0.0423981907403456	1.81730684461879
0.0427981736718583	1.82028982432301
0.043198156603371	1.82320890866089
0.0435981395348837	1.82605445777738
0.0439981224663964	1.8288148071676
0.0443981053979091	1.83147601166281
0.0447980883294218	1.83402158306154
0.0451980712609345	1.83643222542659
0.0455980541924472	1.83868554270726
0.0459980371239599	1.84075564136955
0.0463980200554726	1.84261236560645
0.0467980029869853	1.84421960620146
0.047197985918498	1.84404764310296
0.0475979688500107	1.84404000952193
0.0479979517815234	1.84421556513075
0.0483979347130361	1.84459104582199
0.0487979176445488	1.8451805526629
0.0491979005760614	1.84599527770526
0.0495978835075741	1.84704342875621
0.0499978664390868	1.84833082298672
0.0503978493705995	1.84986140195611
0.0507978323021122	1.85163736892439
0.0511978152336249	1.85365917495701
0.0515977981651376	1.85592544761149
0.0519977810966503	1.85843280234225
0.052397764028163	1.86117593220404
0.0527977469596757	1.86414813081284
0.0531977298911884	1.8673419936648
0.0535977128227011	1.87075010689782
0.0539976957542138	1.87436563152725
0.0543976786857265	1.87818252022945
0.0547976616172392	1.88219522637261
0.0551976445487519	1.88639814193569
0.0555976274802646	1.89078472578428
0.0559976104117773	1.89534669098876
0.0563975933432899	1.90007358074106
0.0567975762748026	1.90495284155116
0.0571975592063153	1.90997008739468
0.057597542137828	1.91510959736732
0.0579975250693407	1.92035479732632
0.0583975080008534	1.92568866483593
0.0587974909323661	1.93109397206565
0.0591974738638788	1.93655350547173
0.0595974567953915	1.94205003135299
0.0599974397269042	1.94756641687174
0.0603974226584169	1.95308558243264
0.0607974055899296	1.95859038663245
0.0611973885214423	1.96406342273336
0.061597371452955	1.96948706516502
0.0619973543844677	1.97484333891411
0.0623973373159804	1.98011414971457
0.0627973202474931	1.98528185714218
0.0631973031790058	1.99032988226126
0.0635972861105185	1.99524296709051
0.0639972690420312	2.00000746939495
0.0643972519735438	2.00461120186663
0.0647972349050565	2.00904306178546
0.0651972178365692	2.01329277483453
0.0655972007680819	2.01735101542429
0.0659971836995946	2.02120960936911
0.0663971666311073	2.02486212292315
0.06679714956262	2.02830444366382
0.0671971324941327	2.03153509374319
0.0675971154256454	2.03455530176998
0.0679970983571581	2.03736881366454
0.0683970812886708	2.03998132194657
0.0687970642201835	2.04239979461378
0.0691970471516962	2.04463194392389
0.0695970300832089	2.04668580143226
0.0699970130147216	2.04856943368765
0.0703969959462343	2.05029094470569
0.070796978877747	2.05185848712293
0.0711969618092596	2.05328024616525
0.0715969447407723	2.05456448971832
0.071996927672285	2.05571957199207
0.0723969106037977	2.0567539499258
0.0727968935353104	2.05767650725963
0.0731968764668231	2.05849696828568
0.0735968593983358	2.05922602224102
0.0739968423298485	2.05987523036056
0.0743968252613612	2.06045690944535
0.0747968081928739	2.06098358857524
0.0751967911243866	2.06146710142571
0.0755967740558993	2.06191778263226
0.075996756987412	2.06234406296507
0.0763967399189247	2.06275217724462
0.0767967228504374	2.0631462294992
0.0771967057819501	2.06352858082069
0.0775966887134628	2.06390012182842
0.0779966716449755	2.06426041344903
0.0783966545764882	2.06460787583866
0.0787966375080009	2.06493984695473
0.0791966204395135	2.06525264769337
0.0795966033710262	2.06554182418382
0.0799965863025389	2.06580242821967
0.0803965692340516	2.06602902899095
0.0807965521655643	2.06621557242429
0.081196535097077	2.06635509331855
0.0815965180285897	2.06643939842603
0.0819965009601024	2.06645884116173
0.0823964838916151	2.06640247204002
0.0827964668231278	2.06625843794406
0.0831964497546405	2.06601464489254
0.0835964326861532	2.06565935843043
0.0839964156176659	2.06518158855519
0.0843963985491786	2.06457110755967
0.0847963814806913	2.06381821923565
0.085196364412204	2.06291342995594
0.0855963473437167	2.06184747672938
0.0859963302752293	2.06061161258472
0.0863963132067421	2.05919829478127
0.0867962961382547	2.05760178520546
0.0871962790697674	2.05581839265171
0.0875962620012801	2.05384614122331
0.0879962449327928	2.05168417857256
0.0883962278643055	2.04933163691895
0.0887962107958182	2.04678661768119
0.0891961937273309	2.04404564019149
0.0895961766588436	2.04110368383281
0.0899961595903563	2.03795474417218
0.090396142521869	2.03459301767415
0.0907961254533817	2.03101403120305
0.0911961083848944	2.02721539432726
0.0915960913164071	2.02319712763032
0.0919960742479198	2.01896151547347
0.0923960571794325	2.01451223493223
0.0927960401109452	2.00985342608911
0.0931960230424579	2.00498880094942
0.0935960059739706	1.99992095238065
0.0939959889054832	1.9946510552503
0.0943959718369959	1.98917906398291
0.0947959547685086	1.98350400899749
0.0951959377000213	1.97762447772613
0.095595920631534	1.9715391552001
0.0959959035630467	1.96524713153878
0.0963958864945594	1.95874825502098
0.0967958694260721	1.95204380216093
0.0971958523575848	1.94513732680264
0.0975958352890975	1.93803534833352
0.0979958182206102	1.93074767826615
0.0983958011521229	1.92328730320907
0.0987957840836356	1.91566986463167
0.0991957670151483	1.90791289777877
0.099595749946661	1.90003511282535
0.0999957328781737	1.89205596297648
0.100395715809686	1.8839957088123
0.100795698741199	1.87587586088754
0.101195681672712	1.86771982270094
0.101595664604224	1.85955326096834
0.101995647535737	1.85140427900649
0.10239563046725	1.84330330516068
0.102795613398763	1.83528269586098
0.103195596330275	1.82737589618352
0.103595579261788	1.81961672953617
0.103995562193301	1.81203874943524
0.104395545124813	1.80467440376601
0.104795528056326	1.79755409747151
0.105195510987839	1.79070564275533
0.105595493919351	1.78415418397884
0.105995476850864	1.77792257167729
0.106395459782377	1.77203200199058
0.106795442713889	1.76650283617267
0.107195425645402	1.76135509311234
0.107595408576915	1.7566085090876
0.107995391508428	1.75228205873544
0.10839537443994	1.74839318019204
0.108795357371453	1.74495695051033
0.109195340302966	1.7419857231698
0.109595323234478	1.73948916374911
0.109995306165991	1.73747426006245
0.110395289097504	1.73594520656953
0.110795272029016	1.73490310473684
0.111195254960529	1.73434504765497
0.111595237892042	1.73426278091924
0.111995220823555	1.7346418358447
0.112395203755067	1.7354613765436
0.11279518668658	1.73669471229396
0.113195169618093	1.73831067417909
0.113595152549605	1.74027531494283
0.113995135481118	1.74255311128299
0.114395118412631	1.74510771214649
0.114795101344143	1.74790221711554
0.115195084275656	1.75089887917039
0.115595067207169	1.75405868199306
0.115995050138681	1.75734154671914
0.116395033070194	1.76070679876346
0.116795016001707	1.7641139284825
0.11719499893322	1.76752359378261
0.117594981864732	1.77089854261308
0.117994964796245	1.77420394966016
0.118394947727758	1.77740760343051
0.11879493065927	1.78047986961913
0.119194913590783	1.78339349021974
0.119594896522296	1.78612362898303
0.119994879453808	1.78864849270453
0.120394862385321	1.79095004620879
0.120794845316834	1.79301467301663
0.121194828248346	1.7948338034523
0.121594811179859	1.79640416829766
0.121994794111372	1.79772724649618
0.122394777042885	1.79880829843566
0.122794759974397	1.79965516462168
0.12319474290591	1.80027702686266
0.123594725837423	1.80068356484849
0.123994708768935	1.80088490810296
0.124394691700448	1.80089220095998
0.124794674631961	1.80071860819122
0.125194657563473	1.80038058380449
0.125594640494986	1.79989887646615
0.125994623426499	1.79929896248495
0.126394606358012	1.79861100349926
0.126794589289524	1.79786951294225
0.127194572221037	1.79711276547373
0.12759455515255	1.79638181572844
0.127994538084062	1.79571943801357
0.128394521015575	1.79516919478612
0.128794503947088	1.79477445909404
0.1291944868786	1.79457732614979
0.129594469810113	1.79461779836612
0.129994452741626	1.79493318767997
0.130394435673138	1.79555760807226
0.130794418604651	1.79652174275942
0.131194401536164	1.79785284324211
0.131594384467677	1.79957457954313
0.131994367399189	1.80170695263429
0.132394350330702	1.80426625288408
0.132794333262215	1.80726466153508
0.133194316193727	1.81070985816822
0.13359429912524	1.81460505512033
0.133994282056753	1.81894926475351
0.134394264988265	1.82373754371379
0.134794247919778	1.8289613911397
0.135194230851291	1.83460916837842
0.135594213782804	1.84066639636612
0.135994196714316	1.84711612571717
0.136394179645829	1.85393933229827
0.136794162577342	1.86111520640108
0.137194145508854	1.86862143727539
0.137594128440367	1.87643460462495
0.13799411137188	1.88453049203394
0.138394094303392	1.89288441171173
0.138794077234905	1.90147170448371
0.139194060166418	1.91026807075091
0.13959404309793	1.9192497666809
0.139994026029443	1.92839367917391
0.140394008960956	1.93767710678983
0.140793991892469	1.94707728894087
0.141193974823981	1.95657104327935
0.141593957755494	1.9661344970194
0.141993940687007	1.97574289707383
0.142393923618519	1.98537085773778
0.142793906550032	1.9949930988263
0.143193889481545	2.00458533438986
0.143593872413057	2.01412522488161
0.14399385534457	2.02359293543936
0.144393838276083	2.03297089138014
0.144793821207595	2.04224312250964
0.145193804139108	2.05139471935109
0.145593787070621	2.06041123826221
0.145993770002134	2.06927848307554
0.146393752933646	2.07798318227663
0.146793735865159	2.08651416282403
0.147193718796672	2.09486347979805
0.147593701728184	2.10302750722128
0.147993684659697	2.11100741494717
0.14839366759121	2.11880846497273
0.148793650522722	2.12643853774721
0.149193633454235	2.13390627879324
0.149593616385748	2.14121912683636
0.149993599317261	2.14838198252492
0.150393582248773	2.15539706863226
0.150793565180286	2.16226462822681
0.151193548111799	2.16898434951385
0.151593531043311	2.17555739759608
0.151993513974824	2.18198830236892
0.152393496906337	2.18828611223777
0.152793479837849	2.19446468650567
0.153193462769362	2.20054187461038
0.153593445700875	2.206537810376
0.153993428632387	2.21247275886623
0.1543934115639	2.218365017944
0.154793394495413	2.22422935016877
0.155193377426926	2.23007634035242
0.155593360358438	2.23591232579295
0.155993343289951	2.24173991166162
0.156393326221464	2.24755912926903
0.156793309152976	2.25336862387252
0.157193292084489	2.25916615315898
0.157593275016002	2.26494868949545
0.157993257947514	2.27071213413581
0.158393240879027	2.27645085380775
0.15879322381054	2.28215742063791
0.159193206742052	2.28782291111278
0.159593189673565	2.29343766449513
0.159993172605078	2.29899246986868
0.160393155536591	2.30447981368105
0.160793138468103	2.30989452579899
0.161193121399616	2.31523373406073
0.161593104331129	2.32049641635618
0.161993087262641	2.32568259847989
0.162393070194154	2.33079245366353
0.162793053125667	2.33582568447728
0.163193036057179	2.34078130589513
0.163593018988692	2.3456576317808
0.163993001920205	2.35045230144629
0.164392984851718	2.35516199641997
0.16479296778323	2.35978195117927
0.165192950714743	2.36430554469021
0.165592933646256	2.36872394052552
0.165992916577768	2.37302587801876
0.166392899509281	2.37719791626556
0.166792882440794	2.38122520537855
0.167192865372306	2.38509236310749
0.167592848303819	2.38878437866112
0.167992831235332	2.39228788833714
0.168392814166844	2.39559221619286
0.168792797098357	2.39868983129446
0.16919278002987	2.40157631810944
0.169592762961383	2.40424987426791
0.169992745892895	2.40671003478652
0.170392728824408	2.40895620040499
0.170792711755921	2.41098649800586
0.171192694687433	2.41279686489689
0.171592677618946	2.41438070549558
0.171992660550459	2.41572953025109
0.172392643481971	2.41683396801805
0.172792626413484	2.4176849135082
0.173192609344997	2.41827478651715
0.173592592276509	2.41859861339614
0.173992575208022	2.41865446519855
0.174392558139535	2.41844344736689
0.174792541071048	2.41796932335065
0.17519252400256	2.41723781583189
0.175592506934073	2.41625583995039
0.175992489865586	2.41503099763331
0.176392472797098	2.41357131312641
0.176792455728611	2.4118852480457
0.177192438660124	2.4099818648566
0.177592421591636	2.40787082243765
0.177992404523149	2.40556200181953
0.178392387454662	2.40306480796241
0.178792370386175	2.40038742725783
0.179192353317687	2.39753638653374
0.1795923362492	2.3945165853217
0.179992319180713	2.39133202828517
0.180392302112225	2.38798686888971
0.180792285043738	2.38448624995659
0.181192267975251	2.38083678531102
0.181592250906763	2.3770466358898
0.181992233838276	2.37312493941932
0.182392216769789	2.36908111532417
0.182792199701301	2.36492436486832
0.183192182632814	2.36066349873277
0.183592165564327	2.3563070813557
0.18399214849584	2.35186405588078
0.184392131427352	2.3473443617528
0.184792114358865	2.34275918248423
0.185192097290378	2.33812100447112
0.18559208022189	2.33344365509864
0.185992063153403	2.32874191035461
0.186392046084916	2.32403134380045
0.186792029016428	2.31932859119824
0.187192011947941	2.31465174400123
0.187591994879454	2.31002055917442
0.187991977810966	2.30545672486205
0.188391960742479	2.30098366962866
0.188791943673992	2.29662585119048
0.189191926605505	2.29240781562425
0.189591909537017	2.28835314332376
0.18999189246853	2.28448346468696
0.190391875400043	2.28081803156707
0.190791858331555	2.27737381494335
0.191191841263068	2.2741656378798
0.191591824194581	2.27120629108156
0.191991807126093	2.2685064220248
0.192391790057606	2.26607403862708
0.192791772989119	2.26391386574761
0.193191755920632	2.26202686989741
0.193591738852144	2.26041008413679
0.193991721783657	2.25905699980596
0.19439170471517	2.25795839781626
0.194791687646682	2.25710341565667
0.195191670578195	2.25648057273502
0.195591653509708	2.25607868524793
0.19599163644122	2.25588736475318
0.196391619372733	2.25589716455961
0.196791602304246	2.25609918466188
0.197191585235758	2.25648430654161
0.197591568167271	2.25704208774517
0.197991551098784	2.25775951230991
0.198391534030297	2.25861994373511
0.198791516961809	2.25960259660235
0.199191499893322	2.26068264461753
0.199591482824835	2.26183198368693
0.199991465756347	2.26302065327823
0.20039144868786	2.26421835450888
0.200791431619373	2.26539585678149
0.201191414550885	2.26652615812565
0.201591397482398	2.26758515676966
0.201991380413911	2.26855165837011
0.202391363345424	2.26940702960146
0.202791346276936	2.27013473295803
0.203191329208449	2.27072010797956
0.203591312139962	2.27115036718698
0.203991295071474	2.27141478771261
0.204391278002987	2.27150497349499
0.2047912609345	2.27141514308749
0.205191243866012	2.27114218711161
0.205591226797525	2.27068565872166
0.205991209729038	2.2700476211912
0.20639119266055	2.26923243230142
0.206791175592063	2.26824669980105
0.207191158523576	2.26709959713054
0.207591141455089	2.26580286215981
0.207991124386601	2.26437054681271
0.208391107318114	2.26281885816805
0.208791090249627	2.26116578370935
0.209191073181139	2.25943051617884
0.209591056112652	2.25763326929929
0.209991039044165	2.25579532706393
0.210391021975677	2.253939172255
0.21079100490719	2.25208861894634
0.211190987838703	2.25026865117252
0.211590970770215	2.24850459300226
0.211990953701728	2.24682101221264
0.212390936633241	2.24524066395305
0.212790919564754	2.24378367706204
0.213190902496266	2.24246721244775
0.213590885427779	2.24130585668175
0.213990868359292	2.24031251431548
0.214390851290804	2.23949949787131
0.214790834222317	2.23887958426734
0.21519081715383	2.23846655593705
0.215590800085342	2.23827507496165
0.215990783016855	2.2383200102623
0.216390765948368	2.2386152661886
0.216790748879881	2.23917241550451
0.217190731811393	2.23999947835311
0.217590714742906	2.24110019680224
0.217990697674419	2.24247377101797
0.218390680605931	2.24411500718889
0.218790663537444	2.24601483766873
0.219190646468957	2.24816082671703
0.219590629400469	2.250537654833
0.219990612331982	2.25312780991999
0.220390595263495	2.25591229349706
0.220790578195007	2.25887135465605
0.22119056112652	2.26198537310895
0.221590544058033	2.26523572278262
0.221990526989546	2.26860528017796
0.222390509921058	2.2720786276887
0.222790492852571	2.27564179953184
0.223190475784084	2.27928173882955
0.223590458715596	2.2829856079752
0.223990441647109	2.28674029216163
0.224390424578622	2.29053205647523
0.224790407510134	2.29434637679286
0.225190390441647	2.29816794198068
0.22559037337316	2.30198086880753
0.225990356304672	2.30576898698218
0.226390339236185	2.30951593727586
0.226790322167698	2.3132052462778
0.227190305099211	2.31682056021935
0.227590288030723	2.32034595201374
0.227990270962236	2.32376636197899
0.228390253893749	2.32706817751038
0.228790236825261	2.33023972421219
0.229190219756774	2.33327172273284
0.229590202688287	2.33615747266289
0.229990185619799	2.33889251352756
0.230390168551312	2.34147387002358
0.230790151482825	2.34389917814909
0.231190134414338	2.34616562202907
0.23159011734585	2.34826894588225
0.231990100277363	2.35020291440289
0.232390083208876	2.35195948992021
0.232790066140388	2.35352942589338
0.233190049071901	2.35490325317177
0.233590032003414	2.35607240818791
0.233990014934926	2.35703028587639
0.234389997866439	2.35777306669501
0.234789980797952	2.35830019757032
0.235189963729464	2.35861442779075
0.235589946660977	2.35872143637004
0.23598992959249	2.35862925588771
0.236389912524003	2.35834762874092
0.236789895455515	2.35788744571586
0.237189878387028	2.35726052522861
0.237589861318541	2.35647973113651
0.237989844250053	2.3555589789732
0.238389827181566	2.35451303617903
0.238789810113079	2.35335706057661
0.239189793044591	2.35210566917315
0.239589775976104	2.35077173642515
0.239989758907617	2.34936561764671
0.24038974183913	2.34789493389966
0.240789724770642	2.34636485507181
0.241189707702155	2.34477878971025
0.241589690633668	2.34313921807909
0.24198967356518	2.34144816248242
0.242389656496693	2.33970715705469
0.242789639428206	2.33791703667707
0.243189622359718	2.33607748182235
0.243589605291231	2.33418664681261
0.243989588222744	2.33224118164419
0.244389571154256	2.3302365274105
0.244789554085769	2.32816720557033
0.245189537017282	2.32602751591924
0.245589519948795	2.32381265010153
0.245989502880307	2.32151987994655
0.24638948581182	2.31914959141594
0.246789468743333	2.3167062537064
0.247189451674845	2.31419874937289
0.247589434606358	2.31164000151692
0.247989417537871	2.30904573660648
0.248389400469383	2.30643305968411
0.248789383400896	2.30381909097557
0.249189366332409	2.30122006711293
0.249589349263921	2.29865080240518
0.249989332195434	2.29612472119645
0.250389315126947	2.29365398680364
0.25078929805846	2.29124950242171
0.251189280989972	2.28892098520593
0.251589263921485	2.28667712200256
0.251989246852998	2.28452573938614
0.25238922978451	2.28247427944409
0.252789212716023	2.28053045583226
0.253189195647536	2.27870280339263
0.253589178579048	2.27700098324742
0.253989161510561	2.27543604474444
0.254389144442074	2.274020342498
0.254789127373586	2.27276727731627
0.255189110305099	2.27169115006285
0.255589093236612	2.2708070410813
0.255989076168125	2.27013071315879
0.256389059099637	2.2696784636903
0.25678904203115	2.26946684759567
0.257189024962663	2.26951210453936
0.257589007894175	2.26982951788482
0.257988990825688	2.27043272394419
0.258388973757201	2.27133312204595
0.258788956688713	2.27253948001777
0.259188939620226	2.2740576996543
0.259588922551739	2.2758906656547
0.259988905483252	2.27803820866199
0.260388888414764	2.28049725684947
0.260788871346277	2.28326209442829
0.26118885427779	2.28632477956577
0.261588837209302	2.28967626455235
0.261988820140815	2.29330781372819
0.262388803072328	2.29721229112743
0.26278878600384	2.30138512697375
0.263188768935353	2.30582487701664
0.263588751866866	2.31053280269549
0.263988734798378	2.31551166534724
0.264388717729891	2.32076432574558
0.264788700661404	2.32629232901304
0.265188683592917	2.33209473078491
0.265588666524429	2.33816762542411
0.265988649455942	2.34450424879696
0.266388632387455	2.35109539485673
0.266788615318967	2.35793021458731
0.26718859825048	2.36499719053772
0.267588581181993	2.37228488071483
0.267988564113505	2.37978228988292
0.268388547045018	2.38747907616588
0.268788529976531	2.39536531795556
0.269188512908044	2.40343100796521
0.269588495839556	2.41166550014875
0.269988478771069	2.42005732240167
0.270388461702582	2.428594163241
0.270788444634094	2.43726325789601
0.271188427565607	2.44605197720981
0.27158841049712	2.45494832183134
0.271988393428632	2.46394087396623
0.272388376360145	2.47301841662574
0.272788359291658	2.48216929298038
0.27318834222317	2.49138076994566
0.273588325154683	2.50063880538161
0.273988308086196	2.5099282364548
0.274388291017709	2.51923314591316
0.274788273949221	2.52853741526291
0.275188256880734	2.53782509189594
0.275588239812247	2.54708045790818
0.275988222743759	2.55628800325341
0.276388205675272	2.56543238388786
0.276788188606785	2.57449850627548
0.277188171538297	2.58347181964843
0.27758815446981	2.59233874665871
0.277988137401323	2.60108693595879
0.278388120332835	2.60970536855193
0.278788103264348	2.61818415007379
0.279188086195861	2.6265141198979
0.279588069127374	2.63468639313655
0.279988052058886	2.64269199306252
0.280388034990399	2.65052165662094
0.280788017921912	2.65816589640575
0.281188000853424	2.6656151081297
0.281587983784937	2.67285967496847
0.28198796671645	2.67989004390002
0.282387949647962	2.68669662467919
0.282787932579475	2.69326942193611
0.283187915510988	2.69959771215971
0.283587898442501	2.70566990047087
0.283987881374013	2.71147381145506
0.284387864305526	2.7169974982239
0.284787847237039	2.72223017184385
0.285187830168551	2.72716277372764
0.285587813100064	2.73178781338965
0.285987796031577	2.73609851059668
0.286387778963089	2.74008748234233
0.286787761894602	2.74374538861052
0.287187744826115	2.74705985056263
0.287587727757627	2.75001502963138
0.28798771068914	2.75259192583054
0.288387693620653	2.75476916386912
0.288787676552166	2.75652400108187
0.289187659483678	2.75783355127559
0.289587642415191	2.75867608899888
0.289987625346704	2.75903243367304
0.290387608278216	2.75888723202956
0.290787591209729	2.7582300132223
0.291187574141242	2.75705562560925
0.291587557072754	2.75536389538055
0.291987540004267	2.75315848851531
0.29238752293578	2.75044515094266
0.292787505867293	2.747229770992
0.293187488798805	2.74351687012146
0.293587471730318	2.73930888336538
0.293987454661831	2.734606130371
0.294387437593343	2.72940761104004
0.294787420524856	2.72371260455855
0.295187403456369	2.71752266316749
0.295587386387881	2.71084330907769
0.295987369319394	2.70368497207669
0.296387352250907	2.69606300395508
0.296787335182419	2.68799674193908
0.297187318113932	2.67950777783102
0.297587301045445	2.67061802784112
0.297987283976958	2.6613482940325
0.29838726690847	2.65171754652039
0.298787249839983	2.64174302360487
0.299187232771496	2.63144109569832
0.299587215703008	2.62082839705897
0.299987198634521	2.60992252598106
0.300387181566034	2.59874208482232
0.300787164497546	2.58730616428599
0.301187147429059	2.57563336895478
0.301587130360572	2.56374072903946
0.301987113292084	2.55164321842987
0.302387096223597	2.53935395942758
0.30278707915511	2.52688520466096
0.303187062086623	2.51424988104478
0.303587045018135	2.50146335477173
0.303987027949648	2.48854466887352
0.304387010881161	2.47551708545204
0.304786993812673	2.46240774966078
0.305186976744186	2.44924646374582
0.305586959675699	2.43606369733504
0.305986942607211	2.42288886678538
0.306386925538724	2.40974925796183
0.306786908470237	2.39666966970772
0.307186891401749	2.3836726772158
0.307586874333262	2.37077973240173
0.307986857264775	2.35801254932718
0.308386840196288	2.34539446053845
0.3087868231278	2.33295099285078
0.309186806059313	2.32070964074336
0.309586788990826	2.30869890521054
0.309986771922338	2.2969470462159
0.310386754853851	2.28548074845173
0.310786737785364	2.27432432283986
0.311186720716876	2.26349981840356
0.311586703648389	2.2530279868254
0.311986686579902	2.2429294954408
0.312386669511415	2.23322616808357
0.312786652442927	2.22394156322173
0.31318663537444	2.21510071863831
0.313586618305953	2.20672925886305
0.313986601237465	2.19885209830026
0.314386584168978	2.19149216603651
0.314786567100491	2.18466989127353
0.315186550032003	2.17840339203495
0.315586532963516	2.17270884433822
0.315986515895029	2.16760096118553
0.316386498826541	2.16309346946799
0.316786481758054	2.15919905241193
0.317186464689567	2.15592877817501
0.31758644762108	2.15329152718646
0.317986430552592	2.15129362560424
0.318386413484105	2.14993844046055
0.318786396415618	2.14922639397328
0.31918637934713	2.14915527294835
0.319586362278643	2.14972055760314
0.319986345210156	2.15091555024416
0.320386328141668	2.15273157227299
0.320786311073181	2.15515801728101
0.321186294004694	2.15818249395078
0.321586276936207	2.16179138915078
0.321986259867719	2.16597068130086
0.322386242799232	2.17070636979306
0.322786225730745	2.17598516026263
0.323186208662257	2.1817949397741
0.32358619159377	2.18812467253932
0.323986174525283	2.19496379515776
0.324386157456795	2.20230189801892
0.324786140388308	2.21012811840191
0.325186123319821	2.21843037243515
0.325586106251333	2.22719467519011
0.325986089182846	2.23640475174635
0.326386072114359	2.24604160318411
0.326786055045872	2.25608341232029
0.327186037977384	2.26650585206772
0.327586020908897	2.27728288537527
0.32798600384041	2.28838785356013
0.328385986771922	2.29979471250577
0.328785969703435	2.31147887035154
0.329185952634948	2.32341761266358
0.32958593556646	2.33559010864496
0.329985918497973	2.34797728790221
0.330385901429486	2.36056158829975
0.330785884360998	2.37332692633537
0.331185867292511	2.38625912740384
0.331585850224024	2.3993465896686
0.331985833155537	2.41258098621269
0.332385816087049	2.42595783971583
0.332785799018562	2.43947675681705
0.333185781950075	2.45314130149221
0.333585764881587	2.46695850816837
0.3339857478131	2.48093821323717
0.334385730744613	2.49509212847139
0.334785713676125	2.50943251935334
0.335185696607638	2.52397058696505
0.335585679539151	2.53871480343106
0.335985662470664	2.5536692180146
0.336385645402176	2.56883218486465
0.336785628333689	2.58419583859875
0.337185611265202	2.59974655505586
0.337585594196714	2.61546611838099
0.337985577128227	2.63133356637349
0.33838556005974	2.64732703472141
0.338785542991252	2.66342518725917
0.339185525922765	2.67960808775807
0.339585508854278	2.69585762913347
0.33998549178579	2.71215712446417
0.340385474717303	2.72849083079763
0.340785457648816	2.74484396829903
0.341185440580329	2.76120333818035
0.341585423511841	2.77755801236168
0.341985406443354	2.79390048335992
0.342385389374867	2.81022761120686
0.342785372306379	2.82654075667998
0.343185355237892	2.84284477801802
0.343585338169405	2.85914630947288
0.343985321100917	2.8754509064067
0.34438530403243	2.89176004578533
0.344785286963943	2.90806902365823
0.345185269895456	2.92436614519602
0.345585252826968	2.94063313509017
0.345985235758481	2.95684712842683
0.346385218689994	2.97298333401359
0.346785201621506	2.98901744459209
0.347185184553019	3.00492725182191
0.347585167484532	3.02069327108996
0.347985150416044	3.03629830824966
0.348385133347557	3.05172659308018
0.34878511627907	3.06696282137695
0.349185099210582	3.08199123978768
0.349585082142095	3.09679520969368
0.349985065073608	3.11135706821345
0.350385048005121	3.12565800746986
0.350785030936633	3.13967785907744
0.351185013868146	3.15339510918283
0.351584996799659	3.16678709291291
0.351984979731171	3.17983046371301
0.352384962662684	3.19250171644241
0.352784945594197	3.20477789398334
0.353184928525709	3.21663716399456
0.353584911457222	3.22805913137742
0.353984894388735	3.23902474094754
0.354384877320247	3.24951617037222
0.35478486025176	3.25951667260311
0.355184843183273	3.26901085911149
0.355584826114786	3.27798526413649
0.355984809046298	3.28642900776648
0.356384791977811	3.29433430003324
0.356784774909324	3.30169697216749
0.357184757840836	3.30851650077678
0.357584740772349	3.31479545398131
0.357984723703862	3.32053885361337
0.358384706635374	3.32575365890217
0.358784689566887	3.33044795108571
0.3591846724984	3.33463000040586
0.359584655429913	3.33830767562177
0.359984638361425	3.34148812924634
0.360384621292938	3.34417782768272
0.360784604224451	3.34638318736256
0.361184587155963	3.34811157434204
0.361584570087476	3.34937212544674
0.361984553018989	3.35017647291189
0.362384535950501	3.35053906164288
0.362784518882014	3.35047688102002
0.363184501813527	3.35000884090005
0.363584484745039	3.34915551212045
0.363984467676552	3.34793881609475
0.364384450608065	3.3463818516005
0.364784433539578	3.34450921929705
0.36518441647109	3.34234753789236
0.365584399402603	3.33992531022458
0.365984382334116	3.33727252292252
0.366384365265628	3.33442007503818
0.366784348197141	3.33139906588852
0.367184331128654	3.32824026645203
0.367584314060166	3.3249742552875
0.367984296991679	3.32163179166284
0.368384279923192	3.31824446402705
0.368784262854705	3.31484551389962
0.369184245786217	3.31147050497422
0.36958422871773	3.30815743265336
0.369984211649243	3.30494643628697
0.370384194580755	3.30187921052124
0.370784177512268	3.29899803558618
0.371184160443781	3.29634456877833
0.371584143375293	3.29395878827991
0.371984126306806	3.29187825149613
0.372384109238319	3.29013732880577
0.372784092169831	3.28876628112739
0.373184075101344	3.28779047751054
0.373584058032857	3.28722968536728
0.37398404096437	3.28709773013899
0.374384023895882	3.28740274825855
0.374784006827395	3.28814795052462
0.375183989758908	3.28933263751596
0.37558397269042	3.29095350002339
0.375983955621933	3.29300600657836
0.376383938553446	3.29548524809466
0.376783921484958	3.29838642850501
0.377183904416471	3.30170522699044
0.377583887347984	3.30543804922888
0.377983870279496	3.30958232839664
0.378383853211009	3.31413699540966
0.378783836142522	3.31910274856512
0.379183819074035	3.32448183576766
0.379583802005547	3.33027743095591
0.37998378493706	3.33649270555382
0.380383767868573	3.34312977759107
0.380783750800085	3.3501890417097
0.381183733731598	3.35766889867513
0.381583716663111	3.36556571663314
0.381983699594623	3.37387387104388
0.382383682526136	3.38258582156705
0.382783665457649	3.39169214942532
0.383183648389162	3.40118168679026
0.383583631320674	3.41104192287021
0.383983614252187	3.42125949540483
0.3843835971837	3.43182094862216
0.384783580115212	3.442713603853
0.385183563046725	3.45392624995965
0.385583545978238	3.46544938556408
0.38598352890975	3.47727497966206
0.386383511841263	3.48939578046831
0.386783494772776	3.50180443569153
0.387183477704288	3.51449251553769
0.387583460635801	3.5274495331218
0.387983443567314	3.54066219971804
0.388383426498827	3.55411429403244
0.388783409430339	3.56778703521841
0.389183392361852	3.58165998771162
0.389583375293365	3.59571228151266
0.389983358224877	3.60992399754747
0.39038334115639	3.62427731335297
0.390783324087903	3.63875697835
0.391183307019415	3.65335025897662
0.391583289950928	3.66804661620432
0.391983272882441	3.68283717746255
0.392383255813954	3.69771408408749
0.392783238745466	3.71267004331979
0.393183221676979	3.72769817696331
0.393583204608492	3.74279206508635
0.393983187540004	3.75794588427506
0.394383170471517	3.77315442598161
0.39478315340303	3.78841305317711
0.395183136334542	3.80371764300697
0.395583119266055	3.81906436670099
0.395983102197568	3.834449172453
0.39638308512908	3.84986737960173
0.396783068060593	3.86531332191021
0.397183050992106	3.8807799884122
0.397583033923618	3.89625854915398
0.397983016855131	3.91173808145385
0.398382999786644	3.92720534629213
0.398782982718157	3.94264479861329
0.399182965649669	3.95803852064566
0.399582948581182	3.97336640398306
0.399982931512695	3.98860649586089
0.400382914444207	4.00373573338196
0.40078289737572	4.01873055663344
0.401182880307233	4.03356772167378
0.401582863238745	4.04822545628729
0.401982846170258	4.06268497125798
0.402382829101771	4.07693155357342
0.402782812033284	4.09095523636137
0.403182794964796	4.10475075498998
0.403582777896309	4.11831678882193
0.403982760827822	4.13165449932756
0.404382743759334	4.14476591297862
0.404782726690847	4.1576525347308
0.40518270962236	4.17031468010791
0.405582692553872	4.18275150793091
0.405982675485385	4.19496154495718
0.406382658416898	4.20694338398738
0.40678264134841	4.21869645169412
0.407182624279923	4.23022150222877
0.407582607211436	4.24152088426556
0.407982590142949	4.2525987835679
0.408382573074461	4.2634613877375
0.408782556005974	4.27411689320977
0.409182538937487	4.28457527907492
0.409582521868999	4.29484741144978
0.409982504800512	4.30494354941138
0.410382487732025	4.31487155000339
0.410782470663537	4.32463513242336
0.41118245359505	4.3342325483342
0.411582436526563	4.34365612922351
0.411982419458076	4.35289232621281
0.412382402389588	4.36192234729438
0.412782385321101	4.37072320895976
0.413182368252614	4.37926894520817
0.413582351184126	4.38753164240677
0.413982334115639	4.39548252320228
0.414382317047152	4.40309307911105
0.414782299978664	4.4103361923515
0.415182282910177	4.41718746182619
0.41558226584169	4.42362641696523
0.415982248773202	4.42963698332953
0.416382231704715	4.43520748085711
0.416782214636228	4.44033015180195
0.417182197567741	4.44500022769068
0.417582180499253	4.44921510922475
0.417982163430766	4.45297425429453
0.418382146362279	4.45627936392551
0.418782129293791	4.45913455915339
0.419182112225304	4.46154669592632
0.419582095156817	4.46352536883514
0.419982078088329	4.46508222693083
0.420382061019842	4.46622984589243
0.420782043951355	4.46698072970087
0.421182026882867	4.46734645801468
0.42158200981438	4.4673373588188
0.421981992745893	4.46696285489392
0.422381975677406	4.46623184443349
0.422781958608918	4.46515297365067
0.423181941540431	4.46373498194342
0.423581924471944	4.46198690058924
0.423981907403456	4.45991812104555
0.424381890334969	4.4575387198141
0.424781873266482	4.45485992457149
0.425181856197994	4.45189406202497
0.425581839129507	4.44865430037275
0.42598182206102	4.44515453368956
0.426381804992533	4.44140932015865
0.426781787924045	4.43743406855194
0.427181770855558	4.43324564071327
0.427581753787071	4.42886316341461
0.427981736718583	4.42430877854251
0.428381719650096	4.4196081522723
0.428781702581609	4.41479045931706
0.429181685513121	4.40988768404292
0.429581668444634	4.40493344383171
0.429981651376147	4.39996153211605
0.430381634307659	4.39500443622715
0.430781617239172	4.39009219496047
0.431181600170685	4.38525176092977
0.431581583102198	4.3805070371464
0.43198156603371	4.37587943858246
0.432381548965223	4.37138904673757
0.432781531896736	4.3670557965381
0.433181514828248	4.36290042191309
0.433581497759761	4.35894450428515
0.433981480691274	4.35520966090145
0.434381463622786	4.35171620589611
0.434781446554299	4.34848208002623
0.435181429485812	4.34552249036984
0.435581412417325	4.3428507269654
0.435981395348837	4.34047997810117
0.43638137828035	4.3384256113234
0.436781361211863	4.33670664810738
0.437181344143375	4.33534602525216
0.437581327074888	4.33436940759789
0.437981310006401	4.3338029836006
0.438381292937913	4.3336707047807
0.438781275869426	4.33399211347274
0.439181258800939	4.3347812267164
0.439581241732451	4.33604653654274
0.439981224663964	4.33779189645043
0.440381207595477	4.34001790525492
0.44078119052699	4.34272310395486
0.441181173458502	4.34590441310988
0.441581156390015	4.3495571998942
0.441981139321528	4.35367512486044
0.44238112225304	4.35824989606155
0.442781105184553	4.36327098035262
0.443181088116066	4.36872553870192
0.443581071047578	4.37459832549087
0.443981053979091	4.38087177313554
0.444381036910604	4.38752584755388
0.444781019842116	4.39453782232267
0.445181002773629	4.40188205420858
0.445580985705142	4.40952993188749
0.445980968636655	4.41744972060439
0.446380951568167	4.42560672686697
0.44678093449968	4.43396367994784
0.447180917431193	4.44248121050085
0.447580900362705	4.45111832011493
0.447980883294218	4.45983282582809
0.448380866225731	4.46858160250097
0.448780849157243	4.47732115688035
0.449180832088756	4.48600852676993
0.449580815020269	4.49460236619734
0.449980797951782	4.50306411603058
0.450380780883294	4.5113593947128
0.450780763814807	4.51945916832789
0.45118074674632	4.52734053542749
0.451580729677832	4.53498700665148
0.451980712609345	4.54238808446934
0.452380695540858	4.54953823343553
0.45278067847237	4.55643541029893
0.453180661403883	4.56307953710107
0.453580644335396	4.56947141105526
0.453980627266908	4.57561237601405
0.454380610198421	4.58150469200678
0.454780593129934	4.58715246173242
0.455180576061447	4.592562620219
0.455580558992959	4.59774540593166
0.455980541924472	4.60271408889367
0.456380524855985	4.60748381833638
0.456780507787497	4.61206982314397
0.45718049071901	4.61648576078174
0.457580473650523	4.62074247859073
0.457980456582035	4.62484742099514
0.458380439513548	4.62880477640175
0.458780422445061	4.63261615425901
0.459180405376574	4.6362809441318
0.459580388308086	4.63979646836544
0.459980371239599	4.64315804366347
0.460380354171112	4.64635910901923
0.460780337102624	4.64939149100795
0.461180320034137	4.65224641908183
0.46158030296565	4.65491566598811
0.461980285897162	4.65739263860355
0.462380268828675	4.65967333531621
0.462780251760188	4.66175703346834
0.4631802346917	4.66364622087777
0.463580217623213	4.66534614540511
0.463980200554726	4.66686420255365
0.464380183486238	4.66820949311169
0.464780166417751	4.66939248388104
0.465180149349264	4.670425255378
0.465580132280777	4.67132206849906
0.465980115212289	4.6721000764094
0.466380098143802	4.67277938012735
0.466780081075315	4.67338224163726
0.467180064006827	4.67393135182509
0.46758004693834	4.67444779115973
0.467980029869853	4.67494884454195
0.468380012801365	4.67544647326568
0.468779995732878	4.67594669315115
0.469179978664391	4.67645005163475
0.469579961595904	4.67695320409335
0.469979944527416	4.67745118493502
0.470379927458929	4.67793942383031
0.470779910390442	4.67841546058887
0.471179893321954	4.67888022382716
0.471579876253467	4.67933849308432
0.47197985918498	4.67979838413141
0.472379842116492	4.68027050647943
0.472779825048005	4.68076676576589
0.473179807979518	4.68129884626574
0.473579790911031	4.6818769675145
0.473979773842543	4.68250911606715
0.474379756774056	4.68320100760453
0.474779739705569	4.68395707512118
0.475179722637081	4.68478172960551
0.475579705568594	4.68568004011921
0.475979688500107	4.68665795470063
0.476379671431619	4.6877220968565
0.476779654363132	4.68887884482219
0.477179637294645	4.69013328461923
0.477579620226157	4.69148832695022
0.47797960315767	4.69294422986553
0.478379586089183	4.69449860124339
0.478779569020696	4.69614674426825
0.479179551952208	4.69788211228216
0.479579534883721	4.69969712171616
0.479979517815234	4.70158413694474
0.480379500746746	4.7035363621577
0.480779483678259	4.70554865402676
0.481179466609772	4.70761818167571
0.481579449541284	4.70974443585986
0.481979432472797	4.71192895549216
0.48237941540431	4.71417448303546
0.482779398335823	4.71648374102415
0.483179381267335	4.71885856456925
0.483579364198848	4.72129978325385
0.483979347130361	4.72380754251963
0.484379330061873	4.72638203727136
0.484779312993386	4.72902454199782
0.485179295924899	4.73173802567418
0.485579278856411	4.73452730730672
0.485979261787924	4.73739903585448
0.486379244719437	4.74036137826679
0.486779227650949	4.74342344259127
0.487179210582462	4.74659497938145
0.487579193513975	4.74988646210714
0.487979176445487	4.75330930032484
0.488379159377	4.7568762016323
0.488779142308513	4.76060173499106
0.489179125240026	4.76450269167362
0.489579108171538	4.76859792365813
0.489979091103051	4.77290778135511
0.490379074034564	4.77745336904093
0.490779056966076	4.78225558114254
0.491179039897589	4.78733400618018
0.491579022829102	4.79270602675085
0.491979005760614	4.79838579916439
0.492378988692127	4.80438321951665
0.49277897162364	4.81070336576939
0.493178954555153	4.81734644105943
0.493578937486665	4.82430803056472
0.493978920418178	4.83157998593566
0.494378903349691	4.83915178715475
0.494778886281203	4.84701192806958
0.495178869212716	4.85514935194058
0.495578852144229	4.86355481094688
0.495978835075741	4.87222148726776
0.496378818007254	4.8811448910483
0.496778800938767	4.89032232448087
0.497178783870279	4.89975184726125
0.497578766801792	4.90943106014884
0.497978749733305	4.91935593881351
0.498378732664818	4.92951987582115
0.49877871559633	4.93991307753653
0.499178698527843	4.95052254226365
0.499578681459356	4.96133216667514
0.499978664390868	4.97232316077562
0.500378647322381	4.98347459260964
0.500778630253894	4.99476377307699
0.501178613185406	5.00616646084703
0.501578596116919	5.01765748700333
0.501978579048432	5.02921164302842
0.502378561979945	5.04080481924251
0.502778544911457	5.05241525531811
0.50317852784297	5.06402446482319
0.503578510774483	5.07561743043589
0.503978493705995	5.08718223065417
0.504378476637508	5.09870926453253
0.504778459569021	5.1101905124684
0.505178442500533	5.12161914515052
0.505578425432046	5.13298939498836
0.505978408363559	5.14429670325353
0.506378391295071	5.15553788940795
0.506778374226584	5.16671091781329
0.507178357158097	5.17781429452407
0.50757834008961	5.18884618848944
0.507978323021122	5.19980355525764
0.508378305952635	5.21068190393732
0.508778288884148	5.22147602383249
0.50917827181566	5.23218094160889
0.509578254747173	5.24279269442571
0.509978237678686	5.25330885519293
0.510378220610198	5.2637284068776
0.510778203541711	5.27405069390206
0.511178186473224	5.28427443457411
0.511578169404737	5.29439718626582
0.511978152336249	5.30441510208552
0.512378135267762	5.31432296605563
0.512778118199275	5.32411491082074
0.513178101130787	5.33378511394094
0.5135780840623	5.34332843632642
0.513978066993813	5.35274111353207
0.514378049925325	5.362021293129
0.514778032856838	5.37116900286486
0.515178015788351	5.3801861738835
0.515577998719863	5.38907668398039
0.515977981651376	5.39784585370613
0.516377964582889	5.40649976555236
0.516777947514402	5.4150449301263
0.517177930445914	5.42348796254968
0.517577913377427	5.43183528069596
0.51797789630894	5.44009313479978
0.518377879240452	5.44826759733959
0.518777862171965	5.45636417415511
0.519177845103478	5.46438724544356
0.51957782803499	5.47233965925979
0.519977810966503	5.48022251253614
0.520377793898016	5.48803537620589
0.520777776829529	5.49577686724722
0.521177759761041	5.50344533323264
0.521577742692554	5.51103935928309
0.521977725624067	5.51855813724576
0.522377708555579	5.52600161670811
0.522777691487092	5.53337030548656
0.523177674418605	5.54066482357447
0.523577657350117	5.54788542284346
0.52397764028163	5.55503151433077
0.524377623213143	5.56210118394704
0.524777606144655	5.56909101369256
0.525177589076168	5.57599624083624
0.525577572007681	5.58281108139116
0.525977554939194	5.58952951351887
0.526377537870706	5.59614622845196
0.526777520802219	5.60265720985134
0.527177503733732	5.60905964944279
0.527577486665244	5.6153512565097
0.527977469596757	5.6215288898766
0.52837745252827	5.6275869925056
0.528777435459782	5.63351670075614
0.529177418391295	5.63930582657358
0.529577401322808	5.6449396523488
0.529977384254321	5.65040260071895
0.530377367185833	5.65567995866095
0.530777350117346	5.66075885298033
0.531177333048859	5.66562878403214
0.531577315980371	5.67028192132089
0.531977298911884	5.67471290536413
0.532377281843397	5.67891870749744
0.532777264774909	5.68289893411021
0.533177247706422	5.68665598292323
0.533577230637935	5.6901950681285
0.533977213569447	5.69352425967592
0.53437719650096	5.69665424007592
0.534777179432473	5.69959757870935
0.535177162363985	5.70236822344699
0.535577145295498	5.70498099977378
0.535977128227011	5.70745101072995
0.536377111158524	5.70979324099071
0.536777094090036	5.71202241769942
0.537177077021549	5.71415281052086
0.537577059953062	5.71619867763436
0.537977042884574	5.71817500589228
0.538377025816087	5.72009800406813
0.5387770087476	5.72198533606752
0.539176991679112	5.72385615183534
0.539576974610625	5.72573034714552
0.539976957542138	5.72762733309223
0.54037694047365	5.72956486361205
0.540776923405163	5.73155797680198
0.541176906336676	5.73361828373554
0.541576889268189	5.73575370154329
0.541976872199701	5.73796844612227
0.542376855131214	5.74026351922673
0.542776838062727	5.74263758480008
0.543176820994239	5.7450878583826
0.543576803925752	5.74761052344816
0.543976786857265	5.75020075116455
0.544376769788777	5.75285234771116
0.54477675272029	5.75555732549544
0.545176735651803	5.758305362445
0.545576718583316	5.76108322630049
0.545976701514828	5.76387463991159
0.546376684446341	5.76666085556167
0.546776667377854	5.76942138410249
0.547176650309366	5.77213495477097
0.547576633240879	5.7747809348062
0.547976616172392	5.77734086781248
0.548376599103904	5.77979978024654
0.548776582035417	5.78214762374519
0.54917656496693	5.78438020005069
0.549576547898442	5.78649926274931
0.549976530829955	5.78851174797681
0.550376513761468	5.79042827394396
0.550776496692981	5.79226103468939
0.551176479624493	5.79402186421056
0.551576462556006	5.79572098019865
0.551976445487519	5.79736625558148
0.552376428419031	5.79896289195429
0.552776411350544	5.80051336083022
0.553176394282057	5.80201737443282
0.553576377213569	5.80347164826027
0.553976360145082	5.80486989299616
0.554376343076595	5.80620318637562
0.554776326008108	5.80746104496725
0.55517630893962	5.80863286775306
0.555576291871133	5.80970967258665
0.555976274802646	5.81068562460872
0.556376257734158	5.8115590662836
0.556776240665671	5.81233233293515
0.557176223597184	5.81301075215719
0.557576206528696	5.81360106918991
0.557976189460209	5.81410997558326
0.558376172391722	5.81454283228878
0.558776155323234	5.81490329285879
0.559176138254747	5.81519367766117
0.55957612118626	5.81541612091741
0.559976104117773	5.8155738147764
0.560376087049285	5.81567196775658
0.560776069980798	5.81571794038932
0.561176052912311	5.81572076901632
0.561576035843823	5.81569014503544
0.561976018775336	5.81563528236363
0.562376001706849	5.81556387411372
0.562775984638361	5.81548165707095
0.563175967569874	5.81539265427431
0.563575950501387	5.81529999421402
0.5639759334329	5.81520683606014
0.564375916364412	5.81511720720196
0.564775899295925	5.81503677121743
0.565175882227438	5.81497334842179
0.56557586515895	5.81493688011619
0.565975848090463	5.81493905622161
0.566375831021976	5.8149925392489
0.566775813953488	5.8151094786565
0.567175796885001	5.81529985916407
0.567575779816514	5.81556995689007
0.567975762748026	5.81592112977882
0.568375745679539	5.81634969288315
0.568775728611052	5.81684791622624
0.569175711542565	5.81740554547657
0.569575694474077	5.81801155117465
0.56997567740559	5.81865579157513
0.570375660337103	5.81932979430126
0.570775643268615	5.8200267314874
0.571175626200128	5.82074088209177
0.571575609131641	5.8214667953352
0.571975592063153	5.82219846981517
0.572375574994666	5.82292897743923
0.572775557926179	5.82365026753203
0.573175540857692	5.82435320443756
0.573575523789204	5.82502792103639
0.573975506720717	5.82566410375505
0.57437548965223	5.82625104185974
0.574775472583742	5.82677780228923
0.575175455515255	5.82723324899548
0.575575438446768	5.82760611687726
0.57597542137828	5.82788508515191
0.576375404309793	5.82805866786634
0.576775387241306	5.828115043625
0.577175370172818	5.82804203609786
0.577575353104331	5.82782710831848
0.577975336035844	5.82745749241932
0.578375318967356	5.82692052090938
0.578775301898869	5.82620368043717
0.579175284830382	5.82529442338351
0.579575267761895	5.82417997797623
0.579975250693407	5.82284737169948
0.58037523362492	5.82128364702239
0.580775216556433	5.81947670403545
0.581175199487945	5.81741647302934
0.581575182419458	5.8150962071594
0.581975165350971	5.81251350055714
0.582375148282483	5.80967092589177
0.582775131213996	5.80657599937793
0.583175114145509	5.80324050460901
0.583575097077021	5.79967931247637
0.583975080008534	5.79590960889316
0.584375062940047	5.79195052592176
0.58477504587156	5.78782296954611
0.585175028803072	5.78354961231963
0.585575011734585	5.77915477817364
0.585974994666098	5.77466339271577
0.58637497759761	5.77009962235222
0.586774960529123	5.76548568915222
0.587174943460636	5.76084113732179
0.587574926392148	5.75618273750719
0.587974909323661	5.75152553336349
0.588374892255174	5.74688437286527
0.588774875186687	5.74227546773307
0.589174858118199	5.73771752877188
0.589574841049712	5.73323185368974
0.589974823981225	5.72884096213118
0.590374806912737	5.72456660733431
0.59077478984425	5.7204277242329
0.591174772775763	5.71643905925538
0.591574755707275	5.71261071056531
0.591974738638788	5.7089487418245
0.592374721570301	5.70545658067313
0.592774704501813	5.70213685865825
0.593174687433326	5.69899293768002
0.593574670364839	5.69603009065402
0.593974653296352	5.69325601249809
0.594374636227864	5.69068062816976
0.594774619159377	5.68831513665856
0.59517460209089	5.68617072853857
0.595574585022402	5.68425733900509
0.595974567953915	5.68258277158826
0.596374550885428	5.68115215486765
0.59677453381694	5.67996793964123
0.597174516748453	5.67903027838048
0.597574499679966	5.67833752942617
0.597974482611479	5.67788684087024
0.598374465542991	5.67767480362133
0.598774448474504	5.67769772903479
0.599174431406017	5.67795177513952
0.599574414337529	5.67843342083495
0.599974397269042	5.67914012261697
0.600374380200555	5.68007073363527
0.600774363132067	5.68122602905041
0.60117434606358	5.68260888197247
0.601574328995093	5.68422375814993
0.601974311926605	5.68607605424295
0.602374294858118	5.68817144855691
0.602774277789631	5.69051490500331
0.603174260721144	5.69310971138113
0.603574243652656	5.69595693939546
0.603974226584169	5.69905501859864
0.604374209515682	5.70239956952751
0.604774192447194	5.70598376824881
0.605174175378707	5.70979892203163
0.60557415831022	5.71383497462233
0.605974141241732	5.71808096460065
0.606374124173245	5.72252524423898
0.606774107104758	5.72715522693465
0.607174090036271	5.73195696605602
0.607574072967783	5.73691488646625
0.607974055899296	5.74201142182381
0.608374038830809	5.74722696371146
0.608774021762321	5.75254027379119
0.609174004693834	5.75792919910342
0.609573987625347	5.76337133406312
0.609973970556859	5.76884481369449
0.610373953488372	5.77432914353562
0.610773936419885	5.7798060627925
0.611173919351397	5.78526050520429
0.61157390228291	5.79068138301437
0.611973885214423	5.79606181947343
0.612373868145936	5.80139894597977
0.612773851077448	5.80669316945578
0.613173834008961	5.81194696196352
0.613573816940474	5.81716331224283
0.613973799871986	5.82234446720948
0.614373782803499	5.82749111854692
0.614773765735012	5.83260203605116
0.615173748666524	5.83767387524048
0.615573731598037	5.84270121849537
0.61597371452955	5.84767669550779
0.616373697461063	5.85259098068842
0.616773680392575	5.85743285145219
0.617173663324088	5.86218965584218
0.617573646255601	5.8668479956227
0.617973629187113	5.87139459661887
0.618373612118626	5.87581744923292
0.618773595050139	5.88010682658765
0.619173577981651	5.88425568836186
0.619573560913164	5.88826007644066
0.619973543844677	5.89211916495276
0.620373526776189	5.89583463020981
0.620773509707702	5.89940959452623
0.621173492639215	5.90284761873917
0.621573475570728	5.9061514760397
0.62197345850224	5.90932190949262
0.622373441433753	5.91235686129837
0.622773424365266	5.91525134010742
0.623173407296778	5.91799784475292
0.623573390228291	5.9205875182878
0.623973373159804	5.92301154366711
0.624373356091316	5.92526224165587
0.624773339022829	5.92733379174681
0.625173321954342	5.92922268309489
0.625573304885854	5.93092730615572
0.625973287817367	5.93244687093331
0.62637327074888	5.93377997551965
0.626773253680392	5.93492313553146
0.627173236611905	5.93586941701145
0.627573219543418	5.93660776860589
0.627973202474931	5.93712341983651
0.628373185406443	5.93739909652075
0.628773168337956	5.93741664188864
0.629173151269469	5.93715848643519
0.629573134200981	5.93660817920594
0.629973117132494	5.93575011379181
0.630373100064007	5.93456850936608
0.63077308299552	5.93304618258383
0.631173065927032	5.93116378906184
0.631573048858545	5.92890009066726
0.631973031790058	5.92623281076561
0.63237301472157	5.92314005262264
0.632772997653083	5.91960179193112
0.633172980584596	5.91560072339662
0.633572963516108	5.91112227103191
0.633972946447621	5.90615435282492
0.634372929379134	5.90068685564237
0.634772912310646	5.89471133323874
0.635172895242159	5.88822104676132
0.635572878173672	5.88121132129845
0.635972861105184	5.8736801438949
0.636372844036697	5.86562923811154
0.63677282696821	5.85706480102261
0.637172809899723	5.84799765899438
0.637572792831235	5.83844303952023
0.637972775762748	5.82842000635863
0.638372758694261	5.8179504851775
0.638772741625773	5.80705812888748
0.639172724557286	5.79576733852603
0.639572707488799	5.78410264397661
0.639972690420312	5.7720885875282
0.640372673351824	5.75974984719047
0.640772656283337	5.74711146813901
0.64117263921485	5.73419953312973
0.641572622146362	5.72104187275881
0.641972605077875	5.70766839584086
0.642372588009388	5.69411142635609
0.6427725709409	5.68040570566315
0.643172553872413	5.66658799461444
0.643572536803926	5.65269634315904
0.643972519735438	5.63876924303643
0.644372502666951	5.62484468156598
0.644772485598464	5.61095973190952
0.645172468529976	5.59715058940801
0.645572451461489	5.58345293942797
0.645972434393002	5.5699025202963
0.646372417324515	5.55653577095678
0.646772400256027	5.54339013092029
0.64717238318754	5.53050396945427
0.647572366119053	5.51791630425177
0.647972349050565	5.50566636929807
0.648372331982078	5.4937930977114
0.648772314913591	5.48233466360417
0.649172297845104	5.47132803942283
0.649572280776616	5.46080885796931
0.649972263708129	5.45081136664461
0.650372246639642	5.44136794126838
0.650772229571154	5.43250830214601
0.651172212502667	5.42425868152353
0.65157219543418	5.41664093377908
0.651972178365692	5.40967151344627
0.652372161297205	5.40336095266257
0.652772144228718	5.3977138554316
0.65317212716023	5.3927293252539
0.653572110091743	5.38840183666254
0.653972093023256	5.38472235181367
0.654372075954768	5.38167901254818
0.654772058886281	5.37925744617859
0.655172041817794	5.37744089410453
0.655572024749307	5.37620976583748
0.655972007680819	5.37554087494621
0.656371990612332	5.37540728860936
0.656771973543845	5.37577880333997
0.657171956475357	5.37662276145973
0.65757193940687	5.37790541078047
0.657971922338383	5.37959349068271
0.658371905269896	5.38165563596728
0.658771888201408	5.38406360504966
0.659171871132921	5.38679299870234
0.659571854064434	5.38982311066575
0.659971836995946	5.39313665970674
0.660371819927459	5.39671912395817
0.660771802858972	5.40055780521701
0.661171785790484	5.40464108471762
0.661571768721997	5.40895809814921
0.66197175165351	5.41349841084421
0.662371734585022	5.41825210393397
0.662771717516535	5.42321013276495
0.663171700448048	5.42836462586208
0.66357168337956	5.43370888065502
0.663971666311073	5.43923721828797
0.664371649242586	5.44494432371968
0.664771632174099	5.45082450057156
0.665171615105611	5.45687094619251
0.665571598037124	5.46307514160035
0.665971580968637	5.4694264285508
0.666371563900149	5.47591217024117
0.666771546831662	5.48251804063165
0.667171529763175	5.48922851834694
0.667571512694688	5.49602735179852
0.6679714956262	5.5028981479693
0.668371478557713	5.50982495179709
0.668771461489226	5.51679293014855
0.669171444420738	5.52378907748973
0.669571427352251	5.53080323971075
0.669971410283764	5.5378292340952
0.670371393215276	5.54486621113211
0.670771376146789	5.55191985298019
0.671171359078302	5.55900286638543
0.671571342009814	5.56613461075525
0.671971324941327	5.57334001759122
0.67237130787284	5.58064744054694
0.672771290804352	5.58808592625463
0.673171273735865	5.59568251721032
0.673571256667378	5.60346012273981
0.673971239598891	5.61143608115087
0.674371222530403	5.61962194802163
0.674771205461916	5.62802403245993
0.675171188393429	5.63664445759159
0.675571171324941	5.64548252841648
0.675971154256454	5.65453616802869
0.676371137187967	5.66380280296959
0.676771120119479	5.67327987904827
0.677171103050992	5.68296490733865
0.677571085982505	5.69285538523583
0.677971068914017	5.70294830946528
0.67837105184553	5.71323926505637
0.678771034777043	5.72372118853259
0.679171017708556	5.73438330119075
0.679571000640068	5.74520992400454
0.679970983571581	5.75617951480294
0.680370966503094	5.76726427231971
0.680770949434606	5.77843095868276
0.681170932366119	5.78964274462426
0.681570915297632	5.8008622313833
0.681970898229144	5.81205492124935
0.682370881160657	5.82319244342543
0.68277086409217	5.83425460809688
0.683170847023683	5.84522987325019
0.683570829955195	5.85611370584892
0.683970812886708	5.86690542291078
0.684370795818221	5.87760457909949
0.684770778749733	5.88820805491668
0.685170761681246	5.89870854188699
0.685570744612759	5.90909469153834
0.685970727544271	5.91935245974672
0.686370710475784	5.92946693855737
0.686770693407297	5.93942387675881
0.687170676338809	5.94921050932432
0.687570659270322	5.95881561140309
0.687970642201835	5.96822938883298
0.688370625133348	5.97744348291364
0.68877060806486	5.98645095082822
0.689170590996373	5.9952461075432
0.689570573927886	6.00382409651116
0.689970556859398	6.01218001468355
0.690370539790911	6.02030785411083
0.690770522722424	6.02819953577191
0.691170505653936	6.03584434039054
0.691570488585449	6.04322924926197
0.691970471516962	6.05034028837839
0.692370454448475	6.05716384431537
0.692770437379987	6.06368769256137
0.6931704203115	6.06990166058898
0.693570403243013	6.07579779603278
0.693970386174525	6.08137001422901
0.694370369106038	6.08661390319159
0.694770352037551	6.09152663758084
0.695170334969063	6.09610712576596
0.695570317900576	6.10035640342947
0.695970300832089	6.1042779207172
0.696370283763601	6.10787720375626
0.696770266695114	6.11116136271229
0.697170249626627	6.11413847464413
0.69757023255814	6.11681660169497
0.697970215489652	6.1192028657018
0.698370198421165	6.12130311370345
0.698770181352678	6.12312164782124
0.69917016428419	6.12466114634419
0.699570147215703	6.12592298104634
0.699970130147216	6.12690768336155
0.700370113078728	6.12761545013832
0.700770096010241	6.1280468186842
0.701170078941754	6.12820340261967
0.701570061873267	6.12808825962995
0.701970044804779	6.12770601148645
0.702370027736292	6.12706265533577
0.702770010667805	6.12616491769681
0.703169993599317	6.12501932927476
0.70356997653083	6.12363138825932
0.703969959462343	6.12200522798891
0.704369942393855	6.12014369397083
0.704769925325368	6.11804911897477
0.705169908256881	6.115724544786
0.705569891188393	6.11317483163286
0.705969874119906	6.11040723820944
0.706369857051419	6.10743168750257
0.706769839982932	6.10426054639312
0.707169822914444	6.10090789044669
0.707569805845957	6.0973888813855
0.70796978877747	6.09371975568942
0.708369771708982	6.08991783375341
0.708769754640495	6.08600155250003
0.709169737572008	6.08199043548982
0.70956972050352	6.07790472447266
0.709969703435033	6.07376437369235
0.710369686366546	6.06958802239516
0.710769669298059	6.06539211134513
0.711169652229571	6.06119029804005
0.711569635161084	6.05699349043547
0.711969618092597	6.05281054606516
0.712369601024109	6.04864905216268
0.712769583955622	6.04451575494678
0.713169566887135	6.04041704369837
0.713569549818647	6.03635916553062
0.71396953275016	6.03234762592955
0.714369515681673	6.02838632015992
0.714769498613185	6.02447692549993
0.715169481544698	6.02061812329188
0.715569464476211	6.01680478645528
0.715969447407724	6.01302765822407
0.716369430339236	6.00927346854373
0.716769413270749	6.00552540028809
0.717169396202262	6.00176438931851
0.717569379133774	5.99797110825593
0.717969362065287	5.99412812173076
0.7183693449968	5.99022217956837
0.718769327928312	5.9862465595414
0.719169310859825	5.98220236897118
0.719569293791338	5.97809846216388
0.71996927672285	5.97395013103811
0.720369259654363	5.96977686822084
0.720769242585876	5.96559928733045
0.721169225517388	5.96143618354059
0.721569208448901	5.95730273822726
0.721969191380414	5.9532098525199
0.722369174311927	5.94916434842488
0.722769157243439	5.94517003949239
0.723169140174952	5.94122909335076
0.723569123106465	5.93734315926026
0.723969106037977	5.9335141008605
0.72436908896949	5.92974444491993
0.724769071901003	5.92603725483823
0.725169054832515	5.92239564672795
0.725569037764028	5.91882202986301
0.725969020695541	5.91531745412666
0.726369003627054	5.91188121852511
0.726768986558566	5.90851069560494
0.727168969490079	5.9052014657225
0.727568952421592	5.90194796944545
0.727968935353104	5.8987444409029
0.728368918284617	5.89558608209692
0.72876890121613	5.89247040822967
0.729168884147642	5.88939827612035
0.729568867079155	5.88637435530667
0.729968850010668	5.88340754143729
0.73036883294218	5.88051075515222
0.730768815873693	5.87769998891834
0.731168798805206	5.87499314760283
0.731568781736719	5.87240896838033
0.731968764668231	5.8699657611164
0.732368747599744	5.86768031644701
0.732768730531257	5.86556724137098
0.733168713462769	5.86363861456972
0.733568696394282	5.86190370042351
0.733968679325795	5.86036884912923
0.734368662257307	5.85903757806363
0.73476864518882	5.85791114027765
0.735168628120333	5.85698949277707
0.735568611051846	5.85627244517384
0.735968593983358	5.85576063725077
0.736368576914871	5.85545581885674
0.736768559846384	5.85536043515441
0.737168542777896	5.85547645618499
0.737568525709409	5.8558037492697
0.737968508640922	5.85633856177875
0.738368491572434	5.85707274810766
0.738768474503947	5.85799378658676
0.73916845743546	5.85908582305107
0.739568440366972	5.86033139432526
0.739968423298485	5.86171299597833
0.740368406229998	5.86321412003139
0.740768389161511	5.86482002299874
0.741168372093023	5.86651771300286
0.741568355024536	5.8682953547194
0.741968337956049	5.87014159478608
0.742368320887561	5.8720449861027
0.742768303819074	5.8739933988418
0.743168286750587	5.87597412073812
0.743568269682099	5.87797446931855
0.743968252613612	5.8799823563654
0.744368235545125	5.88198707078591
0.744768218476638	5.88398016227944
0.74516820140815	5.88595583969674
0.745568184339663	5.88791070690185
0.745968167271176	5.88984356241991
0.746368150202688	5.89175486498961
0.746768133134201	5.89364580502631
0.747168116065714	5.89551736206363
0.747568098997226	5.89736955194051
0.747968081928739	5.89920046296478
0.748368064860252	5.90100552955523
0.748768047791764	5.90277728069177
0.749168030723277	5.90450527113667
0.74956801365479	5.90617606265112
0.749967996586303	5.90777399301418
0.750367979517815	5.9092822986711
0.750767962449328	5.91068411635623
0.751167945380841	5.91196327083165
0.751567928312353	5.91310512739862
0.751967911243866	5.91409705767908
0.752367894175379	5.9149287619782
0.752767877106891	5.91559258680611
0.753167860038404	5.91608364854445
0.753567842969917	5.9163997410894
0.75396782590143	5.91654117639667
0.754367808832942	5.91651030974406
0.754767791764455	5.91631068621997
0.755167774695968	5.91594621903006
0.75556775762748	5.91542052316903
0.755967740558993	5.91473628702367
0.756367723490506	5.91389496339304
0.756767706422018	5.91289696067526
0.757167689353531	5.91174220530755
0.757567672285044	5.91043114814734
0.757967655216556	5.90896609896266
0.758367638148069	5.90735270349186
0.758767621079582	5.90560122858632
0.759167604011095	5.90372724207202
0.759567586942607	5.90175132402442
0.75996756987412	5.89969781703551
0.760367552805633	5.89759271449573
0.760767535737145	5.89546080298634
0.761167518668658	5.89332253234724
0.761567501600171	5.89119175533553
0.761967484531683	5.8890744549638
0.762367467463196	5.88696839641132
0.762767450394709	5.88486386898161
0.763167433326222	5.88274526569277
0.763567416257734	5.88059280864175
0.763967399189247	5.87838450386968
0.764367382120759	5.87609830145439
0.764767365052272	5.87371381945084
0.765167347983785	5.87121372781938
0.765567330915298	5.86858516550453
0.76596731384681	5.86582055178248
0.766367296778323	5.862917669989
0.766767279709836	5.85987957529788
0.767167262641348	5.85671411085905
0.767567245572861	5.8534325050983
0.767967228504374	5.85004768629468
0.768367211435886	5.84657243417663
0.768767194367399	5.84301726171152
0.769167177298912	5.83938862534636
0.769567160230425	5.8356881514502
0.769967143161937	5.83191274499659
0.77036712609345	5.8280557615637
0.770767109024963	5.82410917596827
0.771167091956475	5.82006625758721
0.771567074887988	5.81592369010767
0.771967057819501	5.81168269461125
0.772367040751013	5.8073489925063
0.772767023682526	5.80293194241489
0.773167006614039	5.79844326111545
0.773566989545551	5.79389566859679
0.773966972477064	5.78930161406727
0.774366955408577	5.78467241977723
0.77476693834009	5.78001782892293
0.775166921271602	5.77534589978422
0.775566904203115	5.77066324086008
0.775966887134628	5.76597556177494
0.77636687006614	5.76128857063083
0.776766852997653	5.75660905755904
0.777166835929166	5.75194573767472
0.777566818860678	5.74730936357306
0.777966801792191	5.74271214659129
0.778366784723704	5.73816654559363
0.778766767655217	5.73368376227817
0.779166750586729	5.72927248588083
0.779566733518242	5.72493849653062
0.779966716449755	5.7206849763904
0.780366699381267	5.71651324399772
0.78076668231278	5.71242359949402
0.781166665244293	5.70841604970927
0.781566648175805	5.70449078243179
0.781966631107318	5.70064862715441
0.782366614038831	5.69689130345323
0.782766596970343	5.69322141853071
0.783166579901856	5.68964215659948
0.783566562833369	5.68615668014188
0.783966545764882	5.68276727793203
0.784366528696394	5.67947468499545
0.784766511627907	5.67627757336984
0.78516649455942	5.67317250502168
0.785566477490932	5.67015441139812
0.785966460422445	5.6672172837267
0.786366443353958	5.66435470339752
0.78676642628547	5.66156022129949
0.787166409216983	5.65882743029236
0.787566392148496	5.65614978516512
0.787966375080009	5.65352038599581
0.788366358011521	5.65093179763128
0.788766340943034	5.64837593170094
0.789166323874547	5.64584395578923
0.789566306806059	5.64332604767829
0.789966289737572	5.64081089243479
0.790366272669085	5.63828529542784
0.790766255600597	5.63573416982411
0.79116623853211	5.63314087720711
0.791566221463623	5.63048796171732
0.791966204395135	5.62775825031451
0.792366187326648	5.6249357870299
0.792766170258161	5.62200637522995
0.793166153189674	5.61895772180837
0.793566136121186	5.61577900089297
0.793966119052699	5.61245999977039
0.794366101984212	5.60899018604897
0.794766084915724	5.60535802483471
0.795166067847237	5.60155055256268
0.79556605077875	5.59755326509194
0.795966033710262	5.59335021177109
0.796366016641775	5.58892401995532
0.796765999573288	5.58425583783445
0.797165982504801	5.5793254087181
0.797565965436313	5.57411142416396
0.797965948367826	5.56859218796928
0.798365931299339	5.56274673953163
0.798765914230851	5.55655627036395
0.799165897162364	5.55000499289765
0.799565880093877	5.54308016336383
0.799965863025389	5.53577170475657
0.800365845956902	5.52807122603873
0.800765828888415	5.51997060512017
0.801165811819927	5.51146091910132
0.80156579475144	5.50253242169556
0.801965777682953	5.49317481264703
0.802365760614466	5.48337794073305
0.802765743545978	5.47313281752243
0.803165726477491	5.46243259574673
0.803565709409004	5.45127332760163
0.803965692340516	5.43965496512683
0.804365675272029	5.4275819753085
0.804765658203542	5.41506348137412
0.805165641135054	5.40211335396188
0.805565624066567	5.3887501602707
0.80596560699808	5.37499643261746
0.806365589929593	5.360877871951
0.806765572861105	5.34642278040977
0.807165555792618	5.33166177850166
0.807565538724131	5.31662724506214
0.807965521655643	5.30135295316494
0.808365504587156	5.28587377557273
0.808765487518669	5.27022501090631
0.809165470450181	5.25444118157155
0.809565453381694	5.23855501833451
0.809965436313207	5.22259660622584
0.810365419244719	5.20659264845927
0.810765402176232	5.19056605801273
0.811165385107745	5.17453619085985
0.811565368039257	5.15851941781007
0.81196535097077	5.1425302574923
0.812365333902283	5.12658310832915
0.812765316833796	5.1106941311812
0.813165299765308	5.09488284622639
0.813565282696821	5.07917336629338
0.813965265628334	5.0635949232983
0.814365248559846	5.04818127377144
0.814765231491359	5.03296936990673
0.815165214422872	5.01799760461266
0.815565197354384	5.00330375953105
0.815965180285897	4.98892272351168
0.81636516321741	4.97488477359852
0.816765146148922	4.96121465639747
0.817165129080435	4.94793145154919
0.817565112011948	4.93504930361498
0.817965094943461	4.92257888161493
0.818365077874973	4.91052887770309
0.818765060806486	4.89890701652559
0.819165043737999	4.88772024798834
0.819565026669511	4.8769742032741
0.819965009601024	4.86667221990671
0.820364992532537	4.85681426333308
0.820764975464049	4.84739622994534
0.821164958395562	4.83840996567155
0.821564941327075	4.82984388821034
0.821964924258588	4.82168383595325
0.8223649071901	4.81391421232496
0.822764890121613	4.80651886115706
0.823164873053126	4.799481637833
0.823564855984638	4.79278688343403
0.823964838916151	4.78641995756909
0.824364821847664	4.78036749552103
0.824764804779176	4.77461782381919
0.825164787710689	4.76916131302291
0.825564770642202	4.76399037973578
0.825964753573714	4.75909917882462
0.826364736505227	4.7544832636013
0.82676471943674	4.75013898755505
0.827164702368253	4.74606277689025
0.827564685299765	4.74225033623842
0.827964668231278	4.7386961552922
0.828364651162791	4.73539327457503
0.828764634094303	4.73233373090074
0.829164617025816	4.72950947451683
0.829564599957329	4.72691345497012
0.829964582888841	4.72454022791757
0.830364565820354	4.72238601139317
0.830764548751867	4.72044811008431
0.83116453168338	4.7187239236211
0.831564514614892	4.71720985899403
0.831964497546405	4.71590069243361
0.832364480477918	4.71478952592779
0.83276446340943	4.71386835818006
0.833164446340943	4.71312886503362
0.833564429272456	4.71256286806848
0.833964412203968	4.71216235897463
0.834364395135481	4.71191932302189
0.834764378066994	4.71182537994852
0.835164360998506	4.7118713578114
0.835564343930019	4.71204733589552
0.835964326861532	4.71234298221579
0.836364309793045	4.71274785579748
0.836764292724557	4.7132514905201
0.83716427565607	4.71384344271458
0.837564258587583	4.71451296923203
0.837964241519095	4.71524909219294
0.838364224450608	4.71604137934559
0.838764207382121	4.71688102104869
0.839164190313633	4.71776185391929
0.839564173245146	4.71868179443991
0.839964156176659	4.71964381271952
0.840364139108172	4.72065607956024
0.840764122039684	4.72173144090766
0.841164104971197	4.722886391731
0.84156408790271	4.72413920438025
0.841964070834222	4.72550795133553
0.842364053765735	4.72700880260441
0.842764036697248	4.72865471775431
0.84316401962876	4.73045461684829
0.843564002560273	4.73241337312467
0.843963985491786	4.73453211784014
0.844363968423298	4.7368087933313
0.844763951354811	4.73923870568579
0.845163934286324	4.74181499286445
0.845563917217837	4.74452894612111
0.845963900149349	4.74737038496834
0.846363883080862	4.75032817890618
0.846763866012375	4.7533913454567
0.847163848943887	4.75655033042522
0.8475638318754	4.75979833279399
0.847963814806913	4.76313228271679
0.848363797738425	4.76655326959081
0.848763780669938	4.77006593098368
0.849163763601451	4.77367726591935
0.849563746532964	4.77739479690211
0.849963729464476	4.78122441724956
0.850363712395989	4.78516840062635
0.850763695327502	4.78922416672257
0.851163678259014	4.79338364144744
0.851563661190527	4.79763343828175
0.85196364412204	4.80195581575896
0.852363627053552	4.80633003161981
0.852763609985065	4.81073364063924
0.853163592916578	4.81514378840076
0.85356357584809	4.81953789473933
0.853963558779603	4.82389379614108
0.854363541711116	4.82818923223291
0.854763524642629	4.8324006598654
0.855163507574141	4.83650185655838
0.855563490505654	4.84046292355281
0.855963473437167	4.84424960049829
0.856363456368679	4.84782335017335
0.856763439300192	4.85114246224829
0.857163422231705	4.85416359953953
0.857563405163217	4.85684327526349
0.85796338809473	4.85913918242075
0.858363371026243	4.8610108945521
0.858763353957755	4.86241993578686
0.859163336889268	4.86332979512908
0.859563319820781	4.86370611131405
0.859963302752294	4.86351701177975
0.860363285683806	4.86273414070642
0.860763268615319	4.86133398206508
0.861163251546832	4.85929872578453
0.861563234478344	4.8566166874478
0.861963217409857	4.85328234985375
0.86236320034137	4.8492955960103
0.862763183272882	4.84466044885949
0.863163166204395	4.83938385578697
0.863563149135908	4.8334748027488
0.86396313206742	4.82694380998582
0.864363114998933	4.8198027770048
0.864763097930446	4.81206497901552
0.865163080861959	4.80374488355938
0.865563063793471	4.79485771593701
0.865963046724984	4.78541869769796
0.866363029656497	4.77544218298763
0.866763012588009	4.76494126426513
0.867162995519522	4.75392798942566
0.867562978451035	4.7424140282199
0.867962961382547	4.73041144388066
0.86836294431406	4.71793353158735
0.868762927245573	4.70499545221081
0.869162910177086	4.69161454808115
0.869562893108598	4.67781039683296
0.869962876040111	4.66360521306714
0.870362858971624	4.64902467300371
0.870762841903136	4.63409894417465
0.871162824834649	4.61886348558262
0.871562807766162	4.60335909799689
0.871962790697674	4.58763079989171
0.872362773629187	4.57172563532988
0.8727627565607	4.55568966507025
0.873162739492212	4.53956513781442
0.873562722423725	4.52338850351744
0.873962705355238	4.50718983619772
0.874362688286751	4.49099346267715
0.874762671218263	4.47481962755868
0.875162654149776	4.45868672629861
0.875562637081289	4.44261347200214
0.875962620012801	4.42661999560792
0.876362602944314	4.41072781363958
0.876762585875827	4.39495876878788
0.877162568807339	4.37933332754581
0.877562551738852	4.36386896532797
0.877962534670365	4.3485797436371
0.878362517601878	4.33347691564322
0.87876250053339	4.31857044188111
0.879162483464903	4.3038710309093
0.879562466396416	4.28939199214959
0.879962449327928	4.27514987819447
0.880362432259441	4.26116419776498
0.880762415190954	4.24745642523343
0.881162398122466	4.23404851022249
0.881562381053979	4.2209614297584
0.881962363985492	4.20821447207413
0.882362346917004	4.19582491948791
0.882762329848517	4.18380768337223
0.88316231278003	4.17217481611098
0.883562295711543	4.16093489528349
0.883962278643055	4.15009208297578
0.884362261574568	4.13964536216028
0.884762244506081	4.12958849188033
0.885162227437593	4.11991070108877
0.885562210369106	4.11059784800048
0.885962193300619	4.10163397351594
0.886362176232131	4.09300275973618
0.886762159163644	4.08468860702741
0.887162142095157	4.07667714904061
0.88756212502667	4.06895523554223
0.887962107958182	4.06151048689077
0.888362090889695	4.05433071945105
0.888762073821208	4.04740353534641
0.88916205675272	4.0407163608111
0.889562039684233	4.03425689181853
0.889962022615746	4.02801373005088
0.890362005547258	4.02300755211013
0.890761988478771	4.01825538200655
0.891161971410284	4.0137480662391
0.891561954341796	4.00946163812824
0.891961937273309	4.00536587135341
0.892361920204822	4.00142971775995
0.892761903136335	3.99762443482951
0.893161886067847	3.99392509709219
0.89356186899936	3.99031109478575
0.893961851930873	3.98676606312531
0.894361834862385	3.98327750981158
0.894761817793898	3.97983630392977
0.895161800725411	3.97643615343282
0.895561783656923	3.97307309520301
0.895961766588436	3.96974502219073
0.896361749519949	3.96645127418548
0.896761732451462	3.96319229710842
0.897161715382974	3.95996936185483
0.897561698314487	3.95678436124598
0.897961681246	3.95363967013606
0.898361664177512	3.95053804055811
0.898761647109025	3.94748252240722
0.899161630040538	3.94447638876784
0.89956161297205	3.94152305438865
0.899961595903563	3.93862599478727
0.900361578835076	3.9357886680029
0.900761561766588	3.93301444861076
0.901161544698101	3.93030658164083
0.901561527629614	3.92766814631458
0.901961510561127	3.92510202120963
0.902361493492639	3.92261085838766
0.902761476424152	3.92019705921252
0.903161459355665	3.91786275370416
0.903561442287177	3.91560980664991
0.90396142521869	3.91343984379801
0.904361408150203	3.911354292804
0.904761391081715	3.90935443389718
0.905161374013228	3.90744145029608
0.905561356944741	3.90561646180804
0.905961339876253	3.90388054280428
0.906361322807766	3.90223472645219
0.906761305739279	3.90067999363351
0.907161288670791	3.89921726028171
0.907561271602304	3.89784736503561
0.907961254533817	3.89657105736927
0.90836123746533	3.89538899080364
0.908761220396842	3.89430172815416
0.909161203328355	3.89330975417838
0.909561186259868	3.89241349615087
0.90996116919138	3.89161334923023
0.910361152122893	3.89090970217892
0.910761135054406	3.89030295945751
0.911161117985918	3.88979355236301
0.911561100917431	3.88938193488226
0.911961083848944	3.88906856741578
0.912361066780457	3.88885389656697
0.912761049711969	3.88873833239316
0.913161032643482	3.88872222676847
0.913561015574995	3.88880585939831
0.913960998506507	3.88898943287324
0.91436098143802	3.88927307115642
0.914760964369533	3.88965681905377
0.915160947301045	3.89014064290247
0.915560930232558	3.89072443356371
0.915960913164071	3.89140801267095
0.916360896095583	3.89219114573864
0.916760879027096	3.89307356122553
0.917160861958609	3.89405497556023
0.917560844890122	3.89513511889402
0.917960827821634	3.89631375608022
0.918360810753147	3.89759069280458
0.91876079368466	3.89896576569898
0.919160776616172	3.90043882142247
0.919560759547685	3.902009687944
0.919960742479198	3.90367814435069
0.92036072541071	3.9054438973678
0.920760708342223	3.90730657145973
0.921160691273736	3.9092657099897
0.921560674205249	3.91132078437293
0.921960657136761	3.91347121168986
0.922360640068274	3.91571637525657
0.922760622999787	3.91805563838103
0.923160605931299	3.92048835016588
0.923560588862812	3.92301384219892
0.923960571794325	3.92563141467796
0.924360554725837	3.92834031936226
0.92476053765735	3.93113975167107
0.925160520588863	3.93402885188926
0.925560503520375	3.93700671587491
0.925960486451888	3.94007241789668
0.926360469383401	3.94322504025615
0.926760452314914	3.94646369680045
0.927160435246426	3.9497875486168
0.927560418177939	3.95319581356195
0.927960401109452	3.95668776772944
0.928360384040964	3.96026273994251
0.928760366972477	3.96392010798014
0.92916034990399	3.96765929273099
0.929560332835502	3.97147974228224
0.929960315767015	3.9753809096884
0.930360298698528	3.9793622294995
0.930760281630041	3.9834230909157
0.931160264561553	3.98756281387208
0.931560247493066	3.99178064363273
0.931960230424579	3.99607576192867
0.932360213356091	4.00044730617238
0.932760196287604	4.00489439448961
0.933160179219117	4.00941614901211
0.933560162150629	4.0140117090535
0.933960145082142	4.01868023442406
0.934360128013655	4.02342090040953
0.934760110945167	4.02823288411228
0.93516009387668	4.0331153462181
0.935560076808193	4.03806741868275
0.935960059739706	4.04308820461449
0.936360042671218	4.04817679776718
0.936760025602731	4.05333232695868
