0	1.20631506588837
0.000399982922768219	1.20451568810949
0.000799965845536439	1.20277580626653
0.00119994876830466	1.2010950820406
0.00159993169107288	1.19947312076141
0.0019999146138411	1.19790944395756
0.00239989753660932	1.19640347718301
0.00279988045937753	1.19495455032065
0.00319986338214575	1.19356190853692
0.00359984630491397	1.19222474173236
0.00399982922768219	1.19094222109963
0.00439981215045041	1.18971353386805
0.00479979507321863	1.1885379130011
0.00519977799598685	1.18741465105852
0.00559976091875507	1.18634309774034
0.00599974384152329	1.18532264737244
0.00639972676429151	1.18435272041194
0.00679970968705973	1.18343274285718
0.00719969260982795	1.18256213113771
0.00759967553259617	1.18174028612092
0.00799965845536438	1.1809665924904
0.0083996413781326	1.18024042329821
0.00879962430090082	1.17956114540332
0.00919960722366904	1.17892812710058
0.00959959014643726	1.1783407416947
0.00999957306920548	1.17779836900358
0.0103995559919737	1.17730039584835
0.0107995389147419	1.1768462196038
0.0111995218375101	1.17643524896642
0.0115995047602784	1.17606690616318
0.0119994876830466	1.17574062843004
0.0123994706058148	1.17545586721221
0.012799453528583	1.17521208068422
0.0131994364513512	1.1750087256639
0.0135994193741195	1.17484524780846
0.0139994022968877	1.17472107629189
0.0143993852196559	1.17463562281593
0.0147993681424241	1.17458828601685
0.0151993510651923	1.17457845795472
0.0155993339879606	1.17460553321076
0.0159993169107288	1.17466891519317
0.016399299833497	1.1747680191788
0.0167992827562652	1.17490227238515
0.0171992656790334	1.17507111310691
0.0175992486018016	1.17527399044092
0.0179992315245699	1.17551036760365
0.0183992144473381	1.17577972762745
0.0187991973701063	1.17608158040049
0.0191991802928745	1.17641546815811
0.0195991632156427	1.17678096783878
0.019999146138411	1.17717768863145
0.0203991290611792	1.17760526670869
0.0207991119839474	1.1780633560697
0.0211990949067156	1.17855161826461
0.0215990778294838	1.17906971426638
0.0219990607522521	1.17961730369839
0.0223990436750203	1.18019404921854
0.0227990265977885	1.18079962499242
0.0231990095205567	1.18143372726273
0.0235989924433249	1.18209608646586
0.0239989753660932	1.18278647497807
0.0243989582888614	1.18350471247592
0.0247989412116296	1.18425067091731
0.0251989241343978	1.18502428047631
0.025598907057166	1.18582553178393
0.0259988899799343	1.18665447796075
0.0263988729027025	1.18751123446441
0.0267988558254707	1.18839597554285
0.0271988387482389	1.18930892706941
0.0275988216710071	1.19025035827926
0.0279988045937753	1.19122057074245
0.0283987875165436	1.19221988915349
0.0287987704393118	1.19324865851016
0.02919875336208	1.19430724488368
0.0295987362848482	1.19539603839924
0.0299987192076164	1.19651546096493
0.0303987021303847	1.19766597297105
0.0307986850531529	1.19884807491049
0.0311986679759211	1.20006230448766
0.0315986508986893	1.2013092318763
0.0319986338214575	1.20258945455003
0.0323986167442258	1.2039035992988
0.032798599666994	1.20525233238882
0.0331985825897622	1.20663637895577
0.0335985655125304	1.20805655232514
0.0339985484352986	1.20951378251831
0.0343985313580669	1.21100913518046
0.0347985142808351	1.21254382597807
0.0351984972036033	1.21411923057515
0.0355984801263715	1.21573688549691
0.0359984630491397	1.21739848780205
0.036398445971908	1.21910590297508
0.0367984288946762	1.22086117258758
0.0371984118174444	1.22266652108335
0.0375983947402126	1.22452436300719
0.0379983776629808	1.22643730752294
0.0383983605857491	1.22840815751972
0.0387983435085173	1.23043990837555
0.0391983264312855	1.23253574203488
0.0395983093540537	1.2346990092299
0.0399982922768219	1.23693319717533
0.0403982751995901	1.23924187801733
0.0407982581223584	1.24162862226822
0.0411982410451266	1.24409685560878
0.0415982239678948	1.24664964665779
0.041998206890663	1.24928940764093
0.0423981898134312	1.25201747627256
0.0427981727361995	1.25483355283659
0.0431981556589677	1.25773498138235
0.0435981385817359	1.26071586588408
0.0439981215045041	1.26376603163724
0.0443981044272723	1.26686990016655
0.0447980873500406	1.27000542841352
0.0451980702728088	1.27314341246502
0.045598053195577	1.27624771949023
0.0459980361183452	1.27927735038782
0.0463980190411134	1.28219162569142
0.0467980019638817	1.28496025677058
0.0471979848866499	1.28616571317799
0.0475979678094181	1.28713068329246
0.0479979507321863	1.28786452017491
0.0483979336549545	1.28837675808334
0.0487979165777227	1.28867621128128
0.049197899500491	1.28877028984986
0.0495978824232592	1.28866472792536
0.0499978653460274	1.28836357693249
0.0503978482687956	1.28786964902784
0.0507978311915638	1.28718522189994
0.0511978141143321	1.28631271647024
0.0515977970371003	1.28525528301653
0.0519977799598685	1.2840170690693
0.0523977628826367	1.28260298772322
0.0527977458054049	1.28101812797279
0.0531977287281732	1.27926703609974
0.0535977116509414	1.27735290859836
0.0539976945737096	1.27527709155889
0.0543976774964778	1.27303913019903
0.054797660419246	1.27063717680869
0.0551976433420143	1.26806868771033
0.0555976262647825	1.26533123773233
0.0559976091875507	1.26242319992341
0.0563975921103189	1.25934403550726
0.0567975750330871	1.25609442593726
0.0571975579558554	1.25267622455181
0.0575975408786236	1.24909242155715
0.0579975238013918	1.24534704666775
0.05839750672416	1.2414451254384
0.0587974896469282	1.2373925861579
0.0591974725696965	1.23319611606635
0.0595974554924647	1.22886279445799
0.0599974384152329	1.22439979031801
0.0603974213380011	1.21981401747148
0.0607974042607693	1.21511188342255
0.0611973871835375	1.21029920279101
0.0615973701063058	1.20538125149209
0.061997353029074	1.2003626647536
0.0623973359518422	1.19524731672984
0.0627973188746104	1.19003819456585
0.0631973017973786	1.18473727318716
0.0635972847201469	1.17934549019058
0.0639972676429151	1.17386307229956
0.0643972505656833	1.16829009897035
0.0647972334884515	1.16262725070575
0.0651972164112197	1.15687653287009
0.065597199333988	1.15104176461416
0.0659971822567562	1.14512868736445
0.0663971651795244	1.13914471324712
0.0667971481022926	1.133098287138
0.0671971310250608	1.12699810685711
0.0675971139478291	1.12085234314091
0.0679970968705973	1.1146679927588
0.0683970797933655	1.10845047480054
0.0687970627161337	1.10220370996097
0.0691970456389019	1.0959304556127
0.0695970285616701	1.08963272226242
0.0699970114844384	1.0833121610374
0.0703969944072066	1.07697037030558
0.0707969773299748	1.07060898065304
0.071196960252743	1.06422974237883
0.0715969431755113	1.05783483150915
0.0719969260982795	1.05142737947664
0.0723969090210477	1.04501203472606
0.0727968919438159	1.03859558357132
0.0731968748665841	1.03218748108386
0.0735968577893523	1.02579996587582
0.0739968407121206	1.01944768788733
0.0743968236348888	1.01314700655844
0.074796806557657	1.0069149959157
0.0751967894804252	1.00076836767115
0.0755967724031934	0.994722745342429
0.0759967553259617	0.988792369872024
0.0763967382487299	0.982990164600855
0.0767967211714981	0.977328127154235
0.0771967040942663	0.971817667197604
0.0775966870170345	0.966469621175123
0.0779966699398028	0.96129386157355
0.078396652862571	0.956298694519653
0.0787966357853392	0.951490134674421
0.0791966187081074	0.946871402529539
0.0795966016308756	0.942442860662026
0.0799965845536438	0.938202534256313
0.0803965674764121	0.934147171330273
0.0807965503991803	0.930273352941905
0.0811965333219485	0.92657831222993
0.0815965162447167	0.923060563926064
0.0819964991674849	0.919720288449337
0.0823964820902532	0.916559380042955
0.0827964650130214	0.913581442799069
0.0831964479357896	0.910791945024379
0.0835964308585578	0.908198245730209
0.0839964137813261	0.90580945094411
0.0843963967040943	0.903635974924992
0.0847963796268625	0.901688669665515
0.0851963625496307	0.899977774365385
0.0855963454723989	0.898511934418119
0.0859963283951671	0.897297434319322
0.0863963113179354	0.896337897893893
0.0867962942407036	0.895634655969638
0.0871962771634718	0.895187500571788
0.08759626008624	0.894995543527791
0.0879962430090082	0.895057726076319
0.0883962259317765	0.89537276582024
0.0887962088545447	0.89593870485035
0.0891961917773129	0.89675226369884
0.0895961747000811	0.89780808763241
0.0899961576228493	0.899098319340537
0.0903961405456176	0.900612837061886
0.0907961234683858	0.902339993541513
0.091196106391154	0.904267602286447
0.0915960893139222	0.906384000071088
0.0919960722366904	0.908678766865386
0.0923960551594586	0.911143011672526
0.0927960380822269	0.913769400442752
0.0931960210049951	0.916551811522368
0.0935960039277633	0.91948478050314
0.0939959868505315	0.922563284470801
0.0943959697732997	0.925782798043156
0.094795952696068	0.929139357656971
0.0951959356188362	0.932629657322537
0.0955959185416044	0.936250978479817
0.0959959014643726	0.940000897140492
0.0963958843871408	0.943876878784435
0.0967958673099091	0.947875888151125
0.0971958502326773	0.951993887946158
0.0975958331554455	0.956225582646138
0.0979958160782137	0.960564373014044
0.0983957990009819	0.965002319606636
0.0987957819237502	0.969529879773916
0.0991957648465184	0.974135671648072
0.0995957477692866	0.978806454911751
0.0999957306920548	0.983527535584018
0.100395713614823	0.988283499026845
0.100795696537591	0.993059097803986
0.101195679460359	0.997840239634067
0.101595662383128	1.00261459069174
0.101995645305896	1.00737141471258
0.102395628228664	1.01210081775436
0.102795611151432	1.01679270515649
0.103195594074201	1.0214356174851
0.103595576996969	1.02601602413683
0.103995559919737	1.03051820921077
0.104395542842505	1.03492469371944
0.104795525765273	1.03921714206672
0.105195508688042	1.0433775814867
0.10559549161081	1.04738931049744
0.105995474533578	1.05123739498516
0.106395457456346	1.05490884419864
0.106795440379115	1.05839254796897
0.107195423301883	1.0616788159956
0.107595406224651	1.06475901247335
0.107995389147419	1.06762555150603
0.108395372070187	1.07027223980708
0.108795354992956	1.07269456189453
0.109195337915724	1.07489001800815
0.109595320838492	1.07685829123932
0.10999530376126	1.07860116918113
0.110395286684029	1.08012210187909
0.110795269606797	1.08142573910635
0.111195252529565	1.08251761992275
0.111595235452333	1.08340431850493
0.111995218375101	1.08409365856213
0.11239520129787	1.08459474512336
0.112795184220638	1.08491778616941
0.113195167143406	1.08507385189291
0.113595150066174	1.08507421942789
0.113995132988942	1.08492953274812
0.114395115911711	1.08464908596381
0.114795098834479	1.08424061977338
0.115195081757247	1.08371055525436
0.115595064680015	1.08306461988395
0.115995047602784	1.08230852740243
0.116395030525552	1.08144872688527
0.11679501344832	1.08049287923589
0.117194996371088	1.07944989543355
0.117594979293856	1.07832962861731
0.117994962216625	1.07714235297576
0.118394945139393	1.07589818158887
0.118794928062161	1.07460676648543
0.119194910984929	1.07327699291674
0.119594893907698	1.0719167364088
0.119994876830466	1.07053302311061
0.120394859753234	1.06913232591431
0.120794842676002	1.06772059487926
0.12119482559877	1.06630348768676
0.121594808521539	1.06488662037673
0.121994791444307	1.0634755884206
0.122394774367075	1.0620759107532
0.122794757289843	1.06069310579018
0.123194740212612	1.05933255728334
0.12359472313538	1.05799947019372
0.123994706058148	1.05669890278396
0.124394688980916	1.05543576957124
0.124794671903684	1.054214781974
0.125194654826453	1.05304046400634
0.125594637749221	1.05191696586425
0.125994620671989	1.05084792635206
0.126394603594757	1.04983643255092
0.126794586517526	1.04888504278908
0.127194569440294	1.04799586985368
0.127594552363062	1.0471707507063
0.12799453528583	1.04641132623284
0.128394518208598	1.04571908852969
0.128794501131367	1.04509536615064
0.129194484054135	1.04454129408589
0.129594466976903	1.04405782885301
0.129994449899671	1.04364595903532
0.130394432822439	1.0433070048211
0.130794415745208	1.04304289806587
0.131194398667976	1.0428563506334
0.131594381590744	1.04275091855031
0.131994364513512	1.04273102259703
0.132394347436281	1.04280183389656
0.132794330359049	1.04296916361669
0.133194313281817	1.04323939428188
0.133594296204585	1.043619351822
0.133994279127353	1.04411598117742
0.134394262050122	1.04473595420165
0.13479424497289	1.04548505509221
0.135194227895658	1.04636743473873
0.135594210818426	1.04738496899043
0.135994193741195	1.04853677395882
0.136394176663963	1.04981883904958
0.136794159586731	1.05122410334138
0.137194142509499	1.05274283935538
0.137594125432267	1.05436305386716
0.137994108355036	1.05607088397822
0.138394091277804	1.0578511673156
0.138794074200572	1.05968796699244
0.13919405712334	1.06156522445994
0.139594040046109	1.06346752739217
0.139994022968877	1.06538077934413
0.140394005891645	1.06729273706907
0.140793988814413	1.06919342727231
0.141193971737181	1.07107510399744
0.14159395465995	1.07293191913305
0.141993937582718	1.07475960092502
0.142393920505486	1.07655500757927
0.142793903428254	1.0783156586882
0.143193886351023	1.08003952807308
0.143593869273791	1.08172503800895
0.143993852196559	1.08337133434792
0.144393835119327	1.0849787178654
0.144793818042095	1.08654882688326
0.145193800964864	1.08808461038315
0.145593783887632	1.0895902720752
0.1459937668104	1.091070838437
0.146393749733168	1.09253138693958
0.146793732655936	1.09397639589675
0.147193715578705	1.0954092213199
0.147593698501473	1.09683173907817
0.147993681424241	1.09824436109711
0.148393664347009	1.09964629343695
0.148793647269778	1.10103594581073
0.149193630192546	1.10241166288
0.149593613115314	1.10377246424184
0.149993596038082	1.10511859573233
0.15039357896085	1.10645211450713
0.150793561883619	1.10777745336891
0.151193544806387	1.10910151295116
0.151593527729155	1.11043337973692
0.151993510651923	1.11178367145792
0.152393493574692	1.1131635268401
0.15279347649746	1.11458345612674
0.153193459420228	1.11605246740639
0.153593442342996	1.11757757214435
0.153993425265764	1.11916380248957
0.154393408188533	1.12081461890232
0.154793391111301	1.12253257984398
0.155193374034069	1.12431998159225
0.155593356956837	1.12617929858849
0.155993339879606	1.12811327459539
0.156393322802374	1.13012478832072
0.156793305725142	1.13221656139651
0.15719328864791	1.13439094432983
0.157593271570678	1.13664980605514
0.157993254493447	1.13899455986513
0.158393237416215	1.14142622307416
0.158793220338983	1.1439454353159
0.159193203261751	1.14655238559406
0.159593186184519	1.14924663067847
0.159993169107288	1.15202686790873
0.160393152030056	1.15489075792224
0.160793134952824	1.15783473165492
0.161193117875592	1.16085381742122
0.161593100798361	1.16394145595058
0.161993083721129	1.16708945350705
0.162393066643897	1.17028795658208
0.162793049566665	1.17352552684951
0.163193032489433	1.17678923072521
0.163593015412202	1.18006473954469
0.16399299833497	1.18333623329405
0.164392981257738	1.18658633367617
0.164792964180506	1.18979596122178
0.165192947103275	1.19294425806611
0.165592930026043	1.19600883829502
0.165992912948811	1.19896648391157
0.166392895871579	1.20179404861346
0.166792878794347	1.20446971087593
0.167192861717116	1.20697407306345
0.167592844639884	1.20929073403873
0.167992827562652	1.21140636120359
0.16839281048542	1.21331046552196
0.168792793408189	1.21499477413801
0.169192776330957	1.21645266230937
0.169592759253725	1.21767910664715
0.169992742176493	1.21867104469552
0.170392725099261	1.21942779564063
0.17079270802203	1.2199514155402
0.171192690944798	1.22024677776513
0.171592673867566	1.22032120931305
0.171992656790334	1.22018390347727
0.172392639713103	1.21984537020045
0.172792622635871	1.21931705961289
0.173192605558639	1.21861133693759
0.173592588481407	1.21774182865936
0.173992571404175	1.21672382817308
0.174392554326944	1.21557438788305
0.174792537249712	1.21431212648097
0.17519252017248	1.21295690502801
0.175592503095248	1.21152934961316
0.175992486018016	1.21005041417068
0.176392468940785	1.20854132540904
0.176792451863553	1.20702383729657
0.177192434786321	1.20552049591022
0.177592417709089	1.20405477827076
0.177992400631858	1.20265093204586
0.178392383554626	1.20133333818483
0.178792366477394	1.20012552535552
0.179192349400162	1.19904889658666
0.17959233232293	1.19812137545545
0.179992315245699	1.19735638345743
0.180392298168467	1.19676253842914
0.180792281091235	1.19634391601588
0.181192264014003	1.19610081859797
0.181592246936772	1.19603091639786
0.18199222985954	1.19613041200823
0.182392212782308	1.19639483809799
0.182792195705076	1.1968195464312
0.183192178627844	1.19739978289012
0.183592161550613	1.19813051223523
0.183992144473381	1.19900620384365
0.184392127396149	1.20002090455352
0.184792110318917	1.20116840324245
0.185192093241686	1.20244261886074
0.185592076164454	1.20383796528448
0.185992059087222	1.20534957904906
0.18639204200999	1.20697330451567
0.186792024932758	1.20870561990223
0.187192007855527	1.21054347476232
0.187591990778295	1.21248415855937
0.187991973701063	1.2145252835089
0.188391956623831	1.21666500424107
0.188791939546599	1.21890229319205
0.189191922469368	1.22123719726412
0.189591905392136	1.22367100870573
0.189991888314904	1.22620620838584
0.190391871237672	1.22884612116076
0.190791854160441	1.23159449552607
0.191191837083209	1.23445525977689
0.191591820005977	1.23743239591315
0.191991802928745	1.2405300564107
0.192391785851513	1.24375264392861
0.192791768774282	1.2471046603061
0.19319175169705	1.25059017764634
0.193591734619818	1.25421214105518
0.193991717542586	1.25797141947737
0.194391700465355	1.26186596816595
0.194791683388123	1.2658904220565
0.195191666310891	1.27003609111849
0.195591649233659	1.27429116421362
0.195991632156427	1.27864123675316
0.196391615079196	1.28306988174268
0.196791598001964	1.2875591218388
0.197191580924732	1.29208995914465
0.1975915638475	1.2966429117109
0.197991546770269	1.3011983865132
0.198391529693037	1.30573715318834
0.198791512615805	1.31024079902838
0.199191495538573	1.31469186818003
0.199591478461341	1.31907391088737
0.19999146138411	1.32337165464114
0.200391444306878	1.32757119930963
0.200791427229646	1.33166014178951
0.201191410152414	1.33562781820168
0.201591393075183	1.33946530021481
0.201991375997951	1.34316511586899
0.202391358920719	1.34672083099601
0.202791341843487	1.35012669526594
0.203191324766255	1.35337729631955
0.203591307689024	1.35646767945684
0.203991290611792	1.3593938599257
0.20439127353456	1.36215346942791
0.204791256457328	1.36474631435238
0.205191239380096	1.36717476475539
0.205591222302865	1.36944361233896
0.205991205225633	1.37155934269452
0.206391188148401	1.3735290880392
0.206791171071169	1.37535977392223
0.207191153993938	1.37705755727257
0.207591136916706	1.37862766793037
0.207991119839474	1.38007452970531
0.208391102762242	1.38140205986158
0.20879108568501	1.38261398049659
0.209191068607779	1.38371410976591
0.209591051530547	1.38470649351329
0.209991034453315	1.38559568790933
0.210391017376083	1.38638716135349
0.210791000298852	1.38708784921014
0.21119098322162	1.38770677077782
0.211590966144388	1.38825539328938
0.211990949067156	1.38874743749024
0.212390931989924	1.38919840441894
0.212790914912693	1.38962447109027
0.213190897835461	1.39004091078956
0.213590880758229	1.39046077788309
0.213990863680997	1.39089409906668
0.214390846603766	1.39134721874477
0.214790829526534	1.39182273633256
0.215190812449302	1.39231995243044
0.21559079537207	1.39283549046636
0.215990778294838	1.39336408297266
0.216390761217607	1.39389961138039
0.216790744140375	1.39443593405654
0.217190727063143	1.39496765730425
0.217590709985911	1.3954908100107
0.21799069290868	1.39600308403108
0.218390675831448	1.39650368948227
0.218790658754216	1.39699302281482
0.219190641676984	1.39747210753987
0.219590624599752	1.39794211986369
0.219990607522521	1.39840421222653
0.220390590445289	1.39885944369219
0.220790573368057	1.3993089130431
0.221190556290825	1.39975388116313
0.221590539213593	1.40019557062398
0.221990522136362	1.4006347755659
0.22239050505913	1.40107144508558
0.222790487981898	1.40150414083037
0.223190470904666	1.40192963787686
0.223590453827435	1.40234277445781
0.223990436750203	1.40273650143062
0.224390419672971	1.40310209578962
0.224790402595739	1.40342953965879
0.225190385518507	1.40370785878817
0.225590368441276	1.40392556042705
0.225990351364044	1.40407099219408
0.226390334286812	1.4041327147721
0.22679031720958	1.40409983672232
0.227190300132349	1.40396241173388
0.227590283055117	1.40371173482505
0.227990265977885	1.40334072846322
0.228390248900653	1.40284417623171
0.228790231823421	1.40221880511013
0.22919021474619	1.40146332037467
0.229590197668958	1.40057846480774
0.229990180591726	1.39956683979678
0.230390163514494	1.3984327365091
0.230790146437263	1.39718190649216
0.231190129360031	1.39582130333756
0.231590112282799	1.39435864014105
0.231990095205567	1.39280190429052
0.232390078128335	1.39115858602954
0.232790061051104	1.3894349124108
0.233190043973872	1.38763528419999
0.23359002689664	1.38576211996689
0.233990009819408	1.38381615732139
0.234389992742176	1.38179726095881
0.234789975664945	1.37970531773823
0.235189958587713	1.3775411271221
0.235589941510481	1.37530699006557
0.235989924433249	1.37300696126421
0.236389907356018	1.37064670684844
0.236789890278786	1.36823315364496
0.237189873201554	1.36577400944802
0.237589856124322	1.36327762901515
0.23798983904709	1.36075313423539
0.238389821969859	1.35821051310642
0.238789804892627	1.35566057321823
0.239189787815395	1.35311485787662
0.239589770738163	1.35058520085515
0.239989753660932	1.348083093551
0.2403897365837	1.34561926678007
0.240789719506468	1.34320367225193
0.241189702429236	1.34084572093838
0.241589685352004	1.33855476585568
0.241989668274773	1.33634049368408
0.242389651197541	1.33421303681927
0.242789634120309	1.33218281160901
0.243189617043077	1.33026016739619
0.243589599965846	1.32845494522767
0.243989582888614	1.32677608886811
0.244389565811382	1.32523151918034
0.24478954873415	1.32382817108306
0.245189531656918	1.3225719894848
0.245589514579687	1.3214676318272
0.245989497502455	1.32051805979077
0.246389480425223	1.31972405664486
0.246789463347991	1.31908378450162
0.24718944627076	1.31859239670665
0.247589429193528	1.31824201592572
0.247989412116296	1.31802195996492
0.248389395039064	1.31791917091072
0.248789377961832	1.31791884445153
0.249189360884601	1.31800529965922
0.249589343807369	1.31816284242812
0.249989326730137	1.31837654677968
0.250389309652905	1.31863288324163
0.250789292575674	1.31892019245423
0.251189275498442	1.31922874183461
0.25158925842121	1.3195506334173
0.251989241343978	1.31987941150335
0.252389224266746	1.32020930213629
0.252789207189515	1.32053436420757
0.253189190112283	1.32084783113825
0.253589173035051	1.321141549589
0.253989155957819	1.3214057004802
0.254389138880587	1.32162903721857
0.254789121803356	1.32179951968445
0.255189104726124	1.32190501108267
0.255589087648892	1.32193401294667
0.25598907057166	1.32187623097693
0.256389053494429	1.32172298230301
0.256789036417197	1.32146741237288
0.257189019339965	1.32110465333156
0.257589002262733	1.32063179215972
0.257988985185501	1.32004785057274
0.25838896810827	1.31935361585177
0.258788951031038	1.31855132057682
0.259188933953806	1.3176442329779
0.259588916876574	1.31663631884128
0.259988899799343	1.31553218675537
0.260388882722111	1.31433739257651
0.260788865644879	1.31305874650684
0.261188848567647	1.31170435847215
0.261588831490415	1.31028341598039
0.261988814413184	1.30880569239095
0.262388797335952	1.30728084682386
0.26278878025872	1.30571788560682
0.263188763181488	1.30412510717005
0.263588746104256	1.30251044009134
0.263988729027025	1.30088185941308
0.264388711949793	1.29924758700365
0.264788694872561	1.29761586592177
0.265188677795329	1.29599414158605
0.265588660718098	1.29438796288817
0.265988643640866	1.29279998379134
0.266388626563634	1.29122945769411
0.266788609486402	1.28967235685534
0.26718859240917	1.28812216507661
0.267588575331939	1.28657096145906
0.267988558254707	1.28501042109808
0.268388541177475	1.28343263158888
0.268788524100243	1.28183067404146
0.269188507023012	1.28019892849418
0.26958848994578	1.27853316994016
0.269988472868548	1.27683062854456
0.270388455791316	1.27509005626077
0.270788438714084	1.27331160910359
0.271188421636853	1.27149652186557
0.271588404559621	1.26964677799876
0.271988387482389	1.26776505147879
0.272388370405157	1.26585479802663
0.272788353327926	1.26392036096354
0.273188336250694	1.26196706223009
0.273588319173462	1.26000109575001
0.27398830209623	1.25802912268077
0.274388285018998	1.25605758418649
0.274788267941767	1.25409189146822
0.275188250864535	1.25213587210137
0.275588233787303	1.25019182603543
0.275988216710071	1.2482609345154
0.27638819963284	1.24634380944142
0.276788182555608	1.24444109477826
0.277188165478376	1.24255383861709
0.277588148401144	1.24068340842708
0.277988131323912	1.2388312978093
0.278388114246681	1.2369988235982
0.278788097169449	1.23518683875548
0.279188080092217	1.23339559017784
0.279588063014985	1.23162477320178
0.279988045937754	1.22987339954039
0.280388028860522	1.22813967340364
0.28078801178329	1.22642102542197
0.281187994706058	1.22471405260095
0.281587977628826	1.22301437850066
0.281987960551595	1.22131681170152
0.282387943474363	1.21961561804129
0.282787926397131	1.21790477560497
0.283187909319899	1.21617829361731
0.283587892242667	1.21443040350138
0.283987875165436	1.21265545172595
0.284387858088204	1.21084778333431
0.284787841010972	1.20900181428152
0.28518782393374	1.20711221818954
0.285587806856509	1.20517437194319
0.285987789779277	1.20318480310584
0.286387772702045	1.20114161024825
0.286787755624813	1.19904469724381
0.287187738547581	1.19689578363334
0.28758772147035	1.19469796640177
0.287987704393118	1.19245535507703
0.288387687315886	1.19017273934379
0.288787670238654	1.1878553893943
0.289187653161423	1.18550902089345
0.289587636084191	1.1831398853395
0.289987619006959	1.18075460008358
0.290387601929727	1.17836009411426
0.290787584852495	1.1759635497546
0.291187567775264	1.17357224226122
0.291587550698032	1.17119338909139
0.2919875336208	1.16883420173073
0.292387516543568	1.16650159603356
0.292787499466336	1.16420172313821
0.293187482389105	1.1619395437555
0.293587465311873	1.15971856071747
0.293987448234641	1.15754070646723
0.294387431157409	1.15540662985783
0.294787414080178	1.15331610314237
0.295187397002946	1.15126823467915
0.295587379925714	1.1492614431981
0.295987362848482	1.14729324644187
0.29638734577125	1.14535986173457
0.296787328694019	1.14345582464821
0.297187311616787	1.14157414540749
0.297587294539555	1.13970703642771
0.297987277462323	1.13784689335556
0.298387260385092	1.13598735214675
0.29878724330786	1.13412399741087
0.299187226230628	1.13225436583993
0.299587209153396	1.13037732961733
0.299987192076164	1.12849225431361
0.300387174998933	1.12659810673392
0.300787157921701	1.12469287194043
0.301187140844469	1.12277357253772
0.301587123767237	1.12083667733925
0.301987106690006	1.11887866223865
0.302387089612774	1.1168965831014
0.302787072535542	1.11488838642843
0.30318705545831	1.11285272493934
0.303587038381078	1.11078836029668
0.303987021303847	1.10869336273826
0.304387004226615	1.10656445146521
0.304786987149383	1.10439680985671
0.305186970072151	1.10218432490444
0.30558695299492	1.09992021578086
0.305986935917688	1.09759793975442
0.306386918840456	1.09521190199505
0.306786901763224	1.09275770809308
0.307186884685992	1.09023212570455
0.307586867608761	1.08763276225638
0.307986850531529	1.084957594584
0.308386833454297	1.08220469643638
0.308786816377065	1.07937215770099
0.309186799299834	1.076458086926
0.309586782222602	1.07346090871696
0.30998676514537	1.07037971865018
0.310386748068138	1.06721448881285
0.310786730990906	1.06396639237659
0.311186713913675	1.0606383735296
0.311586696836443	1.05723551766345
0.311986679759211	1.05376528672482
0.312386662681979	1.05023758068779
0.312786645604747	1.04666453173835
0.313186628527516	1.04305996707055
0.313586611450284	1.03943902375323
0.313986594373052	1.03581775695047
0.31438657729582	1.03221292422469
0.314786560218589	1.02864195444345
0.315186543141357	1.02512292738455
0.315586526064125	1.02167431941715
0.315986508986893	1.01831482857049
0.316386491909661	1.01506317725002
0.31678647483243	1.01193777556254
0.317186457755198	1.00895626005417
0.317586440677966	1.00613517640251
0.317986423600734	1.00348964013353
0.318386406523503	1.00103287416258
0.318786389446271	0.998775747486917
0.319186372369039	0.996726642381034
0.319586355291807	0.994891488198174
0.319986338214575	0.993274058414904
0.320386321137344	0.991876571773496
0.320786304060112	0.990700460281979
0.32118628698288	0.989747079145432
0.321586269905648	0.989018393156934
0.321986252828417	0.988517316364364
0.322386235751185	0.988247462538833
0.322786218673953	0.988212456292454
0.323186201596721	0.988415073256379
0.323586184519489	0.988856130116322
0.323986167442258	0.989533500719865
0.324386150365026	0.990441665213133
0.324786133287794	0.991572079832554
0.325186116210562	0.99291400497083
0.32558609913333	0.994455659349388
0.325986082056099	0.996185254618049
0.326386064978867	0.998091749299968
0.326786047901635	1.00016509675872
0.327186030824403	1.00239629699846
0.327586013747172	1.00477726757324
0.32798599666994	1.00730069821966
0.328385979592708	1.00995993002153
0.328785962515476	1.01274903378152
0.329185945438244	1.01566283002208
0.329585928361013	1.01869679409512
0.329985911283781	1.02184665452577
0.330385894206549	1.02510771945499
0.330785877129317	1.02847389163888
0.331185860052086	1.03193662103132
0.331585842974854	1.03548402238284
0.331985825897622	1.03910052484525
0.33238580882039	1.0427670187665
0.332785791743158	1.04646160220353
0.333185774665927	1.05016077846455
0.333585757588695	1.05384075503986
0.333985740511463	1.05747856456856
0.334385723434231	1.06105304942128
0.334785706357	1.06454537030143
0.335185689279768	1.0679390957528
0.335585672202536	1.07122025808584
0.335985655125304	1.07437762443186
0.336385638048072	1.07740292922944
0.336785620970841	1.08029126466041
0.337185603893609	1.08304150618894
0.337585586816377	1.08565648496118
0.337985569739145	1.08814277187296
0.338385552661914	1.09051032602536
0.338785535584682	1.09277185947142
0.33918551850745	1.09494192960106
0.339585501430218	1.09703604936347
0.339985484352986	1.09906997491131
0.340385467275755	1.10105889051095
0.340785450198523	1.1030165848375
0.341185433121291	1.10495482325184
0.341585416044059	1.10688280247562
0.341985398966827	1.10880661689578
0.342385381889596	1.11072921466696
0.342785364812364	1.1126509722898
0.343185347735132	1.11457068197426
0.3435853306579	1.11648679277547
0.343985313580669	1.11839876835707
0.344385296503437	1.12030803918275
0.344785279426205	1.12221847105243
0.345185262348973	1.12413659613535
0.345585245271741	1.12607146310953
0.34598522819451	1.12803405202534
0.346385211117278	1.13003672194732
0.346785194040046	1.13209275834641
0.347185176962814	1.13421580971482
0.347585159885583	1.13641920061667
0.347985142808351	1.13871542261627
0.348385125731119	1.1411156724709
0.348785108653887	1.1436294774482
0.349185091576655	1.14626436767827
0.349585074499424	1.1490255820623
0.349985057422192	1.15191589371707
0.35038504034496	1.15493566756399
0.350785023267728	1.15808300798542
0.351185006190497	1.16135403642041
0.351584989113265	1.16474347323538
0.351984972036033	1.1682451528772
0.352384954958801	1.17185236436859
0.352784937881569	1.17555793423998
0.353184920804338	1.17935398448838
0.353584903727106	1.18323167950631
0.353984886649874	1.18718129288569
0.354384869572642	1.19119243385363
0.35478485249541	1.19525438014748
0.355184835418179	1.19935646560871
0.355584818340947	1.20348827974752
0.355984801263715	1.20763944315411
0.356384784186483	1.21179928799839
0.356784767109252	1.21595637703939
0.35718475003202	1.22009802987268
0.357584732954788	1.22421002653068
0.357984715877556	1.22827652685321
0.358384698800324	1.23228005606096
0.358784681723093	1.23620166396812
0.359184664645861	1.24002121974207
0.359584647568629	1.24371782957633
0.359984630491397	1.24727040317231
0.360384613414166	1.25065828341109
0.360784596336934	1.25386179509777
0.361184579259702	1.25686278648117
0.36158456218247	1.25964503338048
0.361984545105238	1.26219455723002
0.362384528028007	1.26449993324485
0.362784510950775	1.26655275921755
0.363184493873543	1.26834802303921
0.363584476796311	1.26988436053049
0.36398445971908	1.27116406091099
0.364384442641848	1.27219250399138
0.364784425564616	1.27297703295557
0.365184408487384	1.27352559722776
0.365584391410152	1.27384550943304
0.365984374332921	1.27394262073091
0.366384357255689	1.27382116230011
0.366784340178457	1.2734842849827
0.367184323101225	1.27293489201007
0.367584306023994	1.27217646775831
0.367984288946762	1.27121364563248
0.36838427186953	1.27005228599615
0.368784254792298	1.26869914116763
0.369184237715066	1.26716152335342
0.369584220637835	1.26544707962142
0.369984203560603	1.26356367475293
0.370384186483371	1.26151949556739
0.370784169406139	1.25932307714758
0.371184152328908	1.25698306593941
0.371584135251676	1.2545077900794
0.371984118174444	1.25190482612576
0.372384101097212	1.24918062895171
0.37278408401998	1.24634038139452
0.373184066942749	1.24338821995195
0.373584049865517	1.24032753739922
0.373984032788285	1.23716129891376
0.374384015711053	1.23389237751918
0.374783998633821	1.23052370007503
0.37518398155659	1.22705829199018
0.375583964479358	1.22349952350359
0.375983947402126	1.21985150988047
0.376383930324894	1.21611951054856
0.376783913247663	1.21231040748022
0.377183896170431	1.20843304239797
0.377583879093199	1.20449819698324
0.377983862015967	1.20051823256217
0.378383844938735	1.19650644252314
0.378783827861504	1.19247631018887
0.379183810784272	1.18844091284444
0.37958379370704	1.18441247326492
0.379983776629808	1.18040206885269
0.380383759552577	1.17641946600936
0.380783742475345	1.17247284873806
0.381183725398113	1.16856825347624
0.381583708320881	1.16470904574664
0.381983691243649	1.16089532320514
0.382383674166418	1.15712349692125
0.382783657089186	1.15338653267038
0.383183640011954	1.14967468092419
0.383583622934722	1.14597630795589
0.38398360585749	1.14227890352608
0.384383588780259	1.13857002302873
0.384783571703027	1.13483775543513
0.385183554625795	1.13107093838625
0.385583537548563	1.12725931779926
0.385983520471332	1.12339338768546
0.3863835033941	1.1194641890735
0.386783486316868	1.11546331746701
0.387183469239636	1.11138301013142
0.387583452162404	1.10721628407746
0.387983435085173	1.10295730465679
0.388383418007941	1.09860180272331
0.388783400930709	1.09414732647099
0.389183383853477	1.0895933820447
0.389583366776246	1.08494135350015
0.389983349699014	1.08019412158516
0.390383332621782	1.07535543943685
0.39078331554455	1.07042936175792
0.391183298467318	1.06541987086269
0.391583281390087	1.06033065119579
0.391983264312855	1.05516506071753
0.392383247235623	1.04992631561175
0.392783230158391	1.04461761428843
0.39318321308116	1.03924212164969
0.393583196003928	1.0338029374186
0.393983178926696	1.02830297179782
0.394383161849464	1.02274474258315
0.394783144772232	1.01713037024312
0.395183127695001	1.01146182665855
0.395583110617769	1.00574149540411
0.395983093540537	0.999973225749117
0.396383076463305	0.994163779077157
0.396783059386074	0.988324180266751
0.397183042308842	0.982470445719581
0.39758302523161	0.976623381392188
0.397983008154378	0.970807554501159
0.398382991077146	0.965049543668531
0.398782973999915	0.95937592061508
0.399182956922683	0.953811603368217
0.399582939845451	0.948378921723093
0.399982922768219	0.943097377273295
0.400382905690988	0.937983975054274
0.400782888613756	0.933053834378326
0.401182871536524	0.928320594937959
0.401582854459292	0.923796704625825
0.40198283738206	0.91949361251134
0.402382820304829	0.915421756830907
0.402782803227597	0.911590571831245
0.403182786150365	0.908008720812567
0.403582769073133	0.904684124016808
0.403982751995901	0.901623670218751
0.40438273491867	0.898832867695257
0.404782717841438	0.896315473281794
0.405182700764206	0.894073117121062
0.405582683686974	0.892105303740856
0.405982666609743	0.890409681201229
0.406382649532511	0.88898265076893
0.406782632455279	0.887819939957104
0.407182615378047	0.886917150951061
0.407582598300815	0.886270028683958
0.407982581223584	0.885874384069756
0.408382564146352	0.885725667876905
0.40878254706912	0.885818495464709
0.409182529991888	0.886146223688452
0.409582512914657	0.886700862395815
0.409982495837425	0.887473603943231
0.410382478760193	0.888455769213882
0.410782461682961	0.889639763212982
0.411182444605729	0.891019911036931
0.411582427528498	0.892592792300942
0.411982410451266	0.894356548680642
0.412382393374034	0.896309254145373
0.412782376296802	0.898446907492936
0.413182359219571	0.900761474044457
0.413582342142339	0.903239456620678
0.413982325065107	0.905861637259425
0.414382307987875	0.908603835925955
0.414782290910643	0.911438384648963
0.415182273833412	0.914335895764678
0.41558225675618	0.917266967408138
0.415982239678948	0.920203446241102
0.416382222601716	0.92311929709523
0.416782205524484	0.925991175725544
0.417182188447253	0.928798793194941
0.417582171370021	0.931525096794756
0.417982154292789	0.93415640459976
0.418382137215557	0.936682505460354
0.418782120138326	0.939096590813227
0.419182103061094	0.941394983293879
0.419582085983862	0.943576825599577
0.41998206890663	0.945643875797649
0.420382051829398	0.947600454228121
0.420782034752167	0.949453589164024
0.421182017674935	0.951213219789445
0.421582000597703	0.952892195581732
0.421981983520471	0.954506141328421
0.42238196644324	0.95607325120052
0.422781949366008	0.957614009567157
0.423181932288776	0.959150922856042
0.423581915211544	0.960708306201346
0.423981898134312	0.962312006253395
0.424381881057081	0.963988831648705
0.424781863979849	0.965765611753894
0.425181846902617	0.96766789928483
0.425581829825385	0.969718632326973
0.425981812748153	0.971936960309789
0.426381795670922	0.974337565171552
0.42678177859369	0.976930741161647
0.427181761516458	0.97972304043676
0.427581744439226	0.982718149528965
0.427981727361995	0.985917850057625
0.428381710284763	0.989322581313715
0.428781693207531	0.99293143065457
0.429181676130299	0.996741832705062
0.429581659053067	1.00074935313437
0.429981641975836	1.00494740119299
0.430381624898604	1.00932728992383
0.430781607821372	1.01387854787785
0.43118159074414	1.0185893144058
0.431581573666909	1.02344665217399
0.431981556589677	1.02843687108612
0.432381539512445	1.03354566818578
0.432781522435213	1.03875830099843
0.433181505357981	1.04405984576765
0.43358148828075	1.04943552560307
0.433981471203518	1.05487078129277
0.434381454126286	1.06035117545199
0.434781437049054	1.06586203383746
0.435181419971823	1.07138798218343
0.435581402894591	1.07691236723637
0.435981385817359	1.08241701089733
0.436381368740127	1.08788235949086
0.436781351662895	1.09328804571737
0.437181334585664	1.09861368881358
0.437581317508432	1.10383973625309
0.4379813004312	1.10894781851933
0.438381283353968	1.11392068754269
0.438781266276737	1.118741839782
0.439181249199505	1.12339490966929
0.439581232122273	1.12786311625271
0.439981215045041	1.13212923676907
0.440381197967809	1.1361758905113
0.440781180890578	1.13998604274394
0.441181163813346	1.14354376660473
0.441581146736114	1.14683507680419
0.441981129658882	1.14984833912195
0.442381112581651	1.15257444920505
0.442781095504419	1.15500681648949
0.443181078427187	1.15714097280779
0.443581061349955	1.15897406618225
0.443981044272723	1.160504615577
0.444381027195492	1.16173224031048
0.44478101011826	1.162657532375
0.445180993041028	1.1632823118868
0.445580975963796	1.16360974654965
0.445980958886564	1.16364416692945
0.446380941809333	1.16339097839619
0.446780924732101	1.16285644990536
0.447180907654869	1.1620471597155
0.447580890577637	1.1609695665997
0.447980873500406	1.15962991199333
0.448380856423174	1.15803424986551
0.448780839345942	1.15618877159261
0.44918082226871	1.1541005351007
0.449580805191478	1.15177813350977
0.449980788114247	1.14923241573582
0.450380771037015	1.14647710526663
0.450780753959783	1.14352895522741
0.451180736882551	1.14040733276086
0.45158071980532	1.1371335512293
0.451980702728088	1.13372994068022
0.452380685650856	1.13021874786222
0.452780668573624	1.12662117254276
0.453180651496392	1.122956856286
0.453580634419161	1.11924362549809
0.453980617341929	1.11549743474819
0.454380600264697	1.11173256147494
0.454780583187465	1.10796198620239
0.455180566110233	1.10419766740396
0.455580549033002	1.1004507689232
0.45598053195577	1.09673187455517
0.456380514878538	1.09305118342148
0.456780497801306	1.08941862385473
0.457180480724075	1.08584411371721
0.457580463646843	1.08233791083505
0.457980446569611	1.07891085319451
0.458380429492379	1.075574432729
0.458780412415147	1.0723406615005
0.459180395337916	1.06922154869195
0.459580378260684	1.06622835605927
0.459980361183452	1.06337097483842
0.46038034410622	1.06065768360803
0.460780327028989	1.05809517169212
0.461180309951757	1.05568883745822
0.461580292874525	1.05344333494301
0.461980275797293	1.0513629710802
0.462380258720061	1.04945158149495
0.46278024164283	1.04771215709597
0.463180224565598	1.04614640818487
0.463580207488366	1.04475442379134
0.463980190411134	1.04353459269104
0.464380173333903	1.04248396268882
0.464780156256671	1.04159877900426
0.465180139179439	1.04087492820297
0.465580122102207	1.04030838084632
0.465980105024975	1.03989553370223
0.466380087947744	1.03963316692653
0.466780070870512	1.03951830777526
0.46718005379328	1.03954808054579
0.467580036716048	1.03971942725346
0.467980019638817	1.0400285554469
0.468380002561585	1.04047032867714
0.468779985484353	1.04103766131771
0.469179968407121	1.04172105032341
0.469579951329889	1.04250830773189
0.469979934252658	1.04338471932953
0.470379917175426	1.04433372640492
0.470779900098194	1.04533802228757
0.471179883020962	1.04638073310292
0.47157986594373	1.04744643433248
0.471979848866499	1.04852172990759
0.472379831789267	1.04959535330937
0.472779814712035	1.05065783325606
0.473179797634803	1.05170106122349
0.473579780557572	1.05271777222376
0.47397976348034	1.05370122981888
0.474379746403108	1.05464519036816
0.474779729325876	1.05554388341451
0.475179712248644	1.05639191026376
0.475579695171413	1.05718412776804
0.475979678094181	1.05791547553785
0.476379661016949	1.05858080096141
0.476779643939717	1.05917483855099
0.477179626862486	1.05969245518893
0.477579609785254	1.06012897781995
0.477979592708022	1.06048062278253
0.47837957563079	1.06074486443545
0.478779558553558	1.06092051216947
0.479179541476327	1.06100757688995
0.479579524399095	1.06100709063938
0.479979507321863	1.06092069398602
0.480379490244631	1.06075006247566
0.480779473167399	1.06049632738392
0.481179456090168	1.06015953172221
0.481579439012936	1.05973819698377
0.481979421935704	1.05922921681628
0.482379404858472	1.05862815240164
0.482779387781241	1.05793005398093
0.483179370704009	1.05713045694121
0.483579353626777	1.05622626765012
0.483979336549545	1.05521624998866
0.484379319472313	1.05410107195714
0.484779302395082	1.0528830123677
0.48517928531785	1.05156563622243
0.485579268240618	1.05015329470929
0.485979251163386	1.04865075304184
0.486379234086155	1.04706307591314
0.486779217008923	1.0453956778405
0.487179199931691	1.04365416552812
0.487579182854459	1.04184407656857
0.487979165777227	1.03997049597412
0.488379148699996	1.03803760251622
0.488779131622764	1.03604837064213
0.489179114545532	1.03400456021702
0.4895790974683	1.03190701239483
0.489979080391069	1.0297565396623
0.490379063313837	1.02755515527811
0.490779046236605	1.02530698097281
0.491179029159373	1.0230186976519
0.491579012082141	1.02069971657797
0.49197899500491	1.0183616579039
0.492378977927678	1.01601714936887
0.492778960850446	1.01367850469361
0.493178943773214	1.01135654236762
0.493578926695983	1.00905972396827
0.493978909618751	1.00679388106446
0.494378892541519	1.00456246446519
0.494778875464287	1.00236693502582
0.495178858387055	1.00020728847236
0.495578841309824	0.998082631848274
0.495978824232592	0.995991442904967
0.49637880715536	0.993931769363737
0.496778790078128	0.991901511668601
0.497178773000897	0.989898522271553
0.497578755923665	0.987920392963662
0.497978738846433	0.985964221874329
0.498378721769201	0.9840263160025
0.498778704691969	0.982101935086185
0.499178687614738	0.980185187108761
0.499578670537506	0.978269119761575
0.499978653460274	0.976346170169295
0.500378636383042	0.974408806018259
0.50077861930581	0.972450033871537
0.501178602228579	0.970463775515558
0.501578585151347	0.968444949119054
0.501978568074115	0.966389065586575
0.502378550996883	0.964291489770534
0.502778533919652	0.962146698872741
0.50317851684242	0.959947746952017
0.503578499765188	0.957686304700484
0.503978482687956	0.955353406859124
0.504378465610724	0.952940704029212
0.504778448533493	0.950442048103143
0.505178431456261	0.947855128029512
0.505578414379029	0.945182473512867
0.505978397301797	0.942431507023629
0.506378380224566	0.939613725417189
0.506778363147334	0.936743328949638
0.507178346070102	0.933835705312883
0.50757832899287	0.930906448290134
0.507978311915638	0.927970926021918
0.508378294838407	0.925044329203696
0.508778277761175	0.922141910458289
0.509178260683943	0.919279007340749
0.509578243606711	0.916470547741149
0.50997822652948	0.913730232101255
0.510378209452248	0.911069649057928
0.510778192375016	0.908497681912351
0.511178175297784	0.906020336653127
0.511578158220552	0.903641175435533
0.511978141143321	0.901362125770793
0.512378124066089	0.899184466517462
0.512778106988857	0.897109639469837
0.513178089911625	0.895139763433286
0.513578072834393	0.893277817176646
0.513978055757162	0.891527675051274
0.51437803867993	0.889894013887659
0.514778021602698	0.88838207379784
0.515178004525466	0.886997313287666
0.515577987448235	0.885745219780216
0.515977970371003	0.88463129738565
0.516377953293771	0.883661145013695
0.516777936216539	0.882840516364345
0.517177919139308	0.882175514646828
0.517577902062076	0.88167259987279
0.517977884984844	0.881338262599543
0.518377867907612	0.881178465373723
0.51877785083038	0.881198046672151
0.519177833753149	0.88140025105098
0.519577816675917	0.881786588087604
0.519977799598685	0.882357023599241
0.520377782521453	0.883110402922338
0.520777765444221	0.884044950303869
0.52117774836699	0.885158627405045
0.521577731289758	0.886449081703722
0.521977714212526	0.887913315671298
0.522377697135294	0.889547335986772
0.522777680058063	0.891345880913553
0.523177662980831	0.893302355485883
0.523577645903599	0.895409066170858
0.523977628826367	0.897657695600612
0.524377611749135	0.90003978169446
0.524777594671904	0.902547201323883
0.525177577594672	0.905172459845565
0.52557756051744	0.907908779568097
0.525977543440208	0.910750129282193
0.526377526362977	0.913691260416595
0.526777509285745	0.916727690553651
0.527177492208513	0.919855573335272
0.527577475131281	0.923071447395761
0.527977458054049	0.926371805384657
0.528377440976818	0.929752531268272
0.528777423899586	0.933208487396969
0.529177406822354	0.936733347674438
0.529577389745122	0.940319759067942
0.52997737266789	0.943959736317035
0.530377355590659	0.947645147068942
0.530777338513427	0.951368090524562
0.531177321436195	0.955121099819215
0.531577304358963	0.958897131999825
0.531977287281732	0.96268939840099
0.5323772702045	0.966491010799812
0.532777253127268	0.970294649121292
0.533177236050036	0.974092323622615
0.533577218972805	0.977875242881665
0.533977201895573	0.981633728417685
0.534377184818341	0.985357177960264
0.534777167741109	0.98903392628574
0.535177150663877	0.992651215786183
0.535577133586645	0.996195146153525
0.535977116509414	0.999650528023049
0.536377099432182	1.00300076729345
0.53677708235495	1.00622803762073
0.537177065277718	1.0093136535396
0.537577048200487	1.01223866335997
0.537977031123255	1.01498459889781
0.538377014046023	1.01753439242071
0.538776996968791	1.01987314076724
0.53917697989156	1.02198848758979
0.539576962814328	1.02387061371555
0.539976945737096	1.02551206229424
0.540376928659864	1.02690746954793
0.540776911582632	1.02805323901953
0.541176894505401	1.02894718834863
0.541576877428169	1.0295882409093
0.541976860350937	1.0299760501539
0.542376843273705	1.03011067127575
0.542776826196473	1.02999224136621
0.543176809119242	1.02962049559515
0.54357679204201	1.02899444825286
0.543976774964778	1.02811241354319
0.544376757887546	1.02697216798697
0.544776740810315	1.02557122826796
0.545176723733083	1.02390755969679
0.545576706655851	1.02198065047284
0.545976689578619	1.01979254290611
0.546376672501387	1.01734879201487
0.546776655424156	1.01465924893502
0.547176638346924	1.01173834677467
0.547576621269692	1.00860483714004
0.54797660419246	1.00528129807836
0.548376587115229	1.00179338691187
0.548776570037997	0.998168773844016
0.549176552960765	0.994436173994936
0.549576535883533	0.990624471170043
0.549976518806301	0.986761704844599
0.55037650172907	0.982874000517075
0.550776484651838	0.97898484084919
0.551176467574606	0.975114758913521
0.551576450497374	0.971281303810452
0.551976433420143	0.967499488563279
0.552376416342911	0.963782570130166
0.552776399265679	0.960142878674249
0.553176382188447	0.956592491917876
0.553576365111215	0.953143816153288
0.553976348033984	0.949809855989454
0.554376330956752	0.946604172434171
0.55477631387952	0.943540786899234
0.555176296802288	0.940634111754069
0.555576279725057	0.937898668033619
0.555976262647825	0.935348770634772
0.556376245570593	0.932998376508066
0.556776228493361	0.930860923360239
0.557176211416129	0.928948987149659
0.557576194338898	0.927273952035664
0.557976177261666	0.925845767101083
0.558376160184434	0.924672639508196
0.558776143107202	0.923760710526119
0.559176126029971	0.923114016971409
0.559576108952739	0.922734650053856
0.559976091875507	0.922622988314392
0.560376074798275	0.922778071317874
0.560776057721043	0.923197992733519
0.561176040643812	0.923880076268455
0.56157602356658	0.924820778786462
0.561976006489348	0.926015468127614
0.562375989412116	0.927458070677599
0.562775972334884	0.929140807883813
0.563175955257653	0.931054232712338
0.563575938180421	0.93318771476045
0.563975921103189	0.935530297817622
0.564375904025957	0.938071820513478
0.564775886948726	0.940803998081879
0.565175869871494	0.943721167937875
0.565575852794262	0.946820646177934
0.56597583571703	0.950102576155352
0.566375818639798	0.953569370144474
0.566775801562567	0.957225041494645
0.567175784485335	0.961074472816861
0.567575767408103	0.965122646921025
0.567975750330871	0.96937401082348
0.56837573325364	0.973831932544647
0.568775716176408	0.978498079596505
0.569175699099176	0.983371982713911
0.569575682021944	0.98845096247851
0.569975664944712	0.993730131883592
0.570375647867481	0.99920245761181
0.570775630790249	1.00485893600947
0.571175613713017	1.01068868252869
0.571575596635785	1.01667894793048
0.571975579558553	1.02281547080323
0.572375562481322	1.02908297075049
0.57277554540409	1.03546580110353
0.573175528326858	1.04194900143282
0.573575511249626	1.04851932175046
0.573975494172395	1.05516566972586
0.574375477095163	1.06187906927468
0.574775460017931	1.06865229103649
0.575175442940699	1.07547911578658
0.575575425863468	1.08235358912057
0.575975408786236	1.08926962924502
0.576375391709004	1.09622111753648
0.576775374631772	1.10320233625968
0.57717535755454	1.11020842238765
0.577575340477309	1.11723547370736
0.577975323400077	1.12428022451213
0.578375306322845	1.1313395073798
0.578775289245613	1.13840978551337
0.579175272168381	1.14548654858307
0.57957525509115	1.15256393484371
0.579975238013918	1.15963461495848
0.580375220936686	1.16668984996167
0.580775203859454	1.17371946370784
0.581175186782223	1.18071194274427
0.581575169704991	1.18765462270347
0.581975152627759	1.19453403879173
0.582375135550527	1.20133649187703
0.582775118473295	1.20804866861399
0.583175101396064	1.2146581917991
0.583575084318832	1.22115418526808
0.5839750672416	1.22752749180175
0.584375050164368	1.23377035544028
0.584775033087137	1.23987600361095
0.585175016009905	1.24583839293664
0.585574998932673	1.25165203341184
0.585974981855441	1.25731210939995
0.586374964778209	1.2628148713657
0.586774947700978	1.26815794890435
0.587174930623746	1.27334060231999
0.587574913546514	1.27836388743987
0.587974896469282	1.28323062654541
0.58837487939205	1.28794521890994
0.588774862314819	1.29251337147523
0.589174845237587	1.29694165545199
0.589574828160355	1.30123683909227
0.589974811083123	1.30540524698571
0.590374794005892	1.30945211786754
0.59077477692866	1.31338096866432
0.591174759851428	1.31719303578284
0.591574742774196	1.32088704573142
0.591974725696965	1.32445939401042
0.592374708619733	1.3279047944374
0.592774691542501	1.33121720287761
0.593174674465269	1.33439088562663
0.593574657388037	1.33742138661578
0.593974640310805	1.34030626127112
0.594374623233574	1.34304539411889
0.594774606156342	1.34564104065079
0.59517458907911	1.34809764066254
0.595574572001878	1.35042142652028
0.595974554924647	1.35261986483206
0.596374537847415	1.35470106785261
0.596774520770183	1.35667325291545
0.597174503692951	1.35854439484066
0.59757448661572	1.36032214508948
0.597974469538488	1.36201393144158
0.598374452461256	1.36362715859181
0.598774435384024	1.36516941647272
0.599174418306792	1.3666482982549
0.599574401229561	1.36807078213512
0.599974384152329	1.3694423248571
0.600374367075097	1.37076596891928
0.600774349997865	1.37204173595246
0.601174332920633	1.37326682421223
0.601574315843402	1.37443627199723
0.60197429876617	1.37554380770396
0.602374281688938	1.37658263736988
0.602774264611706	1.3775459798554
0.603174247534475	1.37842689666168
0.603574230457243	1.3792179240238
0.603974213380011	1.37991076881008
0.604374196302779	1.38049625746473
0.604774179225547	1.38096447526606
0.605174162148316	1.38130534431316
0.605574145071084	1.38150913656783
0.605974127993852	1.38156702388338
0.60637411091662	1.38147157028003
0.606774093839389	1.38121712289731
0.607174076762157	1.3807999608651
0.607574059684925	1.38021844755309
0.607974042607693	1.37947289738913
0.608374025530461	1.37856512816707
0.60877400845323	1.37749775080441
0.609173991375998	1.37627349471019
0.609573974298766	1.37489479667657
0.609973957221534	1.37336385001299
0.610373940144303	1.37168280534883
0.610773923067071	1.36985420361848
0.611173905989839	1.36788139580382
0.611573888912607	1.36576871566931
0.611973871835375	1.36352131838509
0.612373854758144	1.36114493494451
0.612773837680912	1.35864557108038
0.61317382060368	1.35602933265137
0.613573803526448	1.35330240936508
0.613973786449217	1.35047112069992
0.614373769371985	1.34754186731085
0.614773752294753	1.34452094519927
0.615173735217521	1.34141403210022
0.615573718140289	1.33822544550702
0.615973701063058	1.33495744675673
0.616373683985826	1.33160984503473
0.616773666908594	1.32817996732755
0.617173649831362	1.32466313355908
0.617573632754131	1.32105350417657
0.617973615676899	1.31734503006358
0.618373598599667	1.3135324115909
0.618773581522435	1.30961166225603
0.619173564445203	1.30558021771894
0.619573547367972	1.30143674502384
0.61997353029074	1.29718076049764
0.620373513213508	1.29281222400878
0.620773496136276	1.28833132256793
0.621173479059044	1.28373841599174
0.621573461981813	1.27903409129352
0.621973444904581	1.27421936888303
0.622373427827349	1.26929611153249
0.622773410750117	1.26426736324415
0.623173393672886	1.25913764844268
0.623573376595654	1.25391324268994
0.623973359518422	1.24860223750381
0.62437334244119	1.24321415219229
0.624773325363958	1.2377593803048
0.625173308286727	1.23224854572409
0.625573291209495	1.22669194900007
0.625973274132263	1.2210991945955
0.626373257055031	1.2154791386255
0.6267732399778	1.20983999990605
0.627173222900568	1.20418966000953
0.627573205823336	1.19853608803517
0.627973188746104	1.19288773058709
0.628373171668872	1.18725352220404
0.628773154591641	1.18164284088337
0.629173137514409	1.17606535940422
0.629573120437177	1.17053053487767
0.629973103359945	1.16504683004871
0.630373086282713	1.15962108769625
0.630773069205482	1.1542580447615
0.63117305212825	1.14896008857576
0.631573035051018	1.14372737883508
0.631973017973786	1.13855817867212
0.632373000896555	1.1334492614524
0.632772983819323	1.12839639618427
0.633172966742091	1.12339469535426
0.633572949664859	1.11843868709548
0.633972932587628	1.11352247765096
0.634372915510396	1.10864010488179
0.634772898433164	1.10378599096509
0.635172881355932	1.09895547257527
0.6355728642787	1.09414536732689
0.635972847201469	1.08935428145686
0.636372830124237	1.0845826824973
0.636772813047005	1.07983263948878
0.637172795969773	1.07510707861313
0.637572778892541	1.07040859218344
0.63797276181531	1.06573814678212
0.638372744738078	1.06109379598758
0.638772727660846	1.05646971276098
0.639172710583614	1.0518558420538
0.639572693506383	1.04723842557279
0.639972676429151	1.04260135061248
0.640372659351919	1.03792801765168
0.640772642274687	1.03320329899909
0.641172625197455	1.02841522869421
0.641572608120224	1.02355604782331
0.641972591042992	1.01862253374219
0.64237257396576	1.01361557636703
0.642772556888528	1.00853935255542
0.643172539811297	1.00340044180032
0.643572522734065	0.998207157421289
0.643972505656833	0.992968972291414
0.644372488579601	0.987696170340282
0.644772471502369	0.982399775377968
0.645172454425138	0.977091496858435
0.645572437347906	0.971783548299592
0.645972420270674	0.966488534285491
0.646372403193442	0.961219444960317
0.64677238611621	0.955989593442394
0.647172369038979	0.9508125836678
0.647572351961747	0.945702218904742
0.647972334884515	0.940672181903176
0.648372317807283	0.935735685243764
0.648772300730052	0.930905107886626
0.64917228365282	0.926191539797242
0.649572266575588	0.92160455141724
0.649972249498356	0.917152519567962
0.650372232421125	0.912843235818266
0.650772215343893	0.908684508235005
0.651172198266661	0.904684801291869
0.651572181189429	0.900853784948426
0.651972164112197	0.897202434011333
0.652372147034966	0.893742673342252
0.652772129957734	0.89048686786049
0.653172112880502	0.887447341565135
0.65357209580327	0.884636017789081
0.653972078726038	0.882064237505746
0.654372061648807	0.87974264678789
0.654772044571575	0.877680978459642
0.655172027494343	0.875887711580183
0.655572010417111	0.874369572382408
0.65597199333988	0.873130819779989
0.656371976262648	0.872172573377415
0.656771959185416	0.871492557376106
0.657171942108184	0.871085330637169
0.657571925030952	0.870942844231563
0.657971907953721	0.871055251681215
0.658371890876489	0.871411746411209
0.658771873799257	0.872001001382109
0.659171856722025	0.872811300049785
0.659571839644794	0.873830436601752
0.659971822567562	0.875045551876521
0.66037180549033	0.876443085932749
0.660771788413098	0.878009048503153
0.661171771335866	0.879729396168121
0.661571754258635	0.881590442964224
0.661971737181403	0.883579296209069
0.662371720104171	0.885684047928105
0.662771703026939	0.887893700998372
0.663171685949707	0.890198106889289
0.663571668872476	0.892587933564311
0.663971651795244	0.895054598883269
0.664371634718012	0.897590087367544
0.66477161764078	0.900186637571337
0.665171600563549	0.902836092354598
0.665571583486317	0.905529179230478
0.665971566409085	0.908254756332102
0.666371549331853	0.910999359600931
0.666771532254621	0.913747330864508
0.66717151517739	0.916481574834486
0.667571498100158	0.919184400282412
0.667971481022926	0.921838331566224
0.668371463945694	0.92442673774363
0.668771446868463	0.926934107830914
0.669171429791231	0.929345926824507
0.669571412713999	0.931648525810601
0.669971395636767	0.933828874708437
0.670371378559535	0.935874677175927
0.670771361482304	0.937774625630556
0.671171344405072	0.939518702472121
0.67157132732784	0.941098268417428
0.671971310250608	0.942506224027557
0.672371293173377	0.943737110999271
0.672771276096145	0.944787006590332
0.673171259018913	0.945653359195367
0.673571241941681	0.946334807978093
0.673971224864449	0.946830827075026
0.674371207787218	0.947141275214982
0.674771190709986	0.947266022052345
0.675171173632754	0.947204757134692
0.675571156555522	0.946957170482038
0.675971139478291	0.94652349052058
0.676371122401059	0.945905131142455
0.676771105323827	0.945105435653253
0.677171088246595	0.944130280770538
0.677571071169363	0.942988158811755
0.677971054092132	0.941689838717244
0.6783710370149	0.940247765245512
0.678771019937668	0.938675174036472
0.679171002860436	0.93698511446479
0.679570985783205	0.935189761152669
0.679970968705973	0.933299919457258
0.680370951628741	0.931324863842167
0.680770934551509	0.929272799945667
0.681170917474277	0.9271515739115
0.681570900397046	0.924969311968944
0.681970883319814	0.922735139250462
0.682370866242582	0.920459768404617
0.68277084916535	0.918155401712388
0.683170832088118	0.915835266254749
0.683570815010887	0.913513075387186
0.683970797933655	0.911202274298692
0.684370780856423	0.908915196278663
0.684770763779191	0.906662374658759
0.68517074670196	0.904451950931771
0.685570729624728	0.90228921839945
0.685970712547496	0.900176593823175
0.686370695470264	0.898114016413337
0.686770678393032	0.89609960040521
0.687170661315801	0.894130586838058
0.687570644238569	0.892204460229581
0.687970627161337	0.890319860840047
0.688370610084105	0.888477076626222
0.688770593006873	0.886678136757092
0.689170575929642	0.884926469294776
0.68957055885241	0.883226229527162
0.689970541775178	0.881581549197236
0.690370524697946	0.879995967252933
0.690770507620715	0.87847217592735
0.691170490543483	0.877012118860311
0.691570473466251	0.875617406344253
0.691970456389019	0.874289867934259
0.692370439311788	0.873031986538503
0.692770422234556	0.871847107084269
0.693170405157324	0.870739262490911
0.693570388080092	0.869712712930022
0.69397037100286	0.868771386873457
0.694370353925629	0.867918487857338
0.694770336848397	0.867156479820457
0.695170319771165	0.866487421104113
0.695570302693933	0.865913472825084
0.695970285616701	0.865437235872347
0.69637026853947	0.865061777042045
0.696770251462238	0.864790217519903
0.697170234385006	0.864625094365292
0.697570217307774	0.86456764593414
0.697970200230543	0.864617270291495
0.698370183153311	0.864771324654825
0.698770166076079	0.865025352165251
0.699170148998847	0.865373271489156
0.699570131921615	0.865807670899884
0.699970114844384	0.86632013806087
0.700370097767152	0.866901365675202
0.70077008068992	0.867541104098137
0.701170063612688	0.868228442485542
0.701570046535457	0.868952044095411
0.701970029458225	0.869700460682685
0.702370012380993	0.870462701851997
0.702769995303761	0.87122879694174
0.703169978226529	0.871990192224137
0.703569961149298	0.872740362921108
0.703969944072066	0.873475333115518
0.704369926994834	0.874193758147573
0.704769909917602	0.87489679490514
0.70516989284037	0.875587864636557
0.705569875763139	0.876272129369958
0.705969858685907	0.876956020679135
0.706369841608675	0.877647015899988
0.706769824531443	0.878353683203743
0.707169807454212	0.879085909975274
0.70756979037698	0.879855250414097
0.707969773299748	0.880675116760771
0.708369756222516	0.881560646556414
0.708769739145285	0.882528179164837
0.709169722068053	0.883594473867151
0.709569704990821	0.884775771349091
0.709969687913589	0.886086863617097
0.710369670836357	0.887540439012506
0.710769653759126	0.889146765917293
0.711169636681894	0.890913417915117
0.711569619604662	0.892845187680718
0.71196960252743	0.894944179733081
0.712369585450198	0.897209910384145
0.712769568372967	0.899639377264565
0.713169551295735	0.902227375557441
0.713569534218503	0.904966764227721
0.713969517141271	0.907848725542559
0.71436950006404	0.910863081485552
0.714769482986808	0.91399853897077
0.715169465909576	0.917242767965321
0.715569448832344	0.92058263182183
0.715969431755112	0.92400461120645
0.716369414677881	0.927495332068663
0.716769397600649	0.931042141517824
0.717169380523417	0.934633755153302
0.717569363446185	0.938260591463134
0.717969346368954	0.941914630005054
0.718369329291722	0.945588937071937
0.71876931221449	0.94927705964519
0.719169295137258	0.952972361932512
0.719569278060026	0.9566676723687
0.719969260982795	0.960355269958255
0.720369243905563	0.964027102746087
0.720769226828331	0.967675044848364
0.721169209751099	0.971291198599826
0.721569192673868	0.974868018328607
0.721969175596636	0.978398254984505
0.722369158519404	0.98187493717462
0.722769141442172	0.9852915619197
0.72316912436494	0.988642434709702
0.723569107287709	0.991923174841222
0.723969090210477	0.995131094791101
0.724369073133245	0.998265368436238
0.724769056056013	1.00132705731544
0.725169038978781	1.00431897756546
0.72556902190155	1.007245065016
0.725969004824318	1.01010960293172
0.726368987747086	1.01291639525701
0.726768970669854	1.01566789276556
0.727168953592623	1.01836436616778
0.727568936515391	1.02100344911002
0.727968919438159	1.02358002253154
0.728368902360927	1.02608666398441
0.728768885283695	1.02851452072807
0.729168868206464	1.03085432545164
0.729568851129232	1.03309727400625
0.729968834052	1.03523599314281
0.730368816974768	1.03726541725369
0.730768799897537	1.03918330786562
0.731168782820305	1.04099038743154
0.731568765743073	1.04269023547426
0.731968748665841	1.04428892674517
0.732368731588609	1.04579432215552
0.732768714511378	1.04721495117188
0.733168697434146	1.04855888022631
0.733568680356914	1.04983298229026
0.733968663279682	1.05104268344338
0.734368646202451	1.05219219484936
0.734768629125219	1.05328530917652
0.735168612047987	1.05432628528736
0.735568594970755	1.0553203802897
0.735968577893523	1.05627390529167
0.736368560816292	1.05719363790011
0.73676854373906	1.05808586507612
0.737168526661828	1.0589554885736
0.737568509584596	1.0598054706084
0.737968492507365	1.06063652450277
0.738368475430133	1.06144726783232
0.738768458352901	1.06223482939056
0.739168441275669	1.06299551547436
0.739568424198437	1.0637254459857
0.739968407121206	1.06442119187171
0.740368390043974	1.06508021298292
0.740768372966742	1.06570089937991
0.74116835588951	1.06628227427228
0.741568338812278	1.06682348136394
0.741968321735047	1.06732314208823
0.742368304657815	1.06777868077789
0.742768287580583	1.06818589093218
0.743168270503351	1.06853893078277
0.74356825342612	1.06883080140876
0.743968236348888	1.06905413319287
0.744368219271656	1.06920216541525
0.744768202194424	1.06926966030269
0.745168185117193	1.06925376211583
0.745568168039961	1.06915459795601
0.745968150962729	1.06897547654183
0.746368133885497	1.06872259101094
0.746768116808265	1.06840441471072
0.747168099731033	1.06803076552196
0.747568082653802	1.06761166123016
0.74796806557657	1.06715616163966
0.748368048499338	1.06667155164992
0.748768031422106	1.06616305088926
0.749168014344875	1.06563394656723
0.749567997267643	1.065085853706
0.749967980190411	1.06451907610808
0.750367963113179	1.06393306144717
0.750767946035948	1.06332684294325
0.751167928958716	1.06269938577413
0.751567911881484	1.06205003585611
0.751967894804252	1.06137907416637
0.75236787772702	1.06068796020282
0.752767860649789	1.05997919859218
0.753167843572557	1.05925602611177
0.753567826495325	1.05852185829255
0.753967809418093	1.05777962676669
0.754367792340861	1.0570312236835
0.75476777526363	1.05627716012333
0.755167758186398	1.05551647192757
0.755567741109166	1.05474701852555
0.755967724031934	1.05396592982052
0.756367706954703	1.05317003012201
0.756767689877471	1.05235627014538
0.757167672800239	1.05152220993202
0.757567655723007	1.05066636972782
0.757967638645775	1.0497883482964
0.758367621568544	1.0488887936248
0.758767604491312	1.04796913152661
0.75916758741408	1.04703114411385
0.759567570336848	1.04607644229768
0.759967553259617	1.045106103206
0.760367536182385	1.04412073681204
0.760767519105153	1.04312090979099
0.761167502027921	1.04210760143895
0.761567484950689	1.04108272704232
0.761967467873458	1.04004942485422
0.762367450796226	1.03901215251979
0.762767433718994	1.03797638297032
0.763167416641762	1.03694815675853
0.763567399564531	1.03593345633879
0.763967382487299	1.0349376862837
0.764367365410067	1.03396504002704
0.764767348332835	1.03301792514361
0.765167331255603	1.03209637688736
0.765567314178372	1.03119768429353
0.76596729710114	1.030316299749
0.766367280023908	1.02944410623204
0.766767262946676	1.02857094175883
0.767167245869445	1.02768536913421
0.767567228792213	1.02677553437031
0.767967211714981	1.02582996909532
0.768367194637749	1.02483810770624
0.768767177560517	1.02379063376351
0.769167160483286	1.02267969467071
0.769567143406054	1.02149892129372
0.769967126328822	1.02024332077165
0.77036710925159	1.0189090612993
0.770767092174358	1.01749321246694
0.771167075097127	1.01599352915405
0.771567058019895	1.01440842357211
0.771967040942663	1.0127370549149
0.772367023865431	1.01097958799435
0.7727670067882	1.00913764882577
0.773166989710968	1.00721464844317
0.773566972633736	1.00521573014711
0.773966955556504	1.00314754587109
0.774366938479272	1.00101809390363
0.774766921402041	0.998836358936735
0.775166904324809	0.996611879841218
0.775566887247577	0.994354441540099
0.775966870170345	0.992073858834639
0.776366853093114	0.989779636237878
0.776766836015882	0.987480789715658
0.77716681893865	0.985185770021067
0.777566801861418	0.982902445956317
0.777966784784186	0.980638149645062
0.778366767706955	0.978399747673294
0.778766750629723	0.976193496198738
0.779166733552491	0.974024810321471
0.779566716475259	0.971898010961944
0.779966699398028	0.969816037953781
0.780366682320796	0.96778010761257
0.780766665243564	0.965789594611793
0.781166648166332	0.963842126870436
0.7815666310891	0.961933828518861
0.781966614011869	0.960059612004875
0.782366596934637	0.95821353355796
0.782766579857405	0.956389202040556
0.783166562780173	0.954580201588438
0.783566545702941	0.952780564883975
0.78396652862571	0.950985374519066
0.784366511548478	0.949191304248232
0.784766494471246	0.94739687418487
0.785166477394014	0.945602434003724
0.785566460316783	0.943809872493342
0.785966443239551	0.942021978697303
0.786366426162319	0.940241854492994
0.786766409085087	0.938472484770061
0.787166392007856	0.936716574549352
0.787566374930624	0.934976750617249
0.787966357853392	0.933256022495639
0.78836634077616	0.931558011949649
0.788766323698928	0.929887068991172
0.789166306621697	0.928248307069949
0.789566289544465	0.926647389701275
0.789966272467233	0.9250901293831
0.790366255390001	0.923582357092119
0.790766238312769	0.922129845332064
0.791166221235538	0.920738172166323
0.791566204158306	0.919412555267873
0.791966187081074	0.918157791348228
0.792366170003842	0.916978161777739
0.792766152926611	0.915877360152605
0.793166135849379	0.914858502939925
0.793566118772147	0.91392421006648
0.793966101694915	0.913076537203148
0.794366084617683	0.912316862567676
0.794766067540452	0.911645804720668
0.79516605046322	0.911063113852532
0.795566033385988	0.91056756147713
0.795966016308756	0.910157045963824
0.796365999231525	0.909828745907308
0.796765982154293	0.909579166924371
0.797165965077061	0.909404338853442
0.797565947999829	0.909300248933264
0.797965930922597	0.909263207819728
0.798365913845366	0.909290133141443
0.798765896768134	0.909378909383287
0.799165879690902	0.909528544598418
0.79956586261367	0.909739069770136
0.799965845536438	0.910011241368767
0.800365828459207	0.910346300012619
0.800765811381975	0.910745700148693
0.801165794304743	0.91121089983219
0.801565777227511	0.911743299166677
0.80196576015028	0.912344249500249
0.802365743073048	0.913014965770809
0.802765725995816	0.913756601526152
0.803165708918584	0.914570538719072
0.803565691841353	0.915458749104837
0.803965674764121	0.916424280174424
0.804365657686889	0.917471862426473
0.804765640609657	0.918608075342573
0.805165623532425	0.919840970628429
0.805565606455194	0.921179282302004
0.805965589377962	0.922631445026426
0.80636557230073	0.924204517325506
0.806765555223498	0.925903574423881
0.807165538146266	0.927731565424943
0.807565521069035	0.929689475780298
0.807965503991803	0.931776593153587
0.808365486914571	0.933990783536428
0.808765469837339	0.936328404527612
0.809165452760108	0.938783949275209
0.809565435682876	0.941349682567645
0.809965418605644	0.944015617934564
0.810365401528412	0.946769739332875
0.81076538445118	0.949598679783933
0.811165367373949	0.952488473257248
0.811565350296717	0.955425076217719
0.811965333219485	0.958394415383007
0.812365316142253	0.96138227460751
0.812765299065021	0.964373855833011
0.81316528198779	0.967353382808621
0.813565264910558	0.970303988607315
0.813965247833326	0.973208062135104
0.814365230756094	0.976047695825349
0.814765213678863	0.978805254217509
0.815165196601631	0.981463826539425
0.815565179524399	0.984007515341398
0.815965162447167	0.986421585233225
0.816365145369935	0.988692669500261
0.816765128292704	0.990809036346026
0.817165111215472	0.992761067624686
0.81756509413824	0.99454182160377
0.817965077061008	0.996147558640994
0.818365059983777	0.997577993302237
0.818765042906545	0.998836317060724
0.819165025829313	0.999928948283305
0.819565008752081	1.00086514730576
0.819964991674849	1.00165635195145
0.820364974597618	1.00231551472567
0.820764957520386	1.00285650696707
0.821164940443154	1.00329348719817
0.821564923365922	1.00364020045417
0.821964906288691	1.00390950157805
0.822364889211459	1.00411295698813
0.822764872134227	1.00426048643494
0.823164855056995	1.0043602559938
0.823564837979763	1.00441885431093
0.823964820902532	1.00444144874521
0.8243648038253	1.00443206685113
0.824764786748068	1.00439400444574
0.825164769670836	1.00433005906158
0.825564752593605	1.00424269104661
0.825964735516373	1.0041341955487
0.826364718439141	1.0040065366868
0.826764701361909	1.00386086382774
0.827164684284677	1.00369705918343
0.827564667207446	1.00351319121217
0.827964650130214	1.00330488790482
0.828364633052982	1.00306507214564
0.82876461597575	1.0027841297855
0.829164598898518	1.00245029813396
0.829564581821287	1.00205036748347
0.829964564744055	1.00157053775577
0.830364547666823	1.00099730345169
0.830764530589591	1.0003181907832
0.83116451351236	0.999522365999839
0.831564496435128	0.998600869930429
0.831964479357896	0.997546622076147
0.832364462280664	0.99635433257914
0.832764445203433	0.995020366215645
0.833164428126201	0.993542598156666
0.833564411048969	0.991920292060803
0.833964393971737	0.990153976068004
0.834364376894505	0.988245292239395
0.834764359817274	0.986196566605504
0.835164342740042	0.984010206905319
0.83556432566281	0.981688090329946
0.835964308585578	0.979231104965526
0.836364291508346	0.976638806099284
0.836764274431115	0.973909428700711
0.837164257353883	0.971040131610107
0.837564240276651	0.968027350377215
0.837964223199419	0.964867166368044
0.838364206122188	0.961555668402863
0.838764189044956	0.958089387034843
0.839164171967724	0.954465891761721
0.839564154890492	0.950684577395533
0.83996413781326	0.946747336060298
0.840364120736029	0.94265886747382
0.840764103658797	0.938426575587937
0.841164086581565	0.934059979416626
0.841564069504333	0.929569667410628
0.841964052427101	0.924966236968381
0.84236403534987	0.92025962802897
0.842764018272638	0.915458925338703
0.843164001195406	0.910572506833647
0.843563984118174	0.905608380468055
0.843963967040943	0.900574442758554
0.844363949963711	0.895478536461258
0.844763932886479	0.890328338293017
0.845163915809247	0.885131091730654
0.845563898732016	0.879893500679038
0.845963881654784	0.874621959351072
0.846363864577552	0.869322912599833
0.84676384750032	0.864003257959912
0.847163830423088	0.858670733951964
0.847563813345857	0.85333405873529
0.847963796268625	0.848002630991309
0.848363779191393	0.842686026460708
0.848763762114161	0.837393358403394
0.849163745036929	0.83213272993965
0.849563727959698	0.826911018698481
0.849963710882466	0.821733893701656
0.850363693805234	0.81660586287552
0.850763676728002	0.811530509225692
0.851163659650771	0.806510720508575
0.851563642573539	0.801548741345582
0.851963625496307	0.796645960456213
0.852363608419075	0.79180256228404
0.852763591341843	0.787016996253565
0.853163574264612	0.782285646071127
0.85356355718738	0.777602820433307
0.853963540110148	0.772961358172884
0.854363523032916	0.768353643842567
0.854763505955685	0.763772951326397
0.855163488878453	0.759214861955798
0.855563471801221	0.75467846315169
0.855963454723989	0.750167114976227
0.856363437646757	0.745688717182371
0.856763420569526	0.741255455632787
0.857163403492294	0.736883059590286
0.857563386415062	0.732589800176892
0.85796336933783	0.728395451702821
0.858363352260598	0.724320294855206
0.858763335183367	0.720384261862347
0.859163318106135	0.716606381991899
0.859563301028903	0.713004542245116
0.859963283951671	0.709595455446322
0.86036326687444	0.706394823958466
0.860763249797208	0.703417586399669
0.861163232719976	0.700677987848618
0.861563215642744	0.698189451000744
0.861963198565513	0.695964296792587
0.862363181488281	0.694013521332641
0.862763164411049	0.692346694679722
0.863163147333817	0.690972008837322
0.863563130256585	0.68989640165284
0.863963113179354	0.689125546481286
0.864363096102122	0.688663727113752
0.86476307902489	0.68851355429533
0.865163061947658	0.688675551838732
0.865563044870426	0.689147758267804
0.865963027793195	0.689925673988582
0.866363010715963	0.691002500119468
0.866762993638731	0.692369511580487
0.867162976561499	0.694016460419872
0.867562959484268	0.695931918933045
0.867962942407036	0.698103485111796
0.868362925329804	0.700517718117496
0.868762908252572	0.703159966876028
0.86916289117534	0.706014317488423
0.869562874098109	0.709063756159106
0.869962857020877	0.712290510080419
0.870362839943645	0.715676531151833
0.870762822866413	0.719204056164726
0.871162805789181	0.722856087019612
0.87156278871195	0.726616743556885
0.871962771634718	0.730471512136985
0.872362754557486	0.734407424118325
0.872762737480254	0.73841322477702
0.873162720403023	0.742479492788239
0.873562703325791	0.746598506273776
0.873962686248559	0.750763753993384
0.874362669171327	0.754969162725879
0.874762652094096	0.759208148828188
0.875162635016864	0.76347252396189
0.875562617939632	0.767751592626787
0.8759626008624	0.772031732311572
0.876362583785168	0.77629656007629
0.876762566707937	0.780527472566525
0.877162549630705	0.784704703058878
0.877562532553473	0.788808706354689
0.877962515476241	0.792821457603452
0.878362498399009	0.796727406960323
0.878762481321778	0.800514081030487
0.879162464244546	0.804172103549382
0.879562447167314	0.807694627764621
0.879962430090082	0.811076501031536
0.880362413012851	0.81431343460541
0.880762395935619	0.817401398423888
0.881162378858387	0.820336593171999
0.881562361781155	0.823115980699037
0.881962344703923	0.825737929503882
0.882362327626692	0.828202785231726
0.88276231054946	0.830513207888481
0.883162293472228	0.832674208597926
0.883562276394996	0.834692932325085
0.883962259317765	0.836578415201955
0.884362242240533	0.838341490129323
0.884762225163301	0.839994795942598
0.885162208086069	0.841552688274761
0.885562191008837	0.843031017510277
0.885962173931606	0.844446761751909
0.886362156854374	0.845817497077682
0.886762139777142	0.847160759722141
0.88716212269991	0.848493505783723
0.887562105622679	0.849831748022426
0.887962088545447	0.851190331836976
0.888362071468215	0.852582764494618
0.888762054390983	0.854021186685222
0.889162037313751	0.855516371704659
0.88956202023652	0.857077686678404
0.889962003159288	0.858713179626365
0.890361986082056	0.860078964336992
0.890761969004824	0.861631597680755
0.891161951927593	0.863367019709107
0.891561934850361	0.865271445634559
0.891961917773129	0.867325579491797
0.892361900695897	0.869507797331472
0.892761883618665	0.871796334470893
0.893161866541434	0.874170636195763
0.893561849464202	0.87661208003631
0.89396183238697	0.87910427719838
0.894361815309738	0.881633101282504
0.894761798232506	0.884186550159439
0.895161781155275	0.886754527209576
0.895561764078043	0.889328589701208
0.895961747000811	0.891901698617269
0.896361729923579	0.894467999368163
0.896761712846348	0.897022633323649
0.897161695769116	0.899561569950426
0.897561678691884	0.902081464885998
0.897961661614652	0.904579536709032
0.89836164453742	0.907053456867944
0.898761627460189	0.909501248590294
0.899161610382957	0.911921199423978
0.899561593305725	0.914311781405042
0.899961576228493	0.916671592452359
0.900361559151261	0.918999318366624
0.90076154207403	0.921293717878826
0.901161524996798	0.923553624660542
0.901561507919566	0.92577796461679
0.901961490842334	0.927965777316294
0.902361473765103	0.930116237721818
0.902761456687871	0.93222866876846
0.903161439610639	0.934302545497753
0.903561422533407	0.936337489883012
0.903961405456176	0.938333253360411
0.904361388378944	0.940289689971955
0.904761371301712	0.942206733390652
0.90516135422448	0.944084377671868
0.905561337147248	0.945922662113173
0.905961320070017	0.94772166758349
0.906361302992785	0.949481523175874
0.906761285915553	0.951202416354164
0.907161268838321	0.95288460793856
0.907561251761089	0.954528447045089
0.907961234683858	0.956134373485765
0.908361217606626	0.957702907210639
0.908761200529394	0.959234629370376
0.909161183452162	0.960730158819151
0.909561166374931	0.962190128678621
0.909961149297699	0.96361516982265
0.910361132220467	0.965005900585326
0.910761115143235	0.966362921397681
0.911161098066003	0.967686812885216
0.911561080988772	0.968978134405832
0.91196106391154	0.970237423143278
0.912361046834308	0.971465195673075
0.912761029757076	0.972661952918063
0.913161012679845	0.973828184771259
0.913560995602613	0.974964373957162
0.913960978525381	0.976070997922548
0.914360961448149	0.977148526957352
0.914760944370917	0.978197419613683
0.915160927293686	0.979218115923609
0.915560910216454	0.980211031332468
0.915960893139222	0.981176555040536
0.91636087606199	0.982115053331206
0.916760858984759	0.983026874628641
0.917160841907527	0.983912354296812
0.917560824830295	0.984771819334933
0.917960807753063	0.98560559076557
0.918360790675831	0.986413983566339
0.9187607735986	0.987197307590873
0.919160756521368	0.987955871394173
0.919560739444136	0.988689986259004
0.919960722366904	0.989399969087411
0.920360705289673	0.990086141105735
0.920760688212441	0.990748819277887
0.921160671135209	0.991388301200563
0.921560654057977	0.992004848060831
0.921960636980745	0.992598667049924
0.922360619903514	0.993169898958793
0.922760602826282	0.993718616145339
0.92316058574905	0.994244830369322
0.923560568671818	0.994748504580449
0.923960551594586	0.995229569159763
0.924360534517355	0.995687938723621
0.924760517440123	0.996123524714977
0.925160500362891	0.99653624288983
0.925560483285659	0.996926018036775
0.925960466208428	0.997292782596875
0.926360449131196	0.997636470870774
0.926760432053964	0.997957010155016
0.927160414976732	0.998254310507448
0.9275603978995	0.998528254559389
0.927960380822269	0.998778691466607
0.928360363745037	0.999005437209489
0.928760346667805	0.999208279649885
0.929160329590573	0.999386985036232
0.929560312513341	0.999541302635115
0.92996029543611	0.999670967333569
0.930360278358878	0.999775699185332
0.930760261281646	0.999855197876486
0.931160244204414	0.999909139178493
0.931560227127183	0.999937175872606
0.931960210049951	0.999938940362039
0.932360192972719	0.999914049010553
0.932760175895487	0.999862111436031
0.933160158818256	0.999782739482047
0.933560141741024	0.999675553718931
0.933960124663792	0.999540191258697
0.93436010758656	0.999376313455053
0.934760090509328	0.999183608378067
0.935160073432097	0.998961788628719
0.935560056354865	0.998710586994423
0.935960039277633	0.998429749780566
0.936360022200401	0.998119029333809
0.936760005123169	0.997778186062765
