0	1.24744122414301
0.000399982911094972	1.24406370468935
0.000799965822189943	1.24081366073292
0.00119994873328491	1.23769024486714
0.00159993164437989	1.23469255712857
0.00199991455547486	1.23181964548478
0.00239989746656983	1.2290705062239
0.0027998803776648	1.2264440821668
0.00319986328875977	1.22393925576401
0.00359984619985474	1.22155485184889
0.00399982911094972	1.21928963964012
0.00439981202204469	1.21714233724999
0.00479979493313966	1.2151116194026
0.00519977784423463	1.21319612287135
0.0055997607553296	1.21139445161738
0.00599974366642457	1.20970518668853
0.00639972657751955	1.2081268980036
0.00679970948861452	1.20665815506843
0.00719969239970949	1.20529753445877
0.00759967531080446	1.20404362484344
0.00799965822189943	1.20289502833372
0.0083996411329944	1.20185035942283
0.00879962404408938	1.20090824478922
0.00919960695518435	1.20006732419472
0.00959958986627932	1.19932625248166
0.00999957277737429	1.19868370144829
0.0103995556884693	1.19813836408775
0.0107995385995642	1.19768895747697
0.0111995215106592	1.1973342261119
0.0115995044217542	1.1970729478762
0.0119994873328491	1.19690393914601
0.0123994702439441	1.19682605553654
0.0127994531550391	1.19683819153601
0.0131994360661341	1.19693927525901
0.013599418977229	1.19712825444594
0.013999401888324	1.19740407702289
0.014399384799419	1.19776567363506
0.0147993677105139	1.19821194156299
0.0151993506216089	1.19874173650094
0.0155993335327039	1.19935387466187
0.0159993164437989	1.20004714265877
0.0163992993548938	1.20082031179533
0.0167992822659888	1.20167215479848
0.0171992651770838	1.20260145671692
0.0175992480881788	1.2036070182054
0.0179992309992737	1.20468765489682
0.0183992139103687	1.20584219490013
0.0187991968214637	1.20706947407381
0.0191991797325586	1.2083683356195
0.0195991626436536	1.2097376350261
0.0199991455547486	1.21117624814631
0.0203991284658436	1.21268308088822
0.0207991113769385	1.21425707858583
0.0211990942880335	1.21589723158054
0.0215990771991285	1.21760257738463
0.0219990601102234	1.21937220112497
0.0223990430213184	1.22120523217914
0.0227990259324134	1.22310084050376
0.0231990088435084	1.22505823459428
0.0235989917546033	1.2270766616925
0.0239989746656983	1.22915541018001
0.0243989575767933	1.23129381773656
0.0247989404878882	1.23349128513204
0.0251989233989832	1.23574729471387
0.0255989063100782	1.2380614298779
0.0259988892211732	1.24043339194205
0.0263988721322681	1.24286301144161
0.0267988550433631	1.24535025146901
0.0271988379544581	1.24789520062299
0.027598820865553	1.25049806126598
0.027998803776648	1.25315913741797
0.028398786687743	1.25587882724601
0.028798769598838	1.25865762335321
0.0291987525099329	1.26149612001986
0.0295987354210279	1.26439502465272
0.0299987183321229	1.26735517598087
0.0303987012432178	1.27037756423335
0.0307986841543128	1.27346334711248
0.0311986670654078	1.2766138638836
0.0315986499765028	1.279830650456
0.0319986328875977	1.28311545122616
0.0323986157986927	1.28647022633999
0.0327985987097877	1.2898971557539
0.0331985816208826	1.29339864540097
0.0335985645319776	1.29697734229635
0.0339985474430726	1.30063615697855
0.0343985303541676	1.30437828476653
0.0347985132652625	1.30820723052041
0.0351984961763575	1.3121268349628
0.0355984790874525	1.31614129395589
0.0359984619985474	1.3202551688157
0.0363984449096424	1.32447339533033
0.0367984278207374	1.32880129547454
0.0371984107318324	1.33324459584888
0.0375983936429273	1.33780945260398
0.0379983765540223	1.34250248168077
0.0383983594651173	1.34733078937101
0.0387983423762122	1.35230199631913
0.0391983252873072	1.35742423995919
0.0395983081984022	1.36270614212623
0.0399982911094972	1.36815673582476
0.0403982740205921	1.37378535217661
0.0407982569316871	1.37960144774379
0.0411982398427821	1.38561435798969
0.041598222753877	1.39183294593448
0.041998205664972	1.39826511173804
0.042398188576067	1.40491710139383
0.042798171487162	1.41179255459717
0.0431981543982569	1.41889121706644
0.0435981373093519	1.42620727473984
0.0439981202204469	1.43372730803412
0.0443981031315418	1.44142797174037
0.0447980860426368	1.44927367266676
0.0451980689537318	1.45721481136958
0.0455980518648268	1.46518756672915
0.0459980347759217	1.47311681487166
0.0463980176870167	1.48092451361747
0.0467980005981117	1.48854668265143
0.0471979835092066	1.49379848609488
0.0475979664203016	1.49880054119761
0.0479979493313966	1.50355371507377
0.0483979322424916	1.50805823480243
0.0487979151535865	1.5123131686867
0.0491978980646815	1.51631626448567
0.0495978809757765	1.52006392713567
0.0499978638868714	1.52355129061408
0.0503978467979664	1.52677263550439
0.0507978297090614	1.52972169951157
0.0511978126201564	1.53239193295742
0.0515977955312513	1.53477683017168
0.0519977784423463	1.53687010992617
0.0523977613534413	1.53866576726051
0.0527977442645363	1.54015820015964
0.0531977271756312	1.54134230222407
0.0535977100867262	1.54221338198505
0.0539976929978212	1.54276686783207
0.0543976759089161	1.54299801611466
0.0547976588200111	1.54290164363453
0.0551976417311061	1.54247190555359
0.0555976246422011	1.54170233106573
0.055997607553296	1.54058613770476
0.056397590464391	1.53911661612575
0.056797573375486	1.53728751190201
0.0571975562865809	1.53509354498525
0.0575975391976759	1.53253085832276
0.0579975221087709	1.52959741712635
0.0583975050198659	1.52629359350658
0.0587974879309608	1.52262268627713
0.0591974708420558	1.51859111015125
0.0595974537531508	1.51420840243721
0.0599974366642457	1.50948673887639
0.0603974195753407	1.50443979868315
0.0607974024864357	1.49908139785246
0.0611973853975307	1.49342435850325
0.0615973683086256	1.48747947737504
0.0619973512197206	1.48125512122216
0.0623973341308156	1.47475746939453
0.0627973170419105	1.46799109328703
0.0631972999530055	1.46095969462771
0.0635972828641005	1.45366694661341
0.0639972657751955	1.44611694989237
0.0643972486862904	1.43831435576011
0.0647972315973854	1.43026432849567
0.0651972145084804	1.42197245810746
0.0655971974195753	1.41344448730136
0.0659971803306703	1.40468616692536
0.0663971632417653	1.39570320386232
0.0667971461528603	1.38650138877365
0.0671971290639552	1.37708674963287
0.0675971119750502	1.36746583911361
0.0679970948861452	1.35764605888012
0.0683970777972401	1.34763588130917
0.0687970607083351	1.33744483922229
0.0691970436194301	1.32708323954919
0.0695970265305251	1.31656165144069
0.06999700944162	1.30589031690081
0.070396992352715	1.29507875428016
0.07079697526381	1.28413561782772
0.0711969581749049	1.27306881471869
0.0715969410859999	1.26188595026189
0.0719969239970949	1.25059500613657
0.0723969069081899	1.23920495668931
0.0727968898192848	1.22772620889439
0.0731968727303798	1.2161709132015
0.0735968556414748	1.20455303244428
0.0739968385525697	1.19288806777735
0.0743968214636647	1.18119267193031
0.0747968043747597	1.1694842040734
0.0751967872858547	1.1577802842386
0.0755967701969496	1.1460984494832
0.0759967531080446	1.13445594778735
0.0763967360191396	1.1228695476492
0.0767967189302345	1.11135553349452
0.0771967018413295	1.09992994739751
0.0775966847524245	1.08860869463089
0.0779966676635195	1.07740757201353
0.0783966505746144	1.06634244330856
0.0787966334857094	1.05542935516419
0.0791966163968044	1.04468430673895
0.0795965993078993	1.03412286377248
0.0799965822189943	1.02375975192183
0.0803965651300893	1.0136085830807
0.0807965480411843	1.00368185937387
0.0811965309522792	0.993991131160661
0.0815965138633742	0.98454739883188
0.0819964967744692	0.975361616770444
0.0823964796855642	0.966445022751345
0.0827964625966591	0.9578090109463
0.0831964455077541	0.949464710112455
0.0835964284188491	0.94142249531475
0.083996411329944	0.933691567084705
0.084396394241039	0.926279637377585
0.084796377152134	0.919192886851365
0.0851963600632289	0.912436160928271
0.0855963429743239	0.906013291631126
0.0859963258854189	0.899927180142631
0.0863963087965139	0.894179612108931
0.0867962917076088	0.888770907358044
0.0871962746187038	0.883699744463505
0.0875962575297988	0.878963077328596
0.0879962404408938	0.874556278348269
0.0883962233519887	0.870473428671076
0.0887962062630837	0.866707847032384
0.0891961891741787	0.863252651937041
0.0895961720852736	0.860101244137865
0.0899961549963686	0.857247556326158
0.0903961379074636	0.854686132277735
0.0907961208185586	0.852411857216553
0.0911961037296535	0.850419379146026
0.0915960866407485	0.848702432757608
0.0919960695518435	0.847253424791617
0.0923960524629384	0.846063244893654
0.0927960353740334	0.845121458003152
0.0931960182851284	0.844416883129025
0.0935960011962234	0.84393840730773
0.0939959841073183	0.84367597023247
0.0943959670184133	0.843621571227297
0.0947959499295083	0.84376967294814
0.0951959328406032	0.844116969824527
0.0955959157516982	0.844661735943897
0.0959958986627932	0.845402614043273
0.0963958815738882	0.846337034732239
0.0967958644849831	0.84745986933155
0.0971958473960781	0.84876251523956
0.0975958303071731	0.850232282110987
0.097995813218268	0.851852330911469
0.098395796129363	0.853602130806477
0.098795779040458	0.855458223750824
0.099195761951553	0.857395285403244
0.0995957448626479	0.859387493884617
0.0999957277737429	0.86140978913562
0.100395710684838	0.863438867783509
0.100795693595933	0.86545392793115
0.101195676507028	0.867437013944581
0.101595659418123	0.869372802335466
0.101995642329218	0.87124803922137
0.102395625240313	0.873051061230543
0.102795608151408	0.874771617236827
0.103195591062503	0.876401047796879
0.103595573973598	0.877932942369696
0.103995556884693	0.879364091421469
0.104395539795788	0.880695225556918
0.104795522706883	0.881931269704397
0.105195505617978	0.883080987203458
0.105595488529073	0.884155891923803
0.105995471440167	0.885168659933321
0.106395454351262	0.886131509731661
0.106795437262357	0.887054721112079
0.107195420173452	0.887945421658458
0.107595403084547	0.888806911401563
0.107995385995642	0.889638668056463
0.108395368906737	0.890436767668385
0.108795351817832	0.891194736078416
0.109195334728927	0.891904640995739
0.109595317640022	0.892558122400088
0.109995300551117	0.893147304201586
0.110395283462212	0.893665550766437
0.110795266373307	0.89410776988503
0.111195249284402	0.894470324863537
0.111595232195497	0.894750793243102
0.111995215106592	0.894947864289903
0.112395198017687	0.895061307897205
0.112795180928782	0.895092109204226
0.113195163839877	0.895042656913086
0.113595146750972	0.894916855190814
0.113995129662067	0.894719966805886
0.114395112573162	0.894458277628059
0.114795095484257	0.894138723026752
0.115195078395352	0.893768569620107
0.115595061306447	0.893355410890241
0.115995044217542	0.892907380424714
0.116395027128637	0.892433427541532
0.116795010039732	0.891943662964924
0.117194992950827	0.891449477813464
0.117594975861922	0.890963234456312
0.117994958773017	0.890497727997772
0.118394941684112	0.890065488208159
0.118794924595207	0.88967795798794
0.119194907506302	0.889344790683239
0.119594890417397	0.889073520769755
0.119994873328491	0.888869340749564
0.120394856239586	0.888735116230341
0.120794839150681	0.888671539424485
0.121194822061776	0.888677344554239
0.121594804972871	0.888749553149314
0.121994787883966	0.888883763952905
0.122394770795061	0.889074333240049
0.122794753706156	0.889314652283076
0.123194736617251	0.889597538009242
0.123594719528346	0.889915512711253
0.123994702439441	0.890261095436795
0.124394685350536	0.890627083092546
0.124794668261631	0.891006584608099
0.125194651172726	0.891393195833252
0.125594634083821	0.891781259017603
0.125994616994916	0.892165929262015
0.126394599906011	0.89254329364254
0.126794582817106	0.892910685790769
0.127194565728201	0.893266723654123
0.127594548639296	0.893611177615267
0.127994531550391	0.893945023288096
0.128394514461486	0.894270680731752
0.128794497372581	0.894592181878861
0.129194480283676	0.894915509002113
0.129594463194771	0.895248868319212
0.129994446105866	0.895602579204687
0.130394429016961	0.895988574941938
0.130794411928056	0.896419711613472
0.131194394839151	0.896908815973046
0.131594377750246	0.897467894560599
0.131994360661341	0.898107549975883
0.132394343572436	0.898836610664394
0.132794326483531	0.899661867219608
0.133194309394626	0.900588101249387
0.133594292305721	0.901618160303404
0.133994275216815	0.902753193720351
0.13439425812791	0.903992940672956
0.134794241039005	0.905336065390577
0.1351942239501	0.90678044219608
0.135594206861195	0.908323486645082
0.13599418977229	0.909962281746179
0.136394172683385	0.911693607283991
0.13679415559448	0.91351393949258
0.137194138505575	0.915419481263828
0.13759412141667	0.917406104444854
0.137994104327765	0.919469454109882
0.13839408723886	0.921604971354424
0.138794070149955	0.923807842005736
0.13919405306105	0.926072851124549
0.139594035972145	0.928394403426156
0.13999401888324	0.930766812727814
0.140394001794335	0.933184715542793
0.14079398470543	0.93564348873124
0.141193967616525	0.938139663504877
0.14159395052762	0.940670932128478
0.141993933438715	0.943235686914184
0.14239391634981	0.945832400324221
0.142793899260905	0.948459048398179
0.143193882172	0.951112591077099
0.143593865083095	0.953788884548302
0.14399384799419	0.956483054021132
0.144393830905285	0.959189781619214
0.14479381381638	0.961903526328735
0.145193796727475	0.964618780891856
0.14559377963857	0.967330186868411
0.145993762549665	0.970032411386428
0.14639374546076	0.972720167652485
0.146793728371855	0.975388275533765
0.14719371128295	0.978031683099106
0.147593694194045	0.980645424410901
0.147993677105139	0.983224598374952
0.148393660016234	0.985764239756198
0.148793642927329	0.98825914990366
0.149193625838424	0.990703874353412
0.149593608749519	0.993092803082327
0.149993591660614	0.99542019176142
0.150393574571709	0.997680082762576
0.150793557482804	0.999866138178904
0.151193540393899	1.00197134171508
0.151593523304994	1.00398776346871
0.151993506216089	1.00590658394511
0.152393489127184	1.00771832785329
0.152793472038279	1.00941325024802
0.153193454949374	1.01098179422475
0.153593437860469	1.01241482702366
0.153993420771564	1.01370364328249
0.154393403682659	1.01484006499637
0.154793386593754	1.01581672998109
0.155193369504849	1.01662736777945
0.155593352415944	1.0172672545225
0.155993335327039	1.017733421962
0.156393318238134	1.01802445295889
0.156793301149229	1.01814008554159
0.157193284060324	1.01808068789682
0.157593266971419	1.01784668556851
0.157993249882514	1.017438517525
0.158393232793609	1.01685722315026
0.158793215704704	1.01610528892798
0.159193198615799	1.01518750395097
0.159593181526894	1.01411152276354
0.159993164437989	1.01288776935289
0.160393147349084	1.01152886475691
0.160793130260179	1.01004876225832
0.161193113171274	1.0084619398707
0.161593096082369	1.00678295863539
0.161993078993463	1.0050264249852
0.162393061904558	1.00320697551447
0.162793044815653	1.00133927928017
0.163193027726748	0.999438027113573
0.163593010637843	0.997517752789801
0.163992993548938	0.995592669120784
0.164392976460033	0.993676749170712
0.164792959371128	0.991783839069668
0.165192942282223	0.989927722684154
0.165592925193318	0.988122199983431
0.165992908104413	0.986380952646728
0.166392891015508	0.98471717138125
0.166792873926603	0.983143183574856
0.167192856837698	0.9816701466756
0.167592839748793	0.980307752552049
0.167992822659888	0.979064139931342
0.168392805570983	0.977946109398668
0.168792788482078	0.976959404552052
0.169192771393173	0.976109037230647
0.169592754304268	0.975399790421791
0.169992737215363	0.97483665397439
0.170392720126458	0.974425087520134
0.170792703037553	0.974171350682651
0.171192685948648	0.974082593065967
0.171592668859743	0.97416659663812
0.171992651770838	0.97443153383524
0.172392634681933	0.974885844336854
0.172792617593028	0.975537859328215
0.173192600504123	0.976395407029516
0.173592583415218	0.977465496868315
0.173992566326313	0.97875398694667
0.174392549237408	0.980265135445392
0.174792532148503	0.982001350068985
0.175192515059598	0.983963187796684
0.175592497970693	0.986149540878163
0.175992480881788	0.988557998423052
0.176392463792882	0.991185238740812
0.176792446703977	0.994027170571445
0.177192429615072	0.997078966683398
0.177592412526167	1.00033506468547
0.177992395437262	1.00378909163842
0.178392378348357	1.00743377257218
0.178792361259452	1.01126102203794
0.179192344170547	1.01526219508829
0.179592327081642	1.01942822390214
0.179992309992737	1.02374958676419
0.180392292903832	1.02821619206395
0.180792275814927	1.03281736481607
0.181192258726022	1.03754171443003
0.181592241637117	1.04237693485637
0.181992224548212	1.04730960539123
0.182392207459307	1.05232505872295
0.182792190370402	1.05740713802947
0.183192173281497	1.06253804294296
0.183592156192592	1.06769833926308
0.183992139103687	1.07286720200005
0.184392122014782	1.07802284340488
0.184792104925877	1.08314305000375
0.185192087836972	1.08820547164586
0.185592070748067	1.09318778158122
0.185992053659162	1.09806779070603
0.186392036570257	1.10282360900867
0.186792019481352	1.10743398838106
0.187192002392447	1.1118789367579
0.187591985303542	1.11614052726069
0.187991968214637	1.1202037899361
0.188391951125732	1.12405735478424
0.188791934036827	1.12769363850286
0.189191916947922	1.13110886823469
0.189591899859017	1.13430283666207
0.189991882770112	1.13727834711779
0.190391865681206	1.140040792388
0.190791848592301	1.14259804712703
0.191191831503396	1.14496012963713
0.191591814414491	1.14713862961674
0.191991797325586	1.14914609944702
0.192391780236681	1.15099527333064
0.192791763147776	1.152698018138
0.193191746058871	1.15426454440693
0.193591728969966	1.15570282809063
0.193991711881061	1.15701808915235
0.194391694792156	1.15821260907986
0.194791677703251	1.15928588380387
0.195191660614346	1.16023474119727
0.195591643525441	1.16105359883748
0.195991626436536	1.16173510175715
0.196391609347631	1.16227082086444
0.196791592258726	1.1626519578687
0.197191575169821	1.16287024287668
0.197591558080916	1.16291896133527
0.197991540992011	1.16279377802647
0.198391523903106	1.16249347311806
0.198791506814201	1.16202036825702
0.199191489725296	1.16138023513631
0.199591472636391	1.16058169305656
0.199991455547486	1.15963517387428
0.200391438458581	1.15855151990765
0.200791421369676	1.15734069902261
0.201191404280771	1.15601091338976
0.201591387191866	1.15456830760596
0.201991370102961	1.15301737379229
0.202391353014056	1.15136184986604
0.202791335925151	1.14960559488026
0.203191318836246	1.14775315184964
0.203591301747341	1.14580987572664
0.203991284658436	1.14378154753965
0.20439126756953	1.14167363007593
0.204791250480625	1.13949051286809
0.20519123339172	1.13723487874041
0.205591216302815	1.13490744881385
0.20599119921391	1.1325071589401
0.206391182125005	1.13003139821134
0.2067911650361	1.12747625289982
0.207191147947195	1.12483674961015
0.20759113085829	1.12210694862791
0.207991113769385	1.11927989039604
0.20839109668048	1.11634773737555
0.208791079591575	1.11330209002977
0.20919106250267	1.11013456684793
0.209591045413765	1.10683775085517
0.20999102832486	1.10340623293941
0.210391011235955	1.09983748154551
0.21079099414705	1.09613254468966
0.211190977058145	1.09229655484035
0.21159095996924	1.08833867013486
0.211990942880335	1.08427157227772
0.21239092579143	1.08011078631329
0.212790908702525	1.07587377554832
0.21319089161362	1.0715790890391
0.213590874524715	1.06724570857227
0.21399085743581	1.06289263485961
0.214390840346905	1.05853867905214
0.214790823258	1.05420258936238
0.215190806169095	1.04990323884175
0.21559078908019	1.04565968065336
0.215990771991285	1.04149116471559
0.21639075490238	1.03741709569812
0.216790737813475	1.03345673487678
0.21719072072457	1.02962892997356
0.217590703635665	1.0259520573035
0.21799068654676	1.02244398500625
0.218390669457854	1.01912195258453
0.218790652368949	1.01600270139677
0.219190635280044	1.01310243643863
0.219590618191139	1.0104366058613
0.219990601102234	1.00801963339103
0.220390584013329	1.00586462387961
0.220790566924424	1.003982929468
0.221190549835519	1.00238379595708
0.221590532746614	1.00107420801532
0.221990515657709	1.00005887965794
0.222390498568804	0.999340529483169
0.222790481479899	0.998920437752253
0.223190464390994	0.998799148772965
0.223590447302089	0.998977010948083
0.223990430213184	0.999454448521711
0.224390413124279	1.00023189425819
0.224790396035374	1.0013094689165
0.225190378946469	1.00268650345514
0.225590361857564	1.00436116804956
0.225990344768659	1.00633031347026
0.226390327679754	1.00858955903549
0.226790310590849	1.01113346192969
0.227190293501944	1.01395583533075
0.227590276413039	1.01705000540638
0.227990259324134	1.02040899075789
0.228390242235229	1.02402550992309
0.228790225146324	1.02789205234819
0.229190208057419	1.03200091945757
0.229590190968514	1.03634423373396
0.229990173879609	1.04091398117107
0.230390156790704	1.04570211298896
0.230790139701799	1.05070043118881
0.231190122612894	1.05590043086687
0.231590105523989	1.06129331168162
0.231990088435084	1.06687005709715
0.232390071346179	1.07262147584967
0.232790054257273	1.07853834034883
0.233190037168368	1.08461149381238
0.233590020079463	1.0908319245429
0.233990002990558	1.09719075897425
0.234389985901653	1.10367922915051
0.234789968812748	1.11028849253053
0.235189951723843	1.11700935692615
0.235589934634938	1.12383192464083
0.235989917546033	1.13074530863643
0.236389900457128	1.13773746977241
0.236789883368223	1.14479515667932
0.237189866279318	1.15190400096696
0.237589849190413	1.15904883008621
0.237989832101508	1.16621387274514
0.238389815012603	1.17338276784228
0.238789797923698	1.18053846247696
0.239189780834793	1.18766301968666
0.239589763745888	1.19473723429524
0.239989746656983	1.20174031537929
0.240389729568078	1.2086497174114
0.240789712479173	1.21544116493864
0.241189695390268	1.2220888684731
0.241589678301363	1.22856601085027
0.241989661212458	1.23484535549963
0.242389644123553	1.24089975249992
0.242789627034648	1.2467027438815
0.243189609945743	1.25222922054588
0.243589592856838	1.25745600099126
0.243989575767933	1.26236221992415
0.244389558679028	1.26692963416597
0.244789541590123	1.2711427116392
0.245189524501218	1.27498850058248
0.245589507412313	1.27845634742071
0.245989490323408	1.28153746828178
0.246389473234502	1.2842243489874
0.246789456145597	1.2865100904394
0.247189439056692	1.28838785445267
0.247589421967787	1.28985051929911
0.247989404878882	1.29089073045251
0.248389387789977	1.29150154969032
0.248789370701072	1.29167755868703
0.249189353612167	1.29141607399254
0.249589336523262	1.29071800268477
0.249989319434357	1.2895881933864
0.250389302345452	1.28803521773351
0.250789285256547	1.28607042276906
0.251189268167642	1.28370654300246
0.251589251078737	1.28095634585019
0.251989233989832	1.27783173609115
0.252389216900927	1.27434348338047
0.252789199812022	1.27050170106452
0.253189182723117	1.26631678250013
0.253589165634212	1.26180048100346
0.253989148545307	1.25696679808547
0.254389131456402	1.25183236158837
0.254789114367497	1.24641617131152
0.255189097278592	1.24073893032108
0.255589080189687	1.2348221592881
0.255989063100782	1.22868720986342
0.256389046011877	1.22235451093525
0.256789028922972	1.21584336266604
0.257189011834067	1.20917224563587
0.257588994745162	1.20235934216117
0.257988977656257	1.19542307932753
0.258388960567352	1.18838253438286
0.258788943478447	1.18125743909671
0.259188926389542	1.17406780936387
0.259588909300637	1.166833356101
0.259988892211732	1.15957294716523
0.260388875122826	1.15230422940383
0.260788858033921	1.14504354817862
0.261188840945016	1.1378060110423
0.261588823856111	1.13060553839745
0.261988806767206	1.12345489106045
0.262388789678301	1.11636560791645
0.262788772589396	1.10934784421186
0.263188755500491	1.10241035398284
0.263588738411586	1.09556075901849
0.263988721322681	1.08880603249044
0.264388704233776	1.08215318471789
0.264788687144871	1.07560986082515
0.265188670055966	1.06918456727982
0.265588652967061	1.06288659381192
0.265988635878156	1.05672575565557
0.266388618789251	1.0507117891453
0.266788601700346	1.04485373760432
0.267188584611441	1.03915957134657
0.267588567522536	1.03363604557265
0.267988550433631	1.02828841924467
0.268388533344726	1.02312032879035
0.268788516255821	1.01813369803268
0.269188499166916	1.01332877107364
0.269588482078011	1.00870426951618
0.269988464989106	1.00425786188883
0.270388447900201	0.999986484050753
0.270788430811296	0.995886554252615
0.271188413722391	0.991954061076807
0.271588396633486	0.988184508028399
0.271988379544581	0.984572557815931
0.272388362455676	0.981111881637043
0.272788345366771	0.977795339991325
0.273188328277866	0.974615381582142
0.273588311188961	0.971564445974622
0.273988294100056	0.968635527808189
0.274388277011151	0.965822667480114
0.274788259922245	0.96312104981936
0.27518824283334	0.960526844629498
0.275588225744435	0.958037118993002
0.27598820865553	0.9556497168509
0.276388191566625	0.953363187816595
0.27678817447772	0.951177019439191
0.277188157388815	0.94909179691335
0.27758814029991	0.947109119243532
0.277988123211005	0.945231490607301
0.2783881061221	0.943462163637214
0.278788089033195	0.941804632691217
0.27918807194429	0.940262161145321
0.279588054855385	0.938837568856678
0.27998803776648	0.937533152924423
0.280388020677575	0.936350743969372
0.28078800358867	0.935291954327196
0.281187986499765	0.934358332489518
0.28158796941086	0.933551292906441
0.281987952321955	0.932871871604686
0.28238793523305	0.932320251618987
0.282787918144145	0.931895352655486
0.28318790105524	0.931594635283113
0.283587883966335	0.931414053286388
0.28398786687743	0.931348285058976
0.284387849788525	0.931391219252039
0.28478783269962	0.931536557135516
0.285187815610715	0.931778369536045
0.28558779852181	0.932111667882311
0.285987781432905	0.932532909044507
0.286387764344	0.933040366736867
0.286787747255095	0.933634369811907
0.28718773016619	0.934317260421522
0.287587713077285	0.935092970735574
0.28798769598838	0.935966404473323
0.288387678899475	0.93694272504338
0.28878766181057	0.938026515645249
0.289187644721664	0.939221044375098
0.289587627632759	0.940527981945134
0.289987610543854	0.941947321742082
0.290387593454949	0.943477474621453
0.290787576366044	0.945115571488784
0.291187559277139	0.946857863869776
0.291587542188234	0.948699931973095
0.291987525099329	0.950636859235706
0.292387508010424	0.952663444891445
0.292787490921519	0.954774251173843
0.293187473832614	0.956963578155993
0.293587456743709	0.959225260653819
0.293987439654804	0.961552162839556
0.294387422565899	0.963935557278559
0.294787405476994	0.966364720179854
0.295187388388089	0.968826787828496
0.295587371299184	0.971307194872582
0.295987354210279	0.973790779548443
0.296387337121374	0.976263253458554
0.296787320032469	0.978712586761805
0.297187302943564	0.981130077228781
0.297587285854659	0.983510838007663
0.297987268765754	0.985853684273841
0.298387251676849	0.988160482582883
0.298787234587944	0.990435140442942
0.299187217499039	0.992682571296086
0.299587200410134	0.994907926389279
0.299987183321229	0.99711589845643
0.300387166232324	0.999310065227145
0.300787149143419	1.00149235349385
0.301187132054514	1.00366258296424
0.301587114965609	1.00581808411065
0.301987097876704	1.0079535995285
0.302387080787799	1.01006152106905
0.302787063698894	1.01213237982492
0.303187046609988	1.01415560905546
0.303587029521083	1.01612042114207
0.303987012432178	1.01801666144155
0.304386995343273	1.01983559528488
0.304786978254368	1.02157064904678
0.305186961165463	1.02321773436079
0.305586944076558	1.02477509240496
0.305986926987653	1.02624272212228
0.306386909898748	1.02762151566781
0.306786892809843	1.02891221704615
0.307186875720938	1.03011455453508
0.307586858632033	1.03122676161421
0.307986841543128	1.03224563649591
0.308386824454223	1.03316705621165
0.308786807365318	1.03398680105388
0.309186790276413	1.0347013649602
0.309586773187508	1.03530864437811
0.309986756098603	1.03580818212351
0.310386739009698	1.03620086436047
0.310786721920793	1.0364883200733
0.311186704831888	1.03667232535288
0.311586687742983	1.03675424370734
0.311986670654078	1.03673471575622
0.312386653565173	1.03661383850712
0.312786636476268	1.03639162509039
0.313186619387363	1.03606874168084
0.313586602298458	1.0356471967395
0.313986585209553	1.03513064725728
0.314386568120648	1.03452421486178
0.314786551031743	1.03383399396237
0.315186533942838	1.03306622099205
0.315586516853933	1.03222639913949
0.315986499765028	1.03131890964196
0.316386482676123	1.03034729498235
0.316786465587218	1.02931516603031
0.317186448498313	1.02822744349674
0.317586431409407	1.02709117360905
0.317986414320502	1.02591554619028
0.318386397231597	1.02471119370879
0.318786380142692	1.0234888749193
0.319186363053787	1.02225799515891
0.319586345964882	1.02102557108509
0.319986328875977	1.01979599863933
0.320386311787072	1.01857145916427
0.320786294698167	1.01735281809578
0.321186277609262	1.01614042337831
0.321586260520357	1.01493461335266
0.321986243431452	1.01373588208706
0.322386226342547	1.01254481450754
0.322786209253642	1.0113617947817
0.323186192164737	1.01018691759281
0.323586175075832	1.0090202990786
0.323986157986927	1.00786260083397
0.324386140898022	1.00671541041484
0.324786123809117	1.00558146706878
0.325186106720212	1.00446458970644
0.325586089631307	1.0033693804804
0.325986072542402	1.00230087563032
0.326386055453497	1.00126419059315
0.326786038364592	1.00026405196214
0.327186021275687	0.999304328786007
0.327586004186782	0.998387689072198
0.327985987097877	0.997515288027256
0.328385970008972	0.996686501039356
0.328785952920067	0.995898897112079
0.329185935831162	0.995148380387905
0.329585918742257	0.994429453373466
0.329985901653352	0.99373581067764
0.330385884564447	0.993061090297812
0.330785867475542	0.992399466300897
0.331185850386637	0.991746122468161
0.331585833297731	0.991097699149259
0.331985816208826	0.990452420858862
0.332385799119921	0.989809934107542
0.332785782031016	0.989171083633742
0.333185764942111	0.988537612044803
0.333585747853206	0.987911699829956
0.333985730764301	0.987295447104981
0.334385713675396	0.986690447932345
0.334785696586491	0.986097519663815
0.335185679497586	0.985516826791849
0.335585662408681	0.984948444863924
0.335985645319776	0.984392950487549
0.336385628230871	0.983851937437472
0.336785611141966	0.983328346579535
0.337185594053061	0.98282641099824
0.337585576964156	0.982351107769164
0.337985559875251	0.981907509678093
0.338385542786346	0.981500403281514
0.338785525697441	0.981134178471639
0.339185508608536	0.980813021561562
0.339585491519631	0.980541283483641
0.339985474430726	0.980323711016599
0.340385457341821	0.980165278578937
0.340785440252916	0.980070766956924
0.341185423164011	0.980044200625229
0.341585406075106	0.980088266652335
0.341985388986201	0.980203995582206
0.342385371897296	0.98039097542618
0.342785354808391	0.980647705076336
0.343185337719486	0.980971993437843
0.343585320630581	0.981361458353277
0.343985303541676	0.981814078498871
0.344385286452771	0.982328457337648
0.344785269363866	0.982903884622314
0.34518525227496	0.98354020266659
0.345585235186055	0.984237425070408
0.34598521809715	0.984995075955123
0.346385201008245	0.985811522445413
0.34678518391934	0.986683380841148
0.347185166830435	0.987605195256542
0.34758514974153	0.988569503163987
0.347985132652625	0.989567242891256
0.34838511556372	0.990588127166599
0.348785098474815	0.991621006301959
0.34918508138591	0.992654228153234
0.349585064297005	0.993675811955213
0.3499850472081	0.994673431426744
0.350385030119195	0.995634555856715
0.35078501303029	0.996546883786664
0.351184995941385	0.997398758140592
0.35158497885248	0.998179545390726
0.351984961763575	0.998880061557356
0.35238494467467	0.999492678272721
0.352784927585765	1.00001123275734
0.35318491049686	1.00043075169189
0.353584893407955	1.00074694566184
0.35398487631905	1.00095565477856
0.354384859230145	1.00105267096293
0.35478484214124	1.00103375826488
0.355184825052335	1.00089476273189
0.35558480796343	1.00063177910457
0.355984790874525	1.00024127051798
0.35638477378562	0.999719924943007
0.356784756696715	0.999064447470461
0.35718473960781	0.998271371511553
0.357584722518905	0.997337059981031
0.35798470543	0.996258125545077
0.358384688341095	0.995032194624935
0.35878467125219	0.993658706397488
0.359184654163284	0.992139556556611
0.359584637074379	0.990479400208053
0.359984619985474	0.98868533964166
0.360384602896569	0.98676618265329
0.360784585807664	0.984731610004298
0.361184568718759	0.982591602246806
0.361584551629854	0.980356140674678
0.361984534540949	0.978035279911936
0.362384517452044	0.975639358395554
0.362784500363139	0.973179270729953
0.363184483274234	0.970666605372502
0.363584466185329	0.968113791041109
0.363984449096424	0.96553407497407
0.364384432007519	0.962941509475767
0.364784414918614	0.960350963801783
0.365184397829709	0.957778268655048
0.365584380740804	0.955240270721675
0.365984363651899	0.952754865314293
0.366384346562994	0.950341018954065
0.366784329474089	0.94801863911768
0.367184312385184	0.945808009118566
0.367584295296279	0.943729080120197
0.367984278207374	0.941800643543182
0.368384261118469	0.940039436284957
0.368784244029564	0.938459303064265
0.369184226940659	0.937070894521879
0.369584209851754	0.935881720195339
0.369984192762849	0.934896673190537
0.370384175673944	0.934118904955917
0.370784158585039	0.933550712941415
0.371184141496134	0.93319402775532
0.371584124407229	0.933050664826663
0.371984107318324	0.933122228167588
0.372384090229419	0.933409706754011
0.372784073140514	0.933913060152418
0.373184056051609	0.934631103144746
0.373584038962703	0.935561526691873
0.373984021873798	0.93670112817881
0.374384004784893	0.938046139880472
0.374783987695988	0.939592689511243
0.375183970607083	0.941337276585833
0.375583953518178	0.943277136127848
0.375983936429273	0.945410350652299
0.376383919340368	0.947735910163503
0.376783902251463	0.950253584989608
0.377183885162558	0.952963481551623
0.377583868073653	0.955865505736739
0.377983850984748	0.958958779559104
0.378383833895843	0.96224103921971
0.378783816806938	0.96570819334422
0.379183799718033	0.96935409647882
0.379583782629128	0.973170410624908
0.379983765540223	0.977146597942906
0.380383748451318	0.981270176054254
0.380783731362413	0.985526958448064
0.381183714273508	0.989901327038971
0.381583697184603	0.994376666870574
0.381983680095698	0.998935926042913
0.382383663006793	1.00356203405529
0.382783645917888	1.00823816576508
0.383183628828983	1.01294794063642
0.383583611740078	1.01767544605178
0.383983594651173	1.02240515310995
0.384383577562268	1.02712199327692
0.384783560473363	1.03181163992222
0.385183543384458	1.03646081976994
0.385583526295553	1.04105758238052
0.385983509206648	1.04559159743197
0.386383492117743	1.05005412459339
0.386783475028838	1.05443777903185
0.387183457939933	1.05873629651035
0.387583440851027	1.0629442695646
0.387983423762122	1.06705690180639
0.388383406673217	1.0710699270123
0.388783389584312	1.0749796007074
0.389183372495407	1.07878263887728
0.389583355406502	1.08247628103348
0.389983338317597	1.08605823748355
0.390383321228692	1.08952646993728
0.390783304139787	1.09287897754223
0.391183287050882	1.09611377957521
0.391583269961977	1.09922893066607
0.391983252873072	1.10222269246948
0.392383235784167	1.10509377969948
0.392783218695262	1.10784164921468
0.393183201606357	1.11046673523498
0.393583184517452	1.11297058445471
0.393983167428547	1.11535568678411
0.394383150339642	1.11762522766589
0.394783133250737	1.11978269743715
0.395183116161832	1.12183143926751
0.395583099072927	1.12377426787068
0.395983081984022	1.1256134211797
0.396383064895117	1.12735064022525
0.396783047806212	1.12898728978562
0.397183030717307	1.13052452084036
0.397583013628402	1.13196350361367
0.397982996539497	1.13330570635847
0.398382979450592	1.13455317563831
0.398782962361687	1.13570868571198
0.399182945272782	1.13677570080156
0.399582928183877	1.13775822231195
0.399982911094972	1.13866045314779
0.400382894006067	1.13948634954543
0.400782876917162	1.14023914583051
0.401182859828257	1.14092105205912
0.401582842739352	1.14153326109192
0.401982825650446	1.14207604132444
0.402382808561541	1.14254872378324
0.402782791472636	1.14294975862504
0.403182774383731	1.14327675723672
0.403582757294826	1.14352637481445
0.403982740205921	1.14369418432334
0.404382723117016	1.14377477845013
0.404782706028111	1.14376201978502
0.405182688939206	1.14364941464045
0.405582671850301	1.1434305099455
0.405982654761396	1.14309914412025
0.406382637672491	1.14264944070996
0.406782620583586	1.14207578184112
0.407182603494681	1.1413725593865
0.407582586405776	1.1405338374274
0.407982569316871	1.139553006681
0.408382552227966	1.13842253285485
0.408782535139061	1.13713366309376
0.409182518050156	1.13567628372261
0.409582500961251	1.13403889486121
0.409982483872346	1.13220892445258
0.410382466783441	1.13017346318732
0.410782449694536	1.12792039553955
0.411182432605631	1.12543943515337
0.411582415516726	1.12272292097366
0.411982398427821	1.11976615889036
0.412382381338916	1.1165673919383
0.412782364250011	1.11312740442017
0.413182347161106	1.10944898029261
0.413582330072201	1.10553630619885
0.413982312983296	1.10139444788447
0.414382295894391	1.09702887341068
0.414782278805486	1.09244490648544
0.415182261716581	1.08764710068468
0.415582244627676	1.0826387052135
0.41598222753877	1.0774213420364
0.416382210449865	1.0719949348761
0.41678219336096	1.0663579378347
0.417182176272055	1.06050786598441
0.41758215918315	1.05444201834517
0.417982142094245	1.04815830190034
0.41838212500534	1.04165608278986
0.418782107916435	1.03493696027346
0.41918209082753	1.02800543836531
0.419582073738625	1.020869486764
0.41998205664972	1.01354086698243
0.420382039560815	1.00603494058002
0.42078202247191	0.998370060854776
0.421182005383005	0.990566757343714
0.4215819882941	0.982646732809703
0.421981971205195	0.974631907266756
0.42238195411629	0.96654369348957
0.422781937027385	0.95840249378567
0.42318191993848	0.950227325699462
0.423581902849575	0.942035746545397
0.42398188576067	0.93384393885737
0.424381868671765	0.925666867298419
0.42478185158286	0.917518583133519
0.425181834493955	0.909412858287414
0.42558181740505	0.901363887646733
0.425981800316145	0.893386872731278
0.42638178322724	0.885498430899035
0.426781766138335	0.877716745976922
0.42718174904943	0.87006119211314
0.427581731960525	0.862551520763767
0.42798171487162	0.855206799078153
0.428381697782715	0.848044432315714
0.42878168069381	0.84107938129332
0.429181663604905	0.834323948088869
0.429581646516	0.827788077467869
0.429981629427095	0.821479989206828
0.430381612338189	0.81540681173928
0.430781595249284	0.809575143096368
0.431181578160379	0.803991153048613
0.431581561071474	0.798660301558822
0.431981543982569	0.793586895001266
0.432381526893664	0.788773802766943
0.432781509804759	0.784222261254284
0.433181492715854	0.779931967117553
0.433581475626949	0.775901343370539
0.433981458538044	0.77212782694955
0.434381441449139	0.76860793678326
0.434781424360234	0.765337405052464
0.435181407271329	0.762311365416532
0.435581390182424	0.759524579932583
0.435981373093519	0.756971766606596
0.436381356004614	0.75464797124597
0.436781338915709	0.752548657753805
0.437181321826804	0.750669559210881
0.437581304737899	0.749006377428936
0.437981287648994	0.747554389181357
0.438381270560089	0.746308095458323
0.438781253471184	0.745261306405516
0.439181236382279	0.744407706794295
0.439581219293374	0.743741635856418
0.439981202204469	0.743258958842644
0.440381185115564	0.742957747327378
0.440781168026659	0.742838572662826
0.441181150937754	0.742904365392961
0.441581133848849	0.743159985872401
0.441981116759944	0.743611456522675
0.442381099671039	0.744265176135168
0.442781082582134	0.745127291983271
0.443181065493229	0.746203151954654
0.443581048404323	0.747496886315728
0.443981031315418	0.749011381271159
0.444381014226513	0.750748433275664
0.444780997137608	0.75270886370847
0.445180980048703	0.754892564010974
0.445580962959798	0.75729857602093
0.445980945870893	0.759924934950763
0.446380928781988	0.762768683455189
0.446780911693083	0.765825909083067
0.447180894604178	0.769091595968526
0.447580877515273	0.772559371775479
0.447980860426368	0.77622147553694
0.448380843337463	0.780068663089867
0.448780826248558	0.784090169322636
0.449180809159653	0.788273858257411
0.449580792070748	0.79260659520179
0.449980774981843	0.79707455389278
0.450380757892938	0.801663602570663
0.450780740804033	0.806359645490544
0.451180723715128	0.811148801970097
0.451580706626223	0.816017548948384
0.451980689537318	0.820953039986417
0.452380672448413	0.825943284662185
0.452780655359508	0.830977071984452
0.453180638270603	0.836043765432548
0.453580621181698	0.841132837290835
0.453980604092793	0.846233017382244
0.454380587003888	0.851331557482839
0.454780569914983	0.856414114491278
0.455180552826078	0.861465191115036
0.455580535737173	0.866469033148403
0.455980518648268	0.871410774966069
0.456380501559363	0.876277338142913
0.456780484470458	0.881057758588488
0.457180467381553	0.885743068583409
0.457580450292648	0.890325800439105
0.457980433203742	0.894799469824425
0.458380416114837	0.899158294593507
0.458780399025932	0.903397325516871
0.459180381937027	0.907512979266834
0.459580364848122	0.911503730448703
0.459980347759217	0.915370847826351
0.460380330670312	0.919119083115787
0.460780313581407	0.922756778688648
0.461180296492502	0.926295358029595
0.461580279403597	0.929748436350458
0.461980262314692	0.933130687697595
0.462380245225787	0.936456503843844
0.462780228136882	0.939739003298969
0.463180211047977	0.942989524908339
0.463580193959072	0.946217692066332
0.463980176870167	0.949431826018846
0.464380159781262	0.952639521129744
0.464780142692357	0.955847963131734
0.465180125603452	0.959064101896428
0.465580108514547	0.962294554326831
0.465980091425642	0.965545385684287
0.466380074336737	0.968821937810291
0.466780057247832	0.972128905921986
0.467180040158927	0.975470475715506
0.467580023070022	0.978850543383144
0.467980005981117	0.982272773961308
0.468379988892212	0.985740536882736
0.468779971803307	0.989256940595929
0.469179954714402	0.992824882402484
0.469579937625497	0.996446871740148
0.469979920536592	1.00012489233588
0.470379903447687	1.00386029067472
0.470779886358782	1.00765348378558
0.471179869269877	1.01150358946509
0.471579852180972	1.0154082411963
0.471979835092066	1.01936362586618
0.472379818003161	1.0233647870148
0.472779800914256	1.02740625384411
0.473179783825351	1.03148271738324
0.473579766736446	1.03558954368772
0.473979749647541	1.0397230665649
0.474379732558636	1.04388053113292
0.474779715469731	1.04805964500594
0.475179698380826	1.05225799501459
0.475579681291921	1.05647260383384
0.475979664203016	1.06069960113342
0.476379647114111	1.06493414937243
0.476779630025206	1.06917040673833
0.477179612936301	1.07340143251218
0.477579595847396	1.07761898660549
0.477979578758491	1.08181325299599
0.478379561669586	1.08597265127296
0.478779544580681	1.09008390478776
0.479179527491776	1.09413228674392
0.479579510402871	1.09810198221984
0.479979493313966	1.10197648571561
0.480379476225061	1.10573893429348
0.480779459136156	1.10937227161347
0.481179442047251	1.11285939753375
0.481579424958346	1.11618356336274
0.481979407869441	1.11932898480591
0.482379390780536	1.12228155859723
0.482779373691631	1.12502962913404
0.483179356602726	1.12756466513237
0.483579339513821	1.12988136476838
0.483979322424916	1.1319773879897
0.484379305336011	1.13385278273328
0.484779288247106	1.1355093678924
0.485179271158201	1.13695021996155
0.485579254069296	1.13817950710055
0.48597923698039	1.13920223561004
0.486379219891485	1.14002391914576
0.48677920280258	1.14065032672153
0.487179185713675	1.14108726655868
0.48757916862477	1.14134022485529
0.487979151535865	1.14141444550708
0.48837913444696	1.14131532960069
0.488779117358055	1.14104901241592
0.48917910026915	1.14062298825836
0.489579083180245	1.14004665045276
0.48997906609134	1.13933125261305
0.490379049002435	1.13848948130616
0.49077903191353	1.13753488796182
0.491179014824625	1.13648123508679
0.49157899773572	1.13534192185717
0.491978980646815	1.13412970547772
0.49237896355791	1.13285649155989
0.492778946469005	1.1315329901563
0.4931789293801	1.13016848337701
0.493578912291195	1.12877068540237
0.49397889520229	1.12734576478004
0.494378878113385	1.12589864976252
0.49477886102448	1.12443374587056
0.495178843935575	1.12295583182198
0.49557882684667	1.12147094620079
0.495978809757765	1.11998680278735
0.49637879266886	1.11851267686178
0.496778775579955	1.11705872296367
0.49717875849105	1.11563506098676
0.497578741402145	1.11425080300554
0.49797872431324	1.11291340543632
0.498378707224335	1.11162852169166
0.49877869013543	1.11040046912604
0.499178673046525	1.10923297765208
0.49957865595762	1.10813001105306
0.499978638868715	1.10709646618461
0.500378621779809	1.10613865784817
0.500778604690904	1.10526435640029
0.501178587601999	1.10448252362336
0.501578570513094	1.10380281428953
0.501978553424189	1.10323494430926
0.502378536335284	1.1027880864413
0.502778519246379	1.1024703510194
0.503178502157474	1.10228816046697
0.503578485068569	1.10224580651463
0.503978467979664	1.10234536341412
0.504378450890759	1.10258678801781
0.504778433801854	1.10296805531614
0.505178416712949	1.10348548661997
0.505578399624044	1.10413411545557
0.505978382535139	1.10490812030381
0.506378365446234	1.10580130591801
0.506778348357329	1.10680759680305
0.507178331268424	1.10792143143868
0.507578314179519	1.10913805363022
0.507978297090614	1.11045357536673
0.508378280001709	1.11186479735927
0.508778262912804	1.11336878883796
0.509178245823899	1.11496246766663
0.509578228734994	1.11664233860612
0.509978211646089	1.11840434120233
0.510378194557184	1.1202437264986
0.510778177468279	1.1221549925298
0.511178160379374	1.12413172671266
0.511578143290469	1.12616629111276
0.511978126201564	1.12824955531601
0.512378109112659	1.1303707966246
0.512778092023754	1.13251777690968
0.513178074934849	1.1346770725864
0.513578057845943	1.13683470188104
0.513978040757038	1.13897671988832
0.514378023668133	1.14108983972759
0.514778006579228	1.14316199201121
0.515177989490323	1.14518263222573
0.515577972401418	1.14714273726236
0.515977955312513	1.14903444358914
0.516377938223608	1.15085034411014
0.516777921134703	1.15258268614564
0.517177904045798	1.15422264246151
0.517577886956893	1.15575973709128
0.517977869867988	1.15718176403078
0.518377852779083	1.15847523431323
0.518777835690178	1.1596261537248
0.519177818601273	1.16062104679212
0.519577801512368	1.16144787428628
0.519977784423463	1.16209658514904
0.520377767334558	1.16255946527593
0.520777750245653	1.16283132248745
0.521177733156748	1.16290942327534
0.521577716067843	1.16279339277664
0.521977698978938	1.1624853420131
0.522377681890033	1.16198986221067
0.522777664801128	1.16131394341916
0.523177647712223	1.16046694326773
0.523577630623318	1.15946046480975
0.523977613534413	1.15830806778892
0.524377596445508	1.15702497115812
0.524777579356603	1.15562763472629
0.525177562267698	1.15413324391349
0.525577545178793	1.15255929366419
0.525977528089888	1.15092341142131
0.526377511000983	1.14924329307693
0.526777493912078	1.14753665643826
0.527177476823173	1.1458212057257
0.527577459734268	1.14411456418394
0.527977442645363	1.14243391700616
0.528377425556458	1.14079546432831
0.528777408467553	1.13921402483987
0.529177391378647	1.13770282863269
0.529577374289742	1.1362735942523
0.529977357200837	1.13493705069812
0.530377340111932	1.13370358474652
0.530777323023027	1.13258370314012
0.531177305934122	1.13158821347432
0.531577288845217	1.13072790044484
0.531977271756312	1.13001262959582
0.532377254667407	1.12945030798099
0.532777237578502	1.12904608547329
0.533177220489597	1.12880190747872
0.533577203400692	1.12871672462986
0.533977186311787	1.12878710421222
0.534377169222882	1.12900795762114
0.534777152133977	1.12937332463564
0.535177135045072	1.12987686521396
0.535577117956167	1.13051179055901
0.535977100867262	1.13127049932299
0.536377083778357	1.13214406172061
0.536777066689452	1.13312157291168
0.537177049600547	1.13418967878088
0.537577032511642	1.13533254599277
0.537977015422737	1.13653210859778
0.538376998333832	1.13776868861552
0.538776981244927	1.13902173482263
0.539176964156022	1.14027053057168
0.539576947067117	1.14149482006372
0.539976929978212	1.14267546877142
0.540376912889307	1.14379486970734
0.540776895800402	1.14483717151407
0.541176878711497	1.14578838655099
0.541576861622592	1.14663632366906
0.541976844533687	1.14737035618116
0.542376827444782	1.14798110972748
0.542776810355876	1.1484599218727
0.543176793266971	1.14879839201457
0.543576776178066	1.14898807123817
0.543976759089161	1.14902037520075
0.544376742000256	1.14888682070206
0.544776724911351	1.1485796407252
0.545176707822446	1.14809258108534
0.545576690733541	1.14742185066148
0.545976673644636	1.14656684244603
0.546376656555731	1.14553030766716
0.546776639466826	1.14431795420086
0.547176622377921	1.14293750512096
0.547576605289016	1.1413971196139
0.547976588200111	1.13970379910625
0.548376571111206	1.13786230208218
0.548776554022301	1.13587468643537
0.549176536933396	1.13374044966433
0.549576519844491	1.13145741747099
0.549976502755586	1.12902279926363
0.550376485666681	1.12643398914608
0.550776468577776	1.1236891041714
0.551176451488871	1.12078717675941
0.551576434399966	1.11772780929247
0.551976417311061	1.11451069486762
0.552376400222156	1.11113530424492
0.552776383133251	1.1076007506211
0.553176366044346	1.10390586373871
0.553576348955441	1.10004963746412
0.553976331866536	1.09603197687441
0.554376314777631	1.09185431430313
0.554776297688726	1.08752008325719
0.555176280599821	1.0830349733489
0.555576263510916	1.07840695984008
0.555976246422011	1.07364617894949
0.556376229333105	1.06876491626417
0.5567762122442	1.06377772908103
0.557176195155295	1.05870160292828
0.55757617806639	1.05355589380448
0.557976160977485	1.04836188104833
0.55837614388858	1.04314178002358
0.558776126799675	1.03791744159062
0.55917610971077	1.03270911797985
0.559576092621865	1.02753478002583
0.55997607553296	1.02241008741639
0.560376058444055	1.01734909124464
0.56077604135515	1.01236544921441
0.561176024266245	1.00747365100595
0.56157600717734	1.00268981235601
0.561975990088435	0.998031911083165
0.56237597299953	0.993519550879903
0.562775955910625	0.989173142912922
0.56317593882172	0.985012780396067
0.563575921732815	0.981057071740206
0.56397590464391	0.977322012469578
0.564375887555005	0.973819966984305
0.5647758704661	0.970559030154001
0.565175853377195	0.967542877944848
0.56557583628829	0.964771082495978
0.565975819199385	0.962239926159799
0.56637580211048	0.959943559070522
0.566775785021575	0.957875104680765
0.56717576793267	0.956027633770714
0.567575750843765	0.954394935794797
0.56797573375486	0.952971999258741
0.568375716665955	0.95175522342947
0.56877569957705	0.950742481384544
0.569175682488145	0.949933003600338
0.56957566539924	0.949327121287335
0.569975648310335	0.948926142496525
0.570375631221429	0.948732145435608
0.570775614132524	0.948747706617617
0.571175597043619	0.948975653033701
0.571575579954714	0.949418779701158
0.571975562865809	0.950079500917295
0.572375545776904	0.950959583306966
0.572775528687999	0.952059886610123
0.573175511599094	0.953380052953477
0.573575494510189	0.954918298586311
0.573975477421284	0.956671415705357
0.574375460332379	0.958634785111751
0.574775443243474	0.960802495951249
0.575175426154569	0.963167729166906
0.575575409065664	0.965723160236648
0.575975391976759	0.968461098799868
0.576375374887854	0.971373633854031
0.576775357798949	0.974452712401529
0.577175340710044	0.977689931035375
0.577575323621139	0.981076280413016
0.577975306532234	0.984601938680835
0.578375289443329	0.988256114225402
0.578775272354424	0.992027068971152
0.579175255265519	0.995902516787996
0.579575238176614	0.9998699628176
0.579975221087709	1.00391668993759
0.580375203998804	1.00802955767917
0.580775186909899	1.01219460202496
0.581175169820994	1.01639642865259
0.581575152732089	1.02061790970159
0.581975135643184	1.02484037629681
0.582375118554279	1.02904432680555
0.582775101465374	1.03321063035506
0.583175084376469	1.03732200849363
0.583575067287564	1.04136426071261
0.583975050198658	1.04532700537066
0.584375033109753	1.04920399139902
0.584775016020848	1.05299313223805
0.585174998931943	1.05669632428348
0.585574981843038	1.06031926579585
0.585974964754133	1.06387128946641
0.586374947665228	1.0673649398312
0.586774930576323	1.07081526881009
0.587174913487418	1.07423883444275
0.587574896398513	1.07765248516725
0.587974879309608	1.08107227969297
0.588374862220703	1.08451291987464
0.588774845131798	1.08798756210545
0.589174828042893	1.09150792001215
0.589574810953988	1.09508445234923
0.589974793865083	1.09872644506403
0.590374776776178	1.10244167035503
0.590774759687273	1.10623602524365
0.591174742598368	1.1101131989372
0.591574725509463	1.11407446584518
0.591974708420558	1.11811871493816
0.592374691331653	1.12224284464164
0.592774674242748	1.12644208864835
0.593174657153843	1.13071029172005
0.593574640064938	1.13504018097083
0.593974622976033	1.1394237143299
0.594374605887128	1.14385249260511
0.594774588798223	1.1483182361052
0.595174571709318	1.15281314940978
0.595574554620413	1.15733013653221
0.595974537531508	1.16186282670166
0.596374520442603	1.16640540544855
0.596774503353698	1.17095221626935
0.597174486264793	1.17549745653934
0.597574469175888	1.18003525780537
0.597974452086983	1.18456017990932
0.598374434998078	1.18906775343017
0.598774417909173	1.19355485808357
0.599174400820268	1.19801984269602
0.599574383731362	1.20246237189642
0.599974366642457	1.20688292480404
0.600374349553552	1.21128209554768
0.600774332464647	1.21565988734418
0.601174315375742	1.22001519831543
0.601574298286837	1.22434555810183
0.601974281197932	1.22864707699703
0.602374264109027	1.23291457089402
0.602774247020122	1.23714193678696
0.603174229931217	1.24132250498418
0.603574212842312	1.24544920274352
0.603974195753407	1.24951455149876
0.604374178664502	1.25351045227521
0.604774161575597	1.2574277692543
0.605174144486692	1.26125590345006
0.605574127397787	1.26498253947766
0.605974110308882	1.26859365167155
0.606374093219977	1.27207393276104
0.606774076131072	1.27540757151626
0.607174059042167	1.27857923085844
0.607574041953262	1.28157499842227
0.607974024864357	1.28438320373047
0.608374007775452	1.28699495680964
0.608773990686547	1.28940449556824
0.609173973597642	1.291609260418
0.609573956508737	1.29360957843471
0.609973939419832	1.29540793762111
0.610373922330927	1.29700809817286
0.610773905242022	1.29841422626816
0.611173888153117	1.29963016120702
0.611573871064212	1.3006590229736
0.611973853975307	1.30150317104723
0.612373836886402	1.30216446029678
0.612773819797497	1.30264454868549
0.613173802708591	1.30294507838784
0.613573785619686	1.3030675907749
0.613973768530781	1.30301338391849
0.614373751441876	1.30278350277458
0.614773734352971	1.30237898034213
0.615173717264066	1.30180129500872
0.615573700175161	1.30105292512763
0.615973683086256	1.30013777494491
0.616373665997351	1.29906134702095
0.616773648908446	1.29783057723117
0.617173631819541	1.29645353752138
0.617573614730636	1.29493931742359
0.617973597641731	1.29329809915272
0.618373580552826	1.29154130192017
0.618773563463921	1.28968177353802
0.619173546375016	1.28773387221712
0.619573529286111	1.28571323096644
0.619973512197206	1.28363646469378
0.620373495108301	1.28152075340379
0.620773478019396	1.27938343010055
0.621173460930491	1.27724162446771
0.621573443841586	1.27511205320614
0.621973426752681	1.27301062107758
0.622373409663776	1.27095198580972
0.622773392574871	1.26894906128285
0.623173375485966	1.26701269007801
0.623573358397061	1.26515167260804
0.623973341308156	1.26337307157592
0.624373324219251	1.26168247986761
0.624773307130346	1.26008428644003
0.625173290041441	1.25858169350912
0.625573272952536	1.25717639698242
0.625973255863631	1.255868182659
0.626373238774726	1.25465479449689
0.626773221685821	1.25353207725455
0.627173204596915	1.25249465059571
0.62757318750801	1.2515367839093
0.627973170419105	1.25065307134688
0.6283731533302	1.249838970488
0.628773136241295	1.24909103831179
0.62917311915239	1.24840666884735
0.629573102063485	1.24778355113618
0.62997308497458	1.24721930598504
0.630373067885675	1.24671133131333
0.63077305079677	1.24625683769749
0.631173033707865	1.24585299892191
0.63157301661896	1.2454970332188
0.631972999530055	1.24518616516516
0.63237298244115	1.24491746036081
0.632772965352245	1.24468749037391
0.63317294826334	1.24449207410815
0.633572931174435	1.24432629930815
0.63397291408553	1.24418472145092
0.634372896996625	1.24406156005034
0.63477287990772	1.24395088716028
0.635172862818815	1.24384666470266
0.63557284572991	1.24374269483735
0.635972828641005	1.24363240608153
0.6363728115521	1.24350847645137
0.636772794463195	1.24336247522033
0.63717277737429	1.24318461970683
0.637572760285385	1.24296357985235
0.63797274319648	1.24268632607862
0.638372726107575	1.24233807327973
0.63877270901867	1.24190246448521
0.639172691929765	1.24136205318079
0.63957267484086	1.24069912835121
0.639972657751955	1.23989684952036
0.64037264066305	1.23894055544478
0.640772623574144	1.23781891047557
0.641172606485239	1.23652458692917
0.641572589396334	1.23505420996734
0.641972572307429	1.23340756025238
0.642372555218524	1.23158628849036
0.642772538129619	1.22959255551074
0.643172521040714	1.22742806750221
0.643572503951809	1.22509381256788
0.643972486862904	1.22259048021859
0.644372469773999	1.21991934417957
0.644772452685094	1.21708325504749
0.645172435596189	1.21408721276165
0.645572418507284	1.21093834956482
0.645972401418379	1.20764560179547
0.646372384329474	1.20421923474086
0.646772367240569	1.20067043576985
0.647172350151664	1.1970112263287
0.647572333062759	1.19325472748038
0.647972315973854	1.18941540774919
0.648372298884949	1.18550907578882
0.648772281796044	1.18155251650639
0.649172264707139	1.17756281388544
0.649572247618234	1.17355663965115
0.649972230529329	1.16954973969382
0.650372213440424	1.16555689419599
0.650772196351519	1.16159211150476
0.651172179262614	1.15766879442098
0.651572162173709	1.15379962783472
0.651972145084804	1.14999609247417
0.652372127995899	1.14626755564847
0.652772110906994	1.14262038004444
0.653172093818089	1.13905748273896
0.653572076729184	1.1355783853629
0.653972059640278	1.13217990181985
0.654372042551373	1.12885747218004
0.654772025462468	1.12560660623605
0.655172008373563	1.12242409438861
0.655571991284658	1.1193090004806
0.655971974195753	1.11626329243343
0.656371957106848	1.11329173883351
0.656771940017943	1.11040147141464
0.657171922929038	1.10760129475905
0.657571905840133	1.10490065325878
0.657971888751228	1.1023084302715
0.658371871662323	1.09983194922537
0.658771854573418	1.09747633966099
0.659171837484513	1.09524426793179
0.659571820395608	1.09313622907526
0.659971803306703	1.09115098181301
0.660371786217798	1.08928580113211
0.660771769128893	1.08753656930611
0.661171752039988	1.08589773883157
0.661571734951083	1.08436215839701
0.661971717862178	1.08292111013458
0.662371700773273	1.08156482454501
0.662771683684368	1.08028325482546
0.663171666595463	1.07906674571496
0.663571649506558	1.07790642126904
0.663971632417653	1.07679423120574
0.664371615328748	1.07572268014869
0.664771598239843	1.0746843010864
0.665171581150938	1.07367133069916
0.665571564062033	1.07267567467795
0.665971546973128	1.07168905674188
0.666371529884223	1.0707032509386
0.666771512795318	1.06971028934884
0.667171495706413	1.06870248616815
0.667571478617508	1.06767248439283
0.667971461528603	1.06661357599885
0.668371444439698	1.0655202320869
0.668771427350793	1.06438889903605
0.669171410261888	1.06321871952935
0.669571393172983	1.06201179620537
0.669971376084077	1.06077285663289
0.670371358995172	1.05950843964957
0.670771341906267	1.05822573950003
0.671171324817362	1.05693169030449
0.671571307728457	1.05563251270249
0.671971290639552	1.05433387080328
0.672371273550647	1.05304165384046
0.672771256461742	1.05176299549747
0.673171239372837	1.05050688293929
0.673571222283932	1.04928424758532
0.673971205195027	1.04810747973408
0.674371188106122	1.04698935636411
0.674771171017217	1.04594175357936
0.675171153928312	1.04497457957085
0.675571136839407	1.04409503210191
0.675971119750502	1.04330742115565
0.676371102661597	1.04261348522929
0.676771085572692	1.04201287265081
0.677171068483787	1.0415038315138
0.677571051394882	1.04108381633516
0.677971034305977	1.04074972773306
0.678371017217072	1.04049794043006
0.678771000128167	1.04032440428714
0.679170983039262	1.04022481306912
0.679570965950357	1.04019514336557
0.679970948861452	1.04023225396289
0.680370931772547	1.04033433063459
0.680770914683642	1.04050115292281
0.681170897594737	1.04073427015078
0.681570880505832	1.04103687013585
0.681970863416927	1.04141356303257
0.682370846328022	1.04187022199415
0.682770829239117	1.04241386252071
0.683170812150211	1.04305239443804
0.683570795061306	1.04379430079098
0.683970777972401	1.04464804645758
0.684370760883496	1.04562145748481
0.684770743794591	1.04672120489788
0.685170726705686	1.04795246502483
0.685570709616781	1.04931880174114
0.685970692527876	1.05082251200555
0.686370675438971	1.05246513091091
0.686770658350066	1.05424783603525
0.687170641261161	1.05617164774194
0.687570624172256	1.05823753636045
0.687970607083351	1.06044661046463
0.688370589994446	1.06280028620167
0.688770572905541	1.06530032274561
0.689170555816636	1.0679486935469
0.689570538727731	1.07074719842327
0.689970521638826	1.07369676373986
0.690370504549921	1.07679660476438
0.690770487461016	1.08004346158859
0.691170470372111	1.08343111625571
0.691570453283206	1.08695041239164
0.691970436194301	1.09058967638061
0.692370419105396	1.0943352959079
0.692770402016491	1.09817235101517
0.693170384927586	1.10208530041607
0.693570367838681	1.10605848252327
0.693970350749776	1.11007641024196
0.694370333660871	1.11412390964966
0.694770316571966	1.11818617314575
0.695170299483061	1.12224880384748
0.695570282394156	1.12629801174038
0.695970265305251	1.13032091595916
0.696370248216346	1.13430599303068
0.696770231127441	1.13824351513076
0.697170214038536	1.14212585998693
0.69757019694963	1.14594762803889
0.697970179860725	1.14970539504259
0.69837016277182	1.1533970579154
0.698770145682915	1.15702111891916
0.69917012859401	1.16057598660212
0.699570111505105	1.16405938330678
0.6999700944162	1.16746809592868
0.700370077327295	1.1707980904139
0.70077006023839	1.17404472732274
0.701170043149485	1.17720304836637
0.70157002606058	1.18026800153256
0.701970008971675	1.18323455926189
0.70236999188277	1.18609795858026
0.702769974793865	1.18885400165626
0.70316995770496	1.19149924168845
0.703569940616055	1.19403100974553
0.70396992352715	1.19644729318945
0.704369906438245	1.19874647006567
0.70476988934934	1.20092697778852
0.705169872260435	1.20298707252246
0.70556985517153	1.20492463228618
0.705969838082625	1.20673724834524
0.70636982099372	1.20842232160237
0.706769803904815	1.2099770982322
0.70716978681591	1.21139866717944
0.707569769727005	1.21268396073987
0.7079697526381	1.21382960537396
0.708369735549195	1.21483194123789
0.70876971846029	1.21568729744341
0.709169701371385	1.21639225490141
0.70956968428248	1.21694384552226
0.709969667193575	1.21733957901335
0.71036965010467	1.2175771032948
0.710769633015765	1.2176537948533
0.711169615926859	1.21756650018287
0.711569598837954	1.21731151545296
0.711969581749049	1.21688468459857
0.712369564660144	1.21628182189366
0.712769547571239	1.21549904489165
0.713169530482334	1.21453282341783
0.713569513393429	1.21337984789021
0.713969496304524	1.21203682453564
0.714369479215619	1.21050017702285
0.714769462126714	1.20876584325591
0.715169445037809	1.20682931362011
0.715569427948904	1.20468580565231
0.715969410859999	1.20233057808501
0.716369393771094	1.19975932411921
0.716769376682189	1.19696843466904
0.717169359593284	1.19395526341306
0.717569342504379	1.19071830751951
0.717969325415474	1.18725730240228
0.718369308326569	1.18357322148688
0.718769291237664	1.17966827267709
0.719169274148759	1.17554583546462
0.719569257059854	1.17121040045502
0.719969239970949	1.16666764036056
0.720369222882044	1.16192449708134
0.720769205793139	1.15698931317767
0.721169188704234	1.1518718214972
0.721569171615329	1.14658284383028
0.721969154526424	1.14113382524923
0.722369137437519	1.13553621996411
0.722769120348614	1.12980073605269
0.723169103259709	1.1239367564588
0.723569086170804	1.11795211557708
0.723969069081899	1.11185296202188
0.724369051992994	1.10564381324536
0.724769034904089	1.09932783730441
0.725169017815184	1.09290710591606
0.725569000726279	1.08638281856848
0.725968983637373	1.07975570818862
0.726368966548468	1.07302639763331
0.726768949459563	1.06619587114455
0.727168932370658	1.05926626690572
0.727568915281753	1.05224177432698
0.727968898192848	1.04512919364997
0.728368881103943	1.03793835129974
0.728768864015038	1.03068219949555
0.729168846926133	1.02337652227031
0.729568829837228	1.0160393329184
0.729968812748323	1.00869022136064
0.730368795659418	1.00134968023319
0.730768778570513	0.994038619934147
0.731168761481608	0.986777988789424
0.731568744392703	0.979588416463579
0.731968727303798	0.972489742287972
0.732368710214893	0.965500608603787
0.732768693125988	0.958637805091185
0.733168676037083	0.951915598349232
0.733568658948178	0.945345377821115
0.733968641859273	0.938935846561982
0.734368624770368	0.932693628589342
0.734768607681463	0.926624508558038
0.735168590592558	0.920734768021816
0.735568573503653	0.915032138214577
0.735968556414748	0.909526237243499
0.736368539325843	0.904228391143221
0.736768522236938	0.899150562655817
0.737168505148033	0.894304067501475
0.737568488059128	0.889698487491546
0.737968470970223	0.885340782559943
0.738368453881318	0.88123466262881
0.738768436792413	0.877380632044413
0.739168419703508	0.873776212780771
0.739568402614603	0.870416233873538
0.739968385525697	0.867293273573096
0.740368368436792	0.864398271180754
0.740768351347887	0.861721138886397
0.741168334258982	0.859251609895496
0.741568317170077	0.856980087744872
0.741968300081172	0.854898280948519
0.742368282992267	0.852999466672384
0.742768265903362	0.851278489284161
0.743168248814457	0.849731406259888
0.743568231725552	0.84835497843791
0.743968214636647	0.847146246175515
0.744368197547742	0.846102362900096
0.744768180458837	0.845220526372152
0.745168163369932	0.844498054823184
0.745568146281027	0.84393251305455
0.745968129192122	0.843521853625759
0.746368112103217	0.843264448258836
0.746768095014312	0.843159101270866
0.747168077925407	0.843204890376462
0.747568060836502	0.843400997539173
0.747968043747597	0.843746598382916
0.748368026658692	0.844240882307405
0.748768009569787	0.84488311076179
0.749167992480882	0.845672725785517
0.749567975391977	0.846609521036275
0.749967958303072	0.847693745108426
0.750367941214167	0.848926127268438
0.750767924125262	0.850307727690839
0.751167907036357	0.851839766706308
0.751567889947452	0.853523515537048
0.751967872858547	0.855360171171599
0.752367855769642	0.857350763026753
0.752767838680737	0.859496061732091
0.753167821591831	0.861796475912586
0.753567804502926	0.864251868677605
0.753967787414021	0.866861302761384
0.754367770325116	0.869622839332362
0.754767753236211	0.87253344737645
0.755167736147306	0.875589026076913
0.755567719058401	0.878784503818067
0.755967701969496	0.882114205936745
0.756367684880591	0.88557248803274
0.756767667791686	0.889154393992349
0.757167650702781	0.892856081094853
0.757567633613876	0.896675010963067
0.757967616524971	0.900609844877661
0.758367599436066	0.904659945514313
0.758767582347161	0.908824651493566
0.759167565258256	0.913102449833778
0.759567548169351	0.917490197405934
0.759967531080446	0.921982603874677
0.760367513991541	0.926572023587885
0.760767496902636	0.931248454204892
0.761167479813731	0.935999847200957
0.761567462724826	0.940812792051497
0.761967445635921	0.945673318331287
0.762367428547016	0.950567739936534
0.762767411458111	0.955483329086445
0.763167394369206	0.960408721772087
0.763567377280301	0.965333790270013
0.763967360191396	0.970249078232651
0.764367343102491	0.975144903316815
0.764767326013586	0.980010640483938
0.765167308924681	0.984834370364726
0.765567291835776	0.989603049610808
0.765967274746871	0.994303264333291
0.766367257657966	0.998922177023975
0.766767240569061	1.00344811519669
0.767167223480156	1.00787073403313
0.767567206391251	1.01218073917937
0.767967189302345	1.01636926840916
0.76836717221344	1.0204272509349
0.768767155124535	1.02434509981133
0.76916713803563	1.02811276531041
0.769567120946725	1.03172025368993
0.76996710385782	1.03515838966326
0.770367086768915	1.03841935515149
0.77076706968001	1.04149701408264
0.771167052591105	1.04438689094189
0.7715670355022	1.04708572434482
0.771967018413295	1.04959073747345
0.77236700132439	1.05189895847936
0.772766984235485	1.05400677819718
0.77316696714658	1.05590998136562
0.773566950057675	1.05760391486492
0.77396693296877	1.05908362866849
0.774366915879865	1.0603440766758
0.77476689879096	1.06138036803651
0.775166881702055	1.06218771439075
0.77556686461315	1.06276112877826
0.775966847524245	1.06309511224436
0.77636683043534	1.06318346076816
0.776766813346435	1.06301915281643
0.77716679625753	1.06259447282559
0.777566779168625	1.06190141078318
0.77796676207972	1.06093230088519
0.778366744990815	1.05968045395003
0.77876672790191	1.0581406905943
0.779166710813005	1.0563096345303
0.7795666937241	1.05418582211785
0.779966676635195	1.05176962695996
0.78036665954629	1.0490630708556
0.780766642457385	1.04606947065963
0.781166625368479	1.04279329560063
0.781566608279574	1.03924053511587
0.781966591190669	1.03541921416369
0.782366574101764	1.03133975685725
0.782766557012859	1.02701535742074
0.783166539923954	1.02246201961306
0.783566522835049	1.01769807387434
0.783966505746144	1.01274352176598
0.784366488657239	1.00761945516071
0.784766471568334	1.00234746886644
0.785166454479429	0.996949379487483
0.785566437390524	0.991447299555802
0.785966420301619	0.985863717498844
0.786366403212714	0.980221583557859
0.786766386123809	0.974544515764923
0.787166369034904	0.968856743703952
0.787566351945999	0.963182767668846
0.787966334857094	0.957546955574624
0.788366317768189	0.951972873334402
0.788766300679284	0.94648235693844
0.789166283590379	0.941094616186179
0.789566266501474	0.935825319517556
0.789966249412569	0.930685720631078
0.790366232323664	0.925682267826776
0.790766215234759	0.920816720960299
0.791166198145854	0.916086640121246
0.791566181056949	0.911486169676568
0.791966163968044	0.907007016008844
0.792366146879139	0.902639438386788
0.792766129790234	0.898373181084057
0.793166112701329	0.894198348719855
0.793566095612424	0.890106261721802
0.793966078523519	0.886090197796535
0.794366061434614	0.882145957893591
0.794766044345709	0.878272112585655
0.795166027256804	0.874470007400654
0.795566010167899	0.87074335650308
0.795965993078994	0.867097722766494
0.796365975990089	0.863539857493891
0.796765958901183	0.860076931392066
0.797165941812278	0.856715747948634
0.797565924723373	0.853462320748393
0.797965907634468	0.850321523384982
0.798365890545563	0.847296798543424
0.798765873456658	0.8443900127528
0.799165856367753	0.841601469739159
0.799565839278848	0.838929853382201
0.799965822189943	0.836372368143968
0.800365805101038	0.833924981139616
0.800765788012133	0.831582747342593
0.801165770923228	0.829340193872158
0.801565753834323	0.827191737735469
0.801965736745418	0.825131696526965
0.802365719656513	0.823154084758671
0.802765702567608	0.821252306584393
0.803165685478703	0.81941879833846
0.803565668389798	0.817644701469738
0.803965651300893	0.815919989340454
0.804365634211988	0.814234095912637
0.804765617123083	0.812576952447127
0.805165600034178	0.810940326557732
0.805565582945273	0.809319016076657
0.805965565856368	0.807711725977317
0.806365548767463	0.806121537354885
0.806765531678558	0.804555904768824
0.807165514589653	0.803026084731455
0.807565497500748	0.801546401001526
0.807965480411843	0.800133347492404
0.808365463322938	0.798804599233253
0.808765446234033	0.797578057029562
0.809165429145128	0.796470953767084
0.809565412056223	0.795499096123657
0.809965394967317	0.794676414321002
0.810365377878412	0.794014585920853
0.810765360789507	0.793522815733889
0.811165343700602	0.793207748526232
0.811565326611697	0.793073633977817
0.811965309522792	0.79312263695935
0.812365292433887	0.793355447978403
0.812765275344982	0.793772033990557
0.813165258256077	0.794372395459733
0.813565241167172	0.795157247825401
0.813965224078267	0.796128458304405
0.814365206989362	0.797289200519895
0.814765189900457	0.798643792508145
0.815165172811552	0.800197305761414
0.815565155722647	0.801955010375421
0.815965138633742	0.803921844034799
0.816365121544837	0.806101914790548
0.816765104455932	0.808498322096571
0.817165087367027	0.811113171410538
0.817565070278122	0.813947477946396
0.817965053189217	0.817001070953349
0.818365036100312	0.820272680073666
0.818765019011407	0.82375987330117
0.819165001922502	0.827459125890528
0.819564984833597	0.831366137139071
0.819964967744692	0.835476080125346
0.820364950655787	0.839783839963152
0.820764933566882	0.844284451442727
0.821164916477977	0.848973240345592
0.821564899389072	0.853845492655541
0.821964882300167	0.858896132400827
0.822364865211262	0.864119347101867
0.822764848122357	0.869508008972162
0.823164831033452	0.875053374005071
0.823564813944547	0.880745226107492
0.823964796855642	0.886572203952841
0.824364779766736	0.892522385756241
0.824764762677831	0.898584068609289
0.825164745588926	0.904746300727306
0.825564728500021	0.910999113402215
0.825964711411116	0.91733371095657
0.826364694322211	0.923742250949692
0.826764677233306	0.930217301884809
0.827164660144401	0.936751364401499
0.827564643055496	0.943336557567083
0.827964625966591	0.949964423959132
0.828364608877686	0.95662598740818
0.828764591788781	0.963311916841618
0.829164574699876	0.970012727725556
0.829564557610971	0.976719071094255
0.829964540522066	0.983421745382444
0.830364523433161	0.990111373999712
0.830764506344256	0.996778200833356
0.831164489255351	1.00341198321578
0.831564472166446	1.01000198767569
0.831964455077541	1.01653728477998
0.832364437988636	1.02300741118947
0.832764420899731	1.02940291794292
0.833164403810826	1.03571585985862
0.833564386721921	1.0419401033221
0.833964369633016	1.04807128070261
0.834364352544111	1.0541064084492
0.834764335455206	1.06004348878061
0.835164318366301	1.06588102115078
0.835564301277396	1.07161771288158
0.835964284188491	1.07725229821021
0.836364267099586	1.08278352791345
0.836764250010681	1.08821006130011
0.837164232921776	1.09353029252633
0.837564215832871	1.09874209750335
0.837964198743966	1.10384270253332
0.83836418165506	1.1088284395406
0.838764164566155	1.11369476056638
0.83916414747725	1.11843662623077
0.839564130388345	1.12304904422185
0.83996411329944	1.12752748362968
0.840364096210535	1.13186839991602
0.84076407912163	1.13606955169963
0.841164062032725	1.14012993475961
0.84156404494382	1.14404944726619
0.841964027854915	1.14782860229055
0.84236401076601	1.15146823793179
0.842763993677105	1.15496938411841
0.8431639765882	1.15833334919868
0.843563959499295	1.16156181235074
0.84396394241039	1.16465675552762
0.844363925321485	1.16762026885227
0.84476390823258	1.17045426709992
0.845163891143675	1.17316003433101
0.84556387405477	1.17573776138485
0.845963856965865	1.17818632739172
0.84636383987696	1.18050326849566
0.846763822788055	1.18268487950334
0.84716380569915	1.18472661062607
0.847563788610245	1.18662355829329
0.84796377152134	1.1883709192461
0.848363754432435	1.18996456048369
0.84876373734353	1.19140160757938
0.849163720254625	1.19268072473463
0.84956370316572	1.19380220827
0.849963686076815	1.19476800115946
0.85036366898791	1.19558158221922
0.850763651899005	1.19624770856306
0.8511636348101	1.19677222577938
0.851563617721194	1.19716196407695
0.851963600632289	1.19742486649523
0.852363583543384	1.19757012872471
0.852763566454479	1.19760823444804
0.853163549365574	1.19755079952804
0.853563532276669	1.19741029411494
0.853963515187764	1.19719957101937
0.854363498098859	1.19693138033223
0.854763481009954	1.19661793163094
0.855163463921049	1.1962707449364
0.855563446832144	1.19590084817576
0.855963429743239	1.19551915905374
0.856363412654334	1.19513666594299
0.856763395565429	1.19476456788136
0.857163378476524	1.19441408509968
0.857563361387619	1.19409602521837
0.857963344298714	1.19382020297476
0.858363327209809	1.19359506888233
0.858763310120904	1.19342751016804
0.859163293031999	1.19332314917955
0.859563275943094	1.19328674372949
0.859963258854189	1.19332243145512
0.860363241765284	1.19343369451283
0.860763224676379	1.19362309726912
0.861163207587474	1.19389166138261
0.861563190498569	1.19423829148691
0.861963173409664	1.19465942744831
0.862363156320759	1.19514912383372
0.862763139231854	1.19569954920479
0.863163122142949	1.19630184890894
0.863563105054044	1.19694697787102
0.863963087965139	1.19762651289897
0.864363070876234	1.19833328458824
0.864763053787329	1.19906166155288
0.865163036698424	1.19980756258702
0.865563019609519	1.20056842305642
0.865963002520614	1.20134301709775
0.866362985431709	1.20213141259893
0.866762968342803	1.20293503654144
0.867162951253898	1.20375664928097
0.867562934164993	1.20460024579884
0.867962917076088	1.20547089930426
0.868362899987183	1.20637434790071
0.868762882898278	1.20731633491927
0.869162865809373	1.20830180192912
0.869562848720468	1.20933417958644
0.869962831631563	1.21041491071179
0.870362814542658	1.21154323213857
0.870762797453753	1.21271627715005
0.871162780364848	1.21392960310844
0.871562763275943	1.21517784123788
0.871962746187038	1.21645516119655
0.872362729098133	1.21775553393055
0.872762712009228	1.21907282117271
0.873162694920323	1.2204006087055
0.873562677831418	1.2217319592197
0.873962660742513	1.22305931017537
0.874362643653608	1.22437434318208
0.874762626564703	1.22566798979876
0.875162609475798	1.22693080502489
0.875562592386893	1.22815342732437
0.875962575297988	1.22932680059542
0.876362558209083	1.23044230811669
0.876762541120178	1.23149168930415
0.877162524031273	1.23246660218129
0.877562506942368	1.23335809119275
0.877962489853463	1.23415617222452
0.878362472764558	1.23484956327663
0.878762455675653	1.23542568985745
0.879162438586748	1.2358711009841
0.879562421497843	1.23617205386705
0.879962404408938	1.23631526568945
0.880362387320032	1.23628876189254
0.880762370231127	1.23608266986897
0.881162353142222	1.23568983878422
0.881562336053317	1.23510640197873
0.881962318964412	1.23433214250713
0.882362301875507	1.23337068462257
0.882762284786602	1.23222947787827
0.883162267697697	1.2309194841194
0.883562250608792	1.22945448943999
0.883962233519887	1.22785041083985
0.884362216430982	1.22612462254215
0.884762199342077	1.22429528774276
0.885162182253172	1.22238074977919
0.885562165164267	1.22039905986962
0.885962148075362	1.21836752082877
0.886362130986457	1.21630220097161
0.886762113897552	1.214217579023
0.887162096808647	1.212126421883
0.887562079719742	1.2100398024684
0.887962062630837	1.20796738769571
0.888362045541932	1.20591804058411
0.888762028453027	1.20390065242922
0.889162011364122	1.20192492708854
0.889561994275217	1.19951138832901
0.889961977186312	1.19740728471086
0.890361960097407	1.19562178069094
0.890761943008502	1.19414799349145
0.891161925919597	1.19296790895691
0.891561908830692	1.19205682623018
0.891961891741787	1.19138684245016
0.892361874652882	1.19092931335641
0.892761857563977	1.19065644221905
0.893161840475072	1.19054220154648
0.893561823386167	1.19056279705029
0.893961806297262	1.1906968465298
0.894361789208357	1.19092537952173
0.894761772119452	1.19123172437473
0.895161755030546	1.19160134223083
0.895561737941641	1.19202162981679
0.895961720852736	1.19248170184554
0.896361703763831	1.19297217384569
0.896761686674926	1.19348496702392
0.897161669586021	1.19401313081811
0.897561652497116	1.19455068320687
0.897961635408211	1.19509247574201
0.898361618319306	1.19563407918765
0.898761601230401	1.19617168842553
0.899161584141496	1.19670204440617
0.899561567052591	1.19722237023632
0.899961549963686	1.19773031297141
0.900361532874781	1.19822388979858
0.900761515785876	1.19870143497227
0.901161498696971	1.19916154762295
0.901561481608066	1.19960303902865
0.901961464519161	1.20002488936852
0.902361447430256	1.20042622073983
0.902761430341351	1.2008062836344
0.903161413252446	1.20116444887923
0.903561396163541	1.20150020894719
0.903961379074636	1.20181317767452
0.904361361985731	1.20210308639706
0.904761344896826	1.20236977474846
0.905161327807921	1.20261318034834
0.905561310719016	1.20283332327883
0.905961293630111	1.20303029918988
0.906361276541206	1.20320427393907
0.906761259452301	1.20335547604407
0.907161242363396	1.20348418676316
0.907561225274491	1.20359073181163
0.907961208185586	1.20367546917956
0.90836119109668	1.20373877984925
0.908761174007775	1.203781062742
0.90916115691887	1.20380273615792
0.909561139829965	1.20380424393772
0.90996112274106	1.2037860663361
0.910361105652155	1.20374872712799
0.91076108856325	1.20369279933792
0.911161071474345	1.20361890775277
0.91156105438544	1.20352772676671
0.911961037296535	1.2034199745656
0.91236102020763	1.20329640845217
0.912761003118725	1.20315781876576
0.91316098602982	1.20300502424877
0.913560968940915	1.20283886784779
0.91396095185201	1.20266021129107
0.914360934763105	1.20246992761004
0.9147609176742	1.20226889056594
0.915160900585295	1.20205795900626
0.91556088349639	1.20183795917785
0.915960866407485	1.20160966779725
0.91636084931858	1.20137380068708
0.916760832229675	1.20113100997662
0.91716081514077	1.20088188990329
0.917560798051865	1.20062698887263
0.91796078096296	1.20036682554837
0.918360763874055	1.20010190178879
0.91876074678515	1.19983270934442
0.919160729696245	1.19955972990977
0.91956071260734	1.1992834315446
0.919960695518435	1.19900426204036
0.92036067842953	1.19872264408291
0.920760661340625	1.19843897421065
0.92116064425172	1.19815362392929
0.921560627162815	1.1978669404545
0.92196061007391	1.19757924767215
0.922360592985005	1.19729084706005
0.922760575896099	1.19700201675109
0.923160558807194	1.19671300863235
0.923560541718289	1.19642404608039
0.923960524629384	1.19613532189696
0.924360507540479	1.19584699665652
0.924760490451574	1.19555919736225
0.925160473362669	1.19527201768489
0.925560456273764	1.19498551684047
0.925960439184859	1.19469971757658
0.926360422095954	1.19441460387858
0.926760405007049	1.19413011842642
0.927160387918144	1.19384615785076
0.927560370829239	1.19356257004208
0.927960353740334	1.19327915364372
0.928360336651429	1.19299565755442
0.928760319562524	1.19271178261619
0.929160302473619	1.19242718701561
0.929560285384714	1.1921414920997
0.929960268295809	1.19185428771318
0.930360251206904	1.1915651373821
0.930760234117999	1.19127358488426
0.931160217029094	1.19097916170833
0.931560199940189	1.19068139527705
0.931960182851284	1.19037981786696
0.932360165762379	1.19007397389247
0.932760148673474	1.18976342646991
0.933160131584569	1.1894477595986
0.933560114495664	1.18912657758621
0.933960097406759	1.18879950154486
0.934360080317854	1.18846616355988
0.934760063228949	1.18812619900124
0.935160046140044	1.18777924601134
0.935560029051139	1.18742494976347
0.935960011962234	1.18706297670061
