0	2.09839754441668
0.000399982922768219	2.09496612369441
0.000799965845536439	2.09165964998186
0.00119994876830466	2.08847704852727
0.00159993169107288	2.08541711534135
0.0019999146138411	2.0824785731057
0.00239989753660932	2.07966011784988
0.00279988045937753	2.07696045874246
0.00319986338214575	2.07437835570937
0.00359984630491397	2.07191264719571
0.00399982922768219	2.06956225979344
0.00439981215045041	2.06732620109989
0.00479979507321863	2.06520353466875
0.00519977799598685	2.06319334475386
0.00559976091875507	2.06129470499007
0.00599974384152329	2.05950665968802
0.00639972676429151	2.05782822122973
0.00679970968705973	2.05625838491341
0.00719969260982795	2.05479615504861
0.00759967553259617	2.05344057281428
0.00799965845536438	2.0521907397255
0.0083996413781326	2.05104583081186
0.00879962430090082	2.05000509590773
0.00919960722366904	2.04906785041791
0.00959959014643726	2.04823345993091
0.00999957306920548	2.04750132127418
0.0103995559919737	2.04687084624726
0.0107995389147419	2.04634145047979
0.0111995218375101	2.04591254715943
0.0115995047602784	2.04558354924773
0.0119994876830466	2.0453538779214
0.0123994706058148	2.04522296773314
0.012799453528583	2.04519026726253
0.0131994364513512	2.04525523665333
0.0135994193741195	2.04541733607267
0.0139994022968877	2.04567600628732
0.0143993852196559	2.04603065359501
0.0147993681424241	2.04648064314571
0.0151993510651923	2.04702529708384
0.0155993339879606	2.04766390290237
0.0159993169107288	2.04839572818681
0.016399299833497	2.04922003438145
0.0167992827562652	2.05013608705442
0.0171992656790334	2.05114316539907
0.0175992486018016	2.05224056589108
0.0179992315245699	2.05342760611127
0.0183992144473381	2.05470363447394
0.0187991973701063	2.05606804106094
0.0191991802928745	2.05752026453086
0.0195991632156427	2.0590597995849
0.019999146138411	2.0606861974948
0.0203991290611792	2.06239905867688
0.0207991119839474	2.06419802304631
0.0211990949067156	2.06608276372406
0.0215990778294838	2.06805298151559
0.0219990607522521	2.07010840949398
0.0223990436750203	2.07224882342968
0.0227990265977885	2.07447405519879
0.0231990095205567	2.07678400659263
0.0235989924433249	2.07917866151398
0.0239989753660932	2.0816580868595
0.0243989582888614	2.08422242690666
0.0247989412116296	2.08687189643146
0.0251989241343978	2.089606770562
0.025598907057166	2.09242737206621
0.0259988899799343	2.09533406342274
0.0263988729027025	2.0983272409732
0.0267988558254707	2.10140732923907
0.0271988387482389	2.10457477813429
0.0275988216710071	2.10783006376783
0.0279988045937753	2.11117369227908
0.0283987875165436	2.11460620823813
0.0287987704393118	2.11812820523213
0.02919875336208	2.12174033005474
0.0295987362848482	2.12544328148197
0.0299987192076164	2.12923780313161
0.0303987021303847	2.13312467160708
0.0307986850531529	2.13710468181987
0.0311986679759211	2.14117864066787
0.0315986508986893	2.14534736735111
0.0319986338214575	2.14961169936613
0.0323986167442258	2.15397250571723
0.032798599666994	2.15843070329456
0.0331985825897622	2.16298727282765
0.0335985655125304	2.16764328308253
0.0339985484352986	2.17239992579117
0.0343985313580669	2.17725855234571
0.0347985142808351	2.18222070361306
0.0351984972036033	2.18728812567808
0.0355984801263715	2.1924627609427
0.0359984630491397	2.19774671521712
0.036398445971908	2.20314221059625
0.0367984288946762	2.20865153373719
0.0371984118174444	2.21427699941655
0.0375983947402126	2.22002093971872
0.0379983776629808	2.22588571869673
0.0383983605857491	2.23187375827833
0.0387983435085173	2.23798756844687
0.0391983264312855	2.24422975941297
0.0395983093540537	2.2506030164653
0.0399982922768219	2.25711003514225
0.0403982751995901	2.26375341206868
0.0407982581223584	2.27053547314582
0.0411982410451266	2.27745804133309
0.0415982239678948	2.28452213971518
0.041998206890663	2.29172761258175
0.0423981898134312	2.29907263784293
0.0427981727361995	2.30655311948469
0.0431981556589677	2.31416192177044
0.0435981385817359	2.3218879464122
0.0439981215045041	2.32971511924581
0.0443981044272723	2.33762145491181
0.0447980873500406	2.34557853160424
0.0451980702728088	2.35355197536323
0.045598053195577	2.36150389850132
0.0459980361183452	2.36939868434579
0.0463980190411134	2.37721406919355
0.0467980019638817	2.38496010772951
0.0471979848866499	2.39205229509965
0.0475979678094181	2.39878546648352
0.0479979507321863	2.40514782301237
0.0483979336549545	2.41112616086981
0.0487979165777227	2.41670708766668
0.049197899500491	2.42187806846791
0.0495978824232592	2.42662839876163
0.0499978653460274	2.43095028198384
0.0503978482687956	2.4348396793407
0.0507978311915638	2.43829673562553
0.0511978141143321	2.44132573525947
0.0515977970371003	2.44393434525067
0.0519977799598685	2.44613227661884
0.0523977628826367	2.44792988547769
0.0527977458054049	2.44933711564525
0.0531977287281732	2.45036301611419
0.0535977116509414	2.45101587600004
0.0539976945737096	2.45130390451368
0.0543976774964778	2.45123604541157
0.054797660419246	2.45082262925022
0.0551976433420143	2.45007571035755
0.0555976262647825	2.44900916013416
0.0559976091875507	2.44763851289829
0.0563975921103189	2.44598087118199
0.0567975750330871	2.44405492843497
0.0571975579558554	2.44188106384402
0.0575975408786236	2.43948149722527
0.0579975238013918	2.43688038906666
0.05839750672416	2.43410386285474
0.0587974896469282	2.43118005499903
0.0591974725696965	2.42813891081282
0.0595974554924647	2.42501161268959
0.0599974384152329	2.4218299800005
0.0603974213380011	2.41862573020527
0.0607974042607693	2.41542935280114
0.0611973871835375	2.41226917144445
0.0615973701063058	2.40917094081393
0.061997353029074	2.4061572705692
0.0623973359518422	2.40324719977434
0.0627973188746104	2.40045610126992
0.0631973017973786	2.39779542155099
0.0635972847201469	2.39527210283374
0.0639972676429151	2.3928883105562
0.0643972505656833	2.39064136936315
0.0647972334884515	2.38852406014102
0.0651972164112197	2.38652564485756
0.065597199333988	2.3846332178853
0.0659971822567562	2.38283269522812
0.0663971651795244	2.38110958183647
0.0667971481022926	2.37944914763522
0.0671971310250608	2.37783593376767
0.0675971139478291	2.37625306336007
0.0679970968705973	2.37468193320267
0.0683970797933655	2.37310234044647
0.0687970627161337	2.37149330342296
0.0691970456389019	2.36983432788451
0.0695970285616701	2.36810677473032
0.0699970114844384	2.36629504164483
0.0703969944072066	2.36438701968653
0.0707969773299748	2.3623736539135
0.071196960252743	2.36024794555103
0.0715969431755113	2.35800396045374
0.0719969260982795	2.35563607141311
0.0723969090210477	2.35313868708684
0.0727968919438159	2.35050654567068
0.0731968748665841	2.34773545454706
0.0735968577893523	2.34482304902567
0.0739968407121206	2.34176934190318
0.0743968236348888	2.33857684497021
0.074796806557657	2.33525031118604
0.0751967894804252	2.33179614662077
0.0755967724031934	2.32822176759782
0.0759967553259617	2.3245349660178
0.0763967382487299	2.32074340281297
0.0767967211714981	2.31685422135332
0.0771967040942663	2.31287388314898
0.0775966870170345	2.30880793883553
0.0779966699398028	2.3046609004308
0.078396652862571	2.30043630228359
0.0787966357853392	2.29613682183794
0.0791966187081074	2.29176451068356
0.0795966016308756	2.28732133678147
0.0799965845536438	2.2828098324995
0.0803965674764121	2.27823386579385
0.0807965503991803	2.27359962741649
0.0811965333219485	2.26891660616279
0.0815965162447167	2.26419811376153
0.0819964991674849	2.25946117982723
0.0823964820902532	2.25472577939884
0.0827964650130214	2.25001357061564
0.0831964479357896	2.24534634824903
0.0835964308585578	2.24074458527739
0.0839964137813261	2.23622631063777
0.0843963967040943	2.23180645783679
0.0847963796268625	2.22749681388478
0.0851963625496307	2.22330639312778
0.0855963454723989	2.21924215219478
0.0859963283951671	2.21530985746131
0.0863963113179354	2.21151489694528
0.0867962942407036	2.20786288630534
0.0871962771634718	2.20436007597344
0.08759626008624	2.20101343105793
0.0879962430090082	2.19783053731344
0.0883962259317765	2.19481951244542
0.0887962088545447	2.19198908943486
0.0891961917773129	2.18934855886325
0.0895961747000811	2.1869075561771
0.0899961576228493	2.1846757348351
0.0903961405456176	2.18266216237617
0.0907961234683858	2.18087421584532
0.091196106391154	2.17931642984179
0.0915960893139222	2.17798964279411
0.0919960722366904	2.17689065894293
0.0923960551594586	2.17601267688888
0.0927960380822269	2.17534635213649
0.0931960210049951	2.17488106070074
0.0935960039277633	2.17460608196084
0.0939959868505315	2.17451165185198
0.0943959697732997	2.17458942180266
0.094795952696068	2.17483221786457
0.0951959356188362	2.17523327401518
0.0955959185416044	2.17578528680305
0.0959959014643726	2.17647927089864
0.0963958843871408	2.17730372820568
0.0967958673099091	2.17824425304575
0.0971958502326773	2.17928364436157
0.0975958331554455	2.18040237470548
0.0979958160782137	2.18157938154448
0.0983957990009819	2.18279250130835
0.0987957819237502	2.18401883694184
0.0991957648465184	2.18523503277482
0.0995957477692866	2.18641761791489
0.0999957306920548	2.18754336104598
0.100395713614823	2.18859019753353
0.100795696537591	2.18953830321201
0.101195679460359	2.1903709293915
0.101595662383128	2.19107490511353
0.101995645305896	2.19164075688244
0.102395628228664	2.19206206903888
0.102795611151432	2.192334489799
0.103195594074201	2.19245464757579
0.103595576996969	2.19241904827693
0.103995559919737	2.19222299043305
0.104395542842505	2.19185982548133
0.104795525765273	2.19132039604482
0.105195508688042	2.19059279603267
0.10559549161081	2.18966277513979
0.105995474533578	2.18851491488557
0.106395457456346	2.1871343087265
0.106795440379115	2.1855084849783
0.107195423301883	2.18362940565458
0.107595406224651	2.18149501801029
0.107995389147419	2.17911004396382
0.108395372070187	2.17648608399864
0.108795354992956	2.17364126562648
0.109195337915724	2.17059951613791
0.109595320838492	2.16738932499146
0.10999530376126	2.16404223506776
0.110395286684029	2.16059097118793
0.110795269606797	2.15706717526178
0.111195252529565	2.1534992344689
0.111595235452333	2.14991073956179
0.111995218375101	2.14631986873612
0.11239520129787	2.14273994615036
0.112795184220638	2.13918103620622
0.113195167143406	2.13565191589937
0.113595150066174	2.13216172217299
0.113995132988942	2.12872098017845
0.114395115911711	2.12534175547842
0.114795098834479	2.1220371232253
0.115195081757247	2.11882067442133
0.115595064680015	2.11570652930546
0.115995047602784	2.11270987370349
0.116395030525552	2.10984767696481
0.11679501344832	2.10713929850254
0.117194996371088	2.10460653511626
0.117594979293856	2.10227276964883
0.117994962216625	2.10016131053068
0.118394945139393	2.09829378784302
0.118794928062161	2.09668910047045
0.119194910984929	2.09536293863901
0.119594893907698	2.09432795306831
0.119994876830466	2.09359470593788
0.120394859753234	2.0931727066928
0.120794842676002	2.09307115172141
0.12119482559877	2.09329932627028
0.121594808521539	2.09386666848749
0.121994791444307	2.09478225682491
0.122394774367075	2.09605405425399
0.122794757289843	2.09768808862296
0.123194740212612	2.09968738294314
0.12359472313538	2.1020510281495
0.123994706058148	2.1047735950901
0.124394688980916	2.10784472427002
0.124794671903684	2.11124885719428
0.125194654826453	2.11496564926219
0.125594637749221	2.11897061606525
0.125994620671989	2.12323582814226
0.126394603594757	2.12773076457675
0.126794586517526	2.1324236415
0.127194569440294	2.13728247892431
0.127594552363062	2.14227607171274
0.12799453528583	2.14737473231777
0.128394518208598	2.15255061890685
0.128794501131367	2.15777739798587
0.129194484054135	2.1630299397897
0.129594466976903	2.16828368736567
0.129994449899671	2.1735140520549
0.130394432822439	2.17869638044626
0.130794415745208	2.18380636551716
0.131194398667976	2.18882024513426
0.131594381590744	2.19371552552118
0.131994364513512	2.19847203349148
0.132394347436281	2.20307240538682
0.132794330359049	2.20750202016374
0.133194313281817	2.2117490773894
0.133594296204585	2.21580429372958
0.133994279127353	2.21966014827428
0.134394262050122	2.22331033408327
0.13479424497289	2.22674927446753
0.135194227895658	2.229971401634
0.135594210818426	2.23297067702562
0.135994193741195	2.23574039119635
0.136394176663963	2.23827290839703
0.136794159586731	2.24055983172637
0.137194142509499	2.24259293787808
0.137594125432267	2.24436542264749
0.137994108355036	2.24587315178491
0.138394091277804	2.24711599427336
0.138794074200572	2.24809865184598
0.13919405712334	2.24883052603859
0.139594040046109	2.24932482340061
0.139994022968877	2.24959721962704
0.140394005891645	2.24966426197869
0.140793988814413	2.24954228365874
0.141193971737181	2.2492469531392
0.14159395465995	2.24879317813714
0.141993937582718	2.24819533939426
0.142393920505486	2.2474678315006
0.142793903428254	2.24662538861157
0.143193886351023	2.24568315330129
0.143593869273791	2.2446566273985
0.143993852196559	2.24356140567507
0.144393835119327	2.24241278946455
0.144793818042095	2.2412254964689
0.145193800964864	2.24001344504187
0.145593783887632	2.23878957460421
0.1459937668104	2.23756597353134
0.146393749733168	2.23635434386997
0.146793732655936	2.23516674500805
0.147193715578705	2.23401633172882
0.147593698501473	2.23291805728698
0.147993681424241	2.23188892093598
0.148393664347009	2.23094754213551
0.148793647269778	2.23011305291232
0.149193630192546	2.22940368480862
0.149593613115314	2.22883534028455
0.149993596038082	2.2284207544712
0.15039357896085	2.22816949638335
0.150793561883619	2.22808871042579
0.151193544806387	2.22818426913419
0.151593527729155	2.22846189293411
0.151993510651923	2.22892764165224
0.152393493574692	2.22958760960307
0.15279347649746	2.23044696618508
0.153193459420228	2.23150844762756
0.153593442342996	2.23277096515359
0.153993425265764	2.23422874194863
0.154393408188533	2.23587103218075
0.154793391111301	2.23768241667243
0.155193374034069	2.23964396590734
0.155593356956837	2.24173460356148
0.155993339879606	2.24393246413009
0.156393322802374	2.24621611591173
0.156793305725142	2.24856540879277
0.15719328864791	2.25096166437214
0.157593271570678	2.25338750413715
0.157993254493447	2.25582648779554
0.158393237416215	2.25826287711717
0.158793220338983	2.26068169535561
0.159193203261751	2.26306916038016
0.159593186184519	2.26541292103289
0.159993169107288	2.2677020578089
0.160393152030056	2.26992682998818
0.160793134952824	2.27207827082432
0.161193117875592	2.27414764610862
0.161593100798361	2.27612636590974
0.161993083721129	2.27800663234746
0.162393066643897	2.27978250684057
0.162793049566665	2.28145086953783
0.163193032489433	2.28301211245591
0.163593015412202	2.28447030076287
0.16399299833497	2.28583252142384
0.164392981257738	2.28710794636423
0.164792964180506	2.28830688778301
0.165192947103275	2.28943994632839
0.165592930026043	2.2905177128639
0.165992912948811	2.29155087426122
0.166392895871579	2.29255003256637
0.166792878794347	2.29352529303039
0.167192861717116	2.29448611953749
0.167592844639884	2.29544111076667
0.167992827562652	2.29639768995859
0.16839281048542	2.2973621147314
0.168792793408189	2.29833972910258
0.169192776330957	2.29933512574699
0.169592759253725	2.30035252451314
0.169992742176493	2.30139617567263
0.170392725099261	2.30247044757984
0.17079270802203	2.30357996801949
0.171192690944798	2.30472968673742
0.171592673867566	2.3059244823297
0.171992656790334	2.30716872795959
0.172392639713103	2.30846607111579
0.172792622635871	2.3098193659833
0.173192605558639	2.31123082833587
0.173592588481407	2.31270259725958
0.173992571404175	2.31423731183941
0.174392554326944	2.31583856752833
0.174792537249712	2.31751137988373
0.17519252017248	2.31926230909108
0.175592503095248	2.32109912034084
0.175992486018016	2.32303019178671
0.176392468940785	2.32506391707674
0.176792451863553	2.32720783575182
0.177192434786321	2.32946792417946
0.177592417709089	2.33184808951554
0.177992400631858	2.33434970692941
0.178392383554626	2.33697144658662
0.178792366477394	2.33970937280063
0.179192349400162	2.34255697542824
0.17959233232293	2.34550522553941
0.179992315245699	2.34854276676465
0.180392298168467	2.3516560984192
0.180792281091235	2.35482980879743
0.181192264014003	2.35804733625549
0.181592246936772	2.36129196286945
0.18199222985954	2.36454781365986
0.182392212782308	2.36780072887359
0.182792195705076	2.37103852677639
0.183192178627844	2.37425035157644
0.183592161550613	2.37742574732587
0.183992144473381	2.38055374509119
0.184392127396149	2.38362194994947
0.184792110318917	2.38661628894225
0.185192093241686	2.38952155765038
0.185592076164454	2.39232213898966
0.185992059087222	2.39500294506529
0.18639204200999	2.39755026634887
0.186792024932758	2.39995217201754
0.187192007855527	2.40219846737532
0.187591990778295	2.40428079886803
0.187991973701063	2.40619278996747
0.188391956623831	2.40793029842922
0.188791939546599	2.40949168113747
0.189191922469368	2.41087793498875
0.189591905392136	2.41209219289306
0.189991888314904	2.41313884478957
0.190391871237672	2.41402247839237
0.190791854160441	2.41474676190173
0.191191837083209	2.41531345726584
0.191591820005977	2.4157218145079
0.191991802928745	2.41596814276397
0.192391785851513	2.41604578130343
0.192791768774282	2.4159454928135
0.19319175169705	2.41565629306514
0.193591734619818	2.41516648799922
0.193991717542586	2.41446512852563
0.194391700465355	2.41354369940265
0.194791683388123	2.41239744957481
0.195191666310891	2.41102615999432
0.195591649233659	2.40943454604707
0.195991632156427	2.40763224281816
0.196391615079196	2.40563350247005
0.196791598001964	2.40345721588923
0.197191580924732	2.40112701516263
0.1975915638475	2.39867104243617
0.197991546770269	2.39612106967587
0.198391529693037	2.39351087921288
0.198791512615805	2.39087390742152
0.199191495538573	2.38824085223091
0.199591478461341	2.38563788039913
0.19999146138411	2.38308574095528
0.200391444306878	2.38059991789218
0.200791427229646	2.37819184636247
0.201191410152414	2.37587060975323
0.201591393075183	2.37364458895628
0.201991375997951	2.37152295826783
0.202391358920719	2.36951691385467
0.202791341843487	2.36764056839393
0.203191324766255	2.36591130113161
0.203591307689024	2.36434960713546
0.203991290611792	2.36297839012188
0.20439127353456	2.36182170874163
0.204791256457328	2.36090310636815
0.205191239380096	2.36024408503055
0.205591222302865	2.35986311644057
0.205991205225633	2.35977553480553
0.206391188148401	2.35999387073128
0.206791171071169	2.36052827278117
0.207191153993938	2.36138660459724
0.207591136916706	2.36257430259843
0.207991119839474	2.36409386020895
0.208391102762242	2.36594437516183
0.20879108568501	2.36812154475549
0.209191068607779	2.37061841885835
0.209591051530547	2.3734266823271
0.209991034453315	2.37653816066877
0.210391017376083	2.37994604025033
0.210791000298852	2.38364565793095
0.21119098322162	2.38763453870703
0.211590966144388	2.39191171979657
0.211990949067156	2.39647667938325
0.212390931989924	2.40132824893672
0.212790914912693	2.40646355298406
0.213190897835461	2.41187736014476
0.213590880758229	2.41756183730608
0.213990863680997	2.42350666092808
0.214390846603766	2.42969952934932
0.214790829526534	2.43612694873112
0.215190812449302	2.44277501955305
0.21559079537207	2.44963022276433
0.215990778294838	2.45667996673445
0.216390761217607	2.46391282032387
0.216790744140375	2.47131852653525
0.217190727063143	2.47888785842871
0.217590709985911	2.48661211631065
0.21799069290868	2.49448237530266
0.218390675831448	2.50248832886995
0.218790658754216	2.51061703169475
0.219190641676984	2.51885186897004
0.219590624599752	2.52717211300298
0.219990607522521	2.53555290261031
0.220390590445289	2.54396609021
0.220790573368057	2.55238159318451
0.221190556290825	2.56076883595476
0.221590539213593	2.56909790136931
0.221990522136362	2.57734020651641
0.22239050505913	2.58546847074309
0.222790487981898	2.59345639542109
0.223190470904666	2.60127802043018
0.223590453827435	2.60890720420435
0.223990436750203	2.61631752670102
0.224390419672971	2.62348280242124
0.224790402595739	2.63037780914467
0.225190385518507	2.63697963305371
0.225590368441276	2.64326919830728
0.225990351364044	2.64923243252051
0.226390334286812	2.65486089722082
0.22679031720958	2.66015174677754
0.227190300132349	2.66510671716903
0.227590283055117	2.66973052049872
0.227990265977885	2.67402930299331
0.228390248900653	2.67800908313458
0.228790231823421	2.68167443976261
0.22919021474619	2.685027894393
0.229590197668958	2.68806979241748
0.229990180591726	2.69079853598996
0.230390163514494	2.6932111168242
0.230790146437263	2.69530380494778
0.231190129360031	2.69707287350573
0.231590112282799	2.69851517397605
0.231990095205567	2.69962875003702
0.232390078128335	2.70041343121707
0.232790061051104	2.70087135238566
0.233190043973872	2.70100721140028
0.23359002689664	2.70082823383572
0.233990009819408	2.70034371260268
0.234389992742176	2.69956432523641
0.234789975664945	2.69850151294594
0.235189958587713	2.69716690535611
0.235589941510481	2.69557195888789
0.235989924433249	2.69372818780971
0.236389907356018	2.69164782212828
0.236789890278786	2.68934453343632
0.237189873201554	2.6868338511536
0.237589856124322	2.68413300900642
0.23798983904709	2.68126019623393
0.238389821969859	2.67823342410817
0.238789804892627	2.67506911826424
0.239189787815395	2.67178086647979
0.239589770738163	2.66837889926185
0.239989753660932	2.6648700254666
0.2403897365837	2.66125789958332
0.240789719506468	2.65754371237174
0.241189702429236	2.65372700020779
0.241589685352004	2.64980630392168
0.241989668274773	2.64577975627159
0.242389651197541	2.64164548864177
0.242789634120309	2.63740181750533
0.243189617043077	2.63304733561905
0.243589599965846	2.62858105367729
0.243989582888614	2.62400257789069
0.244389565811382	2.61931245053447
0.24478954873415	2.61451264574692
0.245189531656918	2.60960710436451
0.245589514579687	2.60460222020821
0.245989497502455	2.59950711974474
0.246389480425223	2.59433374220934
0.246789463347991	2.58909670268539
0.24718944627076	2.58381299814534
0.247589429193528	2.57850153369611
0.247989412116296	2.57318259016841
0.248389395039064	2.56787692933521
0.248789377961832	2.56260470294383
0.249189360884601	2.55738453798187
0.249589343807369	2.55223299883343
0.249989326730137	2.54716423188901
0.250389309652905	2.54218997629223
0.250789292575674	2.5373199043965
0.251189275498442	2.53256199424212
0.25158925842121	2.52792264277426
0.251989241343978	2.52340672494291
0.252389224266746	2.51901762483543
0.252789207189515	2.51475729716649
0.253189190112283	2.51062644331553
0.253589173035051	2.50662459183126
0.253989155957819	2.50274996618161
0.254389138880587	2.49899941739587
0.254789121803356	2.4953682091509
0.255189104726124	2.49184978814845
0.255589087648892	2.4884360413391
0.25598907057166	2.48511793503032
0.256389053494429	2.48188599973389
0.256789036417197	2.47873081067801
0.257189019339965	2.47564328769148
0.257589002262733	2.47261444555177
0.257988985185501	2.46963510384107
0.25838896810827	2.46669621253503
0.258788951031038	2.46378961040036
0.259188933953806	2.46090926487182
0.259588916876574	2.45805281296352
0.259988899799343	2.45522264771812
0.260388882722111	2.45242594435577
0.260788865644879	2.44967416622083
0.261188848567647	2.44698190276084
0.261588831490415	2.44436530539992
0.261988814413184	2.44184090546057
0.262388797335952	2.43942518603408
0.26278878025872	2.43713448531578
0.263188763181488	2.43498519674086
0.263588746104256	2.43299407009705
0.263988729027025	2.43117815215842
0.264388711949793	2.42955427469306
0.264788694872561	2.42813818206188
0.265188677795329	2.42694344348627
0.265588660718098	2.42598061529703
0.265988643640866	2.42525703495193
0.266388626563634	2.4247773625582
0.266788609486402	2.42454443481655
0.26718859240917	2.42456035858095
0.267588575331939	2.42482729396229
0.267988558254707	2.42534742984459
0.268388541177475	2.42612233709576
0.268788524100243	2.42715193108642
0.269188507023012	2.42843337209303
0.26958848994578	2.42996042306184
0.269988472868548	2.43172366322941
0.270388455791316	2.43371100837041
0.270788438714084	2.43590843673666
0.271188421636853	2.43830091249106
0.271588404559621	2.44087311153248
0.271988387482389	2.44360975371065
0.272388370405157	2.44649582838887
0.272788353327926	2.44951671049437
0.273188336250694	2.45265806304308
0.273588319173462	2.45590558603594
0.27398830209623	2.45924483560925
0.274388285018998	2.46266086069793
0.274788267941767	2.46613837216443
0.275188250864535	2.46966232651982
0.275588233787303	2.47321874224271
0.275988216710071	2.47679533611275
0.27638819963284	2.48038198582451
0.276788182555608	2.48397063192912
0.277188165478376	2.48755463243772
0.277588148401144	2.4911277536105
0.277988131323912	2.49468337438393
0.278388114246681	2.49821411538002
0.278788097169449	2.50171184922056
0.279188080092217	2.50516785103377
0.279588063014985	2.50857319805209
0.279988045937754	2.51191893019479
0.280388028860522	2.51519583330373
0.28078801178329	2.51839390668058
0.281187994706058	2.52150172958721
0.281587977628826	2.52450584679595
0.281987960551595	2.52739043883814
0.282387943474363	2.53013739529287
0.282787926397131	2.53272686395919
0.283187909319899	2.53513838526823
0.283587892242667	2.53735245875634
0.283987875165436	2.53935209480645
0.284387858088204	2.54112403917849
0.284787841010972	2.54265921746869
0.28518782393374	2.5439521909178
0.285587806856509	2.54499984944444
0.285987789779277	2.54579990911423
0.286387772702045	2.54634975001294
0.286787755624813	2.54664598610953
0.287187738547581	2.54668490792965
0.28758772147035	2.54646345296606
0.287987704393118	2.54598036616352
0.288387687315886	2.54523703763455
0.288787670238654	2.54423754350533
0.289187653161423	2.54298803084985
0.289587636084191	2.54149592156726
0.289987619006959	2.53976913611619
0.290387601929727	2.53781571318005
0.290787584852495	2.53564399343843
0.291187567775264	2.53326311891807
0.291587550698032	2.53068332308946
0.2919875336208	2.52791588832572
0.292387516543568	2.52497275178984
0.292787499466336	2.52186591695909
0.293187482389105	2.51860676219633
0.293587465311873	2.51520555547464
0.293987448234641	2.51167120905346
0.294387431157409	2.50801136346656
0.294787414080178	2.50423265309706
0.295187397002946	2.5003409214029
0.295587379925714	2.49634148817933
0.295987362848482	2.49223959759403
0.29638734577125	2.48804084905412
0.296787328694019	2.48375143087363
0.297187311616787	2.47937827183248
0.297587294539555	2.4749291508175
0.297987277462323	2.47041266311588
0.298387260385092	2.46583818746075
0.29878724330786	2.46121596984129
0.299187226230628	2.4565574587119
0.299587209153396	2.45187590001072
0.299987192076164	2.44718688464433
0.300387174998933	2.44250836455392
0.300787157921701	2.43786028814006
0.301187140844469	2.43326409076571
0.301587123767237	2.42874185530346
0.301987106690006	2.42431546080139
0.302387089612774	2.42000613917951
0.302787072535542	2.41583418345088
0.30318705545831	2.41181881752963
0.303587038381078	2.40797822474535
0.303987021303847	2.40432955766704
0.304387004226615	2.40088884800325
0.304786987149383	2.39767108360013
0.305186970072151	2.39469024235528
0.30558695299492	2.39195921593044
0.305986935917688	2.38948956813795
0.306386918840456	2.38729088555913
0.306786901763224	2.3853699216195
0.307186884685992	2.38372969063544
0.307586867608761	2.38236880642064
0.307986850531529	2.38128126408268
0.308386833454297	2.38045675375454
0.308786816377065	2.37988152777565
0.309186799299834	2.37953976387448
0.309586782222602	2.37941505557621
0.30998676514537	2.37949165020968
0.310386748068138	2.37975556754578
0.310786730990906	2.38019553201002
0.311186713913675	2.38080319005915
0.311586696836443	2.38157287390252
0.311986679759211	2.38250106546211
0.312386662681979	2.38358562948979
0.312786645604747	2.38482504064965
0.313186628527516	2.38621802585298
0.313586611450284	2.38776332233889
0.313986594373052	2.38945967087995
0.31438657729582	2.39130615071507
0.314786560218589	2.39330244805925
0.315186543141357	2.39544878886859
0.315586526064125	2.39774560835745
0.315986508986893	2.40019319280303
0.316386491909661	2.40279114707974
0.31678647483243	2.40553776093284
0.317186457755198	2.4084296185613
0.317586440677966	2.41146142140104
0.317986423600734	2.41462599540761
0.318386406523503	2.4179145471526
0.318786389446271	2.42131725338532
0.319186372369039	2.42482409680042
0.319586355291807	2.42842581268543
0.319986338214575	2.43211493192755
0.320386321137344	2.43588656251623
0.320786304060112	2.43973876415494
0.32118628698288	2.44367236736677
0.321586269905648	2.44769045979443
0.321986252828417	2.45179723985221
0.322386235751185	2.45599652808157
0.322786218673953	2.46029037603098
0.323186201596721	2.46467808951238
0.323586184519489	2.46915588278515
0.323986167442258	2.4737171412369
0.324386150365026	2.47835320143518
0.324786133287794	2.48305430232136
0.325186116210562	2.48781037151097
0.32558609913333	2.4926115820495
0.325986082056099	2.49744883246496
0.326386064978867	2.50231425657446
0.326786047901635	2.50720187381403
0.327186030824403	2.51210821849489
0.327586013747172	2.51703279605865
0.32798599666994	2.52197813851543
0.328385979592708	2.52694931157123
0.328785962515476	2.53195278678095
0.329185945438244	2.53699505215626
0.329585928361013	2.54208138013309
0.329985911283781	2.54721526876819
0.330385894206549	2.55239857002103
0.330785877129317	2.55763222054344
0.331185860052086	2.56291714400854
0.331585842974854	2.56825509458899
0.331985825897622	2.57364912114475
0.33238580882039	2.57910334027857
0.332785791743158	2.58462209719393
0.333185774665927	2.59020915259733
0.333585757588695	2.59586682349347
0.333985740511463	2.60159504752516
0.334385723434231	2.60739091899621
0.334785706357	2.61324855748956
0.335185689279768	2.61915905804562
0.335585672202536	2.6251107016251
0.335985655125304	2.63108932617965
0.336385638048072	2.63707865523618
0.336785620970841	2.64306073825871
0.337185603893609	2.64901666705249
0.337585586816377	2.65492718613808
0.337985569739145	2.66077301544202
0.338385552661914	2.66653505016797
0.338785535584682	2.67219428101988
0.33918551850745	2.67773138416712
0.339585501430218	2.68312630217649
0.339985484352986	2.68835803237427
0.340385467275755	2.69340455285074
0.340785450198523	2.69824314422324
0.341185433121291	2.70285104952175
0.341585416044059	2.70720618402849
0.341985398966827	2.71128759930401
0.342385381889596	2.71507578867704
0.342785364812364	2.71855276810466
0.343185347735132	2.72170197017124
0.3435853306579	2.72450814482303
0.343985313580669	2.72695746178002
0.344385296503437	2.72903764908554
0.344785279426205	2.73073815798744
0.345185262348973	2.73205028914041
0.345585245271741	2.73296701760039
0.34598522819451	2.73348253722722
0.346385211117278	2.73359183403238
0.346785194040046	2.73329049833365
0.347185176962814	2.73257459954963
0.347585159885583	2.73144058261037
0.347985142808351	2.72988546968943
0.348385125731119	2.72790714491172
0.348785108653887	2.72550452325672
0.349185091576655	2.72267801688673
0.349585074499424	2.71943013650029
0.349985057422192	2.71576598527602
0.35038504034496	2.71169395764226
0.350785023267728	2.70722654323667
0.351185006190497	2.70238032492856
0.351584989113265	2.69717523159766
0.351984972036033	2.69163364415421
0.352384954958801	2.68577920741136
0.352784937881569	2.67963537525897
0.353184920804338	2.67322440731245
0.353584903727106	2.66656690074
0.353984886649874	2.65968169360082
0.354384869572642	2.65258619183159
0.35478485249541	2.64529680401791
0.355184835418179	2.63782915439838
0.355584818340947	2.63019852575916
0.355984801263715	2.62242045466768
0.356384784186483	2.61451130814449
0.356784767109252	2.60648887914963
0.35718475003202	2.59837303095101
0.357584732954788	2.59018608162259
0.357984715877556	2.58195280015991
0.358384698800324	2.57369984289023
0.358784681723093	2.56545464940196
0.359184664645861	2.55724429718826
0.359584647568629	2.5490947125583
0.359984630491397	2.54103034900272
0.360384613414166	2.53307443140895
0.360784596336934	2.52524993356748
0.361184579259702	2.51758072133813
0.36158456218247	2.51009219947033
0.361984545105238	2.50281119780542
0.362384528028007	2.49576505182899
0.362784510950775	2.48898000897126
0.363184493873543	2.48247963634643
0.363584476796311	2.47628385575781
0.36398445971908	2.4704085563639
0.364384442641848	2.46486563193876
0.364784425564616	2.4596637093715
0.365184408487384	2.4548091442938
0.365584391410152	2.45030646557637
0.365984374332921	2.44615824488922
0.366384357255689	2.4423646438808
0.366784340178457	2.43892269457202
0.367184323101225	2.43582553000312
0.367584306023994	2.43306214613083
0.367984288946762	2.43061745588474
0.36838427186953	2.42847288058261
0.368784254792298	2.42660720362504
0.369184237715066	2.42499742086353
0.369584220637835	2.42361925386132
0.369984203560603	2.42244771513568
0.370384186483371	2.42145768750526
0.370784169406139	2.42062458337547
0.371184152328908	2.41992520009712
0.371584135251676	2.419338989476
0.371984118174444	2.41884954251358
0.372384101097212	2.41844571056502
0.37278408401998	2.41812193093566
0.373184066942749	2.41787781206835
0.373584049865517	2.41771717774731
0.373984032788285	2.4176468110863
0.374384015711053	2.41767545867857
0.374783998633821	2.41781318152634
0.37518398155659	2.41807107007908
0.375583964479358	2.41846092912508
0.375983947402126	2.41899476172585
0.376383930324894	2.41968364630534
0.376783913247663	2.42053663464235
0.377183896170431	2.42155960615867
0.377583879093199	2.42275441124791
0.377983862015967	2.42411879224751
0.378383844938735	2.42564722292458
0.378783827861504	2.42733193020971
0.379183810784272	2.42916404066679
0.37958379370704	2.43113465094846
0.379983776629808	2.43323557579017
0.380383759552577	2.43545976273003
0.380783742475345	2.43780171671803
0.381183725398113	2.44025775229974
0.381583708320881	2.4428262749154
0.381983691243649	2.44550826608522
0.382383674166418	2.44830762735245
0.382783657089186	2.45123121847736
0.383183640011954	2.4542887868671
0.383583622934722	2.45749279481192
0.38398360585749	2.46085778107696
0.384383588780259	2.46439944886597
0.384783571703027	2.46813372736308
0.385183554625795	2.4720759199345
0.385583537548563	2.47623979844662
0.385983520471332	2.48063684888051
0.3863835033941	2.48527578970487
0.386783486316868	2.49016243852108
0.387183469239636	2.4952998645554
0.387583452162404	2.50068870215573
0.387983435085173	2.50632747870112
0.388383418007941	2.5122130477747
0.388783400930709	2.51834093215247
0.389183383853477	2.52470545778393
0.389583366776246	2.53129971695757
0.389983349699014	2.53811552015682
0.390383332621782	2.54514321924655
0.39078331554455	2.55237150273703
0.391183298467318	2.55978729653221
0.391583281390087	2.56737584542313
0.391983264312855	2.57512091008981
0.392383247235623	2.58300513491566
0.392783230158391	2.59101037669151
0.39318321308116	2.59911807135491
0.393583196003928	2.6073096262992
0.393983178926696	2.61556662775341
0.394383161849464	2.62387092828064
0.394783144772232	2.63220493681789
0.395183127695001	2.64055196826197
0.395583110617769	2.64889654188145
0.395983093540537	2.6572245769175
0.396383076463305	2.6655232095198
0.396783059386074	2.67378016811523
0.397183042308842	2.68198275771341
0.39758302523161	2.69011653957572
0.397983008154378	2.69816415504986
0.398382991077146	2.70610496278758
0.398782973999915	2.71391540746712
0.399182956922683	2.72157002546084
0.399582939845451	2.72904321606711
0.399982922768219	2.73631100083849
0.400382905690988	2.74335207936137
0.400782888613756	2.75014830181214
0.401182871536524	2.75668458149577
0.401582854459292	2.76294794925304
0.40198283738206	2.76892637179482
0.402382820304829	2.77460790923293
0.402782803227597	2.77998008464416
0.403182786150365	2.78502969233065
0.403582769073133	2.78974333640277
0.403982751995901	2.79410823997316
0.40438273491867	2.7981130356661
0.404782717841438	2.80174838470921
0.405182700764206	2.80500734990171
0.405582683686974	2.8078852768068
0.405982666609743	2.81037948887475
0.406382649532511	2.81248913894355
0.406782632455279	2.81421512539548
0.407182615378047	2.81555998878154
0.407582598300815	2.81652797019489
0.407982581223584	2.81712526015396
0.408382564146352	2.81735996664122
0.40878254706912	2.81724190176559
0.409182529991888	2.81678228679084
0.409582512914657	2.81599349479141
0.409982495837425	2.81488853784572
0.410382478760193	2.8134806554702
0.410782461682961	2.81178283450032
0.411182444605729	2.80980709931859
0.411582427528498	2.80756387079134
0.411982410451266	2.80506166834444
0.412382393374034	2.8023070612943
0.412782376296802	2.79930516751725
0.413182359219571	2.79606060166417
0.413582342142339	2.79257855297153
0.413982325065107	2.78886578686097
0.414382307987875	2.78493150873839
0.414782290910643	2.78078768574138
0.415182273833412	2.7764490293278
0.41558225675618	2.77193281994827
0.415982239678948	2.76725852271936
0.416382222601716	2.76244720666206
0.416782205524484	2.75752111178024
0.417182188447253	2.75250344728173
0.417582171370021	2.74741816053068
0.417982154292789	2.74228989682296
0.418382137215557	2.73714376325189
0.418782120138326	2.73200480955003
0.419182103061094	2.72689718646743
0.419582085983862	2.7218430113496
0.41998206890663	2.71686113964876
0.420382051829398	2.71196642340041
0.420782034752167	2.70716973409089
0.421182017674935	2.70247878740492
0.421582000597703	2.69789962155881
0.421981983520471	2.6934382535849
0.42238196644324	2.68910185252628
0.422781949366008	2.68489918754075
0.423181932288776	2.68084022721314
0.423581915211544	2.67693520170265
0.423981898134312	2.67319349223757
0.424381881057081	2.66962302076692
0.424781863979849	2.66623024336065
0.425181846902617	2.66302075190797
0.425581829825385	2.66000023272668
0.425981812748153	2.65717549015707
0.426381795670922	2.65455502841354
0.42678177859369	2.65214922529263
0.427181761516458	2.64997009957031
0.427581744439226	2.64803062680006
0.427981727361995	2.646343848871
0.428381710284763	2.64492219575488
0.428781693207531	2.64377694442769
0.429181676130299	2.64291784360538
0.429581659053067	2.64235278428527
0.429981641975836	2.64208743504243
0.430381624898604	2.64212476619202
0.430781607821372	2.64246475491043
0.43118159074414	2.64310404510858
0.431581573666909	2.64403570202778
0.431981556589677	2.64524930308249
0.432381539512445	2.6467312739077
0.432781522435213	2.64846515369267
0.433181505357981	2.6504320667082
0.43358148828075	2.65261117970797
0.433981471203518	2.6549799416805
0.434381454126286	2.65751451859827
0.434781437049054	2.66019038838865
0.435181419971823	2.66298277934134
0.435581402894591	2.66586714835782
0.435981385817359	2.66881983134931
0.436381368740127	2.67181851070808
0.436781351662895	2.6748425977156
0.437181334585664	2.67787357578678
0.437581317508432	2.68089525196318
0.4379813004312	2.68389389748704
0.438381283353968	2.68685840395016
0.438781266276737	2.68978021428677
0.439181249199505	2.69265311761525
0.439581232122273	2.69547309195912
0.439981215045041	2.69823821764065
0.440381197967809	2.70094849413358
0.440781180890578	2.70360573131003
0.441181163813346	2.70621315875756
0.441581146736114	2.70877480848952
0.441981129658882	2.71129490205005
0.442381112581651	2.71377735922616
0.442781095504419	2.71622549381071
0.443181078427187	2.71864221110275
0.443581061349955	2.72103049659658
0.443981044272723	2.72339403207689
0.444381027195492	2.72573779986786
0.44478101011826	2.72806820755583
0.445180993041028	2.73039247362685
0.445580975963796	2.73271760687427
0.445980958886564	2.73504922401801
0.446380941809333	2.73739035671934
0.446780924732101	2.73974085877442
0.447180907654869	2.74209729707375
0.447580890577637	2.74445310367638
0.447980873500406	2.74679894268169
0.448380856423174	2.74912302838575
0.448780839345942	2.75141088031948
0.44918082226871	2.75364528022295
0.449580805191478	2.75580657942899
0.449980788114247	2.75787302801858
0.450380771037015	2.75982130912463
0.450780753959783	2.76162760512525
0.451180736882551	2.76326844092617
0.45158071980532	2.76472142932104
0.451980702728088	2.7659659905079
0.452380685650856	2.76698362041874
0.452780668573624	2.76775761355524
0.453180651496392	2.76827303453783
0.453580634419161	2.76851654842025
0.453980617341929	2.76847590246472
0.454380600264697	2.76813955566657
0.454780583187465	2.7674966523467
0.455180566110233	2.76653703422153
0.455580549033002	2.76525155834996
0.45598053195577	2.76363265405726
0.456380514878538	2.76167479043977
0.456780497801306	2.75937482933262
0.457180480724075	2.75673229311778
0.457580463646843	2.75374913100752
0.457980446569611	2.75042902404213
0.458380429492379	2.74677642957766
0.458780412415147	2.74279570268464
0.459180395337916	2.73849034770821
0.459580378260684	2.73386263212767
0.459980361183452	2.72891353231102
0.46038034410622	2.72364323575893
0.460780327028989	2.7180517524242
0.461180309951757	2.71213951330816
0.461580292874525	2.70590784481307
0.461980275797293	2.6993594766437
0.462380258720061	2.6924987291572
0.46278024164283	2.68533172174921
0.463180224565598	2.67786640241778
0.463580207488366	2.67011221888141
0.463980190411134	2.66207951680174
0.464380173333903	2.65377916880302
0.464780156256671	2.64522237343075
0.465180139179439	2.63642072518957
0.465580122102207	2.62738679152506
0.465980105024975	2.61813501072959
0.466380087947744	2.60868241185422
0.466780070870512	2.59904880705086
0.46718005379328	2.5892564490715
0.467580036716048	2.57932930068893
0.467980019638817	2.56929249224667
0.468380002561585	2.55917219142199
0.468779985484353	2.54899607080257
0.469179968407121	2.53879393232701
0.469579951329889	2.52859836984154
0.469979934252658	2.51844467053982
0.470379917175426	2.50836995776311
0.470779900098194	2.49841142099598
0.471179883020962	2.48860431386545
0.47157986594373	2.47898020702228
0.471979848866499	2.4695661490406
0.472379831789267	2.46038441835374
0.472779814712035	2.45145299541466
0.473179797634803	2.44278657542602
0.473579780557572	2.4343978034955
0.47397976348034	2.42629796171683
0.474379746403108	2.41849726941081
0.474779729325876	2.41100482644431
0.475179712248644	2.40382854243185
0.475579695171413	2.39697528691151
0.475979678094181	2.39045143731776
0.476379661016949	2.38426352484153
0.476779643939717	2.37841896092313
0.477179626862486	2.37292658937125
0.477579609785254	2.36779677289994
0.477979592708022	2.36304088539181
0.47837957563079	2.35867074727464
0.478779558553558	2.35469831657485
0.479179541476327	2.35113547202753
0.479579524399095	2.34799365060073
0.479979507321863	2.34528361404559
0.480379490244631	2.34301540909685
0.480779473167399	2.34119818280604
0.481179456090168	2.33983973680388
0.481579439012936	2.33894622354864
0.481979421935704	2.33852213417657
0.482379404858472	2.33857038758534
0.482779387781241	2.33909242720822
0.483179370704009	2.3400883022027
0.483579353626777	2.34155672746031
0.483979336549545	2.3434950984082
0.484379319472313	2.34589941065339
0.484779302395082	2.34876409638543
0.48517928531785	2.35208191441626
0.485579268240618	2.35584364847529
0.485979251163386	2.36003745832792
0.486379234086155	2.36464784397267
0.486779217008923	2.36965459933454
0.487179199931691	2.37503234202976
0.487579182854459	2.38075065515819
0.487979165777227	2.38677484343562
0.488379148699996	2.39306739812878
0.488779131622764	2.39959012872618
0.489179114545532	2.40630637627589
0.4895790974683	2.41318294197699
0.489979080391069	2.42019151063535
0.490379063313837	2.42730951702857
0.490779046236605	2.43452015565513
0.491179029159373	2.44181141343417
0.491579012082141	2.44917428659133
0.49197899500491	2.45660097274117
0.492378977927678	2.4640831832778
0.492778960850446	2.47161087920413
0.493178943773214	2.47917181704705
0.493578926695983	2.48675214297288
0.493978909618751	2.49433745838877
0.494378892541519	2.50191423257733
0.494778875464287	2.50947099308447
0.495178858387055	2.51699855905635
0.495578841309824	2.5244895657598
0.495978824232592	2.53193764801516
0.49637880715536	2.53933612650506
0.496778790078128	2.54667655871694
0.497178773000897	2.5539479372739
0.497578755923665	2.56113636863269
0.497978738846433	2.5682251739524
0.498378721769201	2.57519545543867
0.498778704691969	2.58202697622529
0.499178687614738	2.58869900586357
0.499578670537506	2.59519107370141
0.499978653460274	2.60148357889639
0.500378636383042	2.60755808793702
0.50077861930581	2.61339741137251
0.501178602228579	2.61898559134531
0.501578585151347	2.62430780089895
0.501978568074115	2.62935011459351
0.502378550996883	2.63409920440168
0.502778533919652	2.63854221690634
0.50317851684242	2.64266692457092
0.503578499765188	2.64646179107572
0.503978482687956	2.64991608185516
0.504378465610724	2.65301991857351
0.504778448533493	2.65576383883741
0.505178431456261	2.65813797142135
0.505578414379029	2.66013128814341
0.505978397301797	2.66173095669982
0.506378380224566	2.66292218243001
0.506778363147334	2.66368905514965
0.507178346070102	2.66401617740628
0.50757832899287	2.66389056225986
0.507978311915638	2.6633033182862
0.508378294838407	2.66225068935629
0.508778277761175	2.66073410429172
0.509178260683943	2.65875957773892
0.509578243606711	2.65633670314605
0.50997822652948	2.65347750061485
0.510378209452248	2.65019540093966
0.510778192375016	2.64650468549958
0.511178175297784	2.64242025344155
0.511578158220552	2.63795786107585
0.511978141143321	2.63313456525341
0.512378124066089	2.62796934806022
0.512778106988857	2.62248367365736
0.513178089911625	2.61670160828556
0.513578072834393	2.61064921071237
0.513978055757162	2.6043534909441
0.51437803867993	2.59784099763683
0.514778021602698	2.59113634301894
0.515178004525466	2.58426117859871
0.515577987448235	2.5772339980431
0.515977970371003	2.57007045558981
0.516377953293771	2.5627840012257
0.516777936216539	2.55538653851676
0.517177919139308	2.5478887028054
0.517577902062076	2.54029962234691
0.517977884984844	2.5326266077696
0.518377867907612	2.52487504573774
0.51877785083038	2.51704855569806
0.519177833753149	2.50914954727208
0.519577816675917	2.50118021660682
0.519977799598685	2.4931435386315
0.520377782521453	2.48504421817374
0.520777765444221	2.47688939880172
0.52117774836699	2.46868891144384
0.521577731289758	2.46045499985713
0.521977714212526	2.45220207477501
0.522377697135294	2.44394652328895
0.522777680058063	2.43570655390524
0.523177662980831	2.42750212644237
0.523577645903599	2.41935499893643
0.523977628826367	2.41128864558529
0.524377611749135	2.40332801976515
0.524777594671904	2.39549901003594
0.525177577594672	2.38782781227853
0.52557756051744	2.38034037732348
0.525977543440208	2.37306216022162
0.526377526362977	2.366017918426
0.526777509285745	2.35923179329692
0.527177492208513	2.35272724709888
0.527577475131281	2.34652664595485
0.527977458054049	2.34065056170602
0.528377440976818	2.33511701044577
0.528777423899586	2.32994074002191
0.529177406822354	2.32513305393984
0.529577389745122	2.32070220093923
0.52997737266789	2.31665420775214
0.530377355590659	2.31299409244106
0.530777338513427	2.30972715558771
0.531177321436195	2.30685984108987
0.531577304358963	2.30440028080789
0.531977287281732	2.30235841663395
0.5323772702045	2.3007454901368
0.532777253127268	2.29957311091451
0.533177236050036	2.29885246274393
0.533577218972805	2.29859341735394
0.533977201895573	2.29880362960787
0.534377184818341	2.29948798755322
0.534777167741109	2.30064824478342
0.535177150663877	2.30228267412784
0.535577133586645	2.30438620545658
0.535977116509414	2.30695089739139
0.536377099432182	2.30996646731543
0.53677708235495	2.31342109221429
0.537177065277718	2.31730246810591
0.537577048200487	2.32159869142595
0.537977031123255	2.32629905931331
0.538377014046023	2.33139469183508
0.538776996968791	2.33687849095661
0.53917697989156	2.34274432697593
0.539576962814328	2.34898606424161
0.539976945737096	2.35559650300956
0.540376928659864	2.36256671625917
0.540776911582632	2.36988591191039
0.541176894505401	2.37754166103759
0.541576877428169	2.38552021746166
0.541976860350937	2.39380677277968
0.542376843273705	2.40238501894966
0.542776826196473	2.41123642637805
0.543176809119242	2.42033960365061
0.54357679204201	2.42966967131289
0.543976774964778	2.43919768240472
0.544376757887546	2.44889073246599
0.544776740810315	2.45871224897498
0.545176723733083	2.46862249405311
0.545576706655851	2.47857932631075
0.545976689578619	2.48853917133818
0.546376672501387	2.49845784548448
0.546776655424156	2.50829204539228
0.547176638346924	2.51800100494723
0.547576621269692	2.5275475663279
0.54797660419246	2.53689853980448
0.548376587115229	2.54602466802539
0.548776570037997	2.55489994529735
0.549176552960765	2.56350094441388
0.549576535883533	2.57180675594686
0.549976518806301	2.57979967722436
0.55037650172907	2.58746617852951
0.550776484651838	2.59479801693898
0.551176467574606	2.60179271815829
0.551576450497374	2.60845322877145
0.551976433420143	2.61478631596196
0.552376416342911	2.62080023983145
0.552776399265679	2.62650229662268
0.553176382188447	2.63189702814426
0.553576365111215	2.63698542455646
0.553976348033984	2.64176535688628
0.554376330956752	2.64623265449689
0.55477631387952	2.65038240901179
0.555176296802288	2.6542101087039
0.555576279725057	2.65771238666118
0.555976262647825	2.66088726415321
0.556376245570593	2.66373455646628
0.556776228493361	2.66625637639799
0.557176211416129	2.66845734406282
0.557576194338898	2.6703443587949
0.557976177261666	2.67192628316196
0.558376160184434	2.67321350475907
0.558776143107202	2.67421731643643
0.559176126029971	2.6749493405755
0.559576108952739	2.67542119418506
0.559976091875507	2.67564459574402
0.560376074798275	2.67563156730459
0.560776057721043	2.67539434263315
0.561176040643812	2.67494489507297
0.56157602356658	2.67429439035303
0.561976006489348	2.6734528161832
0.562375989412116	2.67242887548018
0.562775972334884	2.67122995811846
0.563175955257653	2.66986237605283
0.563575938180421	2.66833161912265
0.563975921103189	2.66664234897892
0.564375904025957	2.66479806091872
0.564775886948726	2.66280087379987
0.565175869871494	2.66065171405078
0.565575852794262	2.6583509294405
0.56597583571703	2.65589894590276
0.566375818639798	2.65329670923128
0.566775801562567	2.65054593093261
0.567175784485335	2.64764915143698
0.567575767408103	2.64460932174408
0.567975750330871	2.64142903613475
0.56837573325364	2.63810986241192
0.568775716176408	2.63465220239046
0.569175699099176	2.63105554606461
0.569575682021944	2.62731893368286
0.569975664944712	2.62344148605355
0.570375647867481	2.61942288494478
0.570775630790249	2.61526348947983
0.571175613713017	2.61096410837968
0.571575596635785	2.60652566039668
0.571975579558553	2.6019489217251
0.572375562481322	2.59723465619392
0.57277554540409	2.59238408373381
0.573175528326858	2.58739920186681
0.573575511249626	2.58228295922133
0.573975494172395	2.57703946641747
0.574375477095163	2.57167385037068
0.574775460017931	2.56619158206567
0.575175442940699	2.56059782603238
0.575575425863468	2.5548970386664
0.575975408786236	2.54909257329881
0.576375391709004	2.54318650309317
0.576775374631772	2.53717984509371
0.57717535755454	2.5310729590762
0.577575340477309	2.52486612638179
0.577975323400077	2.51856049819429
0.578375306322845	2.5121592298434
0.578775289245613	2.50566856224592
0.579175272168381	2.49909882313904
0.57957525509115	2.49246477374583
0.579975238013918	2.48578508832486
0.580375220936686	2.47908119625804
0.580775203859454	2.47237601508267
0.581175186782223	2.46569254493917
0.581575169704991	2.45905287282556
0.581975152627759	2.45247768851749
0.582375135550527	2.44598610786035
0.582775118473295	2.43959539672054
0.583175101396064	2.43332086724942
0.583575084318832	2.42717554228855
0.5839750672416	2.42116988261029
0.584375050164368	2.41531182472586
0.584775033087137	2.4096072999372
0.585175016009905	2.40406082823425
0.585574998932673	2.39867647495169
0.585974981855441	2.39345879583973
0.586374964778209	2.38841344336931
0.586774947700978	2.38354723294445
0.587174930623746	2.37886808057602
0.587574913546514	2.37438473933033
0.587974896469282	2.37010661444077
0.58837487939205	2.36604372194938
0.588774862314819	2.36220652705453
0.589174845237587	2.35860567278577
0.589574828160355	2.35525176803541
0.589974811083123	2.35215512128861
0.590374794005892	2.34932540981499
0.59077477692866	2.34677157441655
0.591174759851428	2.34450168949536
0.591574742774196	2.3425228428379
0.591974725696965	2.3408409303714
0.592374708619733	2.33946026556045
0.592774691542501	2.33838293547094
0.593174674465269	2.33760834851434
0.593574657388037	2.3371328871594
0.593974640310805	2.33694969851564
0.594374623233574	2.33704894381668
0.594774606156342	2.33741857052281
0.59517458907911	2.33804514302648
0.595574572001878	2.33891484578617
0.595974554924647	2.34001444098828
0.596374537847415	2.34133201400337
0.596774520770183	2.34285765043581
0.597174503692951	2.34458402263048
0.59757448661572	2.34650659896429
0.597974469538488	2.3486235663562
0.598374452461256	2.35093544376177
0.598774435384024	2.35344400714615
0.599174418306792	2.35615081319547
0.599574401229561	2.35905538221878
0.599974384152329	2.36215336563008
0.600374367075097	2.36543525364475
0.600774349997865	2.36888605766196
0.601174332920633	2.37248564391838
0.601574315843402	2.37620969751784
0.60197429876617	2.38003109843235
0.602374281688938	2.38392132534843
0.602774264611706	2.38785161026366
0.603174247534475	2.39179398494576
0.603574230457243	2.3957220629068
0.603974213380011	2.3996115397915
0.604374196302779	2.4034402856344
0.604774179225547	2.40718815870029
0.605174162148316	2.41083654115225
0.605574145071084	2.41436802047086
0.605974127993852	2.41776624347753
0.60637411091662	2.42101623510255
0.606774093839389	2.42410506847521
0.607174076762157	2.42702262085225
0.607574059684925	2.42976215602994
0.607974042607693	2.43232037173573
0.608374025530461	2.4346965776433
0.60877400845323	2.43689142529623
0.609173991375998	2.43890567788665
0.609573974298766	2.44073915189297
0.609973957221534	2.44239011363702
0.610373940144303	2.44385539538
0.610773923067071	2.44513089179518
0.611173905989839	2.44621218371527
0.611573888912607	2.44709528656912
0.611973871835375	2.44777733505045
0.612373854758144	2.44825695048508
0.612773837680912	2.44853441688898
0.61317382060368	2.44861174038631
0.613573803526448	2.4484924837611
0.613973786449217	2.44818162413689
0.614373769371985	2.44768556920896
0.614773752294753	2.44701215544888
0.615173735217521	2.44617069169204
0.615573718140289	2.44517200821738
0.615973701063058	2.44402833944693
0.616373683985826	2.44275288907459
0.616773666908594	2.44135926187326
0.617173649831362	2.43986080992894
0.617573632754131	2.43827013816611
0.617973615676899	2.43659880463245
0.618373598599667	2.43485723738442
0.618773581522435	2.43305480339589
0.619173564445203	2.431199922539
0.619573547367972	2.42930013445468
0.61997353029074	2.42736226976154
0.620373513213508	2.42539283352142
0.620773496136276	2.42339855802468
0.621173479059044	2.42138691730317
0.621573461981813	2.41936643429016
0.621973444904581	2.41734659346044
0.622373427827349	2.41533726177371
0.622773410750117	2.41334772269053
0.623173393672886	2.4113855325214
0.623573376595654	2.40945568460087
0.623973359518422	2.4075603008351
0.62437334244119	2.40569897011137
0.624773325363958	2.40386965684526
0.625173308286727	2.40206998637702
0.625573291209495	2.40029834039132
0.625973274132263	2.39855462680114
0.626373257055031	2.39684053045925
0.6267732399778	2.39515927600568
0.627173222900568	2.3935150659794
0.627573205823336	2.39191246661463
0.627973188746104	2.39035582377719
0.628373171668872	2.38884889507765
0.628773154591641	2.38739473467032
0.629173137514409	2.38599590474187
0.629573120437177	2.38465472659824
0.629973103359945	2.38337352715407
0.630373086282713	2.38215456263639
0.630773069205482	2.38099958011559
0.63117305212825	2.3799088854627
0.631573035051018	2.37888042691349
0.631973017973786	2.37790921237935
0.632373000896555	2.37698726715469
0.632772983819323	2.37610389688693
0.633172966742091	2.37524650990212
0.633572949664859	2.37440171482061
0.633972932587628	2.37355648749773
0.634372915510396	2.37269892710328
0.634772898433164	2.3718187071986
0.635172881355932	2.37090726831713
0.6355728642787	2.36995778595077
0.635972847201469	2.36896483014033
0.636372830124237	2.36792424545345
0.636772813047005	2.36683314512754
0.637172795969773	2.36568987528155
0.637572778892541	2.36449372494451
0.63797276181531	2.36324452905441
0.638372744738078	2.36194188932523
0.638772727660846	2.36058426769953
0.639172710583614	2.35916820192305
0.639572693506383	2.3576877817736
0.639972676429151	2.35613453249519
0.640372659351919	2.35449831847224
0.640772642274687	2.35276880763307
0.641172625197455	2.35093669083998
0.641572608120224	2.34899449385145
0.641972591042992	2.34693700860669
0.64237257396576	2.34476085999653
0.642772556888528	2.34246364740215
0.643172539811297	2.34004350651776
0.643572522734065	2.33749935533201
0.643972505656833	2.3348313650097
0.644372488579601	2.33204189565331
0.644772471502369	2.32913633324421
0.645172454425138	2.32612340750509
0.645572437347906	2.32301509461972
0.645972420270674	2.31982623412312
0.646372403193442	2.31657377574531
0.64677238611621	2.31327629733444
0.647172369038979	2.30995404179101
0.647572351961747	2.30662903853069
0.647972334884515	2.30332501117628
0.648372317807283	2.30006713726868
0.648772300730052	2.29688121205464
0.64917228365282	2.29379223320145
0.649572266575588	2.29082295983824
0.649972249498356	2.28799297798543
0.650372232421125	2.28531833090741
0.650772215343893	2.28281189521616
0.651172198266661	2.28048426779124
0.651572181189429	2.27834484459007
0.651972164112197	2.27640271147988
0.652372147034966	2.27466712919993
0.652772129957734	2.27314752993864
0.653172112880502	2.27185310772794
0.65357209580327	2.27079229214391
0.653972078726038	2.26997254796427
0.654372061648807	2.26940038055015
0.654772044571575	2.2690815669334
0.655172027494343	2.26902147950332
0.655572010417111	2.26922539896787
0.65597199333988	2.26969839918705
0.656371976262648	2.27044493752674
0.656771959185416	2.27146817839272
0.657171942108184	2.27276915283447
0.657571925030952	2.27434591875254
0.657971907953721	2.27619321454553
0.658371890876489	2.27830248212089
0.658771873799257	2.28066247020333
0.659171856722025	2.28326034634658
0.659571839644794	2.28608297385462
0.659971822567562	2.28911769418224
0.66037180549033	2.2923527152451
0.660771788413098	2.29577700155812
0.661171771335866	2.29937970789724
0.661571754258635	2.30314933012073
0.661971737181403	2.30707302201971
0.662371720104171	2.31113621615632
0.662771703026939	2.31532251202182
0.663171685949707	2.31961364953501
0.663571668872476	2.32398946318809
0.663971651795244	2.32842771569346
0.664371634718012	2.33290386227308
0.66477161764078	2.33739093654888
0.665171600563549	2.34185979995351
0.665571583486317	2.34627972249594
0.665971566409085	2.35061937677353
0.666371549331853	2.35484816968083
0.666771532254621	2.35893757289855
0.66717151517739	2.36286205418864
0.667571498100158	2.36659968851181
0.667971481022926	2.37013250532773
0.668371463945694	2.37344646430112
0.668771446868463	2.37653106572154
0.669171429791231	2.37937885356287
0.669571412713999	2.38198471682552
0.669971395636767	2.38434498567771
0.670371378559535	2.38645641833183
0.670771361482304	2.38831522137421
0.671171344405072	2.38991611194758
0.67157132732784	2.39125183580647
0.671971310250608	2.39231328912462
0.672371293173377	2.39309010203631
0.672771276096145	2.39357152031402
0.673171259018913	2.39374761380289
0.673571241941681	2.3936104825822
0.673971224864449	2.39315514645523
0.674371207787218	2.39238002097656
0.674771190709986	2.39128715271349
0.675171173632754	2.38988238803256
0.675571156555522	2.38817556088362
0.675971139478291	2.38618059866528
0.676371122401059	2.38391541529803
0.676771105323827	2.38140168006001
0.677171088246595	2.37866416049249
0.677571071169363	2.3757294039727
0.677971054092132	2.37262395164407
0.6783710370149	2.36937249974565
0.678771019937668	2.36599633918722
0.679171002860436	2.36251239671637
0.679570985783205	2.35893319714939
0.679970968705973	2.35526764738123
0.680370951628741	2.35152229666243
0.680770934551509	2.34770268316452
0.681170917474277	2.34381445742354
0.681570900397046	2.33986401559946
0.681970883319814	2.33585873093834
0.682370866242582	2.33180680371262
0.68277084916535	2.32771696161392
0.683170832088118	2.32359814030465
0.683570815010887	2.31945939832931
0.683970797933655	2.31530993913548
0.684370780856423	2.31115927925573
0.684770763779191	2.30701727237279
0.68517074670196	2.30289414610593
0.685570729624728	2.29880050128854
0.685970712547496	2.29474736251223
0.686370695470264	2.29074630340744
0.686770678393032	2.28680989491839
0.687170661315801	2.28295200139886
0.687570644238569	2.27918774609508
0.687970627161337	2.27553301646087
0.688370610084105	2.27200362471468
0.688770593006873	2.26861403619937
0.689170575929642	2.26537620168848
0.68957055885241	2.26229865178758
0.689970541775178	2.25938605275625
0.690370524697946	2.25663936559325
0.690770507620715	2.25405633737439
0.691170490543483	2.25163201057887
0.691570473466251	2.24935929699772
0.691970456389019	2.2472295356647
0.692370439311788	2.2452329130371
0.692770422234556	2.24335910718428
0.693170405157324	2.24159787603465
0.693570388080092	2.23993945630725
0.69397037100286	2.23837465652982
0.694370353925629	2.23689478802893
0.694770336848397	2.235491100958
0.695170319771165	2.23415428299628
0.695570302693933	2.23287404969957
0.695970285616701	2.23163905288832
0.69637026853947	2.23043694423913
0.696770251462238	2.22925493284488
0.697170234385006	2.22808020817022
0.697570217307774	2.22690033500182
0.697970200230543	2.22570342900946
0.698370183153311	2.22447827001978
0.698770166076079	2.22321397019487
0.699170148998847	2.22189982494863
0.699570131921615	2.22052527933688
0.699970114844384	2.21908017109604
0.700370097767152	2.21755510868516
0.70077008068992	2.2159422732952
0.701170063612688	2.21423625937764
0.701570046535457	2.21243477797792
0.701970029458225	2.21053885562278
0.702370012380993	2.20855225162416
0.702769995303761	2.2064800381271
0.703169978226529	2.20432672437135
0.703569961149298	2.20209418852451
0.703969944072066	2.19977988040351
0.704369926994834	2.19737587693543
0.704769909917602	2.19486908107948
0.70516989284037	2.19224260244775
0.705569875763139	2.18947799801582
0.705969858685907	2.18655780736864
0.706369841608675	2.18346786214443
0.706769824531443	2.18019897901252
0.707169807454212	2.17674767324058
0.70756979037698	2.17311585876109
0.707969773299748	2.16931003012534
0.708369756222516	2.16534018468071
0.708769739145285	2.16121890254628
0.709169722068053	2.15696061540229
0.709569704990821	2.15258128009676
0.709969687913589	2.14809827834028
0.710369670836357	2.14353049208895
0.710769653759126	2.13889826230404
0.711169636681894	2.13422330344188
0.711569619604662	2.12952841991118
0.71196960252743	2.12483714982283
0.712369585450198	2.12017346036913
0.712769568372967	2.11556152857804
0.713169551295735	2.1110254312067
0.713569534218503	2.10658890692039
0.713969517141271	2.10227506493053
0.71436950006404	2.09810602935465
0.714769482986808	2.09410266897475
0.715169465909576	2.090284558237
0.715569448832344	2.08667006910153
0.715969431755112	2.08327653277343
0.716369414677881	2.08012052394351
0.716769397600649	2.07721788367498
0.717169380523417	2.07458365162382
0.717569363446185	2.07223179299726
0.717969346368954	2.07017476994353
0.718369329291722	2.06842313741593
0.71876931221449	2.06698542014107
0.719169295137258	2.06586792648031
0.719569278060026	2.06507453093625
0.719969260982795	2.06460631180537
0.720369243905563	2.06446074409026
0.720769226828331	2.06463051844528
0.721169209751099	2.06510262269495
0.721569192673868	2.06585782650369
0.721969175596636	2.06687082022851
0.722369158519404	2.068111252729
0.722769141442172	2.06954556965242
0.72316912436494	2.07113907615063
0.723569107287709	2.0728580976854
0.723969090210477	2.0746716943165
0.724369073133245	2.0765524835069
0.724769056056013	2.07847636479191
0.725169038978781	2.0804215480461
0.72556902190155	2.0823671373987
0.725969004824318	2.08429181779283
0.726368987747086	2.08617306838746
0.726768970669854	2.08798722823704
0.727168953592623	2.08971025609022
0.727568936515391	2.0913189110839
0.727968919438159	2.09279188747993
0.728368902360927	2.09411060271397
0.728768885283695	2.0952595177406
0.729168868206464	2.09622598806428
0.729568851129232	2.09699991256474
0.729968834052	2.0975734384063
0.730368816974768	2.09794079974651
0.730768799897537	2.09809816348221
0.731168782820305	2.09804323718614
0.731568765743073	2.0977744187424
0.731968748665841	2.0972897930599
0.732368731588609	2.09658603781445
0.732768714511378	2.09565754427488
0.733168697434146	2.09449615773283
0.733568680356914	2.09309202723993
0.733968663279682	2.09143523476274
0.734368646202451	2.08951769063732
0.734768629125219	2.08733487314083
0.735168612047987	2.08488700369962
0.735568594970755	2.08217947904276
0.735968577893523	2.07922266402281
0.736368560816292	2.07603124795049
0.73676854373906	2.0726235997058
0.737168526661828	2.06902131119313
0.737568509584596	2.06524859416234
0.737968492507365	2.06133144940456
0.738368475430133	2.05729655700522
0.738768458352901	2.05316995803072
0.739168441275669	2.04897575616456
0.739568424198437	2.04473533333934
0.739968407121206	2.04046701085399
0.740368390043974	2.03618636671183
0.740768372966742	2.03190717889808
0.74116835588951	2.02764249956063
0.741568338812278	2.02340552203395
0.741968321735047	2.01921042277978
0.742368304657815	2.01507297950547
0.742768287580583	2.01101071327525
0.743168270503351	2.00704288950516
0.74356825342612	2.00319061191875
0.743968236348888	1.99947668373318
0.744368219271656	1.99592537418164
0.744768202194424	1.99256222250363
0.745168185117193	1.98941380395549
0.745568168039961	1.9865068999486
0.745968150962729	1.98386737411421
0.746368133885497	1.9815189790235
0.746768116808265	1.97948202732706
0.747168099731033	1.97777222324747
0.747568082653802	1.97640036906078
0.74796806557657	1.97537289957206
0.748368048499338	1.97469313901105
0.748768031422106	1.97436312079287
0.749168014344875	1.97438539040011
0.749567997267643	1.97476395680123
0.749967980190411	1.9755046573807
0.750367963113179	1.9766149655085
0.750767946035948	1.97810310642785
0.751167928958716	1.97997678240283
0.751567911881484	1.9822422360738
0.751967894804252	1.98490329445644
0.75236787772702	1.98796039132407
0.752767860649789	1.99140998417564
0.753167843572557	1.99524440268374
0.753567826495325	1.99945193279097
0.753967809418093	2.00401722942745
0.754367792340861	2.00892204259981
0.75476777526363	2.0141460413849
0.755167758186398	2.01966780480082
0.755567741109166	2.02546602825866
0.755967724031934	2.03152076446532
0.756367706954703	2.0378145747627
0.756767689877471	2.04433349570517
0.757167672800239	2.05106740371208
0.757567655723007	2.05800965373584
0.757967638645775	2.065155986288
0.758367621568544	2.07250295590557
0.758767604491312	2.0800461213638
0.75916758741408	2.0877785730878
0.759567570336848	2.09568993850381
0.759967553259617	2.10376622427249
0.760367536182385	2.11199040921071
0.760767519105153	2.12034330225441
0.761167502027921	2.12880433804158
0.761567484950689	2.13735251551554
0.761967467873458	2.1459672641727
0.762367450796226	2.15462905919256
0.762767433718994	2.16332011831204
0.763167416641762	2.17202525198012
0.763567399564531	2.1807323222253
0.763967382487299	2.189432250985
0.764367365410067	2.19811865226091
0.764767348332835	2.20678691240865
0.765167331255603	2.21543293968055
0.765567314178372	2.22405214063927
0.76596729710114	2.23263889014609
0.766367280023908	2.24118627933633
0.766767262946676	2.24968633455872
0.767167245869445	2.25813044591319
0.767567228792213	2.26650962911196
0.767967211714981	2.27481451847301
0.768367194637749	2.28303540978264
0.768767177560517	2.29116223840337
0.769167160483286	2.29918474137266
0.769567143406054	2.30709313379018
0.769967126328822	2.31487914295077
0.77036710925159	2.32253701008939
0.770767092174358	2.33006444452508
0.771167075097127	2.33746325716494
0.771567058019895	2.34473933733564
0.771967040942663	2.3519018679138
0.772367023865431	2.35896219699396
0.7727670067882	2.3659324301885
0.773166989710968	2.37282400233037
0.773566972633736	2.3796466417848
0.773966955556504	2.38640780829387
0.774366938479272	2.39311248385066
0.774766921402041	2.39976359390059
0.775166904324809	2.40636272916116
0.775566887247577	2.41291050196294
0.775966870170345	2.41940658262335
0.776366853093114	2.42584980257457
0.776766836015882	2.4322380684056
0.77716681893865	2.43856822109881
0.777566801861418	2.44483615634705
0.777966784784186	2.45103716447741
0.778366767706955	2.45716593193636
0.778766750629723	2.46321638147832
0.779166733552491	2.46918142357752
0.779566716475259	2.4750525566198
0.779966699398028	2.48081961904771
0.780366682320796	2.48647116858168
0.780766665243564	2.49199515417308
0.781166648166332	2.49737976201258
0.7815666310891	2.50261441045833
0.781966614011869	2.5076906033816
0.782366596934637	2.51260225067578
0.782766579857405	2.51734587850236
0.783166562780173	2.52192083648606
0.783566545702941	2.52632911519427
0.78396652862571	2.53057480987178
0.784366511548478	2.534663370474
0.784766494471246	2.53860033361608
0.785166477394014	2.542389824657
0.785566460316783	2.54603347919209
0.785966443239551	2.54952978735752
0.786366426162319	2.55287416983865
0.786766409085087	2.55605989568642
0.787166392007856	2.55907934649654
0.787566374930624	2.56192493287244
0.787966357853392	2.56458983777172
0.78836634077616	2.5670682332105
0.788766323698928	2.56935500524487
0.789166306621697	2.57144529154389
0.789566289544465	2.57333425601183
0.789966272467233	2.57501686824067
0.790366255390001	2.57648801334546
0.790766238312769	2.57774256726029
0.791166221235538	2.57877538073907
0.791566204158306	2.57958114014726
0.791966187081074	2.5801544340331
0.792366170003842	2.58048952744176
0.792766152926611	2.58058026869713
0.793166135849379	2.58042013989845
0.793566118772147	2.58000224212591
0.793966101694915	2.57931917996839
0.794366084617683	2.57836337964091
0.794766067540452	2.57712762378262
0.79516605046322	2.57560577282716
0.795566033385988	2.57379387033752
0.795966016308756	2.57169114959747
0.796365999231525	2.56930048644911
0.796765982154293	2.56662852123853
0.797165965077061	2.56368513864462
0.797565947999829	2.56048227969789
0.797965930922597	2.55703269836922
0.798365913845366	2.55334898508046
0.798765896768134	2.54944270704221
0.799165879690902	2.54532399670112
0.79956586261367	2.54100174796231
0.799965845536438	2.5364839711129
0.800365828459207	2.53177835063352
0.800765811381975	2.52689284375723
0.801165794304743	2.52183615839132
0.801565777227511	2.51661811148644
0.80196576015028	2.51124982261663
0.802365743073048	2.50574355436286
0.802765725995816	2.50011231239076
0.803165708918584	2.4943694249437
0.803565691841353	2.48852817950927
0.803965674764121	2.48260176013494
0.804365657686889	2.47660344099922
0.804765640609657	2.4705468460978
0.805165623532425	2.46444620898589
0.805565606455194	2.45831622384677
0.805965589377962	2.45217160584906
0.80636557230073	2.44602669196692
0.806765555223498	2.43989533869028
0.807165538146266	2.4337907789906
0.807565521069035	2.42772561988151
0.807965503991803	2.42171180231472
0.808365486914571	2.41576020850465
0.808765469837339	2.40987997996924
0.809165452760108	2.40407792000002
0.809565435682876	2.39835793351746
0.809965418605644	2.39272091480604
0.810365401528412	2.38716524494621
0.81076538445118	2.38168779196295
0.811165367373949	2.3762849767756
0.811565350296717	2.37095392930739
0.811965333219485	2.36569346685727
0.812365316142253	2.36050462952421
0.812765299065021	2.35539075529338
0.81316528198779	2.35035734440493
0.813565264910558	2.34541163754692
0.813965247833326	2.34056180399661
0.814365230756094	2.33581589601899
0.814765213678863	2.33118085990032
0.815165196601631	2.32666167281596
0.815565179524399	2.32226079067252
0.815965162447167	2.31797796889431
0.816365145369935	2.31381016331223
0.816765128292704	2.30975138281427
0.817165111215472	2.30579259920315
0.81756509413824	2.30192167947111
0.817965077061008	2.2981232450688
0.818365059983777	2.29437867956913
0.818765042906545	2.29066639991312
0.819165025829313	2.28696232670277
0.819565008752081	2.28324046941799
0.819964991674849	2.27947383825772
0.820364974597618	2.27563562773667
0.820764957520386	2.27170050501917
0.821164940443154	2.26764567723174
0.821564923365922	2.26345161049598
0.821964906288691	2.25910230844538
0.822364889211459	2.25458523288028
0.822764872134227	2.249890848976
0.823164855056995	2.24501230695502
0.823564837979763	2.23994539988543
0.823964820902532	2.23468885787835
0.8243648038253	2.22924478160977
0.824764786748068	2.22361906514615
0.825164769670836	2.21782116144215
0.825564752593605	2.21186335406318
0.825964735516373	2.20575968671077
0.826364718439141	2.19952456516135
0.826764701361909	2.19317121816624
0.827164684284677	2.18671096412996
0.827564667207446	2.18015312856841
0.827964650130214	2.17350493429547
0.828364633052982	2.16677153855465
0.82876461597575	2.15995628141038
0.829164598898518	2.153060577551
0.829564581821287	2.14608378207707
0.829964564744055	2.13902361122196
0.830364547666823	2.13187694553985
0.830764530589591	2.12464089227623
0.83116451351236	2.11731427146157
0.831564496435128	2.1098989349518
0.831964479357896	2.10240031743451
0.832364462280664	2.09482766967225
0.832764445203433	2.08719376553453
0.833164428126201	2.07951392195983
0.833564411048969	2.07180476745557
0.833964393971737	2.06408335880036
0.834364376894505	2.0563664561658
0.834764359817274	2.04866987060299
0.835164342740042	2.0410080104226
0.83556432566281	2.03339365841771
0.835964308585578	2.02583807808896
0.836364291508346	2.01835128801454
0.836764274431115	2.01094254453282
0.837164257353883	2.00362113496876
0.837564240276651	1.99639725862229
0.837964223199419	1.98928268998674
0.838364206122188	1.98229120756124
0.838764189044956	1.97543873663153
0.839164171967724	1.96874285282316
0.839564154890492	1.96222183308538
0.83996413781326	1.95589349854227
0.840364120736029	1.94977372376062
0.840764103658797	1.94387513668559
0.841164086581565	1.93820646706212
0.841564069504333	1.93277236649529
0.841964052427101	1.92757355135092
0.84236403534987	1.92260746480907
0.842764018272638	1.91786914249254
0.843164001195406	1.9133516880993
0.843563984118174	1.90904664716124
0.843963967040943	1.90494451941832
0.844363949963711	1.90103540482908
0.844763932886479	1.89730990697148
0.845163915809247	1.89376043525025
0.845563898732016	1.89038221360895
0.845963881654784	1.88717370329406
0.846363864577552	1.88413657046396
0.84676384750032	1.88127484545197
0.847163830423088	1.87859335947455
0.847563813345857	1.87609608277514
0.847963796268625	1.87378454165302
0.848363779191393	1.87165650241544
0.848763762114161	1.86970545738849
0.849163745036929	1.86792092756069
0.849563727959698	1.86628919509702
0.849963710882466	1.86479454267718
0.850363693805234	1.8634208139918
0.850763676728002	1.86215276483626
0.851163659650771	1.86097720053136
0.851563642573539	1.85988394236867
0.851963625496307	1.85886626320945
0.852363608419075	1.85792054102308
0.852763591341843	1.85704557710942
0.853163574264612	1.85624171006024
0.85356355718738	1.85551000539306
0.853963540110148	1.85485169582253
0.854363523032916	1.85426784644842
0.854763505955685	1.85375913158087
0.855163488878453	1.85332587697369
0.855563471801221	1.85296833907953
0.855963454723989	1.85268695796593
0.856363437646757	1.85248253396184
0.856763420569526	1.85235657763522
0.857163403492294	1.852311476582
0.857563386415062	1.85235033199594
0.85796336933783	1.85247646595257
0.858363352260598	1.85269261082338
0.858763335183367	1.85299987360401
0.859163318106135	1.85339694202094
0.859563301028903	1.85387981311192
0.859963283951671	1.85444208031864
0.86036326687444	1.8550758205822
0.860763249797208	1.85577271756981
0.861163232719976	1.8565249325634
0.861563215642744	1.85732552806648
0.861963198565513	1.85816854555232
0.862363181488281	1.85904880058814
0.862763164411049	1.85996154551121
0.863163147333817	1.86090228962956
0.863563130256585	1.86186675350926
0.863963113179354	1.86285077132765
0.864363096102122	1.8638500229457
0.86476307902489	1.86485976234036
0.865163061947658	1.86587466569699
0.865563044870426	1.86688851736065
0.865963027793195	1.86789402203487
0.866363010715963	1.86888286802341
0.866762993638731	1.86984572222615
0.867162976561499	1.87077221691317
0.867562959484268	1.87165134589789
0.867962942407036	1.87247223944137
0.868362925329804	1.87322520846161
0.868762908252572	1.87390308684652
0.86916289117534	1.87450236755073
0.869562874098109	1.87502356117857
0.869962857020877	1.87547085280601
0.870362839943645	1.8758512042446
0.870762822866413	1.87617290732338
0.871162805789181	1.87644412183431
0.87156278871195	1.87667215251663
0.871962771634718	1.87686322011491
0.872362754557486	1.87702266047596
0.872762737480254	1.87715568890828
0.873162720403023	1.87726815814247
0.873562703325791	1.87736679471946
0.873962686248559	1.87745909709556
0.874362669171327	1.87755301154152
0.874762652094096	1.87765611054969
0.875162635016864	1.8777747568815
0.875562617939632	1.87791357131025
0.8759626008624	1.87807516845638
0.876362583785168	1.87826042664012
0.876762566707937	1.87846962322716
0.877162549630705	1.87870366690416
0.877562532553473	1.87896505236473
0.877962515476241	1.87925856982067
0.878362498399009	1.87959130557765
0.878762481321778	1.87997173220557
0.879162464244546	1.88040869950323
0.879562447167314	1.88091043075646
0.879962430090082	1.88148365842616
0.880362413012851	1.88213328137038
0.880762395935619	1.88286241024498
0.881162378858387	1.88367233779298
0.881562361781155	1.88456260022237
0.881962344703923	1.88553096855768
0.882362327626692	1.88657327862924
0.88276231054946	1.88768346444618
0.883162293472228	1.88885394712799
0.883562276394996	1.89007616214705
0.883962259317765	1.89134131838151
0.884362242240533	1.89264107691291
0.884762225163301	1.89396783130212
0.885162208086069	1.89531472239189
0.885562191008837	1.89667564539597
0.885962173931606	1.89804491910613
0.886362156854374	1.89941710782177
0.886762139777142	1.90078718161292
0.88716212269991	1.90215052870913
0.887562105622679	1.90350276483866
0.887962088545447	1.90483951349082
0.888362071468215	1.90615567196244
0.888762054390983	1.90744430311283
0.889162037313751	1.90869579138755
0.88956202023652	1.90989747396126
0.889962003159288	1.91103378613652
0.890361986082056	1.91298395687547
0.890761969004824	1.91466764878299
0.891161951927593	1.91604149275784
0.891561934850361	1.91709323940364
0.891961917773129	1.917831689823
0.892361900695897	1.91827857459897
0.892761883618665	1.91846250266426
0.893161866541434	1.91841477443952
0.893561849464202	1.91816666834623
0.89396183238697	1.91774781043415
0.894361815309738	1.9171853195323
0.894761798232506	1.91650345274958
0.895161781155275	1.91572356425768
0.895561764078043	1.91486426724944
0.895961747000811	1.91394170516896
0.896361729923579	1.91296984397741
0.896761712846348	1.9119607555703
0.897161695769116	1.91092487445601
0.897561678691884	1.90987121118329
0.897961661614652	1.9088075311337
0.89836164453742	1.9077405200448
0.898761627460189	1.90667593186698
0.899161610382957	1.90561871253283
0.899561593305725	1.90457310531444
0.899961576228493	1.90354274274185
0.900361559151261	1.90253072569928
0.90076154207403	1.90153969287874
0.901161524996798	1.90057188604504
0.901561507919566	1.89962921220963
0.901961490842334	1.8987133025941
0.902361473765103	1.89782557025324
0.902761456687871	1.89696725966581
0.903161439610639	1.8961394781308
0.903561422533407	1.89534321706789
0.903961405456176	1.89457936552008
0.904361388378944	1.89384871378943
0.904761371301712	1.89315194904553
0.90516135422448	1.89248964717572
0.905561337147248	1.89186226147275
0.905961320070017	1.8912701152672
0.906361302992785	1.89071340054366
0.906761285915553	1.89019218368379
0.907161268838321	1.88970642318009
0.907561251761089	1.88925599749517
0.907961234683858	1.88884073217133
0.908361217606626	1.88846042147038
0.908761200529394	1.88811484652631
0.909161183452162	1.88780379074208
0.909561166374931	1.88752704911306
0.909961149297699	1.88728443255273
0.910361132220467	1.88707576714563
0.910761115143235	1.88690088744021
0.911161098066003	1.88675962274811
0.911561080988772	1.88665178029778
0.91196106391154	1.88657713213195
0.912361046834308	1.88653540291843
0.912761029757076	1.88652626175843
0.913161012679845	1.88654931829343
0.913560995602613	1.88660411946701
0.913960978525381	1.88669014617062
0.914360961448149	1.88680681716575
0.914760944370917	1.88695349969618
0.915160927293686	1.88712952176816
0.915560910216454	1.88733418606786
0.915960893139222	1.88756678677726
0.91636087606199	1.88782662093635
0.916760858984759	1.88811299301181
0.917160841907527	1.8884252159463
0.917560824830295	1.88876261026528
0.917960807753063	1.88912450171301
0.918360790675831	1.88951022432941
0.9187607735986	1.8899191266339
0.919160756521368	1.89035057964375
0.919560739444136	1.89080398653076
0.919960722366904	1.8912787891943
0.920360705289673	1.8917744679277
0.920760688212441	1.89229053763365
0.921160671135209	1.89282654274074
0.921560654057977	1.89338204841265
0.921960636980745	1.89395663092124
0.922360619903514	1.8945498694285
0.922760602826282	1.89516133910348
0.92316058574905	1.8957906089804
0.923560568671818	1.89643724563214
0.923960551594586	1.89710081987605
0.924360534517355	1.89778091882284
0.924760517440123	1.89847716201432
0.925160500362891	1.89918921644031
0.925560483285659	1.89991680991034
0.925960466208428	1.90065974302549
0.926360449131196	1.9014178971004
0.926760432053964	1.90219123896101
0.927160414976732	1.90297982482842
0.9275603978995	1.90378380000419
0.927960380822269	1.90460339647016
0.928360363745037	1.90543892685407
0.928760346667805	1.90629077064335
0.929160329590573	1.90715935502057
0.929560312513341	1.90804513880728
0.92996029543611	1.90894859849177
0.930360278358878	1.90987022020507
0.930760261281646	1.91081050226792
0.931160244204414	1.91176996417924
0.931560227127183	1.91274915462867
0.931960210049951	1.91374866129256
0.932360192972719	1.91476911876024
0.932760175895487	1.91581121001602
0.933160158818256	1.91687566477791
0.933560141741024	1.91796326188874
0.933960124663792	1.91907482999799
0.93436010758656	1.92021124522831
0.934760090509328	1.92137342123144
0.935160073432097	1.92256228272782
0.935560056354865	1.92377872403786
0.935960039277633	1.92502356320733
0.936360022200401	1.9262975022797
0.936760005123169	1.92760110751058
