0	1.33189204396268
0.000399982928598865	1.32878711780538
0.00079996585719773	1.32572235489716
0.00119994878579659	1.32269773094982
0.00159993171439546	1.3197131801264
0.00199991464299432	1.31676857924886
0.00239989757159319	1.31386374456787
0.00279988050019205	1.31099844161073
0.00319986342879092	1.30817241373651
0.00359984635738978	1.30538541891341
0.00399982928598865	1.30263725176127
0.00439981221458751	1.29992775244321
0.00479979514318638	1.2972568091145
0.00519977807178524	1.2946243474556
0.00559976100038411	1.29203031688948
0.00599974392898297	1.28947468514584
0.00639972685758184	1.2869574365019
0.0067997097861807	1.28447856947764
0.00719969271477957	1.28203810004594
0.00759967564337843	1.2796360658219
0.0079996585719773	1.27727252742917
0.00839964150057616	1.27494757062574
0.00879962442917503	1.27266130854609
0.00919960735777389	1.2704138790215
0.00959959028637276	1.26820544051628
0.00999957321497162	1.26603616605779
0.0103995561435705	1.263906234181
0.0107995390721693	1.2618158208391
0.0111995220007682	1.25976509579846
0.0115995049293671	1.25775422168559
0.0119994878579659	1.25578335583313
0.0123994707865648	1.25385265337532
0.0127994537151637	1.25196227127177
0.0131994366437625	1.25011237072505
0.0135994195723614	1.2483031163338
0.0139994025009603	1.24653467420444
0.0143993854295591	1.24480721516232
0.014799368358158	1.24312091739114
0.0151993512867569	1.24147596800078
0.0155993342153557	1.2398725648752
0.0159993171439546	1.23831091629286
0.0163993000725535	1.23679123382319
0.0167992830011523	1.23531372435611
0.0171992659297512	1.23387858115356
0.0175992488583501	1.23248597623916
0.0179992317869489	1.23113605912887
0.0183992147155478	1.22982896130966
0.0187991976441466	1.22856479969924
0.0191991805727455	1.22734368228271
0.0195991635013444	1.22616571529325
0.0199991464299432	1.22503100835953
0.0203991293585421	1.22393967695799
0.020799112287141	1.2228918493112
0.0211990952157398	1.22188767449747
0.0215990781443387	1.22092732994349
0.0219990610729376	1.22001102783009
0.0223990440015364	1.21913901884628
0.0227990269301353	1.21831158980351
0.0231990098587342	1.2175290573425
0.023598992787333	1.21679175919283
0.0239989757159319	1.21610004443433
0.0243989586445308	1.21545426230579
0.0247989415731296	1.21485475320434
0.0251989245017285	1.21430183857211
0.0255989074303273	1.21379580690752
0.0259988903589262	1.21333689968262
0.0263988732875251	1.21292529948083
0.0267988562161239	1.2125611197744
0.0271988391447228	1.21224440339527
0.0275988220733217	1.2119751334651
0.0279988050019205	1.21175325075755
0.0283987879305194	1.21157867067437
0.0287987708591183	1.21145129812274
0.0291987537877171	1.21137103461
0.029598736716316	1.21133777238202
0.0299987196449149	1.21135138260414
0.0303987025735137	1.21141170674349
0.0307986855021126	1.21151855217959
0.0311986684307115	1.2116716942788
0.0315986513593103	1.21187088588507
0.0319986342879092	1.21211586560238
0.0323986172165081	1.2124063637379
0.0327986001451069	1.21274210385974
0.0331985830737058	1.21312279900632
0.0335985660023046	1.21354814296555
0.0339985489309035	1.21401780302567
0.0343985318595024	1.21453141470557
0.0347985147881012	1.21508857912524
0.0351984977167001	1.21568886599031
0.035598480645299	1.21633181763423
0.0359984635738978	1.21701695167295
0.0363984465024967	1.2177437602515
0.0367984294310956	1.21851170017141
0.0371984123596944	1.21932017152981
0.0375983952882933	1.22016849117617
0.0379983782168922	1.22105586110722
0.038398361145491	1.22198133842203
0.0387983440740899	1.2229438173455
0.0391983270026888	1.22394202424209
0.0395983099312876	1.22497451060973
0.0399982928598865	1.2260396433896
0.0403982757884853	1.22713558686944
0.0407982587170842	1.22826026936695
0.0411982416456831	1.22941133151708
0.0415982245742819	1.23058607527932
0.0419982075028808	1.23178142803152
0.0423981904314797	1.23299394095164
0.0427981733600785	1.23421983520461
0.0431981562886774	1.2354551117739
0.0435981392172763	1.23669574471811
0.0439981221458751	1.23793797787466
0.044398105074474	1.23917876147543
0.0447980880030729	1.24041635190491
0.0451980709316717	1.24165110317083
0.0455980538602706	1.24288648641037
0.0459980367888695	1.24413033053666
0.0463980197174683	1.24539618771468
0.0467980026460672	1.24670467269921
0.047197985574666	1.24937476051173
0.0475979685032649	1.25216647906338
0.0479979514318638	1.25508496780882
0.0483979343604626	1.2581337302425
0.0487979172890615	1.26131307227351
0.0491979002176604	1.26461916119196
0.0495978831462592	1.26804392827968
0.0499978660748581	1.27157593381402
0.050397849003457	1.27520193558759
0.0507978319320558	1.27890853121026
0.0511978148606547	1.28268340982034
0.0515977977892536	1.28651609977208
0.0519977807178524	1.29039798297148
0.0523977636464513	1.29432186857326
0.0527977465750502	1.29828137484835
0.053197729503649	1.30227036155657
0.0535977124322479	1.30628244441695
0.0539976953608467	1.31031086368912
0.0543976782894456	1.31434849135692
0.0547976612180445	1.31838800918575
0.0551976441466433	1.32242224457366
0.0555976270752422	1.32644443848439
0.0559976100038411	1.33044823199125
0.0563975929324399	1.33442751413284
0.0567975758610388	1.33837604352169
0.0571975587896377	1.34228693793884
0.0575975417182365	1.34615241255745
0.0579975246468354	1.34996393828044
0.0583975075754343	1.35371281728332
0.0587974905040331	1.35739098593666
0.059197473432632	1.36099162568205
0.0595974563612309	1.36450946284949
0.0599974392898297	1.3679407077295
0.0603974222184286	1.37128247845132
0.0607974051470275	1.37453219067663
0.0611973880756263	1.37768756496818
0.0615973710042252	1.38074696605575
0.061997353932824	1.38370987232303
0.0623973368614229	1.38657744689384
0.0627973197900218	1.38935265232009
0.0631973027186206	1.3920395176111
0.0635972856472195	1.39464205067077
0.0639972685758184	1.3971629509262
0.0643972515044172	1.3996025170657
0.0647972344330161	1.40195837130476
0.065197217361615	1.40422601085321
0.0655972002902138	1.40639947672205
0.0659971832188127	1.40847221014831
0.0663971661474116	1.41043792982457
0.0667971490760104	1.41229117413088
0.0671971320046093	1.41402718733976
0.0675971149332081	1.41564178323979
0.067997097861807	1.41713117258183
0.0683970807904059	1.4184918155933
0.0687970637190048	1.4197204287109
0.0691970466476036	1.42081423687853
0.0695970295762025	1.42177116406824
0.0699970125048013	1.42259017007672
0.0703969954334002	1.42327168861062
0.0707969783619991	1.42381793671077
0.0711969612905979	1.42423290197623
0.0715969442191968	1.42452236298214
0.0719969271477957	1.42469368896548
0.0723969100763945	1.42475526769656
0.0727968930049934	1.42471581527575
0.0731968759335923	1.42458379617584
0.0735968588621911	1.42436686361839
0.07399684179079	1.42407162736015
0.0743968247193889	1.42370377201256
0.0747968076479877	1.42326835733767
0.0751967905765866	1.42277018529023
0.0755967735051854	1.4222142201205
0.0759967564337843	1.42160558942701
0.0763967393623832	1.42094914179536
0.076796722290982	1.42024879173004
0.0771967052195809	1.41950703242777
0.0775966881481798	1.41872456458736
0.0779966710767786	1.41790025347475
0.0783966540053775	1.41703137762287
0.0787966369339764	1.41611399387508
0.0791966198625752	1.41514335513036
0.0795966027911741	1.4141142757092
0.079996585719773	1.41302124737035
0.0803965686483718	1.41185845317544
0.0807965515769707	1.4106198317423
0.0811965345055696	1.40929910246046
0.0815965174341684	1.40788971695751
0.0819965003627673	1.40638500842172
0.0823964832913661	1.40477838299825
0.082796466219965	1.40306346243533
0.0831964491485639	1.40123428251183
0.0835964320771627	1.3992854191121
0.0839964150057616	1.39721194344065
0.0843963979343605	1.39500933534495
0.0847963808629593	1.39267338203312
0.0851963637915582	1.39020007219539
0.0855963467201571	1.38758570579285
0.0859963296487559	1.38482726391053
0.0863963125773548	1.38192276304596
0.0867962955059537	1.37887160525122
0.0871962784345525	1.37567485276838
0.0875962613631514	1.37233534322064
0.0879962442917503	1.36885752632358
0.0883962272203491	1.36524701765536
0.088796210148948	1.36150998940685
0.0891961930775469	1.35765270495882
0.0895961760061457	1.35368128530267
0.0899961589347446	1.34960166864319
0.0903961418633435	1.3454199568977
0.0907961247919423	1.34114305909138
0.0911961077205412	1.33677939351586
0.09159609064914	1.33233931886349
0.0919960735777389	1.32783505461357
0.0923960565063378	1.32328003174352
0.0927960394349366	1.31868794436998
0.0931960223635355	1.31407177165096
0.0935960052921344	1.30944308949851
0.0939959882207332	1.30481182871823
0.0943959711493321	1.30018664789048
0.094795954077931	1.29557565700358
0.0951959370065298	1.29098709261384
0.0955959199351287	1.28642962606088
0.0959959028637276	1.28191236469511
0.0963958857923264	1.27744462314781
0.0967958687209253	1.27303551286797
0.0971958516495241	1.26869345545783
0.097595834578123	1.26442589681159
0.0979958175067219	1.26023923229946
0.0983958004353207	1.25613883112024
0.0987957833639196	1.25212908727161
0.0991957662925185	1.24821338225705
0.0995957492211173	1.24439391608768
0.0999957321497162	1.2406715117271
0.100395715078315	1.23704548788
0.100795698006914	1.2335135055481
0.101195680935513	1.23007156032085
0.101595663864112	1.22671434316628
0.101995646792711	1.22343589504204
0.102395629721309	1.22023024896864
0.102795612649908	1.21709190968702
0.103195595578507	1.21401606225591
0.103595578507106	1.21099851572226
0.103995561435705	1.20803537996281
0.104395544364304	1.20512250882074
0.104795527292903	1.20225467123883
0.105195510221501	1.19942490385984
0.1055954931501	1.19662417705869
0.105995476078699	1.19384139319561
0.106395459007298	1.19106369540517
0.106795441935897	1.18827731619284
0.107195424864496	1.18546876093532
0.107595407793095	1.18262609009499
0.107995390721693	1.17973989721263
0.108395373650292	1.17680387603014
0.108795356578891	1.1738148938391
0.10919533950749	1.17077271129575
0.109595322436089	1.1676792440722
0.109995305364688	1.1645376718437
0.110395288293287	1.16135166490675
0.110795271221886	1.15812498342173
0.111195254150484	1.154861264743
0.111595237079083	1.1515642007502
0.111995220007682	1.14823782874416
0.112395202936281	1.14488685218659
0.11279518586488	1.14151698162316
0.113195168793479	1.13813510615568
0.113595151722078	1.13474901165461
0.113995134650676	1.1313670351868
0.114395117579275	1.12799774311462
0.114795100507874	1.12464950228937
0.115195083436473	1.12133005817895
0.115595066365072	1.11804649270784
0.115995049293671	1.11480526879265
0.11639503222227	1.11161216872589
0.116795015150869	1.10847223205533
0.117194998079467	1.10538967677098
0.117594981008066	1.10236763926724
0.117994963936665	1.09940798718057
0.118394946865264	1.09651119509158
0.118794929793863	1.09367619003162
0.119194912722462	1.09090030525866
0.119594895651061	1.08817947751258
0.119994878579659	1.0855086865578
0.120394861508258	1.08288256740848
0.120794844436857	1.08029623246424
0.121194827365456	1.07774622375964
0.121594810294055	1.07523120271265
0.121994793222654	1.07275225214194
0.122394776151253	1.07031290614266
0.122794759079851	1.06791899757122
0.12319474200845	1.06557815881485
0.123594724937049	1.06329920641216
0.123994707865648	1.06109161447076
0.124394690794247	1.05896495906057
0.124794673722846	1.05692823929599
0.125194656651445	1.05498940174706
0.125594639580044	1.05315506348366
0.125994622508642	1.05143035506674
0.126394605437241	1.04981914434345
0.12679458836584	1.04832460307164
0.127194571294439	1.04694971553129
0.127594554223038	1.04569769107401
0.127994537151637	1.04457224906156
0.128394520080236	1.04357757056298
0.128794503008834	1.04271800351175
0.129194485937433	1.04199778897872
0.129594468866032	1.04142065084853
0.129994451794631	1.04098927066176
0.13039443472323	1.0407049394622
0.130794417651829	1.04056724204116
0.131194400580428	1.04057375666124
0.131594383509027	1.04072005297109
0.131994366437625	1.04099995690075
0.132394349366224	1.0414061146117
0.132794332294823	1.04193085493739
0.133194315223422	1.04256700574059
0.133594298152021	1.04330835861901
0.13399428108062	1.04414992773529
0.134394264009219	1.04508777442211
0.134794246937817	1.04611841045279
0.135194229866416	1.04723824583159
0.135594212795015	1.04844312184761
0.135994195723614	1.0497279191697
0.136394178652213	1.05108655607394
0.136794161580812	1.05251223463672
0.137194144509411	1.05399768575131
0.13759412743801	1.05553551332524
0.137994110366608	1.05711860154857
0.138394093295207	1.05874010885993
0.138794076223806	1.06039330069674
0.139194059152405	1.06207148600325
0.139594042081004	1.06376798770808
0.139994025009603	1.06547620131051
0.140394007938202	1.06719005102828
0.1407939908668	1.06890450621481
0.141193973795399	1.070615887582
0.141593956723998	1.07232204419237
0.141993939652597	1.07402227524503
0.142393922581196	1.07571647408896
0.142793905509795	1.07740396899384
0.143193888438394	1.07908253933277
0.143593871366992	1.08074769819239
0.143993854295591	1.08239230279415
0.14439383722419	1.08400704807915
0.144793820152789	1.08558151505704
0.145193803081388	1.08710530443645
0.145593786009987	1.08856918738241
0.145993768938586	1.08996617756581
0.146393751867185	1.0912919924836
0.146793734795783	1.09254504839319
0.147193717724382	1.09372618900375
0.147593700652981	1.09483809767741
0.14799368358158	1.09588445085934
0.148393666510179	1.09686919469145
0.148793649438778	1.09779596071195
0.149193632367377	1.0986673846567
0.149593615295975	1.09948449920083
0.149993598224574	1.10024637623057
0.150393581153173	1.10094983708613
0.150793564081772	1.10158918553051
0.151193547010371	1.10215615264777
0.15159352993897	1.10264003475309
0.151993512867569	1.10302800651645
0.152393495796167	1.10330564438681
0.152793478724766	1.10345758254509
0.153193461653365	1.10346818010304
0.153593444581964	1.10332225693996
0.153993427510563	1.10300576851083
0.154393410439162	1.10250656684232
0.154793393367761	1.10181534361265
0.15519337629636	1.10092664620848
0.155593359224958	1.09983973902008
0.155993342153557	1.09855911396603
0.156393325082156	1.09709444883204
0.156793308010755	1.09545980176538
0.157193290939354	1.09367228539224
0.157593273867953	1.09175032848689
0.157993256796552	1.08971195267843
0.15839323972515	1.08757346970486
0.158793222653749	1.08534893103701
0.159193205582348	1.08305014443855
0.159593188510947	1.08068729272767
0.159993171439546	1.0782699803318
0.160393154368145	1.07580848814346
0.160793137296744	1.07331462526445
0.161193120225343	1.07080225672464
0.161593103153941	1.0682872784933
0.16199308608254	1.06578714569529
0.162393069011139	1.06331997501464
0.162793051939738	1.06090356427438
0.163193034868337	1.05855426525791
0.163593017796936	1.0562862521223
0.163993000725535	1.05411100532695
0.164392983654133	1.05203693415192
0.164792966582732	1.05006917960889
0.165192949511331	1.04820979593287
0.16559293243993	1.04645790138502
0.165992915368529	1.04480999861518
0.166392898297128	1.04326026815064
0.166792881225727	1.04180078448815
0.167192864154325	1.04042176558196
0.167592847082924	1.03911214196011
0.167992830011523	1.03785987339822
0.168392812940122	1.03665232442664
0.168792795868721	1.03547679699481
0.16919277879732	1.03432105070401
0.169592761725919	1.03317336400847
0.169992744654518	1.03202245508984
0.170392727583116	1.0308570825904
0.170792710511715	1.02966556665039
0.171192693440314	1.02843547244578
0.171592676368913	1.02715372248944
0.171992659297512	1.02580706930711
0.172392642226111	1.02438304720229
0.17279262515471	1.02287120467354
0.173192608083308	1.02126422951336
0.173592591011907	1.01955859594834
0.173992573940506	1.01775488503383
0.174392556869105	1.01585788977978
0.174792539797704	1.01387635202743
0.175192522726303	1.01182248098174
0.175592505654902	1.00971160000768
0.175992488583501	1.00756184658675
0.176392471512099	1.00539377647081
0.176792454440698	1.00323010555129
0.177192437369297	1.00109536333722
0.177592420297896	0.999015370962113
0.177992403226495	0.997016816477665
0.178392386155094	0.995126912935302
0.178792369083693	0.993372980927379
0.179192352012291	0.991781935794731
0.17959233494089	0.99037967328348
0.179992317869489	0.989190236002331
0.180392300798088	0.988234936289306
0.180792283726687	0.987531544018852
0.181192266655286	0.987093871444009
0.181592249583885	0.986931902683918
0.181992232512483	0.987052261558973
0.182392215441082	0.987458821089824
0.182792198369681	0.98815355990344
0.18319218129828	0.989137419375468
0.183592164226879	0.990410908505221
0.183992147155478	0.991974560443585
0.184392130084077	0.993829401741309
0.184792113012676	0.995977081674568
0.185192095941274	0.998419799444731
0.185592078869873	1.00116007598733
0.185992061798472	1.00420010118968
0.186392044727071	1.00754079648218
0.18679202765567	1.01118110742685
0.187192010584269	1.01511741182002
0.187591993512868	1.01934302413201
0.187991976441466	1.02384820184544
0.188391959370065	1.02862057152542
0.188791942298664	1.03364537216667
0.189191925227263	1.03890562490495
0.189591908155862	1.0443824408017
0.189991891084461	1.05005532941735
0.19039187401306	1.0559025740484
0.190791856941659	1.06190201928502
0.191191839870257	1.06803182240569
0.191591822798856	1.07427096800215
0.191991805727455	1.08059965541853
0.192391788656054	1.08699932229265
0.192791771584653	1.09345209073816
0.193191754513252	1.09994023994456
0.193591737441851	1.10644592602975
0.193991720370449	1.11295107895808
0.194391703299048	1.11943755368741
0.194791686227647	1.12588780740577
0.195191669156246	1.1322857327182
0.195591652084845	1.13861737717128
0.195991635013444	1.144871575804
0.196391617942043	1.15104024885183
0.196791600870641	1.15711806879074
0.19719158379924	1.16310187659988
0.197591566727839	1.16899007214507
0.197991549656438	1.17478182554113
0.198391532585037	1.18047621596697
0.198791515513636	1.18607171738402
0.199191498442235	1.19156596860827
0.199591481370834	1.19695572121235
0.199991464299432	1.20223706753414
0.200391447228031	1.2074059401382
0.20079143015663	1.21245856688038
0.201191413085229	1.21739193354592
0.201591396013828	1.22220416499459
0.201991378942427	1.22689458763601
0.202391361871026	1.23146348970881
0.202791344799624	1.23591180434639
0.203191327728223	1.24024060106302
0.203591310656822	1.24445045972522
0.203991293585421	1.24854104318338
0.20439127651402	1.25251109854022
0.204791259442619	1.25635864844032
0.205191242371218	1.26008147111197
0.205591225299817	1.26367765125692
0.205991208228415	1.26714609870561
0.206391191157014	1.27048697165969
0.206791174085613	1.27370202759084
0.207191157014212	1.27679459452632
0.207591139942811	1.27976946885564
0.20799112287141	1.28263278641663
0.208391105800009	1.2853917702545
0.208791088728607	1.28805445700557
0.209191071657206	1.29062960572275
0.209591054585805	1.29312654953217
0.209991037514404	1.29555499239821
0.210391020443003	1.29792492033848
0.210791003371602	1.30024642776173
0.211190986300201	1.30252935412521
0.211590969228799	1.30478295409695
0.211990952157398	1.30701540133968
0.212390935085997	1.30923307577168
0.212790918014596	1.31144013942773
0.213190900943195	1.31363832583664
0.213590883871794	1.31582680835905
0.213990866800393	1.31800231429852
0.214390849728992	1.32015952427841
0.21479083265759	1.32229141032712
0.215190815586189	1.32438965214587
0.215590798514788	1.32644507492586
0.215990781443387	1.32844797043465
0.216390764371986	1.33038837252468
0.216790747300585	1.33225635380115
0.217190730229184	1.3340420884441
0.217590713157782	1.33573563511573
0.217990696086381	1.33732662091548
0.21839067901498	1.33880375976624
0.218790661943579	1.34015436298821
0.219190644872178	1.34136413566007
0.219590627800777	1.3424173329698
0.219990610729376	1.34329720931063
0.220390593657975	1.3439867782405
0.220790576586573	1.34446976370433
0.221190559515172	1.34473150003359
0.221590542443771	1.34475965771544
0.22199052537237	1.34454488742398
0.222390508300969	1.34408117580878
0.222790491229568	1.34336580125372
0.223190474158167	1.34239889198064
0.223590457086765	1.34118287047161
0.223990440015364	1.33972183020874
0.224390422943963	1.33802098132094
0.224790405872562	1.33608626571385
0.225190388801161	1.33392412824097
0.22559037172976	1.33154134145512
0.225990354658359	1.32894491018982
0.226390337586957	1.32614193940499
0.226790320515556	1.32313940404424
0.227190303444155	1.31994396733746
0.227590286372754	1.31656196708964
0.227990269301353	1.31299941940505
0.228390252229952	1.30926210871706
0.228790235158551	1.30535574449751
0.22919021808715	1.30128591588711
0.229590201015748	1.2970577826173
0.229990183944347	1.29267563739055
0.230390166872946	1.28814250028301
0.230790149801545	1.28345986589515
0.231190132730144	1.27862784577125
0.231590115658743	1.27364571503842
0.231990098587342	1.26851256260647
0.23239008151594	1.26322783060035
0.232790064444539	1.25779164326644
0.233190047373138	1.25220482590633
0.233590030301737	1.24646869613659
0.233990013230336	1.24058476810915
0.234389996158935	1.23455463577226
0.234789979087534	1.22838001314621
0.235189962016133	1.2220629690153
0.235589944944731	1.21560631821764
0.23598992787333	1.20901390569658
0.236389910801929	1.20229037464811
0.236789893730528	1.19544051410324
0.237189876659127	1.18846845877919
0.237589859587726	1.18137680510818
0.237989842516325	1.17416592912702
0.238389825444923	1.16683393227779
0.238789808373522	1.15937720356654
0.239189791302121	1.1517914488636
0.23958977423072	1.14407301191401
0.239989757159319	1.13622035148389
0.240389740087918	1.12823515216112
0.240789723016517	1.12012290130717
0.241189705945115	1.1118930332949
0.241589688873714	1.10355879105551
0.241989671802313	1.09513675551792
0.242389654730912	1.08664631366063
0.242789637659511	1.07810920772507
0.24318962058811	1.06954912425796
0.243589603516709	1.06099142396957
0.243989586445308	1.05246301745969
0.244389569373906	1.04399214534241
0.244789552302505	1.03560789977625
0.245189535231104	1.02733948716993
0.245589518159703	1.01921508493566
0.245989501088302	1.01126026828466
0.246389484016901	1.00349648290703
0.2467894669455	0.995939908983737
0.247189449874098	0.98860095569431
0.247589432802697	0.981484562611046
0.247989415731296	0.974591178798509
0.248389398659895	0.967918188050319
0.248789381588494	0.961461483694
0.249189364517093	0.955216846517734
0.249589347445692	0.949180798733662
0.24998933037429	0.943350988628161
0.250389313302889	0.937726082829506
0.250789296231488	0.932305328884948
0.251189279160087	0.927087899483278
0.251589262088686	0.922072092427161
0.251989245017285	0.917254632012119
0.252389227945884	0.912630268974703
0.252789210874483	0.90819165618102
0.253189193803081	0.903929484044174
0.25358917673168	0.899832824923608
0.253989159660279	0.895889517261808
0.254389142588878	0.892086402374586
0.254789125517477	0.888409579348098
0.255189108446076	0.884844559911571
0.255589091374675	0.881376456954225
0.255989074303273	0.877990439882228
0.256389057231872	0.874672498609529
0.256789040160471	0.871410259580096
0.25718902308907	0.868193961830186
0.257589006017669	0.865017242223883
0.257988988946268	0.861877575774462
0.258388971874867	0.858776532405801
0.258788954803466	0.855719905527159
0.259188937732064	0.852717410831544
0.259588920660663	0.849782257008911
0.259988903589262	0.846930463683206
0.260388886517861	0.844179817734661
0.26078886944646	0.841548686358647
0.261188852375059	0.839055131363259
0.261588835303658	0.83671613471738
0.261988818232256	0.834547382734809
0.262388801160855	0.832563710864016
0.262788784089454	0.830779810254779
0.263188767018053	0.829210868600823
0.263588749946652	0.827873080312053
0.263988732875251	0.826783482573386
0.26438871580385	0.825958986356303
0.264788698732448	0.825415050847593
0.265188681661047	0.825164269001725
0.265588664589646	0.825215180886592
0.265988647518245	0.825571753915486
0.266388630446844	0.826233533446123
0.266788613375443	0.827196064727994
0.267188596304042	0.828451452961382
0.267588579232641	0.829988875076827
0.267988562161239	0.831794962375001
0.268388545089838	0.83385392549414
0.268788528018437	0.836147764488557
0.269188510947036	0.838656703374032
0.269588493875635	0.841359970511544
0.269988476804234	0.844236835370867
0.270388459732833	0.847267809374111
0.270788442661431	0.850435527455693
0.27118842559003	0.853725203816374
0.271588408518629	0.857124776626878
0.271988391447228	0.860624709044465
0.272388374375827	0.864217581978623
0.272788357304426	0.867897717577074
0.273188340233025	0.871660864846004
0.273588323161624	0.875503890985205
0.273988306090222	0.879424468791441
0.274388289018821	0.883420675969561
0.27478827194742	0.887490501859811
0.275188254876019	0.891631325499057
0.275588237804618	0.895839191509213
0.275988220733217	0.900107950536473
0.276388203661816	0.904428699804868
0.276788186590414	0.908789633819326
0.277188169519013	0.913176195156278
0.277588152447612	0.9175716466316
0.277988135376211	0.921958074421153
0.27838811830481	0.926317413216851
0.278788101233409	0.930632398678995
0.279188084162008	0.934887295144158
0.279588067090607	0.939068149673212
0.279988050019205	0.943162728786072
0.280388032947804	0.947160371279332
0.280788015876403	0.951051659457679
0.281187998805002	0.95482794003265
0.281587981733601	0.958480924598248
0.2819879646622	0.962002181108105
0.282387947590799	0.965382460221734
0.282787930519397	0.968611170029446
0.283187913447996	0.971676163308177
0.283587896376595	0.974563926047217
0.283987879305194	0.977260249890202
0.284387862233793	0.979751383712169
0.284787845162392	0.982025208074547
0.285187828090991	0.984072165961146
0.285587811019589	0.985885900062427
0.285987793948188	0.987463434039715
0.286387776876787	0.988804860832965
0.286787759805386	0.98991288350995
0.287187742733985	0.990792417265318
0.287587725662584	0.991450168912757
0.287987708591183	0.991894425424433
0.288387691519781	0.992135227954426
0.28878767444838	0.992184538406287
0.289187657376979	0.992056108231391
0.289587640305578	0.991765410420371
0.289987623234177	0.991329296602087
0.290387606162776	0.990765089633402
0.290787589091375	0.99008954880123
0.291187572019974	0.989318070995361
0.291587554948572	0.988463896157272
0.291987537877171	0.98753780767601
0.29238752080577	0.986548489259453
0.292787503734369	0.985503260612852
0.293187486662968	0.984408976118667
0.293587469591567	0.983273133207967
0.293987452520166	0.982104634639438
0.294387435448765	0.980914130174297
0.294787418377363	0.979714032389183
0.295187401305962	0.978518171031795
0.295587384234561	0.977340974911188
0.29598736716316	0.976196604051311
0.296387350091759	0.975098164813731
0.296787333020358	0.974057037756729
0.297187315948957	0.973082475930366
0.297587298877555	0.972181448917303
0.297987281806154	0.97135869319207
0.298387264734753	0.970616780902921
0.298787247663352	0.969956199509767
0.299187230591951	0.969375381233643
0.29958721352055	0.968870796974878
0.299987196449149	0.968437109300963
0.300387179377747	0.968067374871488
0.300787162306346	0.96775327462629
0.301187145234945	0.967485537552035
0.301587128163544	0.967254322318181
0.301987111092143	0.967049637155208
0.302387094020742	0.966861757916584
0.302787076949341	0.966681726068008
0.30318705987794	0.966501729807561
0.303587042806538	0.966315402699203
0.303987025735137	0.966118029170989
0.304387008663736	0.965906622541719
0.304786991592335	0.965679879239974
0.305186974520934	0.965438124720012
0.305586957449533	0.965183146212954
0.305986940378132	0.964917861854596
0.30638692330673	0.96464601316853
0.306786906235329	0.964371752110325
0.307186889163928	0.964099173518341
0.307586872092527	0.963832049097028
0.307986855021126	0.963573759804761
0.308386837949725	0.963327351315083
0.308786820878324	0.963095804482138
0.309186803806922	0.962882483216643
0.309586786735521	0.962691537495163
0.30998676966412	0.962528183443677
0.310386752592719	0.962398875973564
0.310786735521318	0.962311250500804
0.311186718449917	0.962273830144688
0.311586701378516	0.962295669348576
0.311986684307115	0.962385890282556
0.312386667235713	0.962553220315661
0.312786650164312	0.962805737662633
0.313186633092911	0.963150795601594
0.31358661602151	0.963595002528224
0.313986598950109	0.964144313844674
0.314386581878708	0.964803978121996
0.314786564807307	0.965578204642956
0.315186547735905	0.966469685063515
0.315586530664504	0.967479137563902
0.315986513593103	0.968604864650607
0.316386496521702	0.969842594641476
0.316786479450301	0.971185668435333
0.3171864623789	0.972625480592461
0.317586445307499	0.974152239148529
0.317986428236098	0.975755926373014
0.318386411164696	0.977427131316112
0.318786394093295	0.97915769886744
0.319186377021894	0.980941121757056
0.319586359950493	0.98277247778441
0.319986342879092	0.98464809933129
0.320386325807691	0.986565215734223
0.32078630873629	0.988521631008542
0.321186291664888	0.990515515956211
0.321586274593487	0.992545506211241
0.321986257522086	0.994610981867897
0.322386240450685	0.996712457226914
0.322786223379284	0.998851795100133
0.323186206307883	1.00103209505846
0.323586189236482	1.00325715360176
0.32398617216508	1.0055306438877
0.324386155093679	1.00785505538323
0.324786138022278	1.01023070923285
0.325186120950877	1.01265494930744
0.325586103879476	1.01512173949588
0.325986086808075	1.01762166789568
0.326386069736674	1.02014234844665
0.326786052665273	1.02266892924228
0.327186035593871	1.02518485136899
0.32758601852247	1.02767263388181
0.327986001451069	1.03011475203224
0.328385984379668	1.03249459093527
0.328785967308267	1.03479750214512
0.329185950236866	1.03701179383263
0.329585933165465	1.03912967793625
0.329985916094063	1.04114767166713
0.330385899022662	1.04306633460598
0.330785881951261	1.04488945518819
0.33118586487986	1.04662275453084
0.331585847808459	1.04827222890394
0.331985830737058	1.04984272335856
0.332385813665657	1.05133702465032
0.332785796594256	1.05275554428871
0.333185779522854	1.05409659747827
0.333585762451453	1.05535717782951
0.333985745380052	1.05653375028353
0.334385728308651	1.05762278200195
0.33478571123725	1.05862108199266
0.335185694165849	1.05952586340872
0.335585677094448	1.06033462278515
0.335985660023046	1.06104500355254
0.336385642951645	1.06165479177163
0.336785625880244	1.06216192493548
0.337185608808843	1.06256457083051
0.337585591737442	1.06286109926415
0.337985574666041	1.06305004497824
0.33838555759464	1.06313001944173
0.338785540523239	1.06309960066403
0.339185523451837	1.0629571357029
0.339585506380436	1.06270050188106
0.339985489309035	1.06232687718471
0.340385472237634	1.06183267923923
0.340785455166233	1.06121375550739
0.341185438094832	1.06046594577282
0.341585421023431	1.05958577483189
0.341985403952029	1.05857124396898
0.342385386880628	1.057422535106
0.342785369809227	1.05614249686471
0.343185352737826	1.05473690085407
0.343585335666425	1.05321443963401
0.343985318595024	1.05158650600486
0.344385301523623	1.04986680135979
0.344785284452221	1.04807089531062
0.34518526738082	1.04621547138389
0.345585250309419	1.04431756094652
0.345985233238018	1.04239388199447
0.346385216166617	1.04046043455446
0.346785199095216	1.03853246797181
0.347185182023815	1.0366247945549
0.347585164952414	1.03475214379953
0.347985147881012	1.03292942873243
0.348385130809611	1.03117170563089
0.34878511373821	1.02949353806823
0.349185096666809	1.02790787989518
0.349585079595408	1.02642499713695
0.349985062524007	1.0250515630552
0.350385045452606	1.02379013346655
0.350785028381204	1.02263922187031
0.351185011309803	1.02159395487137
0.351584994238402	1.02064702058356
0.351984977167001	1.01978981511598
0.3523849600956	1.01901356459284
0.352784943024199	1.01831009460675
0.353184925952798	1.01767225707789
0.353584908881396	1.01709400470871
0.353984891809995	1.01657010689156
0.354384874738594	1.01609564405183
0.354784857667193	1.01566559118213
0.355184840595792	1.01527449064677
0.355584823524391	1.01491618183206
0.35598480645299	1.01458367074406
0.356384789381589	1.01426909177777
0.356784772310187	1.01396378813039
0.357184755238786	1.01365866100497
0.357584738167385	1.01334489303305
0.357984721095984	1.01301477949162
0.358384704024583	1.01266270272059
0.358784686953182	1.01228599757342
0.359184669881781	1.01188552771158
0.359584652810379	1.01146597324566
0.359984635738978	1.0110357990131
0.360384618667577	1.01060676873319
0.360784601596176	1.01019326369474
0.361184584524775	1.00981142997684
0.361584567453374	1.00947816787632
0.361984550381973	1.00921007534996
0.362384533310572	1.0090225183849
0.36278451623917	1.00892874655139
0.363184499167769	1.00893943523146
0.363584482096368	1.0090626975521
0.363984465024967	1.00930449180204
0.364384447953566	1.0096691992627
0.364784430882165	1.01016040413029
0.365184413810764	1.01078153003443
0.365584396739362	1.01153619043513
0.365984379667961	1.01242826770232
0.36638436259656	1.01346175096865
0.366784345525159	1.01464033175696
0.367184328453758	1.01596695521974
0.367584311382357	1.01744340926377
0.367984294310956	1.01907020494383
0.368384277239554	1.02084685157677
0.368784260168153	1.02277240564678
0.369184243096752	1.02484587410605
0.369584226025351	1.02706636316588
0.36998420895395	1.02943269907629
0.370384191882549	1.03194252117758
0.370784174811148	1.03459101621267
0.371184157739747	1.03736988170068
0.371584140668345	1.04026687674817
0.371984123596944	1.04326623821434
0.372384106525543	1.04635002649607
0.372784089454142	1.04949999237321
0.373184072382741	1.05269938622852
0.37358405531134	1.05593428879638
0.373984038239939	1.059194095812
0.374384021168537	1.0624712387943
0.374784004097136	1.06576055283374
0.375183987025735	1.06905863615302
0.375583969954334	1.07236323655389
0.375983952882933	1.075672928591
0.376383935811532	1.07898711482424
0.376783918740131	1.08230598447267
0.37718390166873	1.08563024009774
0.377583884597328	1.08896064438061
0.377983867525927	1.09229752042527
0.378383850454526	1.09564031003923
0.378783833383125	1.09898745288862
0.379183816311724	1.10233663693689
0.379583799240323	1.10568524300628
0.379983782168922	1.10903093283981
0.38038376509752	1.11237211558215
0.380783748026119	1.11570803334768
0.381183730954718	1.11903852585649
0.381583713883317	1.12236385322912
0.381983696811916	1.12568455446109
0.382383679740515	1.12900142309864
0.382783662669114	1.13231576570537
0.383183645597712	1.13562995175373
0.383583628526311	1.13894786626404
0.38398361145491	1.1422751605906
0.384383594383509	1.14561906469212
0.384783577312108	1.14898785691978
0.385183560240707	1.1523899817827
0.385583543169306	1.15583319704322
0.385983526097905	1.15932379539859
0.386383509026503	1.1628661833681
0.386783491955102	1.16646285627054
0.387183474883701	1.17011487527419
0.3875834578123	1.17382247065565
0.387983440740899	1.17758562019648
0.388383423669498	1.18140440766345
0.388783406598097	1.18527907992768
0.389183389526695	1.18920959526034
0.389583372455294	1.19319504442715
0.389983355383893	1.1972331237891
0.390383338312492	1.20131992200178
0.390783321241091	1.20545013462935
0.39118330416969	1.20961777835892
0.391583287098289	1.21381702178448
0.391983270026887	1.2180428643411
0.392383252955486	1.2222915916439
0.392783235884085	1.22656086993629
0.393183218812684	1.23084944764585
0.393583201741283	1.23515676001072
0.393983184669882	1.23948256532398
0.394383167598481	1.24382662711725
0.39478315052708	1.24818849428823
0.395183133455678	1.25256735673601
0.395583116384277	1.25696189757407
0.395983099312876	1.26137016364124
0.396383082241475	1.26578956465517
0.396783065170074	1.27021694152883
0.397183048098673	1.2746486747435
0.397583031027272	1.27908095178329
0.39798301395587	1.28351021817919
0.398382996884469	1.2879335953137
0.398782979813068	1.29234908393477
0.399182962741667	1.2967555929444
0.399582945670266	1.3011526803733
0.399982928598865	1.30553995212661
0.400382911527464	1.30991618353167
0.400782894456063	1.31427845933378
0.401182877384661	1.31862159072882
0.40158286031326	1.32293796639718
0.401982843241859	1.32721794949918
0.402382826170458	1.3314505713466
0.402782809099057	1.33562430105022
0.403182792027656	1.33972779800493
0.403582774956255	1.34375042126099
0.403982757884853	1.34768240393493
0.404382740813452	1.35151476607939
0.404782723742051	1.35523908424537
0.40518270667065	1.35884719613374
0.405582689599249	1.36233081682681
0.405982672527848	1.36568110171298
0.406382655456447	1.36888830466
0.406782638385046	1.37194175571575
0.407182621313644	1.37483026251802
0.407582604242243	1.37754295834537
0.407982587170842	1.38007016540672
0.408382570099441	1.38240392610657
0.40878255302804	1.38453811373984
0.409182535956639	1.38646800527721
0.409582518885238	1.3881893852657
0.409982501813836	1.38969769510487
0.410382484742435	1.3909874919332
0.410782467671034	1.3920522573709
0.411182450599633	1.39288467506385
0.411582433528232	1.39347718888361
0.411982416456831	1.39382229565479
0.41238239938543	1.39391273802396
0.412782382314028	1.39374166472774
0.413182365242627	1.3933026107508
0.413582348171226	1.39258958533395
0.413982331099825	1.39159749338536
0.414382314028424	1.39032259026488
0.414782296957023	1.38876286311029
0.415182279885622	1.38691834662408
0.415582262814221	1.38479118265508
0.415982245742819	1.38238567549567
0.416382228671418	1.37970833258504
0.416782211600017	1.37676778640005
0.417182194528616	1.37357461994383
0.417582177457215	1.37014116892333
0.417982160385814	1.36648120132148
0.418382143314413	1.36260962225904
0.418782126243011	1.35854217199839
0.41918210917161	1.35429505338974
0.419582092100209	1.34988462403222
0.419982075028808	1.34532722149248
0.420382057957407	1.34063878236988
0.420782040886006	1.33583431684377
0.421182023814605	1.3309273374166
0.421582006743204	1.32592932682373
0.421981989671802	1.32084936227425
0.422381972600401	1.3156941555914
0.422781955529	1.31046861855699
0.423181938457599	1.30517674877141
0.423581921386198	1.29982260339755
0.423981904314797	1.29441123250461
0.424381887243396	1.28894940799729
0.424781870171994	1.28344572979156
0.425181853100593	1.2779103003912
0.425581836029192	1.27235416916848
0.425981818957791	1.26678844636912
0.42638180188639	1.26122338150831
0.426781784814989	1.25566798562964
0.427181767743588	1.25012998803891
0.427581750672186	1.2446160243951
0.427981733600785	1.23913214305428
0.428381716529384	1.23368452686096
0.428781699457983	1.22828005569338
0.429181682386582	1.22292683197762
0.429581665315181	1.21763450574961
0.42998164824378	1.21241423787849
0.430381631172379	1.20727830701057
0.430781614100977	1.20223951744436
0.431181597029576	1.19731035667989
0.431581579958175	1.19250221637614
0.431981562886774	1.18782478263123
0.432381545815373	1.18328566826863
0.432781528743972	1.17889021827958
0.433181511672571	1.17464151758567
0.433581494601169	1.1705403683574
0.433981477529768	1.1665854009269
0.434381460458367	1.16277316054935
0.434781443386966	1.15909822654036
0.435181426315565	1.15555340820125
0.435581409244164	1.15213018874261
0.435981392172763	1.14881905915483
0.436381375101361	1.14560977125772
0.43678135802996	1.14249152497619
0.437181340958559	1.1394530061967
0.437581323887158	1.136482167669
0.437981306815757	1.13356619645747
0.438381289744356	1.13069173454531
0.438781272672955	1.12784507345662
0.439181255601554	1.12501237923186
0.439581238530152	1.12218002269402
0.439981221458751	1.11933483030952
0.44038120438735	1.11646434513803
0.440781187315949	1.11355714009263
0.441181170244548	1.11060314534924
0.441581153173147	1.10759394850146
0.441981136101746	1.10452304833205
0.442381119030344	1.1013859342401
0.442781101958943	1.09817993664721
0.443181084887542	1.09490406448502
0.443581067816141	1.09155881476739
0.44398105074474	1.08814603117012
0.444381033673339	1.08466896417556
0.444781016601938	1.08113276207703
0.445180999530537	1.07754507359566
0.445580982459135	1.07391655930539
0.445980965387734	1.07026113923623
0.446380948316333	1.06659585609168
0.446780931244932	1.06294033832355
0.447180914173531	1.05931601905687
0.44758089710213	1.05574536721136
0.447980880030729	1.0522513024599
0.448380862959327	1.04885703687445
0.448780845887926	1.04558618038006
0.449180828816525	1.0424627393483
0.449580811745124	1.03951078355758
0.449980794673723	1.03675374080953
0.450380777602322	1.03421331344442
0.450780760530921	1.03190830511839
0.451180743459519	1.02985374955454
0.451580726388118	1.02806060334546
0.451980709316717	1.0265360317771
0.452380692245316	1.02528405421487
0.452780675173915	1.02430629689929
0.453180658102514	1.02360265474741
0.453580641031113	1.02317161207879
0.453980623959712	1.02301030257822
0.45438060688831	1.0231145006347
0.454780589816909	1.02347853026815
0.455180572745508	1.02409512875163
0.455580555674107	1.02495541330442
0.455980538602706	1.02604889065621
0.456380521531305	1.02736335933964
0.456780504459904	1.02888489908013
0.457180487388502	1.03059781958474
0.457580470317101	1.03248460680183
0.4579804532457	1.0345260024712
0.458380436174299	1.0367012322331
0.458780419102898	1.03898820196934
0.459180402031497	1.04136385066919
0.459580384960096	1.0438046381214
0.459980367888695	1.04628701643573
0.460380350817293	1.04878775955413
0.460780333745892	1.05128419489336
0.461180316674491	1.05375427380426
0.46158029960309	1.05617669569655
0.461980282531689	1.0585312967407
0.462380265460288	1.0607997104278
0.462780248388887	1.06296622174156
0.463180231317485	1.06501895530797
0.463580214246084	1.06695088537034
0.463980197174683	1.06876007762216
0.464380180103282	1.07044902945309
0.464780163031881	1.07202341284807
0.46518014596048	1.07349029812662
0.465580128889079	1.07485634915641
0.465980111817678	1.07612666501872
0.466380094746276	1.07730453645234
0.466780077674875	1.0783920471463
0.467180060603474	1.07939132539992
0.467580043532073	1.0803056932199
0.467980026460672	1.08114031818098
0.468380009389271	1.08190244973133
0.46877999231787	1.08260127835979
0.469179975246468	1.08324740242202
0.469579958175067	1.083852333112
0.469979941103666	1.08442835032017
0.470379924032265	1.0849885427807
0.470779906960864	1.08554676362452
0.471179889889463	1.08611736413617
0.471579872818062	1.08671472007448
0.47197985574666	1.08735249995649
0.472379838675259	1.08804291260129
0.472779821603858	1.08879623780541
0.473179804532457	1.08962064312281
0.473579787461056	1.09052227756069
0.473979770389655	1.09150558342606
0.474379753318254	1.09257362927823
0.474779736246852	1.09372821712215
0.475179719175451	1.09496975912235
0.47557970210405	1.09629707848168
0.475979685032649	1.09770709843823
0.476379667961248	1.09919467036347
0.476779650889847	1.10075260968742
0.477179633818446	1.10237198427508
0.477579616747045	1.10404271782228
0.477979599675643	1.10575438966998
0.478379582604242	1.10749709578838
0.478779565532841	1.10926220989241
0.47917954846144	1.11104305847198
0.479579531390039	1.1128352642101
0.479979514318638	1.11463683067281
0.480379497247237	1.1164479761395
0.480779480175835	1.11827093670277
0.481179463104434	1.12010982247243
0.481579446033033	1.12197055478406
0.481979428961632	1.12386076210665
0.482379411890231	1.12578958640396
0.48277939481883	1.12776713615853
0.483179377747429	1.12980376781121
0.483579360676028	1.13190909544712
0.483979343604626	1.13409108402493
0.484379326533225	1.13635541066625
0.484779309461824	1.13870557039562
0.485179292390423	1.14114341238647
0.485579275319022	1.14367005786826
0.485979258247621	1.14628680305314
0.48637924117622	1.1489956489932
0.486779224104818	1.15179909616716
0.487179207033417	1.15469954171939
0.487579189962016	1.15769860906065
0.487979172890615	1.1607966905575
0.488379155819214	1.16399274705827
0.488779138747813	1.16728448696183
0.489179121676412	1.17066866833505
0.48957910460501	1.17414117114367
0.489979087533609	1.1776966321733
0.490379070462208	1.18132780976245
0.490779053390807	1.18502486512651
0.491179036319406	1.18877496219419
0.491579019248005	1.19256258188557
0.491979002176604	1.1963704626317
0.492378985105203	1.20018079670227
0.492778968033801	1.20397645107474
0.4931789509624	1.20774192447326
0.493578933890999	1.21146368341383
0.493978916819598	1.21513002149104
0.494378899748197	1.21873069986676
0.494778882676796	1.22225660340558
0.495178865605395	1.22569960093767
0.495578848533993	1.22905270619191
0.495978831462592	1.23231033322555
0.496378814391191	1.23546850291283
0.49677879731979	1.2385248562136
0.497178780248389	1.24147834573188
0.497578763176988	1.24432884439108
0.497978746105587	1.24707674870937
0.498378729034186	1.2497225548764
0.498778711962784	1.25226661562551
0.499178694891383	1.2547090628089
0.499578677819982	1.25704973050355
0.499978660748581	1.25928807366125
0.50037864367718	1.26142323659237
0.500778626605779	1.26345421318817
0.501178609534378	1.26538002254435
0.501578592462976	1.2671999731279
0.501978575391575	1.26891376058277
0.502378558320174	1.27052130998306
0.502778541248773	1.27202246745512
0.503178524177372	1.27341671921927
0.503578507105971	1.27470274525609
0.50397849003457	1.2758780848537
0.504378472963169	1.27693916862889
0.504778455891767	1.27788144851361
0.505178438820366	1.27869942760672
0.505578421748965	1.27938673903787
0.505978404677564	1.27993629919613
0.506378387606163	1.28034053626291
0.506778370534762	1.2805918303958
0.50717835346336	1.28068327827352
0.507578336391959	1.28060948591637
0.507978319320558	1.28036727186263
0.508378302249157	1.2799561399262
0.508778285177756	1.27937816923354
0.509178268106355	1.27863742191907
0.509578251034954	1.27773927728487
0.509978233963553	1.27668975098354
0.510378216892151	1.27549491120658
0.51077819982075	1.27416077147703
0.511178182749349	1.27269341174058
0.511578165677948	1.27109918375753
0.511978148606547	1.26938501118687
0.512378131535146	1.26755856662727
0.512778114463745	1.26562798294426
0.513178097392343	1.26360150333362
0.513578080320942	1.26148706053397
0.513978063249541	1.25929171250074
0.51437804617814	1.25702115897359
0.514778029106739	1.2546796797486
0.515178012035338	1.2522702227146
0.515577994963937	1.2497947841952
0.515977977892536	1.24725501759611
0.516377960821134	1.24465289738999
0.516777943749733	1.24199117930284
0.517177926678332	1.23927384841974
0.517577909606931	1.23650642615628
0.51797789253553	1.233696131649
0.518377875464129	1.2308518699549
0.518777858392728	1.22798412187823
0.519177841321326	1.22510453249747
0.519577824249925	1.22222515868132
0.519977807178524	1.21935754078787
0.520377790107123	1.21651199415794
0.520777773035722	1.21369709197855
0.521177755964321	1.21091947219209
0.52157773889292	1.20818413351962
0.521977721821518	1.20549518862638
0.522377704750117	1.20285678101331
0.522777687678716	1.20027392726372
0.523177670607315	1.19775294888267
0.523577653535914	1.19530132766323
0.523977636464513	1.19292710717391
0.524377619393112	1.19063795602421
0.524777602321711	1.18844027631804
0.525177585250309	1.18633860710202
0.525577568178908	1.18433537793652
0.525977551107507	1.18243108304804
0.526377534036106	1.18062477100214
0.526777516964705	1.17891454593951
0.527177499893304	1.17729794476916
0.527577482821903	1.17577229410464
0.527977465750502	1.17433486649977
0.5283774486791	1.17298297565585
0.528777431607699	1.17171439228004
0.529177414536298	1.17052807342095
0.529577397464897	1.16942485952694
0.529977380393496	1.16840813720962
0.530377363322095	1.16748425586687
0.530777346250694	1.1666623979662
0.531177329179293	1.16595381676818
0.531577312107891	1.16537090749075
0.53197729503649	1.16492621226676
0.532377277965089	1.164631522969
0.532777260893688	1.16449731772505
0.533177243822287	1.16453276044958
0.533577226750886	1.16474603607521
0.533977209679484	1.16514491568572
0.534377192608083	1.1657373349277
0.534777175536682	1.16653188560474
0.535177158465281	1.16753779043757
0.53557714139388	1.16876441591329
0.535977124322479	1.17022054311778
0.536377107251078	1.17191329174376
0.536777090179676	1.17384693935221
0.537177073108275	1.17602200731295
0.537577056036874	1.17843456725871
0.537977038965473	1.18107576035708
0.538377021894072	1.18393200572513
0.538777004822671	1.1869857143913
0.53917698775127	1.19021623482711
0.539576970679869	1.19360096091796
0.539976953608467	1.19711653005846
0.540376936537066	1.20073971349876
0.540776919465665	1.20444802188832
0.541176902394264	1.20822016822965
0.541576885322863	1.21203639636599
0.541976868251462	1.21587868661732
0.542376851180061	1.21973090847328
0.54277683410866	1.22357866916581
0.543176817037258	1.22740886536676
0.543576799965857	1.23120894113703
0.543976782894456	1.23496602193167
0.544376765823055	1.23866623474061
0.544776748751654	1.24229434906784
0.545176731680253	1.2458339152182
0.545576714608851	1.24926786426791
0.54597669753745	1.25257932746745
0.546376680466049	1.25575240597847
0.546776663394648	1.25877274960932
0.547176646323247	1.26162774375163
0.547576629251846	1.26430647851843
0.547976612180445	1.26679962121917
0.548376595109044	1.26909910474986
0.548776578037642	1.27119764262446
0.549176560966241	1.27308816985542
0.54957654389484	1.27476329750639
0.549976526823439	1.27621495756103
0.550376509752038	1.27743437671597
0.550776492680637	1.2784124136046
0.551176475609236	1.27914023170581
0.551576458537835	1.27961000591437
0.551976441466433	1.2798153100036
0.552376424395032	1.27975112242481
0.552776407323631	1.27941365991593
0.55317639025223	1.2788000320316
0.553576373180829	1.27790809485936
0.553976356109428	1.27673659610941
0.554376339038027	1.27528560047966
0.554776321966626	1.27355696460667
0.555176304895224	1.27155454575691
0.555576287823823	1.2692838627251
0.555976270752422	1.26675137276374
0.556376253681021	1.2639636430889
0.55677623660962	1.26092670004662
0.557176219538219	1.25764598876309
0.557576202466817	1.25412705933806
0.557976185395416	1.25037671117238
0.558376168324015	1.24640425560974
0.558776151252614	1.24222224878716
0.559176134181213	1.2378462960014
0.559576117109812	1.23329395739266
0.559976100038411	1.22858291699521
0.56037608296701	1.22372888547076
0.560776065895608	1.21874410687243
0.561176048824207	1.21363686788843
0.561576031752806	1.20841174269795
0.561976014681405	1.20307052849382
0.562375997610004	1.19761352595653
0.562775980538603	1.1920405479561
0.563175963467202	1.18635141338586
0.563575946395801	1.18054611349717
0.563975929324399	1.17462474406376
0.564375912252998	1.16858749246215
0.564775895181597	1.16243491435322
0.565175878110196	1.15616849278024
0.565575861038795	1.1497911920618
0.565975843967394	1.14330789649917
0.566375826895993	1.13672571353344
0.566775809824591	1.13005402638432
0.56717579275319	1.12330406294047
0.567575775681789	1.116488390625
0.567975758610388	1.1096205563479
0.568375741538987	1.10271465859998
0.568775724467586	1.09578467857833
0.569175707396185	1.08884415765323
0.569575690324784	1.08190611457303
0.569975673253382	1.07498310211723
0.570375656181981	1.06808744205803
0.57077563911058	1.06123159391562
0.571175622039179	1.05442831159059
0.571575604967778	1.04769081953618
0.571975587896377	1.04103287013542
0.572375570824975	1.03446838705079
0.572775553753574	1.02801106809726
0.573175536682173	1.02167419393678
0.573575519610772	1.01547041138246
0.573975502539371	1.00941160213112
0.57437548546797	1.00350903088405
0.574775468396569	0.997773509736756
0.575175451325168	0.992215499427645
0.575575434253766	0.98684525949403
0.575975417182365	0.981672896857853
0.576375400110964	0.976708207899253
0.576775383039563	0.971960620348286
0.577175365968162	0.967438888335789
0.577575348896761	0.963150332036983
0.57797533182536	0.959099892943684
0.578375314753959	0.955289381214384
0.578775297682557	0.951716881859198
0.579175280611156	0.948376889512789
0.579575263539755	0.945261227635105
0.579975246468354	0.942360401561491
0.580375229396953	0.939665014882166
0.580775212325552	0.937166999985333
0.581175195254151	0.934860220683132
0.581575178182749	0.932740523752719
0.581975161111348	0.93080538968511
0.582375144039947	0.92905350634088
0.582775126968546	0.927484632026538
0.583175109897145	0.926099803130205
0.583575092825744	0.924901464516246
0.583975075754343	0.92389352353977
0.584375058682941	0.923081083906685
0.58477504161154	0.922469724657135
0.585175024540139	0.92206466538285
0.585575007468738	0.921870192210757
0.585974990397337	0.921889234148376
0.586374973325936	0.922123234167787
0.586774956254535	0.922572429318044
0.587174939183134	0.923236092362121
0.587574922111732	0.924112704195927
0.587974905040331	0.925200212172782
0.58837488796893	0.926496271154012
0.588774870897529	0.927998517176345
0.589174853826128	0.929704936111442
0.589574836754727	0.93161410851451
0.589974819683326	0.933725312308713
0.590374802611924	0.936038423879613
0.590774785540523	0.938553542477372
0.591174768469122	0.941270516727384
0.591574751397721	0.944188642097319
0.59197473432632	0.947306324973158
0.592374717254919	0.950620823480361
0.592774700183518	0.954128009830581
0.593174683112117	0.9578220546659
0.593574666040715	0.961695048516303
0.593974648969314	0.965736905166986
0.594374631897913	0.96993558945006
0.594774614826512	0.97427758910978
0.595174597755111	0.978748750711687
0.59557458068371	0.983335248025145
0.595974563612309	0.988024261787734
0.596374546540907	0.992804408565317
0.596774529469506	0.997666064134154
0.597174512398105	1.00260109651156
0.597574495326704	1.00760227243261
0.597974478255303	1.0126628795342
0.598374461183902	1.01777624686812
0.598774444112501	1.02293483102417
0.599174427041099	1.02812962298703
0.599574409969698	1.03334992574412
0.599974392898297	1.03858331139445
0.600374375826896	1.04381592229857
0.600774358755495	1.04903314765183
0.601174341684094	1.05422016460629
0.601574324612693	1.05936245148885
0.601974307541292	1.06444630058964
0.60237429046989	1.06945886635609
0.602774273398489	1.07438793398842
0.603174256327088	1.07922196530314
0.603574239255687	1.08395018061716
0.603974222184286	1.0885625181356
0.604374205112885	1.09304983171169
0.604774188041484	1.09740422749131
0.605174170970082	1.1016193839422
0.605574153898681	1.10569082287642
0.60597413682728	1.10961591416339
0.606374119755879	1.11339349978417
0.606774102684478	1.11702343128776
0.607174085613077	1.12050587560753
0.607574068541676	1.12384041798053
0.607974051470275	1.12702528987278
0.608374034398873	1.13005706912853
0.608774017327472	1.13293070963416
0.609174000256071	1.13563997443315
0.60957398318467	1.13817816155524
0.609973966113269	1.14053888931743
0.610373949041868	1.14271677960233
0.610773931970467	1.144707968731
0.611173914899065	1.14651034017587
0.611573897827664	1.14812346806279
0.611973880756263	1.14954832856045
0.612373863684862	1.15078689300739
0.612773846613461	1.15184158206368
0.61317382954206	1.15271470905268
0.613573812470659	1.15340798588893
0.613973795399257	1.15392237258351
0.614373778327856	1.15425810876914
0.614773761256455	1.15441471384328
0.615173744185054	1.15439115248451
0.615573727113653	1.1541863499292
0.615973710042252	1.15379973415052
0.616373692970851	1.15323163950088
0.61677367589945	1.15248373026775
0.617173658828048	1.15155932952089
0.617573641756647	1.15046337283424
0.617973624685246	1.14920204850761
0.618373607613845	1.14778244911762
0.618773590542444	1.14621217694722
0.619173573471043	1.14449900559299
0.619573556399642	1.14265097410906
0.61997353932824	1.14067681810762
0.620373522256839	1.1385863120648
0.620773505185438	1.13639069638673
0.621173488114037	1.13410302281437
0.621573471042636	1.13173796969908
0.621973453971235	1.12931107604333
0.622373436899834	1.12683805262443
0.622773419828432	1.12433420661575
0.623173402757031	1.12181393421602
0.62357338568563	1.11929047610793
0.623973368614229	1.11677614053343
0.624373351542828	1.11428258337541
0.624773334471427	1.11182094589831
0.625173317400026	1.10940186035694
0.625573300328625	1.10703526820613
0.625973283257223	1.10472999048167
0.626373266185822	1.10249340223242
0.626773249114421	1.10033148824834
0.62717323204302	1.09824910032069
0.627573214971619	1.09625038129522
0.627973197900218	1.09433944088633
0.628373180828817	1.09252103347958
0.628773163757415	1.09080076253986
0.629173146686014	1.08918502188765
0.629573129614613	1.08768085088221
0.629973112543212	1.08629554462131
0.630373095471811	1.08503613110258
0.63077307840041	1.08390910577213
0.631173061329009	1.08292018909797
0.631573044257608	1.08207401803503
0.631973027186206	1.0813737826957
0.632373010114805	1.08082065770988
0.632772993043404	1.08041305876846
0.633172975972003	1.08014596492443
0.633572958900602	1.08001047236208
0.633972941829201	1.07999367015762
0.6343729247578	1.08007908844681
0.634772907686398	1.0802476564018
0.635172890614997	1.08047910562096
0.635572873543596	1.08075360483303
0.635972856472195	1.08105322581822
0.636372839400794	1.08136280656287
0.636772822329393	1.08167025603753
0.637172805257992	1.0819661485082
0.63757278818659	1.08224282307105
0.637972771115189	1.0824935379844
0.638372754043788	1.08271195449631
0.638772736972387	1.08289178523504
0.639172719900986	1.08302677261137
0.639572702829585	1.08311091219786
0.639972685758184	1.0831385743936
0.640372668686783	1.08310446231562
0.640772651615381	1.08300368644561
0.64117263454398	1.08283200823104
0.641572617472579	1.08258622237262
0.641972600401178	1.0822647611873
0.642372583329777	1.08186833761414
0.642772566258376	1.08140025776304
0.643172549186975	1.08086627269143
0.643572532115573	1.08027410940261
0.643972515044172	1.07963283561106
0.644372497972771	1.07895236166362
0.64477248090137	1.07824335221254
0.645172463829969	1.07751720622413
0.645572446758568	1.07678579776955
0.645972429687167	1.07606093828363
0.646372412615766	1.07535351161494
0.646772395544364	1.07467228958268
0.647172378472963	1.07402292297381
0.647572361401562	1.07340751914149
0.647972344330161	1.07282501420233
0.64837232725876	1.07227230855655
0.648772310187359	1.071745632679
0.649172293115958	1.07124159766836
0.649572276044556	1.07075775569584
0.649972258973155	1.07029258921059
0.650372241901754	1.06984482031429
0.650772224830353	1.06941252752672
0.651172207758952	1.06899266658
0.651572190687551	1.06858106543438
0.65197217361615	1.06817295505769
0.652372156544748	1.06776386152458
0.652772139473347	1.06735046602348
0.653172122401946	1.06693120230077
0.653572105330545	1.06650639604751
0.653972088259144	1.06607783197485
0.654372071187743	1.06564811234627
0.654772054116342	1.06522019866482
0.655172037044941	1.0647971674692
0.655572019973539	1.06438212285719
0.655972002902138	1.06397829158334
0.656371985830737	1.06358912420107
0.656771968759336	1.06321831566303
0.657171951687935	1.06286977524513
0.657571934616534	1.06254747334798
0.657971917545133	1.06225501466095
0.658371900473731	1.0619950642761
0.65877188340233	1.0617687210402
0.659171866330929	1.06157476957838
0.659571849259528	1.06140904229989
0.659971832188127	1.06126417882585
0.660371815116726	1.06112993871403
0.660771798045325	1.06099398660409
0.661171780973923	1.06084314890761
0.661571763902522	1.06066472691282
0.661971746831121	1.0604474672307
0.66237172975972	1.06018185567783
0.662771712688319	1.05985982922392
0.663171695616918	1.05947394046603
0.663571678545517	1.05901649531504
0.663971661474116	1.05847908798314
0.664371644402714	1.05785250312116
0.664771627331313	1.0571267526698
0.665171610259912	1.05629142871218
0.665571593188511	1.0553361549087
0.66597157611711	1.05425077796729
0.666371559045709	1.05302545718163
0.666771541974308	1.05165085941028
0.667171524902906	1.05011820682893
0.667571507831505	1.04841941081915
0.667971490760104	1.04654758634011
0.668371473688703	1.04449763316453
0.668771456617302	1.04226666136667
0.669171439545901	1.03985455224192
0.6695714224745	1.03726445859977
0.669971405403099	1.03450305711696
0.670371388331697	1.03158085008909
0.670771371260296	1.02851248217713
0.671171354188895	1.02531661196848
0.671571337117494	1.0220152843996
0.671971320046093	1.01863300884257
0.672371302974692	1.01519555656139
0.672771285903291	1.01172878324913
0.673171268831889	1.00825783467666
0.673571251760488	1.00480682037002
0.673971234689087	1.00139882375454
0.674371217617686	0.99805607710583
0.674771200546285	0.99479999433856
0.675171183474884	0.991651011855438
0.675571166403483	0.988628170329946
0.675971149332081	0.98574865856194
0.67637113226068	0.98302752372064
0.676771115189279	0.980477768268812
0.677171098117878	0.978110596733656
0.677571081046477	0.97593586982048
0.677971063975076	0.973962398309041
0.678371046903675	0.972197981987708
0.678771029832274	0.970649284275668
0.679171012760872	0.96932189121865
0.679570995689471	0.968220348734815
0.67997097861807	0.967348167067601
0.680370961546669	0.96670782028249
0.680770944475268	0.966300620119455
0.681170927403867	0.966126346691558
0.681570910332466	0.966183000238297
0.681970893261064	0.966466827639724
0.682370876189663	0.96697275717724
0.682770859118262	0.967695106009653
0.683170842046861	0.968628299118643
0.68357082497546	0.969767161772059
0.683970807904059	0.971106714231582
0.684370790832658	0.972641629109767
0.684770773761257	0.974365542027315
0.685170756689855	0.976270537845644
0.685570739618454	0.978347228629958
0.685970722547053	0.980585498703352
0.686370705475652	0.98297550678949
0.686770688404251	0.985508526871163
0.68717067133285	0.988177353151086
0.687570654261449	0.990976154603408
0.687970637190047	0.99389995327782
0.688370620118646	0.996944114315494
0.688770603047245	1.00010400654329
0.689170585975844	1.00337490868387
0.689570568904443	1.00675200182595
0.689970551833042	1.01023035019391
0.690370534761641	1.01380471096483
0.690770517690239	1.01746909074037
0.691170500618838	1.02121619395979
0.691570483547437	1.02503728075588
0.691970466476036	1.02892244816983
0.692370449404635	1.0328610723932
0.692770432333234	1.03684244939406
0.693170415261833	1.04085651906405
0.693570398190432	1.04489431639527
0.69397038111903	1.04894809902416
0.694370364047629	1.05301109864595
0.694770346976228	1.0570769279637
0.695170329904827	1.06113890171115
0.695570312833426	1.06518962071382
0.695970295762025	1.06922063394211
0.696370278690624	1.07322229513953
0.696770261619222	1.07718405739279
0.697170244547821	1.0810951492381
0.69757022747642	1.08494528087272
0.697970210405019	1.08872525298271
0.698370193333618	1.09242737126791
0.698770176262217	1.09604567445988
0.699170159190816	1.09957588629284
0.699570142119414	1.10301497743843
0.699970125048013	1.10636050711837
0.700370107976612	1.1096100316431
0.700770090905211	1.11276060783543
0.70117007383381	1.11580852266103
0.701570056762409	1.11874925525563
0.701970039691008	1.12157774388587
0.702370022619607	1.12428880023266
0.702770005548205	1.12687761177385
0.703169988476804	1.12934007566369
0.703569971405403	1.1316730212004
0.703969954334002	1.1338744476011
0.704369937262601	1.13594375320441
0.7047699201912	1.13788201471768
0.705169903119799	1.13969245719596
0.705569886048397	1.1413809329304
0.705969868976996	1.1429562298804
0.706369851905595	1.14443024639055
0.706769834834194	1.14581781273612
0.707169817762793	1.1471359713078
0.707569800691392	1.14840310750531
0.707969783619991	1.14963807216403
0.70836976654859	1.15085913990612
0.708769749477188	1.15208316471908
0.709169732405787	1.15332533781409
0.709569715334386	1.15459922910366
0.709969698262985	1.15591685146068
0.710369681191584	1.15728890039428
0.710769664120183	1.15872491243244
0.711169647048782	1.16023297729388
0.71156962997738	1.16181915029814
0.711969612905979	1.1634868365586
0.712369595834578	1.16523620552213
0.712769578763177	1.16706389381144
0.713169561691776	1.16896336372963
0.713569544620375	1.17092570552148
0.713969527548974	1.17294044534986
0.714369510477572	1.17499634140536
0.714769493406171	1.17708215661566
0.71516947633477	1.17918704666546
0.715569459263369	1.18130048386799
0.715969442191968	1.18341216697113
0.716369425120567	1.18551196285704
0.716769408049166	1.18758970306167
0.717169390977765	1.18963497850478
0.717569373906363	1.19163704282598
0.717969356834962	1.19358477144487
0.718369339763561	1.19546652170296
0.71876932269216	1.19727005861818
0.719169305620759	1.1989824827828
0.719569288549358	1.20059016552061
0.719969271477957	1.20207880479608
0.720369254406555	1.20343369506831
0.720769237335154	1.20463999557659
0.721169220263753	1.20568298620523
0.721569203192352	1.20654846464044
0.721969186120951	1.20722307401428
0.72236916904955	1.20769441582176
0.722769151978149	1.20795120872763
0.723169134906748	1.20798343228104
0.723569117835346	1.20778249823946
0.723969100763945	1.20734149506043
0.724369083692544	1.20665564787202
0.724769066621143	1.20572277274512
0.725169049549742	1.20454369927327
0.725569032478341	1.203122385769
0.72596901540694	1.20146555540432
0.726368998335538	1.19958200688409
0.726768981264137	1.19748170931079
0.727168964192736	1.19517481937126
0.727568947121335	1.19267091834911
0.727968930049934	1.18997866130259
0.728368912978533	1.1871058223717
0.728768895907132	1.18405982029146
0.72916887883573	1.1808486610986
0.729568861764329	1.17748182560548
0.729968844692928	1.1739708524102
0.730368827621527	1.17032952003088
0.730768810550126	1.16657346355051
0.731168793478725	1.16271928336293
0.731568776407324	1.15878353792099
0.731968759335923	1.15478196192033
0.732368742264521	1.1507289738734
0.73276872519312	1.14663765118562
0.733168708121719	1.14252013384075
0.733568691050318	1.13838815549835
0.733968673978917	1.13425347344829
0.734368656907516	1.13012831763843
0.734768639836115	1.12602564646153
0.735168622764714	1.12195915069113
0.735568605693312	1.11794319636682
0.735968588621911	1.1139927811897
0.73636857155051	1.11012328532611
0.736768554479109	1.10635004959031
0.737168537407708	1.10268796785051
0.737568520336307	1.09915114876628
0.737968503264905	1.09575264539251
0.738368486193504	1.09250436359188
0.738768469122103	1.08941691951154
0.739168452050702	1.08649933138354
0.739568434979301	1.08375862515814
0.7399684179079	1.08119938378969
0.740368400836499	1.07882331938689
0.740768383765098	1.07662904571753
0.741168366693696	1.07461229384144
0.741568349622295	1.07276660812597
0.741968332550894	1.07108427512121
0.742368315479493	1.06955719651928
0.742768298408092	1.06817753005367
0.743168281336691	1.0669380331694
0.74356826426529	1.06583205999271
0.743968247193888	1.06485332810701
0.744368230122487	1.0639956671652
0.744768213051086	1.06325296147927
0.745168195979685	1.06261902555882
0.745568178908284	1.06208753532487
0.745968161836883	1.06165197321571
0.746368144765482	1.06130549541476
0.746768127694081	1.06104063178887
0.747168110622679	1.06084906853482
0.747568093551278	1.06072145530956
0.747968076479877	1.06064751228295
0.748368059408476	1.06061632536319
0.748768042337075	1.0606168078688
0.749168025265674	1.06063788763752
0.749568008194273	1.06066857237425
0.749967991122871	1.06069795228125
0.75036797405147	1.06071536017681
0.750767956980069	1.06071073614779
0.751167939908668	1.06067541483289
0.751567922837267	1.06060303289536
0.751967905765866	1.06049017822867
0.752367888694465	1.06033647608584
0.752767871623063	1.06014414943776
0.753167854551662	1.05991716911079
0.753567837480261	1.05966009048108
0.75396782040886	1.05937697390824
0.754367803337459	1.05907092860316
0.754767786266058	1.05874428247907
0.755167769194657	1.05839905188204
0.755567752123256	1.05803766182391
0.755967735051854	1.05766365211995
0.756367717980453	1.05728193991751
0.756767700909052	1.05689848546835
0.757167683837651	1.05651980542226
0.75756766676625	1.05615238537703
0.757967649694849	1.05580208359075
0.758367632623448	1.0554737688922
0.758767615552047	1.05517126321968
0.759167598480645	1.05489743813846
0.759567581409244	1.05465458431171
0.759967564337843	1.05444500103729
0.760367547266442	1.05427142512978
0.760767530195041	1.05413700728895
0.76116751312364	1.05404499518408
0.761567496052239	1.05399816954577
0.761967478980837	1.05399796375592
0.762367461909436	1.05404353578883
0.762767444838035	1.05413136165304
0.763167427766634	1.05425542576306
0.763567410695233	1.05440789900413
0.763967393623832	1.05458034203606
0.764367376552431	1.05476505780976
0.764767359481029	1.05495606635509
0.765167342409628	1.05514938346694
0.765567325338227	1.05534270329284
0.765967308266826	1.05553464528162
0.766367291195425	1.05572399854516
0.766767274124024	1.05590928883624
0.767167257052623	1.05608872418873
0.767567239981222	1.05626029741686
0.76796722290982	1.05642185142448
0.768367205838419	1.0565709672952
0.768767188767018	1.05670482358584
0.769167171695617	1.05681998972681
0.769567154624216	1.05691234629725
0.769967137552815	1.05697733193956
0.770367120481414	1.05701051646485
0.770767103410012	1.05700818224156
0.771167086338611	1.05696794216647
0.77156706926721	1.05688912467316
0.771967052195809	1.05677287700183
0.772367035124408	1.05662213352276
0.772767018053007	1.05644166625185
0.773167000981606	1.05623810838482
0.773566983910205	1.056019887101
0.773966966838803	1.05579688233077
0.774366949767402	1.0555798741185
0.774766932696001	1.05537979030482
0.7751669156246	1.05520693078632
0.775566898553199	1.05507038568472
0.775966881481798	1.05497793248736
0.776366864410396	1.05493618566656
0.776766847338995	1.05495098284715
0.777166830267594	1.05502762166448
0.777566813196193	1.05517066599538
0.777966796124792	1.05538319997626
0.778366779053391	1.05566579427348
0.77876676198199	1.056015202462
0.779166744910589	1.05642329945435
0.779566727839187	1.05687667446282
0.779966710767786	1.05735707091515
0.780366693696385	1.0578424326413
0.780766676624984	1.05830855575202
0.781166659553583	1.05873090480662
0.781566642482182	1.05908637157677
0.781966625410781	1.05935484901896
0.78236660833938	1.05952041929124
0.782766591267978	1.05957197172877
0.783166574196577	1.05950331379985
0.783566557125176	1.05931286895983
0.783966540053775	1.05900292335543
0.784366522982374	1.05857861554634
0.784766505910973	1.05804672548396
0.785166488839572	1.05741461919118
0.78556647176817	1.05668952324813
0.785966454696769	1.05587817470095
0.786366437625368	1.05498672282581
0.786766420553967	1.05402088967454
0.787166403482566	1.05298614299205
0.787566386411165	1.05188781598757
0.787966369339764	1.05073093437319
0.788366352268362	1.04951989833284
0.788766335196961	1.04825805030776
0.78916631812556	1.04694753126555
0.789566301054159	1.04558946489129
0.789966283982758	1.04418463914924
0.790366266911357	1.04273443462154
0.790766249839956	1.04124205118167
0.791166232768555	1.03971346193675
0.791566215697153	1.03815786215914
0.791966198625752	1.03658733542428
0.792366181554351	1.03501591132592
0.79276616448295	1.03345820125358
0.793166147411549	1.0319280987384
0.793566130340148	1.03043767096661
0.793966113268747	1.02899665557142
0.794366096197345	1.02761266610997
0.794766079125944	1.02629197676878
0.795166062054543	1.02504041543052
0.795566044983142	1.02386423655377
0.795966027911741	1.0227704940928
0.79636601084034	1.02176680623267
0.796765993768939	1.0208605487121
0.797165976697538	1.02005778144331
0.797565959626136	1.01936207652289
0.797965942554735	1.01877381255154
0.798365925483334	1.01829009018622
0.798765908411933	1.01790513758328
0.799165891340532	1.01761123490703
0.799565874269131	1.01740002462629
0.79996585719773	1.01726395707815
0.800365840126328	1.01719763304603
0.800765823054927	1.01719860924789
0.801165805983526	1.01726755533534
0.801565788912125	1.01740787008717
0.801965771840724	1.01762488508169
0.802365754769323	1.01792466434344
0.802765737697922	1.01831301421216
0.80316572062652	1.01879488904788
0.803565703555119	1.01937426191251
0.803965686483718	1.02005424425055
0.804365669412317	1.02083727162578
0.804765652340916	1.02172502094828
0.805165635269515	1.02271814251389
0.805565618198114	1.02381579422565
0.805965601126713	1.02501522499594
0.806365584055311	1.02631159944865
0.80676556698391	1.02769853072848
0.807165549912509	1.02916898766455
0.807565532841108	1.03071627822459
0.807965515769707	1.03233475745908
0.808365498698306	1.03402027632598
0.808765481626905	1.03577019126201
0.809165464555504	1.03758311864782
0.809565447484102	1.03945866423071
0.809965430412701	1.04139715682843
0.8103654133413	1.04339953583097
0.810765396269899	1.04546740941881
0.811165379198498	1.04760302780448
0.811565362127097	1.04980916726028
0.811965345055696	1.05208891873278
0.812365327984294	1.05444533771131
0.812765310912893	1.05688098395813
0.813165293841492	1.059397671183
0.813565276770091	1.06199638164262
0.81396525969869	1.06467729258949
0.814365242627289	1.06744007962379
0.814765225555888	1.07028434383315
0.815165208484486	1.07320992400688
0.815565191413085	1.07621703551062
0.815965174341684	1.07930623368033
0.816365157270283	1.08247820520475
0.816765140198882	1.08573347987787
0.817165123127481	1.08907223191752
0.81756510605608	1.09249412723321
0.817965088984678	1.09599835899765
0.818365071913277	1.09958372051165
0.818765054841876	1.10324863023931
0.819165037770475	1.10699092688284
0.819565020699074	1.11080752295927
0.819965003627673	1.11469397201834
0.820364986556272	1.11864412437244
0.820764969484871	1.12264985062317
0.821164952413469	1.12670090044036
0.821564935342068	1.13078492559265
0.821964918270667	1.13488774689794
0.822364901199266	1.13899364334552
0.822764884127865	1.1430858127783
0.823164867056464	1.14714699014374
0.823564849985063	1.15116015173418
0.823964832913662	1.15510909885888
0.82436481584226	1.15897894985734
0.824764798770859	1.16275622755111
0.825164781699458	1.16642849201344
0.825564764628057	1.16998373012037
0.825964747556656	1.17340980151972
0.826364730485255	1.17669399352459
0.826764713413853	1.17982294987734
0.827164696342452	1.18278305640669
0.827564679271051	1.18556103488672
0.82796466219965	1.18814466027371
0.828364645128249	1.19052334446041
0.828764628056848	1.19268851333486
0.829164610985447	1.19463357941787
0.829564593914046	1.19635369612682
0.829964576842644	1.19784542831597
0.830364559771243	1.19910644206719
0.830764542699842	1.20013534167343
0.831164525628441	1.20093188416216
0.83156450855704	1.20149732220104
0.831964491485639	1.20183473401733
0.832364474414238	1.20194921366297
0.832764457342836	1.20184766205884
0.833164440271435	1.20153797216632
0.833564423200034	1.20102803334905
0.833964406128633	1.2003247079176
0.834364389057232	1.19943286300532
0.834764371985831	1.19835493226971
0.83516435491443	1.19709132226125
0.835564337843029	1.19564115688495
0.835964320771627	1.19400313575408
0.836364303700226	1.19217644839039
0.836764286628825	1.1901612417591
0.837164269557424	1.18795857579465
0.837564252486023	1.18557017464538
0.837964235414622	1.18299802594291
0.838364218343221	1.18024404883922
0.838764201271819	1.17731012010991
0.839164184200418	1.17419843671402
0.839564167129017	1.1709120023393
0.839964150057616	1.16745517571785
0.840364132986215	1.16383403499882
0.840764115914814	1.16005648820346
0.841164098843413	1.15613224696273
0.841564081772011	1.15207281209668
0.84196406470061	1.14789140001421
0.842364047629209	1.14360288742797
0.842764030557808	1.13922348190818
0.843164013486407	1.13477001821567
0.843563996415006	1.13025908438754
0.843963979343605	1.12570607057567
0.844363962272204	1.12112420418751
0.844763945200802	1.11652403960086
0.845163928129401	1.11191367043429
0.845563911058	1.1072992432244
0.845963893986599	1.10268553721602
0.846363876915198	1.0980766713761
0.846763859843797	1.09347668146791
0.847163842772396	1.08888958918393
0.847563825700995	1.08431916870794
0.847963808629593	1.079768619562
0.848363791558192	1.07524025552936
0.848763774486791	1.07073543642053
0.84916375741539	1.06625483757685
0.849563740343989	1.06179894653991
0.849963723272588	1.05736875450463
0.850363706201187	1.05296644472494
0.850763689129785	1.0485957457601
0.851163672058384	1.04426172714908
0.851563654986983	1.03997022068184
0.851963637915582	1.03572702055271
0.852363620844181	1.03153707751052
0.85276360377278	1.02740394201971
0.853163586701379	1.02332979072343
0.853563569629977	1.01931614033569
0.853963552558576	1.01536496172026
0.854363535487175	1.01147980418906
0.854763518415774	1.00766650886047
0.855163501344373	1.00393322532885
0.855563484272972	1.00028967538628
0.855963467201571	0.99674583896842
0.85636345013017	0.993310457910359
0.856763433058768	0.989989833782357
0.857163415987367	0.986787439917568
0.857563398915966	0.98370445010045
0.857963381844565	0.98074107097963
0.858363364773164	0.977898317373485
0.858763347701763	0.975179696500733
0.859163330630362	0.972592314355069
0.85956331355896	0.970147237770775
0.859963296487559	0.967859174238516
0.860363279416158	0.965745549779535
0.860763262344757	0.963825345916867
0.861163245273356	0.962118018393966
0.861563228201955	0.960642448604278
0.861963211130554	0.959416047808843
0.862363194059153	0.958454279169726
0.862763176987751	0.957770437376011
0.86316315991635	0.957375392260093
0.863563142844949	0.95727741706959
0.863963125773548	0.957482042069456
0.864363108702147	0.957991645632991
0.864763091630746	0.958804943876824
0.865163074559344	0.959916544711381
0.865563057487943	0.961316669321701
0.865963040416542	0.962991194977275
0.866363023345141	0.964922225121214
0.86676300627374	0.967089084388549
0.867162989202339	0.969469516152577
0.867562972130938	0.97204083711663
0.867962955059537	0.974780941564145
0.868362937988135	0.97766912535184
0.868762920916734	0.980686589042551
0.869162903845333	0.983816794267142
0.869562886773932	0.987045788898525
0.869962869702531	0.990362336672239
0.87036285263113	0.993757992821337
0.870762835559729	0.997227328714394
0.871162818488328	1.00076801977351
0.871562801416926	1.00438063509177
0.871962784345525	1.00806837370633
0.872362767274124	1.01183660901959
0.872762750202723	1.01569200053321
0.873162733131322	1.0196414060512
0.873562716059921	1.02369080735231
0.87396269898852	1.02784420844811
0.874362681917118	1.03210279849558
0.874762664845717	1.03646468722106
0.875162647774316	1.04092514096208
0.875562630702915	1.04547716205245
0.875962613631514	1.05011221167821
0.876362596560113	1.05482085025472
0.876762579488712	1.05959305714767
0.87716256241731	1.06441836728622
0.877562545345909	1.06928598150641
0.877962528274508	1.07418483733927
0.878362511203107	1.07910359463947
0.878762494131706	1.08403082191762
0.879162477060305	1.08895520397388
0.879562459988904	1.0938655669893
0.879962442917503	1.098750842509
0.880362425846101	1.10360021448868
0.8807624087747	1.10840319845005
0.881162391703299	1.11314974854724
0.881562374631898	1.11783034832286
0.881962357560497	1.12243598257592
0.882362340489096	1.12695768950632
0.882762323417695	1.13138601805017
0.883162306346293	1.13571050290185
0.883562289274892	1.1399193142423
0.883962272203491	1.14399935366548
0.88436225513209	1.14793698132554
0.884762238060689	1.15171897778711
0.885162220989288	1.15533342037905
0.885562203917887	1.15877022424077
0.885962186846486	1.16202110641179
0.886362169775084	1.16507883315931
0.886762152703683	1.16793623035207
0.887162135632282	1.17058524811749
0.887562118560881	1.17301642469018
0.88796210148948	1.17521900467857
0.888362084418079	1.17718178324535
0.888762067346678	1.17889435240304
0.889162050275276	1.18034844919242
0.889562033203875	1.18153903214577
0.889962016132474	1.18048135472491
0.890361999061073	1.17905970165309
0.890761981989672	1.17732491397756
0.891161964918271	1.17533436052014
0.89156194784687	1.17314405625545
0.891961930775468	1.17080423118349
0.892361913704067	1.1683573911619
0.892761896632666	1.16583799161762
0.893161879561265	1.16327303000287
0.893561862489864	1.16068305203722
0.893961845418463	1.15808325213957
0.894361828347062	1.15548451202141
0.894761811275661	1.1528942994194
0.895161794204259	1.15031740424253
0.895561777132858	1.14775653640091
0.895961760061457	1.14521281272261
0.896361742990056	1.14268615167165
0.896761725918655	1.14017560457238
0.897161708847254	1.13767963274819
0.897561691775853	1.13519632191478
0.897961674704451	1.13272353603412
0.89836165763305	1.13025902433732
0.898761640561649	1.12780048144849
0.899161623490248	1.12534557306502
0.899561606418847	1.12289194672042
0.899961589347446	1.12043724166904
0.900361572276045	1.11797910595467
0.900761555204644	1.11551522421954
0.901161538133242	1.11304335304737
0.901561521061841	1.11056134664107
0.90196150399044	1.10806716424473
0.902361486919039	1.10555885899345
0.902761469847638	1.10303455077789
0.903161452776237	1.10049238981083
0.903561435704836	1.09793052464705
0.903961418633434	1.0953470878467
0.904361401562033	1.09274020006546
0.904761384490632	1.09010799323488
0.905161367419231	1.08744864885385
0.90556135034783	1.08476044017057
0.905961333276429	1.08204176930521
0.906361316205028	1.07929119548319
0.906761299133626	1.07650745185379
0.907161282062225	1.07368944574595
0.907561264990824	1.0708362491996
0.907961247919423	1.06794708492516
0.908361230848022	1.06502130656188
0.908761213776621	1.06205837788933
0.90916119670522	1.05905785679861
0.909561179633819	1.05601938436718
0.909961162562417	1.05294267587255
0.910361145491016	1.04982751350842
0.910761128419615	1.04667373919567
0.911161111348214	1.04348124231337
0.911561094276813	1.0402499415091
0.911961077205412	1.03697976327509
0.912361060134011	1.03367062166321
0.912761043062609	1.03032240112153
0.913161025991208	1.02693494728392
0.913561008919807	1.02350806785023
0.913960991848406	1.02004154091448
0.914360974777005	1.0165351285563
0.914760957705604	1.01298859383433
0.915160940634203	1.00940171850292
0.915560923562801	1.00577431628687
0.9159609064914	1.00210624428409
0.916360889419999	0.998397410426535
0.916760872348598	0.994647775239236
0.917160855277197	0.990857350366092
0.917560838205796	0.987026198673067
0.917960821134395	0.983154432719351
0.918360804062994	0.97924221381358
0.918760786991592	0.975289754786412
0.919160769920191	0.971297325092418
0.91956075284879	0.967265253777444
0.919960735777389	0.963193931787943
0.920360718705988	0.959083810930244
0.920760701634587	0.954935397965366
0.921160684563186	0.950749245466808
0.921560667491784	0.946525945052696
0.921960650420383	0.942266122862159
0.922360633348982	0.937970438424398
0.922760616277581	0.933639585487599
0.92316059920618	0.929274293480371
0.923560582134779	0.924875325283375
0.923960565063378	0.920443471824153
0.924360547991977	0.91597954569327
0.924760530920575	0.911484372240388
0.925160513849174	0.906958779087277
0.925560496777773	0.902403590120652
0.925960479706372	0.897819621828343
0.926360462634971	0.893207678348961
0.92676044556357	0.888568548656376
0.927160428492169	0.883903008484928
0.927560411420767	0.87921182236011
0.927960394349366	0.87449574697617
0.928360377277965	0.869755539206095
0.928760360206564	0.864991966679162
0.929160343135163	0.86020581573341
0.929560326063762	0.855397898414792
0.929960308992361	0.850569057270177
0.930360291920959	0.845720163148995
0.930760274849558	0.840852110743906
0.931160257778157	0.835965812881823
0.931560240706756	0.831062194319096
0.931960223635355	0.826142182773823
0.932360206563954	0.821206701447199
0.932760189492553	0.816256661496323
0.933160172421152	0.811292950255853
0.93356015534975	0.806316417152956
0.933960138278349	0.801327862328661
0.934360121206948	0.79632802613898
0.934760104135547	0.791317580310025
0.935160087064146	0.786297127159258
0.935560069992745	0.781267208071453
0.935960052921344	0.776228317293028
0.936360035849942	0.771180923384823
