0	1.14703316320624
0.000399982928598865	1.14431425097067
0.00079996585719773	1.14157989864499
0.00119994878579659	1.13883075843819
0.00159993171439546	1.13606750189038
0.00199991464299432	1.1332908034512
0.00239989757159319	1.13050133400521
0.00279988050019205	1.12769976686039
0.00319986342879092	1.12488680336377
0.00359984635738978	1.1220631956137
0.00399982928598865	1.1192297615358
0.00439981221458751	1.11638738523196
0.00479979514318638	1.11353701391562
0.00519977807178524	1.11067965163004
0.00559976100038411	1.1078163487788
0.00599974392898297	1.10494818869283
0.00639972685758184	1.10207627868786
0.0067997097861807	1.09920173458617
0.00719969271477957	1.09632565916336
0.00759967564337843	1.09344912188249
0.0079996585719773	1.0905731450786
0.00839964150057616	1.08769869474065
0.00879962442917503	1.08482668174585
0.00919960735777389	1.08195796850483
0.00959959028637276	1.07909337630754
0.00999957321497162	1.07623369011034
0.0103995561435705	1.07337966070708
0.0107995390721693	1.07053199932425
0.0111995220007682	1.06769137130504
0.0115995049293671	1.06485839340675
0.0119994878579659	1.06203363468412
0.0123994707865648	1.05921762008821
0.0127994537151637	1.05641083868406
0.0131994366437625	1.05361375259876
0.0135994195723614	1.05082680485436
0.0139994025009603	1.04805042437203
0.0143993854295591	1.04528502778845
0.014799368358158	1.04253102076186
0.0151993512867569	1.03978880356037
0.0155993342153557	1.03705877733747
0.0159993171439546	1.03434134856338
0.0163993000725535	1.03163693207004
0.0167992830011523	1.02894595113367
0.0171992659297512	1.02626883106949
0.0175992488583501	1.02360599001191
0.0179992317869489	1.0209578297924
0.0183992147155478	1.01832472838046
0.0187991976441466	1.01570703723659
0.0191991805727455	1.01310508457006
0.0195991635013444	1.01051918114105
0.0199991464299432	1.00794962872456
0.0203991293585421	1.00539673106676
0.020799112287141	1.00286080385618
0.0211990952157398	1.00034218155994
0.0215990781443387	0.997841223126992
0.0219990610729376	0.995358313584898
0.0223990440015364	0.992893858592976
0.0227990269301353	0.990448272223399
0.0231990098587342	0.988021961139675
0.023598992787333	0.985615306550983
0.0239989757159319	0.983228648047804
0.0243989586445308	0.980862275510042
0.0247989415731296	0.978516429445433
0.0251989245017285	0.976191304025203
0.0255989074303273	0.973887048314704
0.0259988903589262	0.971603763698128
0.0263988732875251	0.969341492461235
0.0267988562161239	0.967100200382838
0.0271988391447228	0.96487976323278
0.0275988220733217	0.962679961219889
0.0279988050019205	0.960500481150817
0.0283987879305194	0.958340926692967
0.0287987708591183	0.956200832626359
0.0291987537877171	0.954079673793247
0.029598736716316	0.951976865486629
0.0299987196449149	0.949891758952248
0.0303987025735137	0.947823632964901
0.0307986855021126	0.945771687059364
0.0311986684307115	0.943735043759304
0.0315986513593103	0.941712760934875
0.0319986342879092	0.93970384350077
0.0323986172165081	0.937707252958302
0.0327986001451069	0.935721913322102
0.0331985830737058	0.933746702925457
0.0335985660023046	0.931780429763756
0.0339985489309035	0.929821799878297
0.0343985318595024	0.927869385215044
0.0347985147881012	0.925921596529986
0.0351984977167001	0.923976670871522
0.035598480645299	0.922032676760287
0.0359984635738978	0.920087533809575
0.0363984465024967	0.918139044841486
0.0367984294310956	0.916184928505849
0.0371984123596944	0.914222843527489
0.0375983952882933	0.912250404752279
0.0379983782168922	0.910265195783555
0.038398361145491	0.908264780859065
0.0387983440740899	0.906246725020186
0.0391983270026888	0.904208634756404
0.0395983099312876	0.902148227334166
0.0399982928598865	0.900063440306339
0.0403982757884853	0.897952576599491
0.0407982587170842	0.895814487304733
0.0411982416456831	0.893648802597033
0.0415982245742819	0.891456221762288
0.0419982075028808	0.889238874608311
0.0423981904314797	0.887000776674684
0.0427981733600785	0.884748398049824
0.0431981562886774	0.882491354767506
0.0435981392172763	0.880243219938645
0.0439981221458751	0.87802241145252
0.044398105074474	0.875853038236876
0.0447980880030729	0.87376551050607
0.0451980709316717	0.871796573992294
0.0455980538602706	0.869988230777331
0.0459980367888695	0.868384772329674
0.0463980197174683	0.867026963133036
0.0467980026460672	0.86594226994071
0.047197985574666	0.8668266111812
0.0475979685032649	0.867883682815989
0.0479979514318638	0.869105427322702
0.0483979343604626	0.870482718965819
0.0487979172890615	0.872004782322361
0.0491979002176604	0.873658902266609
0.0495978831462592	0.87543082548561
0.0499978660748581	0.877305935103393
0.050397849003457	0.879270530561762
0.0507978319320558	0.881313027435402
0.0511978148606547	0.883424743928502
0.0515977977892536	0.885600311756457
0.0519977807178524	0.887837755805508
0.0523977636464513	0.890138289511345
0.0527977465750502	0.892505801306319
0.053197729503649	0.894946287239782
0.0535977124322479	0.897467154213923
0.0539976953608467	0.900076306248492
0.0543976782894456	0.902781221680664
0.0547976612180445	0.905588335116736
0.0551976441466433	0.90850280991619
0.0555976270752422	0.911528741976396
0.0559976100038411	0.914669713721309
0.0563975929324399	0.917929471939858
0.0567975758610388	0.921312450511181
0.0571975587896377	0.924823811369878
0.0575975417182365	0.928468954869581
0.0579975246468354	0.93225279868576
0.0583975075754343	0.936179110313575
0.0587974905040331	0.940250002576673
0.059197473432632	0.944465780037983
0.0595974563612309	0.948825137684834
0.0599974392898297	0.95332551738514
0.0603974222184286	0.957963424925649
0.0607974051470275	0.962734617008124
0.0611973880756263	0.967633956606344
0.0615973710042252	0.972655273138933
0.061997353932824	0.977791516582485
0.0623973368614229	0.983034890519108
0.0627973197900218	0.988376911211001
0.0631973027186206	0.993808622101628
0.0635972856472195	0.999320771681749
0.0639972685758184	1.00490361388828
0.0643972515044172	1.01054659759291
0.0647972344330161	1.01623812082617
0.065197217361615	1.02196540902754
0.0655972002902138	1.02771455091463
0.0659971832188127	1.03347070362828
0.0663971661474116	1.03921832543711
0.0667971490760104	1.04494157503318
0.0671971320046093	1.05062484616302
0.0675971149332081	1.05625329681859
0.067997097861807	1.06181342507197
0.0683970807904059	1.06729372385181
0.0687970637190048	1.07268515742237
0.0691970466476036	1.0779812115322
0.0695970295762025	1.08317735258544
0.0699970125048013	1.08827016254231
0.0703969954334002	1.09325639656948
0.0707969783619991	1.09813214524845
0.0711969612905979	1.1028923777996
0.0715969442191968	1.10753097414169
0.0719969271477957	1.11204105604833
0.0723969100763945	1.1164153591238
0.0727968930049934	1.12064644524862
0.0731968759335923	1.12472653787739
0.0735968588621911	1.12864720651393
0.07399684179079	1.13239918424797
0.0743968247193889	1.13597236617506
0.0747968076479877	1.13935597841762
0.0751967905765866	1.14253903192255
0.0755967735051854	1.1455109568756
0.0759967564337843	1.14826204622716
0.0763967393623832	1.15078360773367
0.076796722290982	1.15306795716786
0.0771967052195809	1.15510837531897
0.0775966881481798	1.15689911716941
0.0779966710767786	1.15843560843941
0.0783966540053775	1.15971486068894
0.0787966369339764	1.16073590805509
0.0791966198625752	1.16150031436468
0.0795966027911741	1.16201269901724
0.079996585719773	1.16228080170014
0.0803965686483718	1.162315082325
0.0807965515769707	1.16212810580487
0.0811965345055696	1.16173368285275
0.0815965174341684	1.16114592685539
0.0819965003627673	1.16037849747021
0.0823964832913661	1.15944400716972
0.082796466219965	1.15835341041669
0.0831964491485639	1.15711559408231
0.0835964320771627	1.1557369580168
0.0839964150057616	1.1542210058763
0.0843963979343605	1.15256828230878
0.0847963808629593	1.1507769002854
0.0851963637915582	1.14884343361813
0.0855963467201571	1.14676428000541
0.0859963296487559	1.14453729167274
0.0863963125773548	1.14216319132098
0.0867962955059537	1.13964643143023
0.0871962784345525	1.13699533932682
0.0875962613631514	1.13422144659198
0.0879962442917503	1.13133836567753
0.0883962272203491	1.12836060348996
0.088796210148948	1.12530267122859
0.0891961930775469	1.12217850194295
0.0895961760061457	1.11900131467896
0.0899961589347446	1.11578394217604
0.0903961418633435	1.11253950233169
0.0907961247919423	1.10928217577835
0.0911961077205412	1.10602774467176
0.09159609064914	1.10279392116372
0.0919960735777389	1.09960044882101
0.0923960565063378	1.09646884681389
0.0927960394349366	1.09342177423447
0.0931960223635355	1.0904822451705
0.0935960052921344	1.08767266049506
0.0939959882207332	1.08501377198251
0.0943959711493321	1.08252388589643
0.094795954077931	1.08021845004936
0.0951959370065298	1.07811001485532
0.0955959199351287	1.07620846332061
0.0959959028637276	1.0745214904019
0.0963958857923264	1.07305507193713
0.0967958687209253	1.07181370670508
0.0971958516495241	1.07080052694995
0.097595834578123	1.07001722506221
0.0979958175067219	1.06946380328998
0.0983958004353207	1.06913842804496
0.0987957833639196	1.06903748952111
0.0991957662925185	1.06915574408225
0.0995957492211173	1.06948649913787
0.0999957321497162	1.07002200431055
0.100395715078315	1.07075387372882
0.100795698006914	1.07167356111553
0.101195680935513	1.07277290367277
0.101595663864112	1.07404483357611
0.101995646792711	1.07548395649938
0.102395629721309	1.07708690178914
0.102795612649908	1.07885237265609
0.103195595578507	1.08078100361159
0.103595578507106	1.08287487291418
0.103995561435705	1.08513676205417
0.104395544364304	1.0875694426884
0.104795527292903	1.0901751621878
0.105195510221501	1.09295532567222
0.1055954931501	1.09591050838321
0.105995476078699	1.09904062425793
0.106395459007298	1.10234494486387
0.106795441935897	1.10582199323001
0.107195424864496	1.10946938524176
0.107595407793095	1.11328347020899
0.107995390721693	1.11725896297582
0.108395373650292	1.12138892933334
0.108795356578891	1.12566500190427
0.10919533950749	1.13007774310518
0.109595322436089	1.13461704424378
0.109995305364688	1.13927246637117
0.110395288293287	1.14403327025065
0.110795271221886	1.14888810801185
0.111195254150484	1.153824602711
0.111595237079083	1.1588290765894
0.111995220007682	1.163886419838
0.112395202936281	1.16898021456498
0.11279518586488	1.17409326588782
0.113195168793479	1.17920813780802
0.113595151722078	1.18430751928824
0.113995134650676	1.18937456854633
0.114395117579275	1.19439320102486
0.114795100507874	1.19934819022062
0.115195083436473	1.2042252521169
0.115595066365072	1.20901095136515
0.115995049293671	1.21369239052548
0.11639503222227	1.21825683636897
0.116795015150869	1.22269159073069
0.117194998079467	1.22698401844466
0.117594981008066	1.23112197774521
0.117994963936665	1.2350946134092
0.118394946865264	1.23889317745283
0.118794929793863	1.24251160397727
0.119194912722462	1.24594681008105
0.119594895651061	1.24919862172353
0.119994878579659	1.25226930214674
0.120394861508258	1.25516289096265
0.120794844436857	1.25788455160266
0.121194827365456	1.26044000037836
0.121594810294055	1.26283515026648
0.121994793222654	1.26507605170893
0.122394776151253	1.26716893544933
0.122794759079851	1.26912025302691
0.12319474200845	1.2709367388676
0.123594724937049	1.27262537710912
0.123994707865648	1.2741930630263
0.124394690794247	1.27564613219215
0.124794673722846	1.27698980614782
0.125194656651445	1.27822768989769
0.125594639580044	1.27936146483571
0.125994622508642	1.2803909444356
0.126394605437241	1.28131446860884
0.12679458836584	1.28212960732466
0.127194571294439	1.28283374325524
0.127594554223038	1.28342443740507
0.127994537151637	1.2838996250806
0.128394520080236	1.2842575370197
0.128794503008834	1.28449640569899
0.129194485937433	1.28461429199596
0.129594468866032	1.28460898270482
0.129994451794631	1.2844779321288
0.13039443472323	1.28421838197514
0.130794417651829	1.28382745020164
0.131194400580428	1.28330197281031
0.131594383509027	1.28263832147533
0.131994366437625	1.28183216906903
0.132394349366224	1.28087833304286
0.132794332294823	1.27977085146879
0.133194315223422	1.2785032284954
0.133594298152021	1.27706884235056
0.13399428108062	1.27546149390879
0.134394264009219	1.27367592779086
0.134794246937817	1.27170804049409
0.135194229866416	1.26955489169184
0.135594212795015	1.26721444338002
0.135994195723614	1.26468506164683
0.136394178652213	1.2619649322541
0.136794161580812	1.25905156001218
0.137194144509411	1.25594133381288
0.13759412743801	1.25262936399539
0.137994110366608	1.24910980393472
0.138394093295207	1.24537643379807
0.138794076223806	1.24142329682133
0.139194059152405	1.23724548435969
0.139594042081004	1.23283996631738
0.139994025009603	1.22820612382644
0.140394007938202	1.22334587084097
0.1407939908668	1.21826351960585
0.141193973795399	1.21296529609956
0.141593956723998	1.20745851329052
0.141993939652597	1.2017506464618
0.142393922581196	1.19584827818391
0.142793905509795	1.18975623960054
0.143193888438394	1.18347744184164
0.143593871366992	1.17701337318183
0.143993854295591	1.17036496452139
0.14439383722419	1.16353375413979
0.144793820152789	1.15652312657077
0.145193803081388	1.14933925031011
0.145593786009987	1.14199152235116
0.145993768938586	1.13449266307964
0.146393751867185	1.12685846260238
0.146793734795783	1.11910722111358
0.147193717724382	1.11125904154249
0.147593700652981	1.10333512544898
0.14799368358158	1.09535696861305
0.148393666510179	1.08734559669533
0.148793649438778	1.07932108864209
0.149193632367377	1.07130221623322
0.149593615295975	1.06330621126006
0.149993598224574	1.05534884965573
0.150393581153173	1.04744490452604
0.150793564081772	1.03960844746382
0.151193547010371	1.03185305315118
0.15159352993897	1.02419205463545
0.151993512867569	1.01663874535144
0.152393495796167	1.00920648781453
0.152793478724766	1.00190890878749
0.153193461653365	0.994760195786999
0.153593444581964	0.987775298558379
0.153993427510563	0.980970024632166
0.154393410439162	0.974361042364072
0.154793393367761	0.967965598845634
0.15519337629636	0.961801158437625
0.155593359224958	0.955885127575174
0.155993342153557	0.950234536955844
0.156393325082156	0.944865645559743
0.156793308010755	0.939793734538249
0.157193290939354	0.935033060850318
0.157593273867953	0.930596754391867
0.157993256796552	0.926496636418608
0.15839323972515	0.922742984951586
0.158793222653749	0.919344469878931
0.159193205582348	0.916308134486469
0.159593188510947	0.913639248617784
0.159993171439546	0.911341099642493
0.160393154368145	0.909414888304933
0.160793137296744	0.907859536278984
0.161193120225343	0.906671479225962
0.161593103153941	0.905844808900742
0.16199308608254	0.905371562364371
0.162393069011139	0.905242156697417
0.162793051939738	0.905445965061121
0.163193034868337	0.905971736471001
0.163593017796936	0.906807739171938
0.163993000725535	0.907942002039838
0.164392983654133	0.90936258911209
0.164792966582732	0.91105769558952
0.165192949511331	0.913015601440464
0.16559293243993	0.915224678376041
0.165992915368529	0.917673183998934
0.166392898297128	0.920348829885271
0.166792881225727	0.92323825777509
0.167192864154325	0.926326619877498
0.167592847082924	0.929597221412768
0.167992830011523	0.933031440538296
0.168392812940122	0.936608879243742
0.168792795868721	0.940307720057161
0.16919277879732	0.944105269204025
0.169592761725919	0.947978538882631
0.169992744654518	0.951904629955792
0.170392727583116	0.955860931485448
0.170792710511715	0.959825356485884
0.171192693440314	0.963776555314735
0.171592676368913	0.96769404230919
0.171992659297512	0.971558325683812
0.172392642226111	0.975351110904366
0.17279262515471	0.979055601223558
0.173192608083308	0.982656951389795
0.173592591011907	0.98614266665092
0.173992573940506	0.98950294587708
0.174392556869105	0.992730934163107
0.174792539797704	0.995822844930652
0.175192522726303	0.998777976150858
0.175592505654902	1.00159859705028
0.175992488583501	1.00428955325165
0.176392471512099	1.00685749056825
0.176792454440698	1.00930981207172
0.177192437369297	1.01165344435951
0.177592420297896	1.01389375824342
0.177992403226495	1.01603401007201
0.178392386155094	1.01807554409498
0.178792369083693	1.02001849589267
0.179192352012291	1.02186293155853
0.17959233494089	1.02361018372224
0.179992317869489	1.02526400308873
0.180392300798088	1.02683107249839
0.180792283726687	1.02832097022089
0.181192266655286	1.02974550690708
0.181592249583885	1.03111759146471
0.181992232512483	1.03245003970147
0.182392215441082	1.03375475422242
0.182792198369681	1.03504214279182
0.18319218129828	1.03632075444891
0.183592164226879	1.03759727083683
0.183992147155478	1.03887667945601
0.184392130084077	1.04016237916931
0.184792113012676	1.04145608385785
0.185192095941274	1.04275773468404
0.185592078869873	1.04406546815339
0.185992061798472	1.04537576955176
0.186392044727071	1.04668401839001
0.18679202765567	1.04798552327806
0.187192010584269	1.04927657022385
0.187591993512868	1.05055524625217
0.187991976441466	1.05182211587776
0.188391959370065	1.05308061383847
0.188791942298664	1.05433692313815
0.189191925227263	1.05559964249623
0.189591908155862	1.05687958725883
0.189991891084461	1.05818948573541
0.19039187401306	1.05954355772127
0.190791856941659	1.06095716949891
0.191191839870257	1.06244634779611
0.191591822798856	1.06402701290505
0.191991805727455	1.06571436098042
0.192391788656054	1.06752233191965
0.192791771584653	1.06946308682281
0.193191754513252	1.07154672775881
0.193591737441851	1.0737814269789
0.193991720370449	1.07617346210763
0.194391703299048	1.07872734314517
0.194791686227647	1.08144609783767
0.195191669156246	1.08433165052969
0.195591652084845	1.08738505787525
0.195991635013444	1.09060667929467
0.196391617942043	1.09399600661176
0.196791600870641	1.09755130921274
0.19719158379924	1.1012691721821
0.197591566727839	1.10514380505354
0.197991549656438	1.10916636128731
0.198391532585037	1.11332465324446
0.198791515513636	1.11760322393221
0.199191498442235	1.1219838177725
0.199591481370834	1.12644626895524
0.199991464299432	1.13096939956318
0.200391447228031	1.13553180746614
0.20079143015663	1.14011261764081
0.201191413085229	1.14469192493192
0.201591396013828	1.14925092622551
0.201991378942427	1.15377212965061
0.202391361871026	1.15823947193191
0.202791344799624	1.16263822496303
0.203191327728223	1.16695483394012
0.203591310656822	1.17117681657761
0.203991293585421	1.17529244108757
0.20439127651402	1.1792903945739
0.204791259442619	1.18315965988626
0.205191242371218	1.18688942850722
0.205591225299817	1.19046901749129
0.205991208228415	1.19388795792122
0.206391191157014	1.19713625790019
0.206791174085613	1.20020462499995
0.207191157014212	1.20308468629262
0.207591139942811	1.20576927004364
0.20799112287141	1.2082528237736
0.208391105800009	1.2105318035977
0.208791088728607	1.21260510540888
0.209191071657206	1.21447423860097
0.209591054585805	1.21614309380914
0.209991037514404	1.21761744470168
0.210391020443003	1.21890447170646
0.210791003371602	1.22001229255967
0.211190986300201	1.22094984492364
0.211590969228799	1.22172718469186
0.211990952157398	1.22235592727233
0.212390935085997	1.22284947320218
0.212790918014596	1.22322302507036
0.213190900943195	1.22349327874157
0.213590883871794	1.22367786950871
0.213990866800393	1.22379456213365
0.214390849728992	1.22386035389465
0.21479083265759	1.22389066915211
0.215190815586189	1.22389893040368
0.215590798514788	1.22389641871654
0.215990781443387	1.22389231786181
0.216390764371986	1.22389401997897
0.216790747300585	1.22390770388954
0.217190730229184	1.2239389677822
0.217590713157782	1.22399342575845
0.217990696086381	1.22407719458932
0.21839067901498	1.22419723709446
0.218790661943579	1.22436146253067
0.219190644872178	1.22457866373089
0.219590627800777	1.22485836047815
0.219990610729376	1.22521070737299
0.220390593657975	1.22564648233921
0.220790576586573	1.22617686076624
0.221190559515172	1.22681290765072
0.221590542443771	1.22756502921717
0.22199052537237	1.22844248978853
0.222390508300969	1.22945296681744
0.222790491229568	1.23060229067875
0.223190474158167	1.23189450986522
0.223590457086765	1.23333204736809
0.223990440015364	1.23491582348378
0.224390422943963	1.23664533365807
0.224790405872562	1.23851851151148
0.225190388801161	1.24053154619221
0.22559037172976	1.24267871949479
0.225990354658359	1.2449523306936
0.226390337586957	1.2473427320651
0.226790320515556	1.24983868520056
0.227190303444155	1.25242798202302
0.227590286372754	1.25509812526253
0.227990269301353	1.2578370302957
0.228390252229952	1.26063370847419
0.228790235158551	1.26347876223785
0.22919021808715	1.26636446035547
0.229590201015748	1.26928440022552
0.229990183944347	1.27223293165541
0.230390166872946	1.27520437154475
0.230790149801545	1.27819224262774
0.231190132730144	1.28118872930063
0.231590115658743	1.28418456625062
0.231990098587342	1.28716929668316
0.23239008151594	1.29013177867671
0.232790064444539	1.29306090486798
0.233190047373138	1.29594641332509
0.233590030301737	1.2987795862056
0.233990013230336	1.30155375733158
0.234389996158935	1.30426450894291
0.234789979087534	1.30690945886785
0.235189962016133	1.30948774204441
0.235589944944731	1.31199938861425
0.23598992787333	1.31444456221663
0.236389910801929	1.31682295954321
0.236789893730528	1.31913363160125
0.237189876659127	1.32137511494704
0.237589859587726	1.32354576093825
0.237989842516325	1.32564410160539
0.238389825444923	1.32766914248036
0.238789808373522	1.32962049740473
0.239189791302121	1.33149851600019
0.23958977423072	1.33330423953438
0.239989757159319	1.33503936445681
0.240389740087918	1.33670637183476
0.240789723016517	1.33830853375057
0.241189705945115	1.33984980717626
0.241589688873714	1.34133486860898
0.241989671802313	1.34276917412403
0.242389654730912	1.34415899106575
0.242789637659511	1.34551152550491
0.24318962058811	1.34683495985142
0.243589603516709	1.34813805663189
0.243989586445308	1.34942961390137
0.244389569373906	1.35071781811408
0.244789552302505	1.3520092307832
0.245189535231104	1.35330787161661
0.245589518159703	1.35461491453753
0.245989501088302	1.3559289204759
0.246389484016901	1.35724626017041
0.2467894669455	1.35856202848158
0.247189449874098	1.35987103020619
0.247589432802697	1.36116843890997
0.247989415731296	1.36245003280449
0.248389398659895	1.36371221629983
0.248789381588494	1.36495167595758
0.249189364517093	1.36616486494459
0.249589347445692	1.3673476197726
0.24998933037429	1.36849486799294
0.250389313302889	1.36960042555524
0.250789296231488	1.37065721457438
0.251189279160087	1.37165775205592
0.251589262088686	1.37259471948549
0.251989245017285	1.37346163020744
0.252389227945884	1.37425356132299
0.252789210874483	1.37496753557664
0.253189193803081	1.37560241877542
0.25358917673168	1.3761584056142
0.253989159660279	1.37663624303033
0.254389142588878	1.37703624461809
0.254789125517477	1.37735747177618
0.255189108446076	1.37759738746799
0.255589091374675	1.37775186139269
0.255989074303273	1.37781545328454
0.256389057231872	1.37778187806801
0.256789040160471	1.37764434938528
0.25718902308907	1.37739562375257
0.257589006017669	1.3770280495701
0.257988988946268	1.37653372928923
0.258388971874867	1.37590475768449
0.258788954803466	1.37513381624112
0.259188937732064	1.37421509133738
0.259588920660663	1.37314502693673
0.259988903589262	1.37192269526617
0.260388886517861	1.37054987448779
0.26078886944646	1.36903064401731
0.261188852375059	1.36737040818615
0.261588835303658	1.36557484618626
0.261988818232256	1.36364905414311
0.262388801160855	1.3615970094197
0.262788784089454	1.3594214380389
0.263188767018053	1.35712409941637
0.263588749946652	1.35470613692443
0.263988732875251	1.35216818130393
0.26438871580385	1.34951029015746
0.264788698732448	1.34673168725957
0.265188681661047	1.34383031455117
0.265588664589646	1.34080251041127
0.265988647518245	1.33764317672108
0.266388630446844	1.33434629047693
0.266788613375443	1.33090567290958
0.267188596304042	1.32731613286179
0.267588579232641	1.32357463069335
0.267988562161239	1.3196809730701
0.268388545089838	1.31563812289955
0.268788528018437	1.31145216538651
0.269188510947036	1.30713176063278
0.269588493875635	1.30268724437069
0.269988476804234	1.29812965071963
0.270388459732833	1.29346961237284
0.270788442661431	1.28871640998286
0.27118842559003	1.28387756424
0.271588408518629	1.27895904229281
0.271988391447228	1.27396600259253
0.272388374375827	1.26890392731222
0.272788357304426	1.26377972839292
0.273188340233025	1.25860242691486
0.273588323161624	1.25338339814932
0.273988306090222	1.24813605859396
0.274388289018821	1.24287517875213
0.27478827194742	1.23761599019207
0.275188254876019	1.23237327018831
0.275588237804618	1.22716062612761
0.275988220733217	1.22199017599858
0.276388203661816	1.21687248328369
0.276788186590414	1.21181673181574
0.277188169519013	1.20683126307138
0.277588152447612	1.20192419550762
0.277988135376211	1.19710389076846
0.27838811830481	1.19237917011257
0.278788101233409	1.18775925168079
0.279188084162008	1.18325326297532
0.279588067090607	1.17886966569016
0.279988050019205	1.17461590694417
0.280388032947804	1.17049836337283
0.280788015876403	1.1665225268193
0.281187998805002	1.1626933925699
0.281587981733601	1.15901562680542
0.2819879646622	1.15549355214172
0.282387947590799	1.15213092093196
0.282787930519397	1.14893058519151
0.283187913447996	1.14589413310504
0.283587896376595	1.14302176847536
0.283987879305194	1.14031229089812
0.284387862233793	1.13776315167904
0.284787845162392	1.1353705305076
0.285187828090991	1.13312951686086
0.285587811019589	1.13103436503719
0.285987793948188	1.1290788790835
0.286387776876787	1.12725687367769
0.286787759805386	1.12556275040143
0.287187742733985	1.1239921345665
0.287587725662584	1.12254226148753
0.287987708591183	1.12121209845895
0.288387691519781	1.12000243560792
0.28878767444838	1.11891596891964
0.289187657376979	1.11795741390512
0.289587640305578	1.11713370964226
0.289987623234177	1.11645410043261
0.290387606162776	1.1159300006449
0.290787589091375	1.11557469284783
0.291187572019974	1.11540266383942
0.291587554948572	1.11542854556108
0.291987537877171	1.11566597541232
0.29238752080577	1.11612652570925
0.292787503734369	1.11681868063549
0.293187486662968	1.11774703666269
0.293587469591567	1.11891172684199
0.293987452520166	1.12030818622372
0.294387435448765	1.12192724193263
0.294787418377363	1.12375552028932
0.295187401305962	1.12577617071994
0.295587384234561	1.12797005913543
0.29598736716316	1.13031717824842
0.296387350091759	1.13279799531771
0.296787333020358	1.13539447149216
0.297187315948957	1.13809068101247
0.297587298877555	1.14087284902643
0.297987281806154	1.14372910262719
0.298387264734753	1.14664909354017
0.298787247663352	1.14962353562977
0.299187230591951	1.15264350962439
0.29958721352055	1.15569987096383
0.299987196449149	1.15878262665191
0.300387179377747	1.16188037098025
0.300787162306346	1.16497997161491
0.301187145234945	1.16806657132195
0.301587128163544	1.17112386673426
0.301987111092143	1.17413458337154
0.302387094020742	1.17708106236605
0.302787076949341	1.17994572831502
0.30318705987794	1.18271129222297
0.303587042806538	1.18536086521319
0.303987025735137	1.18787800592868
0.304387008663736	1.19024683851189
0.304786991592335	1.19245241379356
0.305186974520934	1.19448123532318
0.305586957449533	1.19632180509623
0.305986940378132	1.19796510117411
0.30638692330673	1.19940502162091
0.306786906235329	1.2006387738492
0.307186889163928	1.2016673685438
0.307586872092527	1.20249587052424
0.307986855021126	1.20313321641498
0.308386837949725	1.20359159020632
0.308786820878324	1.20388552475654
0.309186803806922	1.20403064387624
0.309586786735521	1.20404238518992
0.30998676966412	1.2039350518683
0.310386752592719	1.20372117044285
0.310786735521318	1.20341102419503
0.311186718449917	1.2030125571991
0.311586701378516	1.20253147737874
0.311986684307115	1.2019715845188
0.312386667235713	1.20133508882341
0.312786650164312	1.20062288738412
0.313186633092911	1.19983472024616
0.31358661602151	1.19896943882545
0.313986598950109	1.19802523628577
0.314386581878708	1.19699976812441
0.314786564807307	1.19589004129984
0.315186547735905	1.19469237872732
0.315586530664504	1.19340262496509
0.315986513593103	1.19201656783487
0.316386496521702	1.19053029719773
0.316786479450301	1.18894068006118
0.3171864623789	1.18724591962994
0.317586445307499	1.18544589523203
0.317986428236098	1.18354205377417
0.318386411164696	1.18153708383074
0.318786394093295	1.17943433990406
0.319186377021894	1.17723720712331
0.319586359950493	1.17494862042632
0.319986342879092	1.17257083051002
0.320386325807691	1.17010553934609
0.32078630873629	1.16755461432982
0.321186291664888	1.16492110170527
0.321586274593487	1.16221005757836
0.321986257522086	1.15942921701121
0.322386240450685	1.15658947855552
0.322786223379284	1.15370501236668
0.323186206307883	1.15079285884004
0.323586189236482	1.14787230098045
0.32398617216508	1.14496400247854
0.324386155093679	1.14208904409301
0.324786138022278	1.13926805308581
0.325186120950877	1.13652056395763
0.325586103879476	1.13386441579866
0.325986086808075	1.13131552480209
0.326386069736674	1.12888803065405
0.326786052665273	1.12659463400499
0.327186035593871	1.12444683949114
0.32758601852247	1.1224553456961
0.327986001451069	1.12063032726995
0.328385984379668	1.11898136556123
0.328785967308267	1.11751716904053
0.329185950236866	1.11624538153874
0.329585933165465	1.11517239341591
0.329985916094063	1.11430331089332
0.330385899022662	1.11364226805851
0.330785881951261	1.11319280409005
0.33118586487986	1.11295810604812
0.331585847808459	1.11294112440169
0.331985830737058	1.1131444693185
0.332385813665657	1.11356996460632
0.332785796594256	1.1142182254772
0.333185779522854	1.11508825286635
0.333585762451453	1.11617719182739
0.333985745380052	1.11748032159061
0.334385728308651	1.1189912817958
0.33478571123725	1.12070225116741
0.335185694165849	1.12260419449526
0.335585677094448	1.12468709338535
0.335985660023046	1.12694005608041
0.336385642951645	1.12935140343695
0.336785625880244	1.13190889329242
0.337185608808843	1.13459988850487
0.337585591737442	1.1374114283326
0.337985574666041	1.1403303637092
0.33838555759464	1.14334334433653
0.338785540523239	1.14643667312508
0.339185523451837	1.14959629280215
0.339585506380436	1.15280794266175
0.339985489309035	1.15605728395759
0.340385472237634	1.15933020354084
0.340785455166233	1.16261325030527
0.341185438094832	1.16589406254376
0.341585421023431	1.16916168008302
0.341985403952029	1.17240681744593
0.342385386880628	1.17562204569981
0.342785369809227	1.17880191126368
0.343185352737826	1.18194287624
0.343585335666425	1.18504303253856
0.343985318595024	1.18810156592293
0.344385301523623	1.19111814883151
0.344785284452221	1.19409219861317
0.34518526738082	1.19702241832939
0.345585250309419	1.19990692559262
0.345985233238018	1.20274376289828
0.346385216166617	1.20553159328434
0.346785199095216	1.20827053020877
0.347185182023815	1.21096261122655
0.347585164952414	1.21361182508767
0.347985147881012	1.21622375579377
0.348385130809611	1.21880498154577
0.34878511373821	1.22136217446414
0.349185096666809	1.22390132762151
0.349585079595408	1.22642716602723
0.349985062524007	1.22894278891788
0.350385045452606	1.23144941606072
0.350785028381204	1.23394635870562
0.351185011309803	1.23643116668441
0.351584994238402	1.23889991557755
0.351984977167001	1.24134747859454
0.3523849600956	1.24376804555724
0.352784943024199	1.2461557187065
0.353184925952798	1.24850500499313
0.353584908881396	1.25081111969933
0.353984891809995	1.25307034579665
0.354384874738594	1.2552802001972
0.354784857667193	1.25743941968279
0.355184840595792	1.2595479806034
0.355584823524391	1.26160712095895
0.35598480645299	1.2636192802281
0.356384789381589	1.26558811702632
0.356784772310187	1.26751864689627
0.357184755238786	1.26941735900213
0.357584738167385	1.27129204753095
0.357984721095984	1.27315149063557
0.358384704024583	1.2750048601197
0.358784686953182	1.2768609820302
0.359184669881781	1.27872761643422
0.359584652810379	1.28061093772258
0.359984635738978	1.28251518111261
0.360384618667577	1.28444251418815
0.360784601596176	1.28639316672931
0.361184584524775	1.2883656568042
0.361584567453374	1.29035684305965
0.361984550381973	1.29236178163197
0.362384533310572	1.29437341177903
0.36278451623917	1.29638218299268
0.363184499167769	1.29837579300294
0.363584482096368	1.3003389641031
0.363984465024967	1.30225335104323
0.364384447953566	1.30409773421569
0.364784430882165	1.30584839456985
0.365184413810764	1.30747964143962
0.365584396739362	1.30896477061479
0.365984379667961	1.31027719118605
0.36638436259656	1.31139147755974
0.366784345525159	1.31228422798458
0.367184328453758	1.31293471455854
0.367584311382357	1.31332502044515
0.367984294310956	1.31343999655206
0.368384277239554	1.31326726209412
0.368784260168153	1.3127973295156
0.369184243096752	1.31202378596547
0.369584226025351	1.31094375831073
0.36998420895395	1.30955819950608
0.370384191882549	1.30787172260364
0.370784174811148	1.30589207292573
0.371184157739747	1.30362931279718
0.371584140668345	1.30109492827088
0.371984123596944	1.29830130288039
0.372384106525543	1.2952615636508
0.372784089454142	1.29198969634234
0.373184072382741	1.28850079497824
0.37358405531134	1.28481139527015
0.373984038239939	1.28093965229196
0.374384021168537	1.27690537124251
0.374784004097136	1.27272992150995
0.375183987025735	1.26843589975836
0.375583969954334	1.26404680441818
0.375983952882933	1.25958684089355
0.376383935811532	1.25508069973075
0.376783918740131	1.25055326368342
0.37718390166873	1.24602938799824
0.377583884597328	1.24153359540391
0.377983867525927	1.23708945200678
0.378383850454526	1.23271890408904
0.378783833383125	1.22844171420173
0.379183816311724	1.22427503768643
0.379583799240323	1.22023323709892
0.379983782168922	1.21632807954694
0.38038376509752	1.21256903666618
0.380783748026119	1.2089635804907
0.381183730954718	1.20551740566544
0.381583713883317	1.20223439556805
0.381983696811916	1.1991162920096
0.382383679740515	1.1961624878095
0.382783662669114	1.19337003678286
0.383183645597712	1.19073391241634
0.383583628526311	1.18824757209348
0.38398361145491	1.18590387147192
0.384383594383509	1.18369589100796
0.384783577312108	1.18161776526454
0.385183560240707	1.17966528257452
0.385583543169306	1.17783620363877
0.385983526097905	1.17613027257192
0.386383509026503	1.17454904858713
0.386783491955102	1.17309543015935
0.387183474883701	1.17177290411178
0.3875834578123	1.17058471579814
0.387983440740899	1.16953306795399
0.388383423669498	1.16861854491569
0.388783406598097	1.16783978816395
0.389183389526695	1.16719344546246
0.389583372455294	1.16667452738123
0.389983355383893	1.16627719432791
0.390383338312492	1.16599575751761
0.390783321241091	1.16582574196239
0.39118330416969	1.16576491190128
0.391583287098289	1.16581421478213
0.391983270026887	1.16597844332072
0.392383252955486	1.16626639536869
0.392783235884085	1.16669002582605
0.393183218812684	1.16726307505194
0.393583201741283	1.16799933873053
0.393983184669882	1.16891095615392
0.394383167598481	1.17000712812305
0.39478315052708	1.1712937899031
0.395183133455678	1.17277414663849
0.395583116384277	1.17444977524886
0.395983099312876	1.17632186653546
0.396383082241475	1.17839224278083
0.396783065170074	1.18066385188362
0.397183048098673	1.18314084652532
0.397583031027272	1.1858280734517
0.39798301395587	1.18873014741476
0.398382996884469	1.19185033579141
0.398782979813068	1.19518959729092
0.399182962741667	1.19874573075987
0.399582945670266	1.20251275087722
0.399982928598865	1.2064807089106
0.400382911527464	1.21063611795162
0.400782894456063	1.21496279715006
0.401182877384661	1.21944284738839
0.40158286031326	1.22405746798275
0.401982843241859	1.22878754540224
0.402382826170458	1.23361395216769
0.402782809099057	1.23851766504001
0.403182792027656	1.24347995277208
0.403582774956255	1.24848287830029
0.403982757884853	1.25350987179314
0.404382740813452	1.25854631430151
0.404782723742051	1.26357986580509
0.40518270667065	1.26860036024039
0.405582689599249	1.27359947793011
0.405982672527848	1.27857041079142
0.406382655456447	1.28350734717407
0.406782638385046	1.28840500837983
0.407182621313644	1.29325860717659
0.407582604242243	1.29806401978778
0.407982587170842	1.30281797776672
0.408382570099441	1.30751833509083
0.40878255302804	1.3121643023784
0.409182535956639	1.31675663046534
0.409582518885238	1.32129791279217
0.409982501813836	1.32579286587492
0.410382484742435	1.3302484393408
0.410782467671034	1.3346740158006
0.411182450599633	1.33908153107704
0.411582433528232	1.3434851897726
0.411982416456831	1.34790081588978
0.41238239938543	1.35234485160833
0.412782382314028	1.35683315985981
0.413182365242627	1.36137980749149
0.413582348171226	1.36599599356334
0.413982331099825	1.37068927152759
0.414382314028424	1.37546345618752
0.414782296957023	1.38031912434222
0.415182279885622	1.38525436057319
0.415582262814221	1.39026560358839
0.415982245742819	1.39534845959387
0.416382228671418	1.40049832424017
0.416782211600017	1.40571082221916
0.417182194528616	1.41098200499406
0.417582177457215	1.41630824293683
0.417982160385814	1.42168583075997
0.418382143314413	1.42711054246374
0.418782126243011	1.43257719821138
0.41918210917161	1.43807910258534
0.419582092100209	1.44360762944585
0.419982075028808	1.44915213266805
0.420382057957407	1.45470002694644
0.420782040886006	1.46023680566835
0.421182023814605	1.46574616969046
0.421582006743204	1.47121018391177
0.421981989671802	1.47660922968855
0.422381972600401	1.48192201604156
0.422781955529	1.48712571199527
0.423181938457599	1.49219607823644
0.423581921386198	1.49710766469008
0.423981904314797	1.5018342986538
0.424381887243396	1.50634955519859
0.424781870171994	1.51062716765935
0.425181853100593	1.5146416237379
0.425581836029192	1.5183689827551
0.425981818957791	1.52178764036682
0.42638180188639	1.52487909753639
0.426781784814989	1.52762849826934
0.427181767743588	1.53002482591142
0.427581750672186	1.53206063181264
0.427981733600785	1.53373168822379
0.428381716529384	1.53503651194622
0.428781699457983	1.53597602666162
0.429181682386582	1.53655342716522
0.429581665315181	1.53677426362579
0.42998164824378	1.53664647206533
0.430381631172379	1.5361802085683
0.430781614100977	1.53538740512182
0.431181597029576	1.53428105992861
0.431581579958175	1.53287445678455
0.431981562886774	1.53118059376372
0.432381545815373	1.52921188164802
0.432781528743972	1.52698019216259
0.433181511672571	1.52449719035633
0.433581494601169	1.52177483878386
0.433981477529768	1.51882582129529
0.434381460458367	1.51566374099936
0.434781443386966	1.51230314277076
0.435181426315565	1.50875955427547
0.435581409244164	1.50504934641633
0.435981392172763	1.50118946577125
0.436381375101361	1.4971972977678
0.43678135802996	1.49309055420903
0.437181340958559	1.48888706675156
0.437581323887158	1.48460463219776
0.437981306815757	1.48026086084582
0.438381289744356	1.47587294687637
0.438781272672955	1.47145753861303
0.439181255601554	1.46703073755826
0.439581238530152	1.46260776724125
0.439981221458751	1.45820255595894
0.44038120438735	1.4538275769822
0.440781187315949	1.44949376313939
0.441181170244548	1.4452105576505
0.441581153173147	1.44098637548703
0.441981136101746	1.43682915293215
0.442381119030344	1.43274653540277
0.442781101958943	1.42874589495346
0.443181084887542	1.42483409308857
0.443581067816141	1.42101683669494
0.44398105074474	1.41729793156879
0.444381033673339	1.41367889310259
0.444781016601938	1.4101586968105
0.445180999530537	1.40673367426466
0.445580982459135	1.40339776045557
0.445980965387734	1.40014304444742
0.446380948316333	1.39696022198547
0.446780931244932	1.39383906341853
0.447180914173531	1.39076892740074
0.44758089710213	1.38773918058999
0.447980880030729	1.38473937112978
0.448380862959327	1.38175946139145
0.448780845887926	1.37879010650558
0.449180828816525	1.37582301222423
0.449580811745124	1.37285148564481
0.449980794673723	1.36987112505746
0.450380777602322	1.36688026891095
0.450780760530921	1.36388020338706
0.451180743459519	1.36087498958895
0.451580726388118	1.35787063231913
0.451980709316717	1.35487376105752
0.452380692245316	1.35189048203144
0.452780675173915	1.34892559812264
0.453180658102514	1.34598209948111
0.453580641031113	1.34306125790149
0.453980623959712	1.3401634040299
0.45438060688831	1.33728887709485
0.454780589816909	1.33443906495288
0.455180572745508	1.33161741522728
0.455580555674107	1.32882991644105
0.455980538602706	1.32608494652461
0.456380521531305	1.32339277615374
0.456780504459904	1.32076471094617
0.457180487388502	1.31821181319846
0.457580470317101	1.31574380695458
0.4579804532457	1.31336853336491
0.458380436174299	1.31109164647478
0.458780419102898	1.30891655286237
0.459180402031497	1.30684494443596
0.459580384960096	1.30487755788409
0.459980367888695	1.30301475966433
0.460380350817293	1.30125712696608
0.460780333745892	1.29960599120631
0.461180316674491	1.29806350657409
0.46158029960309	1.2966325214077
0.461980282531689	1.29531657655754
0.462380265460288	1.29411977821606
0.462780248388887	1.29304633269865
0.463180231317485	1.29210027638761
0.463580214246084	1.29128539363714
0.463980197174683	1.29060505666402
0.464380180103282	1.29006225349773
0.464780163031881	1.28965990152259
0.46518014596048	1.28940120517677
0.465580128889079	1.28929016967079
0.465980111817678	1.28933211315495
0.466380094746276	1.28953385869206
0.466780077674875	1.28990360070573
0.467180060603474	1.29045049081546
0.467580043532073	1.29118398815761
0.467980026460672	1.29211308484783
0.468380009389271	1.29324568059454
0.46877999231787	1.29458812290489
0.469179975246468	1.2961452001761
0.469579958175067	1.29792043631866
0.469979941103666	1.29991648227106
0.470379924032265	1.30213555792476
0.470779906960864	1.30457997261761
0.471179889889463	1.30725243842395
0.471579872818062	1.31015602497852
0.47197985574666	1.31329393661547
0.472379838675259	1.31666925557315
0.472779821603858	1.32028471024903
0.473179804532457	1.32414268973041
0.473579787461056	1.3282454833234
0.473979770389655	1.33259547700547
0.474379753318254	1.3371950954679
0.474779736246852	1.34204655346252
0.475179719175451	1.34715134236806
0.47557970210405	1.35250935731539
0.475979685032649	1.35811808784254
0.476379667961248	1.36397208969479
0.476779650889847	1.37006268870835
0.477179633818446	1.37637801484593
0.477579616747045	1.38290366419849
0.477979599675643	1.38962338997194
0.478379582604242	1.39651978704257
0.478779565532841	1.40357496901472
0.47917954846144	1.41077098006603
0.479579531390039	1.4180896757521
0.479979514318638	1.42551249944342
0.480379497247237	1.43302031350686
0.480779480175835	1.44059311713772
0.481179463104434	1.44820977944642
0.481579446033033	1.4558480388426
0.481979428961632	1.46348477022897
0.482379411890231	1.47109631644305
0.48277939481883	1.47865863153126
0.483179377747429	1.4861472595013
0.483579360676028	1.4935372875003
0.483979343604626	1.5008033921227
0.484379326533225	1.50792002056619
0.484779309461824	1.51486176355164
0.485179292390423	1.521604061417
0.485579275319022	1.52812428295653
0.485979258247621	1.53440276475939
0.48637924117622	1.54042323270994
0.486779224104818	1.54617270535307
0.487179207033417	1.5516409041905
0.487579189962016	1.55681915082552
0.487979172890615	1.56169911905626
0.488379155819214	1.56627185441
0.488779138747813	1.57052725438277
0.489179121676412	1.57445419162155
0.48957910460501	1.57804124005332
0.489979087533609	1.58127748010472
0.490379070462208	1.58415332295533
0.490779053390807	1.58666154186515
0.491179036319406	1.58879801080267
0.491579019248005	1.59056177731668
0.491979002176604	1.59195476972873
0.492378985105203	1.59298125838609
0.492778968033801	1.59364709350147
0.4931789509624	1.59395906826046
0.493578933890999	1.59392477925903
0.493978916819598	1.59355308182564
0.494378899748197	1.59285484198027
0.494778882676796	1.5918437480427
0.495178865605395	1.59053669557208
0.495578848533993	1.58895342240781
0.495978831462592	1.58711554327687
0.496378814391191	1.58504545984634
0.49677879731979	1.58276538643346
0.497178780248389	1.58029687429916
0.497578763176988	1.57766107327621
0.497978746105587	1.57487972898173
0.498378729034186	1.57197622877125
0.498778711962784	1.56897623725698
0.499178694891383	1.56590762837304
0.499578677819982	1.56279958836566
0.499978660748581	1.55968099395659
0.50037864367718	1.55657874294375
0.500778626605779	1.55351647371546
0.501178609534378	1.55051395582201
0.501578592462976	1.54758731440659
0.501978575391575	1.54475006736744
0.502378558320174	1.54201449469912
0.502778541248773	1.53939286587559
0.503178524177372	1.53689828268125
0.503578507105971	1.53454504842555
0.50397849003457	1.53234849251295
0.504378472963169	1.53032457925089
0.504778455891767	1.52848950429043
0.505178438820366	1.52685934624722
0.505578421748965	1.52544964893842
0.505978404677564	1.5242748078172
0.506378387606163	1.52334727845759
0.506778370534762	1.52267678104474
0.50717835346336	1.52226961456196
0.507578336391959	1.52212827617623
0.507978319320558	1.52225135101322
0.508378302249157	1.52263360781211
0.508778285177756	1.52326620805207
0.509178268106355	1.52413698290237
0.509578251034954	1.52523051667749
0.509978233963553	1.52652810615571
0.510378216892151	1.528007928145
0.51077819982075	1.52964557232277
0.511178182749349	1.53141476511031
0.511578165677948	1.53328831078066
0.511978148606547	1.53523907986941
0.512378131535146	1.53724077403067
0.512778114463745	1.53926825270785
0.513178097392343	1.54129761024583
0.513578080320942	1.54330618454779
0.513978063249541	1.54527265043732
0.51437804617814	1.54717730381357
0.514778029106739	1.54900250405233
0.515178012035338	1.55073305638765
0.515577994963937	1.55235630985424
0.515977977892536	1.5538620820923
0.516377960821134	1.55524230234934
0.516777943749733	1.5564902597372
0.517177926678332	1.55759976747568
0.517577909606931	1.55856467087218
0.51797789253553	1.55937862438537
0.518377875464129	1.56003510325609
0.518777858392728	1.56052788650934
0.519177841321326	1.56085192104858
0.519577824249925	1.56100402767356
0.519977807178524	1.56098348940629
0.520377790107123	1.56079242888461
0.520777773035722	1.56043554840292
0.521177755964321	1.55991930899188
0.52157773889292	1.5592510436125
0.521977721821518	1.55843800026565
0.522377704750117	1.55748651773027
0.522777687678716	1.55640186314562
0.523177670607315	1.55518855602598
0.523577653535914	1.55385095060002
0.523977636464513	1.55239397958381
0.524377619393112	1.5508238139188
0.524777602321711	1.54914810381441
0.525177585250309	1.5473759918226
0.525577568178908	1.54551793504051
0.525977551107507	1.54358517764925
0.526377534036106	1.54158906731729
0.526777516964705	1.5395405264104
0.527177499893304	1.53744953375968
0.527577482821903	1.53532474546464
0.527977465750502	1.5331732362183
0.5283774486791	1.53100032631692
0.528777431607699	1.52880965197558
0.529177414536298	1.52660352373216
0.529577397464897	1.52438313803451
0.529977380393496	1.52214870519404
0.530377363322095	1.51989960332333
0.530777346250694	1.51763440634166
0.531177329179293	1.51535082632863
0.531577312107891	1.51304587934272
0.53197729503649	1.51071634092033
0.532377277965089	1.50835937469003
0.532777260893688	1.50597336479559
0.533177243822287	1.50355863304933
0.533577226750886	1.50111777194734
0.533977209679484	1.49865577645681
0.534377192608083	1.49617975483188
0.534777175536682	1.49369811830934
0.535177158465281	1.49121972265956
0.53557714139388	1.48875305275608
0.535977124322479	1.48630534087496
0.536377107251078	1.48388202114209
0.536777090179676	1.48148674287916
0.537177073108275	1.47912160079036
0.537577056036874	1.47678776366618
0.537977038965473	1.47448655817688
0.538377021894072	1.47222037921258
0.538777004822671	1.46999290533201
0.53917698775127	1.4678087824647
0.539576970679869	1.46567281386906
0.539976953608467	1.46358868642447
0.540376936537066	1.46155791221908
0.540776919465665	1.45957933659547
0.541176902394264	1.4576489993177
0.541576885322863	1.45576040733554
0.541976868251462	1.45390528313091
0.542376851180061	1.45207432596434
0.54277683410866	1.4502578477409
0.543176817037258	1.4484465108746
0.543576799965857	1.44663203269247
0.543976782894456	1.44480762945506
0.544376765823055	1.44296836808404
0.544776748751654	1.44111143724237
0.545176731680253	1.43923601672337
0.545576714608851	1.43734266872176
0.54597669753745	1.43543265224701
0.546376680466049	1.43350729271965
0.546776663394648	1.43156754214472
0.547176646323247	1.42961375317578
0.547576629251846	1.42764587227912
0.547976612180445	1.42566390228237
0.548376595109044	1.42366856577842
0.548776578037642	1.4216620870171
0.549176560966241	1.41964898058304
0.54957654389484	1.41763650053409
0.549976526823439	1.4156347250752
0.550376509752038	1.41365619954415
0.550776492680637	1.41171508130617
0.551176475609236	1.40982605883296
0.551576458537835	1.40800373211444
0.551976441466433	1.40626234711085
0.552376424395032	1.40461589048699
0.552776407323631	1.40307836244809
0.55317639025223	1.40166424981505
0.553576373180829	1.40038869580586
0.553976356109428	1.39926748572182
0.554376339038027	1.39831701074649
0.554776321966626	1.3975543611362
0.555176304895224	1.3969976939943
0.555576287823823	1.39666704881722
0.555976270752422	1.39658504996321
0.556376253681021	1.39677718048724
0.55677623660962	1.39727155795411
0.557176219538219	1.39809809156483
0.557576202466817	1.39928682680917
0.557976185395416	1.40086632271421
0.558376168324015	1.40286254496677
0.558776151252614	1.40529821750419
0.559176134181213	1.40819269934698
0.559576117109812	1.41156251856777
0.559976100038411	1.41542191515629
0.56037608296701	1.41978329046352
0.560776065895608	1.42465764628616
0.561176048824207	1.43005470383242
0.561576031752806	1.43598252936214
0.561976014681405	1.44244724942154
0.562375997610004	1.44945263327507
0.562775980538603	1.45699944573918
0.563175963467202	1.46508494723476
0.563575946395801	1.47370273891151
0.563975929324399	1.48284268057725
0.564375912252998	1.49249102019953
0.564775895181597	1.50263086343996
0.565175878110196	1.51324271718403
0.565575861038795	1.52430496133446
0.565975843967394	1.53579430196542
0.566375826895993	1.54768602333124
0.566775809824591	1.559954148851
0.56717579275319	1.57257156057036
0.567575775681789	1.5855099545066
0.567975758610388	1.59873958596862
0.568375741538987	1.61222904087156
0.568775724467586	1.62594521619857
0.569175707396185	1.63985327980656
0.569575690324784	1.65391683122964
0.569975673253382	1.66809831210393
0.570375656181981	1.68235954999043
0.57077563911058	1.69666205172303
0.571175622039179	1.71096743615183
0.571575604967778	1.72523794812829
0.571975587896377	1.7394368247759
0.572375570824975	1.75352872787266
0.572775553753574	1.76748023312558
0.573175536682173	1.78125977977115
0.573575519610772	1.79483713028909
0.573975502539371	1.80818276753993
0.57437548546797	1.82126703279392
0.574775468396569	1.83405917631353
0.575175451325168	1.84652703979668
0.575575434253766	1.85863746125168
0.575975417182365	1.87035707419836
0.576375400110964	1.88165344162534
0.576775383039563	1.89249616311935
0.577175365968162	1.90285765560632
0.577575348896761	1.91271346655195
0.57797533182536	1.92204230877246
0.578375314753959	1.93082561386179
0.578775297682557	1.93904695971107
0.579175280611156	1.94669159481541
0.579575263539755	1.95374626723075
0.579975246468354	1.96019922046797
0.580375229396953	1.96604049245638
0.580775212325552	1.97126249046134
0.581175195254151	1.97586078418106
0.581575178182749	1.97983487092565
0.581975161111348	1.98318873375484
0.582375144039947	1.98593091576808
0.582775126968546	1.98807433834883
0.583175109897145	1.9896360094151
0.583575092825744	1.99063644616628
0.583975075754343	1.99109884805705
0.584375058682941	1.99104844079071
0.58477504161154	1.99051184548279
0.585175024540139	1.98951616668717
0.585575007468738	1.98808804236055
0.585974990397337	1.98625275683162
0.586374973325936	1.9840333628661
0.586774956254535	1.9814501441874
0.587174939183134	1.97852067516358
0.587574922111732	1.97526030921201
0.587974905040331	1.97168291011332
0.58837488796893	1.96780177172012
0.588774870897529	1.96363040828301
0.589174853826128	1.95918275671595
0.589574836754727	1.95447312935962
0.589974819683326	1.94951616894906
0.590374802611924	1.94432684497262
0.590774785540523	1.938920423215
0.591174768469122	1.93331269194045
0.591574751397721	1.92752029955651
0.59197473432632	1.92156096885572
0.592374717254919	1.91545351692649
0.592774700183518	1.90921771788667
0.593174683112117	1.90287364377162
0.593574666040715	1.89644074574582
0.593974648969314	1.88993687611509
0.594374631897913	1.8833772854071
0.594774614826512	1.87677359215633
0.595174597755111	1.87013326329832
0.59557458068371	1.86345954949235
0.595974563612309	1.85675174361069
0.596374546540907	1.8500058215592
0.596774529469506	1.84321533680404
0.597174512398105	1.83637209600428
0.597574495326704	1.82946659403987
0.597974478255303	1.8224884630139
0.598374461183902	1.81542679640966
0.598774444112501	1.80827032912476
0.599174427041099	1.80100790855844
0.599574409969698	1.79362911912293
0.599974392898297	1.78612471297814
0.600374375826896	1.77848707953139
0.600774358755495	1.77071083137926
0.601174341684094	1.76279330468502
0.601574324612693	1.75473492475219
0.601974307541292	1.74653966295471
0.60237429046989	1.73821524443998
0.602774273398489	1.7297730387735
0.603174256327088	1.72122774821843
0.603574239255687	1.71259687427706
0.603974222184286	1.70389994344372
0.604374205112885	1.69515784537718
0.604774188041484	1.68639243956624
0.605174170970082	1.67762648355002
0.605574153898681	1.66888360899536
0.60597413682728	1.66018825608349
0.606374119755879	1.6515653549897
0.606774102684478	1.64303988315871
0.607174085613077	1.63463623233229
0.607574068541676	1.626377691481
0.607974051470275	1.61828629463108
0.608374034398873	1.61038309136519
0.608774017327472	1.60268855075915
0.609174000256071	1.59522304274745
0.60957398318467	1.58800699658706
0.609973966113269	1.58106061830153
0.610373949041868	1.57440304182792
0.610773931970467	1.56805122893922
0.611173914899065	1.56201879948026
0.611573897827664	1.55631534405994
0.611973880756263	1.550946338882
0.612373863684862	1.54591390248551
0.612773846613461	1.5412180214625
0.61317382954206	1.53685779463507
0.613573812470659	1.53283244567296
0.613973795399257	1.52914196629605
0.614373778327856	1.52578689757399
0.614773761256455	1.52276730268509
0.615173744185054	1.52008142271146
0.615573727113653	1.51772441143445
0.615973710042252	1.51568725985684
0.616373692970851	1.51395648500016
0.61677367589945	1.51251456757984
0.617173658828048	1.51134091554793
0.617573641756647	1.5104131329272
0.617973624685246	1.50970839437248
0.618373607613845	1.50920452843568
0.618773590542444	1.50888075928319
0.619173573471043	1.50871820663485
0.619573556399642	1.50870009477338
0.61997353932824	1.50881158219754
0.620373522256839	1.50903953942101
0.620773505185438	1.50937231677383
0.621173488114037	1.50979955068218
0.621573471042636	1.5103118642989
0.621973453971235	1.51090054019857
0.622373436899834	1.51155723265567
0.622773419828432	1.51227392923706
0.623173402757031	1.51304283410182
0.62357338568563	1.51385627482716
0.623973368614229	1.51470667047551
0.624373351542828	1.5155862797682
0.624773334471427	1.51648677276698
0.625173317400026	1.51739891332715
0.625573300328625	1.51831220338873
0.625973283257223	1.51921449702751
0.626373266185822	1.52009206293914
0.626773249114421	1.52093005908365
0.62717323204302	1.5217129481484
0.627573214971619	1.52242510013717
0.627973197900218	1.52305148210124
0.628373180828817	1.5235778870791
0.628773163757415	1.52399098498507
0.629173146686014	1.52427854355155
0.629573129614613	1.52442953853263
0.629973112543212	1.52443423279189
0.630373095471811	1.52428455126395
0.63077307840041	1.52397449273586
0.631173061329009	1.52350033198593
0.631573044257608	1.52286071034427
0.631973027186206	1.5220564987434
0.632373010114805	1.52109033907747
0.632772993043404	1.51996592254024
0.633172975972003	1.51868725306342
0.633572958900602	1.51725776608493
0.633972941829201	1.51567953969939
0.6343729247578	1.51395276771399
0.634772907686398	1.51207550047048
0.635172890614997	1.51004358202756
0.635572873543596	1.50785092175219
0.635972856472195	1.50549015036473
0.636372839400794	1.50295372446777
0.636772822329393	1.50023510182902
0.637172805257992	1.4973298801555
0.63757278818659	1.49423687595248
0.637972771115189	1.490958897722
0.638372754043788	1.48750290803764
0.638772736972387	1.4838798604283
0.639172719900986	1.48010414767357
0.639572702829585	1.47619272202922
0.639972685758184	1.47216415722955
0.640372668686783	1.46803801748428
0.640772651615381	1.46383415382786
0.64117263454398	1.4595720950372
0.641572617472579	1.45527072218237
0.641972600401178	1.45094803777823
0.642372583329777	1.44662094610447
0.642772566258376	1.44230546280549
0.643172549186975	1.43801713711874
0.643572532115573	1.43377157003545
0.643972515044172	1.42958495391929
0.644372497972771	1.42547446261203
0.64477248090137	1.4214582399603
0.645172463829969	1.41755531224144
0.645572446758568	1.41378537584851
0.645972429687167	1.41016863954213
0.646372412615766	1.40672552282672
0.646772395544364	1.40347635826056
0.647172378472963	1.4004407921589
0.647572361401562	1.39763706246729
0.647972344330161	1.39508108148851
0.64837232725876	1.39278573065183
0.648772310187359	1.3907606377675
0.649172293115958	1.38901266191972
0.649572276044556	1.38754660689997
0.649972258973155	1.38636629905924
0.650372241901754	1.38547574268932
0.650772224830353	1.38487996728688
0.651172207758952	1.38458519799906
0.651572190687551	1.38459897788706
0.65197217361615	1.38493010992193
0.652372156544748	1.38558830090427
0.652772139473347	1.38658352623529
0.653172122401946	1.38792539295932
0.653572105330545	1.38962219754523
0.653972088259144	1.39168009322776
0.654372071187743	1.39410268909629
0.654772054116342	1.39689100229876
0.655172037044941	1.40004369194888
0.655572019973539	1.40355775361845
0.655972002902138	1.40742917233631
0.656371985830737	1.41165310559033
0.656771968759336	1.41622385952296
0.657171951687935	1.42113496069716
0.657571934616534	1.42637926985807
0.657971917545133	1.43194918303254
0.658371900473731	1.43783713130002
0.65877188340233	1.4440362282607
0.659171866330929	1.45054073483554
0.659571849259528	1.4573461557145
0.659971832188127	1.46444904785124
0.660371815116726	1.47184662654253
0.660771798045325	1.47953619143473
0.661171780973923	1.48751461284709
0.661571763902522	1.49577788483369
0.661971746831121	1.5043206923164
0.66237172975972	1.51313615033974
0.662771712688319	1.52221548012911
0.663171695616918	1.53154754690503
0.663571678545517	1.54111835903245
0.663971661474116	1.55091087892801
0.664371644402714	1.56090495398432
0.664771627331313	1.57107751460405
0.665171610259912	1.58140334595593
0.665571593188511	1.59185621033066
0.66597157611711	1.60241018139438
0.666371559045709	1.61304085177289
0.666771541974308	1.62372604433792
0.667171524902906	1.63444581296745
0.667571507831505	1.64518199422626
0.667971490760104	1.65591738312467
0.668371473688703	1.66663488197413
0.668771456617302	1.67731706787369
0.669171439545901	1.6879463530779
0.6695714224745	1.69850550886567
0.669971405403099	1.70897831976922
0.670371388331697	1.71934991401637
0.670771371260296	1.72960679453488
0.671171354188895	1.73973650331076
0.671571337117494	1.74972718822756
0.671971320046093	1.75956707706606
0.672371302974692	1.76924425875998
0.672771285903291	1.77874661756508
0.673171268831889	1.78806184457608
0.673571251760488	1.79717721847979
0.673971234689087	1.80607904319006
0.674371217617686	1.81475184295467
0.674771200546285	1.82317781897032
0.675171183474884	1.83133660968015
0.675571166403483	1.83920557639988
0.675971149332081	1.84676046629905
0.67637113226068	1.8539764414483
0.676771115189279	1.8608292698304
0.677171098117878	1.86729660839231
0.677571081046477	1.8733591511723
0.677971063975076	1.87900158625323
0.678371046903675	1.88421323514835
0.678771029832274	1.88898832536247
0.679171012760872	1.8933256913818
0.679570995689471	1.89722818918584
0.67997097861807	1.90070192049069
0.680370961546669	1.90375542847201
0.680770944475268	1.9063989137217
0.681170927403867	1.90864374451686
0.681570910332466	1.91050208542979
0.681970893261064	1.91198662801126
0.682370876189663	1.91311037618743
0.682770859118262	1.91388630591672
0.683170842046861	1.91432672939559
0.68357082497546	1.91444278817004
0.683970807904059	1.91424414341421
0.684370790832658	1.91373870939334
0.684770773761257	1.91293256062732
0.685170756689855	1.9118302790549
0.685570739618454	1.91043529913582
0.685970722547053	1.9087504674587
0.686370705475652	1.90677878538193
0.686770688404251	1.90452403127812
0.68717067133285	1.90199117003408
0.687570654261449	1.89918686380192
0.687970637190047	1.89611983309809
0.688370620118646	1.89280093347555
0.688770603047245	1.88924335737468
0.689170585975844	1.88546302464056
0.689570568904443	1.88147859432328
0.689970551833042	1.87731137944094
0.690370534761641	1.87298538224062
0.690770517690239	1.86852707755009
0.691170500618838	1.86396486722251
0.691570483547437	1.85932861559728
0.691970466476036	1.85464910350404
0.692370449404635	1.8499572080448
0.692770432333234	1.84528317376188
0.693170415261833	1.84065609295507
0.693570398190432	1.83610315567542
0.69397038111903	1.83164870016907
0.694370364047629	1.82731344797765
0.694770346976228	1.82311351412054
0.695170329904827	1.81905937981245
0.695570312833426	1.81515554678233
0.695970295762025	1.81140088465588
0.696370278690624	1.80778929381951
0.696770261619222	1.80431087118707
0.697170244547821	1.80095332185995
0.69757022747642	1.79770311210722
0.697970210405019	1.79454613334586
0.698370193333618	1.79146826363218
0.698770176262217	1.7884558435448
0.699170159190816	1.78549606916222
0.699570142119414	1.78257742404425
0.699970125048013	1.7796900267228
0.700370107976612	1.77682560661712
0.700770090905211	1.77397708850384
0.70117007383381	1.77113781626181
0.701570056762409	1.76830068474538
0.701970039691008	1.76545748395904
0.702370022619607	1.76259869562697
0.702770005548205	1.75971397525067
0.703169988476804	1.75679298024085
0.703569971405403	1.75382627611806
0.703969954334002	1.75080623353702
0.704369937262601	1.74772773158732
0.7047699201912	1.74458832620843
0.705169903119799	1.74138818840238
0.705569886048397	1.73812995884792
0.705969868976996	1.73481868513966
0.706369851905595	1.73146169147579
0.706769834834194	1.72806854181534
0.707169817762793	1.72465092571297
0.707569800691392	1.7212224061872
0.707969783619991	1.71779804370279
0.70836976654859	1.71439381272253
0.708769749477188	1.71102577954699
0.709169732405787	1.70770926372158
0.709569715334386	1.70445800604662
0.709969698262985	1.70128336671881
0.710369681191584	1.69819388240923
0.710769664120183	1.69519543166264
0.711169647048782	1.6922919084984
0.71156962997738	1.6894863665064
0.711969612905979	1.6867824026534
0.712369595834578	1.68418521144909
0.712769578763177	1.68170200132965
0.713169561691776	1.67934174576667
0.713569544620375	1.67711418000805
0.713969527548974	1.67502839733313
0.714369510477572	1.67309178060015
0.714769493406171	1.67130954992583
0.71516947633477	1.66968487689601
0.715569459263369	1.66821944887719
0.715969442191968	1.66691428833599
0.716369425120567	1.66577043665851
0.716769408049166	1.6647892824598
0.717169390977765	1.66397262327611
0.717569373906363	1.66332262040667
0.717969356834962	1.66284157538323
0.718369339763561	1.66253177563715
0.71876932269216	1.66239547861462
0.719169305620759	1.66243484504576
0.719569288549358	1.66265182666908
0.719969271477957	1.66304829190292
0.720369254406555	1.66362619398067
0.720769237335154	1.66438749299819
0.721169220263753	1.66533396576579
0.721569203192352	1.66646704331171
0.721969186120951	1.66778735985901
0.72236916904955	1.66929426725361
0.722769151978149	1.67098559628427
0.723169134906748	1.67285761936847
0.723569117835346	1.67490506438063
0.723969100763945	1.67712119508977
0.724369083692544	1.67949802468122
0.724769066621143	1.68202648919059
0.725169049549742	1.68469656693911
0.725569032478341	1.68749738290567
0.72596901540694	1.69041738851965
0.726368998335538	1.69344445359284
0.726768981264137	1.69656603083667
0.727168964192736	1.69976921240286
0.727568947121335	1.70304044251042
0.727968930049934	1.70636500334142
0.728368912978533	1.70972664264812
0.728768895907132	1.71310718380073
0.72916887883573	1.71648616296491
0.729568861764329	1.71984088287999
0.729968844692928	1.72314695766995
0.730368827621527	1.72637891940192
0.730768810550126	1.7295108859925
0.731168793478725	1.73251736081729
0.731568776407324	1.73537406729419
0.731968759335923	1.73805860693069
0.732368742264521	1.74055115687294
0.73276872519312	1.74283517784534
0.733168708121719	1.74489801605955
0.733568691050318	1.74673137283347
0.733968673978917	1.74833158671231
0.734368656907516	1.74969947731661
0.734768639836115	1.75083971933484
0.735168622764714	1.75175991187295
0.735568605693312	1.75246939217757
0.735968588621911	1.75297797581935
0.73636857155051	1.75329491357188
0.736768554479109	1.75342813873945
0.737168537407708	1.75338386111904
0.737568520336307	1.75316638262471
0.737968503264905	1.75277808879158
0.738368486193504	1.75221964130968
0.738768469122103	1.75149047970348
0.739168452050702	1.75058956256315
0.739568434979301	1.74951626457573
0.7399684179079	1.7482714838018
0.740368400836499	1.7468586173613
0.740768383765098	1.74528401874181
0.741168366693696	1.74355697274806
0.741568349622295	1.7416890668305
0.741968332550894	1.73969314510729
0.742368315479493	1.73758238009648
0.742768298408092	1.73536976358979
0.743168281336691	1.73306778873023
0.74356826426529	1.73068837994018
0.743968247193888	1.72824303627882
0.744368230122487	1.72574279877767
0.744768213051086	1.72319804418853
0.745168195979685	1.72061856895886
0.745568178908284	1.71801400170996
0.745968161836883	1.71539439263057
0.746368144765482	1.71277088459875
0.746768127694081	1.71015607637825
0.747168110622679	1.70756377063931
0.747568093551278	1.7050083318274
0.747968076479877	1.70250378631645
0.748368059408476	1.70006285772615
0.748768042337075	1.69769634809713
0.749168025265674	1.6954129972105
0.749568008194273	1.69321961497124
0.749967991122871	1.69112126973561
0.75036797405147	1.68912142885514
0.750767956980069	1.68722203972398
0.751167939908668	1.68542367575818
0.751567922837267	1.68372573712274
0.751967905765866	1.68212662706391
0.752367888694465	1.68062384644139
0.752767871623063	1.679213943928
0.753167854551662	1.67789207137498
0.753567837480261	1.67665132584599
0.75396782040886	1.67548219059167
0.754367803337459	1.67437219617868
0.754767786266058	1.67330620211886
0.755167769194657	1.67226724892068
0.755567752123256	1.67123774236081
0.755967735051854	1.67020075020879
0.756367717980453	1.6691412274046
0.756767700909052	1.66804667121224
0.757167683837651	1.66690699189892
0.75756766676625	1.66571400561254
0.757967649694849	1.66446084519072
0.758367632623448	1.66314138250367
0.758767615552047	1.66174998933021
0.759167598480645	1.66028182212879
0.759567581409244	1.65873356805726
0.759967564337843	1.65710399150783
0.760367547266442	1.65539409287669
0.760767530195041	1.65360680760602
0.76116751312364	1.65174636664752
0.761567496052239	1.64981754306389
0.761967478980837	1.6478252379054
0.762367461909436	1.6457742582399
0.762767444838035	1.643669290672
0.763167427766634	1.64151530344014
0.763567410695233	1.63931772527731
0.763967393623832	1.63708187479336
0.764367376552431	1.63481227064988
0.764767359481029	1.63251226521267
0.765167342409628	1.63018371801429
0.765567325338227	1.62782707595924
0.765967308266826	1.62544219338578
0.766367291195425	1.62302945853088
0.766767274124024	1.620590858792
0.767167257052623	1.61813083319175
0.767567239981222	1.61565644817412
0.76796722290982	1.61317708459911
0.768367205838419	1.61070405759261
0.768767188767018	1.60825006651318
0.769167171695617	1.60582848092069
0.769567154624216	1.60345272606414
0.769967137552815	1.60113567699522
0.770367120481414	1.59888887791463
0.770767103410012	1.59672164042757
0.771167086338611	1.59464027338443
0.77156706926721	1.59264777210746
0.771967052195809	1.59074407872447
0.772367035124408	1.58892681514149
0.772767018053007	1.58719214682636
0.773167000981606	1.58553575801724
0.773566983910205	1.58395354767645
0.773966966838803	1.58244187681275
0.774366949767402	1.5809972638873
0.774766932696001	1.57961602100362
0.7751669156246	1.57829409614798
0.775566898553199	1.57702737777964
0.775966881481798	1.57581249114336
0.776366864410396	1.57464806728899
0.776766847338995	1.57353576160459
0.777166830267594	1.57248088398179
0.777566813196193	1.57149234824608
0.777966796124792	1.57058173393444
0.778366779053391	1.56976174488319
0.77876676198199	1.56904478643697
0.779166744910589	1.56844177072659
0.779566727839187	1.56796164109464
0.779966710767786	1.56761154424257
0.780366693696385	1.5673972528714
0.780766676624984	1.56732344087958
0.781166659553583	1.56739389009611
0.781566642482182	1.56761133622573
0.781966625410781	1.56797695035733
0.78236660833938	1.56848994773443
0.782766591267978	1.56914764581687
0.783166574196577	1.5699456822405
0.783566557125176	1.5708784083729
0.783966540053775	1.57193947987805
0.784366522982374	1.57312236491481
0.784766505910973	1.57442071946617
0.785166488839572	1.57582863203003
0.78556647176817	1.5773407108705
0.785966454696769	1.57895200724109
0.786366437625368	1.58065794118439
0.786766420553967	1.58245437661245
0.787166403482566	1.58433757723874
0.787566386411165	1.58630392075887
0.787966369339764	1.58834979369361
0.788366352268362	1.59047130609483
0.788766335196961	1.59266348079481
0.78916631812556	1.59491946947341
0.789566301054159	1.59723009852357
0.789966283982758	1.5995835910597
0.790366266911357	1.60196568435076
0.790766249839956	1.60436039009106
0.791166232768555	1.60675089041379
0.791566215697153	1.60912026921962
0.791966198625752	1.61145219904945
0.792366181554351	1.6137313366844
0.79276616448295	1.61594322804553
0.793166147411549	1.61807434823037
0.793566130340148	1.62011221574107
0.793966113268747	1.62204536381904
0.794366096197345	1.62386319115959
0.794766079125944	1.62555586564174
0.795166062054543	1.62711392337148
0.795566044983142	1.62852766978303
0.795966027911741	1.62978668750118
0.79636601084034	1.63087980829476
0.796765993768939	1.63179546444795
0.797165976697538	1.63252249378972
0.797565959626136	1.63305128448507
0.797965942554735	1.63337487788742
0.798365925483334	1.63348962427629
0.798765908411933	1.63339564079782
0.799165891340532	1.63309692992278
0.799565874269131	1.63260106477252
0.79996585719773	1.63191866136013
0.800365840126328	1.6310630597765
0.800765823054927	1.63004983670699
0.801165805983526	1.62889610883708
0.801565788912125	1.62761996433879
0.801965771840724	1.62623992117356
0.802365754769323	1.62477432708835
0.802765737697922	1.62324092393157
0.80316572062652	1.62165658051986
0.803565703555119	1.62003699902768
0.803965686483718	1.61839641798238
0.804365669412317	1.6167475080203
0.804765652340916	1.61510124616215
0.805165635269515	1.61346699288623
0.805565618198114	1.61185292215395
0.805965601126713	1.6102666552025
0.806365584055311	1.60871561154552
0.80676556698391	1.60720716449258
0.807165549912509	1.60574853845441
0.807565532841108	1.604346482724
0.807965515769707	1.6030068572128
0.808365498698306	1.60173457740495
0.808765481626905	1.60053387200796
0.809165464555504	1.59940867046132
0.809565447484102	1.59836289623209
0.809965430412701	1.59740064928682
0.8103654133413	1.59652607085432
0.810765396269899	1.59574308112394
0.811165379198498	1.59505488577421
0.811565362127097	1.59446346033169
0.811965345055696	1.59396911760289
0.812365327984294	1.59357030581294
0.812765310912893	1.5932634228654
0.813165293841492	1.59304282474349
0.813565276770091	1.59290100797893
0.81396525969869	1.5928288078929
0.814365242627289	1.59281557365506
0.814765225555888	1.59284943117851
0.815165208484486	1.59291759268631
0.815565191413085	1.5930068491257
0.815965174341684	1.59310450010887
0.816365157270283	1.59319957970922
0.816765140198882	1.59328415183541
0.817165123127481	1.59335440935955
0.81756510605608	1.59341103330738
0.817965088984678	1.59345859679419
0.818365071913277	1.59350431296848
0.818765054841876	1.59355647409253
0.819165037770475	1.59362304693397
0.819565020699074	1.59371090135477
0.819965003627673	1.5938258295713
0.820364986556272	1.59397311201555
0.820764969484871	1.59415831756538
0.821164952413469	1.59438781154981
0.821564935342068	1.59466876782301
0.821964918270667	1.59500864476799
0.822364901199266	1.5954141747439
0.822764884127865	1.59589007815647
0.823164867056464	1.59643808840868
0.823564849985063	1.59705643353768
0.823964832913662	1.59773979534584
0.82436481584226	1.59847979968413
0.824764798770859	1.5992658434909
0.825164781699458	1.60008602304813
0.825564764628057	1.60092795683665
0.825964747556656	1.60177946826383
0.826364730485255	1.60262896278118
0.826764713413853	1.60346551362267
0.827164696342452	1.60427881149913
0.827564679271051	1.6050590452568
0.82796466219965	1.60579673107955
0.828364645128249	1.60648260320276
0.828764628056848	1.607107752687
0.829164610985447	1.607664120662
0.829564593914046	1.60814513090578
0.829964576842644	1.60854638041706
0.830364559771243	1.6088661711768
0.830764542699842	1.60910567783296
0.831164525628441	1.609268475203
0.83156450855704	1.60935962326209
0.831964491485639	1.60938456679321
0.832364474414238	1.60934819232918
0.832764457342836	1.60925435083923
0.833164440271435	1.60910577511394
0.833564423200034	1.60890429138121
0.833964406128633	1.60865105855533
0.834364389057232	1.60834668640266
0.834764371985831	1.60799111230783
0.83516435491443	1.60758309968453
0.835564337843029	1.6071196855466
0.835964320771627	1.60659588468817
0.836364303700226	1.60600473424938
0.836764286628825	1.60533762688193
0.837164269557424	1.60458485848139
0.837564252486023	1.603736227307
0.837964235414622	1.60278152791099
0.838364218343221	1.60171088914696
0.838764201271819	1.60051490785844
0.839164184200418	1.59918468204233
0.839564167129017	1.59771193994075
0.839964150057616	1.59608916154695
0.840364132986215	1.59430958294306
0.840764115914814	1.59236706117941
0.841164098843413	1.59025592685762
0.841564081772011	1.58797084322471
0.84196406470061	1.58550673800813
0.842364047629209	1.58285869320726
0.842764030557808	1.58002184200907
0.843164013486407	1.57699141518358
0.843563996415006	1.57376284957708
0.843963979343605	1.57033201176506
0.844363962272204	1.56669565912676
0.844763945200802	1.56285222616313
0.845163928129401	1.5588028178312
0.845563911058	1.55455219223236
0.845963893986599	1.55010934343613
0.846363876915198	1.54548753986304
0.846763859843797	1.54070353093902
0.847163842772396	1.53577607409116
0.847563825700995	1.53072408708776
0.847963808629593	1.52556488301949
0.848363791558192	1.5203128276052
0.848763774486791	1.51497868821619
0.84916375741539	1.50956964423177
0.849563740343989	1.50408980805491
0.849963723272588	1.49854115980181
0.850363706201187	1.49292443111647
0.850763689129785	1.48723964355202
0.851163672058384	1.48148650250991
0.851563654986983	1.47566473370363
0.851963637915582	1.46977417676981
0.852363620844181	1.46381483554665
0.85276360377278	1.45778716519526
0.853163586701379	1.45169249168728
0.853563569629977	1.44553319035601
0.853963552558576	1.4393127102165
0.854363535487175	1.43303554973016
0.854763518415774	1.42670723140982
0.855163501344373	1.42033426295
0.855563484272972	1.41392446690734
0.855963467201571	1.4074872713741
0.85636345013017	1.40103366535649
0.856763433058768	1.39457600501709
0.857163415987367	1.38812741237164
0.857563398915966	1.38170046159429
0.857963381844565	1.37530581768182
0.858363364773164	1.36895157767886
0.858763347701763	1.36264310284788
0.859163330630362	1.35638344992077
0.85956331355896	1.35017455546411
0.859963296487559	1.34401850091393
0.860363279416158	1.33791836588171
0.860763262344757	1.33187861881437
0.861163245273356	1.32590491620579
0.861563228201955	1.32000340988632
0.861963211130554	1.3141802764284
0.862363194059153	1.30844154855169
0.862763176987751	1.30279327228429
0.86316315991635	1.29724210882846
0.863563142844949	1.29179605856793
0.863963125773548	1.28646483595288
0.864363108702147	1.28125974310216
0.864763091630746	1.27619296893329
0.865163074559344	1.27127661089032
0.865563057487943	1.26652191186122
0.865963040416542	1.26193894542449
0.866363023345141	1.25753673203675
0.86676300627374	1.25332392114625
0.867162989202339	1.24930964777793
0.867562972130938	1.2455039990934
0.867962955059537	1.24191774326789
0.868362937988135	1.23856145862153
0.868762920916734	1.23544439710238
0.869162903845333	1.23257339163361
0.869562886773932	1.2299522623394
0.869962869702531	1.22758209405527
0.87036285263113	1.22546218805464
0.870762835559729	1.22359120246141
0.871162818488328	1.2219680315686
0.871562801416926	1.22059215671161
0.871962784345525	1.21946327005733
0.872362767274124	1.21858045454988
0.872762750202723	1.21794127250058
0.873162733131322	1.21754110875041
0.873562716059921	1.2173728558316
0.87396269898852	1.21742698698088
0.874362681917118	1.21769180248054
0.874762664845717	1.21815365419597
0.875162647774316	1.21879693748906
0.875562630702915	1.21960404196839
0.875962613631514	1.22055537474055
0.876362596560113	1.22162967158577
0.876762579488712	1.22280453475066
0.87716256241731	1.22405736532865
0.877562545345909	1.22536638417829
0.877962528274508	1.22671135030229
0.878362511203107	1.22807404726572
0.878762494131706	1.229438579286
0.879162477060305	1.23079133708591
0.879562459988904	1.23212072820837
0.879962442917503	1.2334171631048
0.880362425846101	1.2346731969688
0.8807624087747	1.23588359487501
0.881162391703299	1.23704530184135
0.881562374631898	1.2381574132817
0.881962357560497	1.2392209342082
0.882362340489096	1.24023828759645
0.882762323417695	1.24121281942679
0.883162306346293	1.24214838609304
0.883562289274892	1.24304900535768
0.883962272203491	1.24391886685342
0.88436225513209	1.24476270912739
0.884762238060689	1.24558622235914
0.885162220989288	1.24639630778001
0.885562203917887	1.24720138052841
0.885962186846486	1.248011375099
0.886362169775084	1.24883714305923
0.886762152703683	1.24968962506603
0.887162135632282	1.25057914328651
0.887562118560881	1.25151467065045
0.88796210148948	1.25250307384143
0.888362084418079	1.25354863006231
0.888762067346678	1.25465276576203
0.889162050275276	1.25581391435
0.889562033203875	1.2570276877186
0.889962016132474	1.25828749458943
0.890361999061073	1.25932941960487
0.890761981989672	1.26047064590793
0.891161964918271	1.26167844215539
0.89156194784687	1.26293278290696
0.891961930775468	1.26422215490902
0.892361913704067	1.26554063337653
0.892761896632666	1.26688586490501
0.893161879561265	1.26825769521789
0.893561862489864	1.26965724341889
0.893961845418463	1.27108628789194
0.894361828347062	1.27254685768384
0.894761811275661	1.27404097259227
0.895161794204259	1.27557048575234
0.895561777132858	1.27713700854711
0.895961760061457	1.27874189166235
0.896361742990056	1.28038624831103
0.896761725918655	1.28207099960307
0.897161708847254	1.28379692035157
0.897561691775853	1.28556468004603
0.897961674704451	1.28737488145956
0.89836165763305	1.28922809284437
0.898761640561649	1.29112486788834
0.899161623490248	1.29306576087972
0.899561606418847	1.29505134406696
0.899961589347446	1.29708222047881
0.900361572276045	1.29915902309222
0.900761555204644	1.30128240697446
0.901161538133242	1.303453040944
0.901561521061841	1.30567159901852
0.90196150399044	1.3079387476333
0.902361486919039	1.31025514266128
0.902761469847638	1.31262143118888
0.903161452776237	1.31503825188627
0.903561435704836	1.31750623044585
0.903961418633434	1.32002597070966
0.904361401562033	1.32259803589473
0.904761384490632	1.32522293013982
0.905161367419231	1.32790109142065
0.90556135034783	1.33063289682448
0.905961333276429	1.33341867807441
0.906361316205028	1.33625875148966
0.906761299133626	1.33915345199694
0.907161282062225	1.34210315944585
0.907561264990824	1.3451083113694
0.907961247919423	1.34816940414384
0.908361230848022	1.35128697918921
0.908761213776621	1.35446160275694
0.90916119670522	1.35769384682518
0.909561179633819	1.36098427838715
0.909961162562417	1.36433345759779
0.910361145491016	1.36774194138375
0.910761128419615	1.37121028663061
0.911161111348214	1.37473904887877
0.911561094276813	1.37832877253144
0.911961077205412	1.38197997553863
0.912361060134011	1.38569313388184
0.912761043062609	1.38946867224826
0.913161025991208	1.39330696530613
0.913561008919807	1.39720835109339
0.913960991848406	1.40117315095848
0.914360974777005	1.40520168767394
0.914760957705604	1.40929429396844
0.915160940634203	1.41345130912334
0.915560923562801	1.41767306660388
0.9159609064914	1.42195987763745
0.916360889419999	1.42631201829556
0.916760872348598	1.4307297272776
0.917160855277197	1.43521321497409
0.917560838205796	1.43976267895962
0.917960821134395	1.44437831829096
0.918360804062994	1.4490603436372
0.918760786991592	1.45380897737673
0.919160769920191	1.45862444609345
0.91956075284879	1.46350696866221
0.919960735777389	1.46845674462295
0.920360718705988	1.47347394469353
0.920760701634587	1.47855870680968
0.921160684563186	1.48371113526887
0.921560667491784	1.48893130129428
0.921960650420383	1.49421924064273
0.922360633348982	1.49957495188371
0.922760616277581	1.50499839483992
0.92316059920618	1.5104894917064
0.923560582134779	1.51604812949966
0.923960565063378	1.52167416850448
0.924360547991977	1.52736745331417
0.924760530920575	1.53312782125204
0.925160513849174	1.53895510676615
0.925560496777773	1.54484914266654
0.925960479706372	1.55080975669129
0.926360462634971	1.55683676618106
0.92676044556357	1.56292997840407
0.927160428492169	1.56908919613847
0.927560411420767	1.57531422729651
0.927960394349366	1.58160489774224
0.928360377277965	1.58796106289955
0.928760360206564	1.5943826124961
0.929160343135163	1.60086947117599
0.929560326063762	1.6074215972609
0.929960308992361	1.61403898217536
0.930360291920959	1.62072165138694
0.930760274849558	1.62746967387444
0.931160257778157	1.63428317534404
0.931560240706756	1.64116235013134
0.931960223635355	1.64810746660605
0.932360206563954	1.65511886740642
0.932760189492553	1.66219695975999
0.933160172421152	1.66934219796208
0.93356015534975	1.67655505789876
0.933960138278349	1.68383601382062
0.934360121206948	1.69118551587838
0.934760104135547	1.69860397003263
0.935160087064146	1.70609171720754
0.935560069992745	1.7136490206419
0.935960052921344	1.72127606170164
0.936360035849942	1.72897294952397
0.936760018778541	1.73673974469593
