0	1.20140208602368
0.000399982858367259	1.20219395021435
0.000799965716734519	1.20297889197366
0.00119994857510178	1.20375676174817
0.00159993143346904	1.20452742663683
0.0019999142918363	1.2052907723042
0.00239989715020356	1.2060467015199
0.00279988000857082	1.20679513068215
0.00319986286693808	1.20753598696831
0.00359984572530534	1.20826920211903
0.0039998285836726	1.20899470130123
0.00439981144203985	1.20971238629375
0.00479979430040711	1.21042211622268
0.00519977715877437	1.21112369396712
0.00559976001714163	1.21181685978346
0.00599974287550889	1.21250128937603
0.00639972573387615	1.21317659681048
0.00679970859224341	1.21384233790166
0.00719969145061067	1.21449801413735
0.00759967430897793	1.21514307936719
0.00799965716734519	1.21577695100824
0.00839964002571245	1.2163990243222
0.00879962288407971	1.21700869136323
0.00919960574244697	1.2176053623167
0.00959958860081423	1.21818848610108
0.00999957145918149	1.21875756422615
0.0103995543175487	1.21931215819677
0.010799537175916	1.21985189184645
0.0111995200342833	1.22037645042963
0.0115995028926505	1.22088557450607
0.0119994857510178	1.221379050956
0.012399468609385	1.22185670465706
0.0127994514677523	1.2223183908763
0.0131994343261196	1.22276398763494
0.0135994171844868	1.22319339218221
0.0139994000428541	1.22360652114011
0.0143993829012213	1.22400331367292
0.0147993657595886	1.22438373784119
0.0151993486179559	1.22474779826961
0.0155993314763231	1.22509554177294
0.0159993143346904	1.22542705888471
0.0163992971930576	1.22574248196915
0.0167992800514249	1.22604198037768
0.0171992629097922	1.22632575321227
0.0175992457681594	1.22659402112412
0.0179992286265267	1.22684701981483
0.0183992114848939	1.22708499499947
0.0187991943432612	1.22730819636508
0.0191991772016285	1.22751687358171
0.0195991600599957	1.2277112755101
0.019999142918363	1.22789164933543
0.0203991257767302	1.22805824025139
0.0207991086350975	1.22821129453666
0.0211990914934648	1.22835106175806
0.021599074351832	1.22847779538423
0.0219990572101993	1.22859175781546
0.0223990400685665	1.22869322799753
0.0227990229269338	1.2287825105553
0.0231990057853011	1.22885994701371
0.0235989886436683	1.2289259255601
0.0239989715020356	1.228980886008
0.0243989543604028	1.22902531984603
0.0247989372187701	1.22905976373932
0.0251989200771373	1.22908478755356
0.0255989029355046	1.22910098451376
0.0259988857938719	1.22910896721789
0.0263988686522391	1.22910936859319
0.0267988515106064	1.22910284389074
0.0271988343689736	1.22909007096004
0.0275988172273409	1.22907174644594
0.0279988000857082	1.22904858069561
0.0283987829440754	1.22902128891526
0.0287987658024427	1.22899058423685
0.0291987486608099	1.22895717731125
0.0295987315191772	1.22892177991114
0.0299987143775445	1.22888510352568
0.0303986972359117	1.22884785276757
0.030798680094279	1.22881071243867
0.0311986629526462	1.22877433280204
0.0315986458110135	1.22873931800902
0.0319986286693808	1.22870622211919
0.032398611527748	1.22867555422959
0.0327985943861153	1.22864779962324
0.0331985772444825	1.22862345186159
0.0335985601028498	1.22860304889496
0.0339985429612171	1.22858720224458
0.0343985258195843	1.22857661710537
0.0347985086779516	1.22857210046174
0.0351984915363188	1.22857455105615
0.0355984743946861	1.22858492968799
0.0359984572530534	1.22860422115781
0.0363984401114206	1.22863339357276
0.0367984229697879	1.22867336041997
0.0371984058281551	1.22872495265195
0.0375983886865224	1.22878890661326
0.0379983715448897	1.22886586043114
0.0383983544032569	1.22895635493231
0.0387983372616242	1.22906082003229
0.0391983201199914	1.22917953193315
0.0395983029783587	1.22931253100822
0.0399982858367259	1.22945950892852
0.0403982686950932	1.22961966552233
0.0407982515534605	1.22979154575022
0.0411982344118277	1.22997286398825
0.041598217270195	1.23016032131614
0.0419982001285622	1.23034939647358
0.0423981829869295	1.23053409587147
0.0427981658452968	1.23070662186782
0.043198148703664	1.23085694519251
0.0435981315620313	1.2309722661302
0.0439981144203985	1.23103639076263
0.0443980972787658	1.23102906344019
0.0447980801371331	1.23092536460164
0.0451980629955003	1.23069533400395
0.0455980458538676	1.23030401649682
0.0459980287122348	1.22971214386315
0.0463980115706021	1.22887766029648
0.0467979944289694	1.2281544318155
0.0471979772873366	1.22729861751022
0.0475979601457039	1.2263071147727
0.0479979430040711	1.22517759154316
0.0483979258624384	1.22390828129876
0.0487979087208057	1.22249806485443
0.0491978915791729	1.220946743184
0.0495978744375402	1.21925539053549
0.0499978572959074	1.2174268532255
0.0503978401542747	1.21546618511959
0.050797823012642	1.21338079341712
0.0511978058710092	1.21118030488793
0.0515977887293765	1.2088761819692
0.0519977715877437	1.20648121941631
0.052397754446111	1.20400906383427
0.0527977373044783	1.2014737151087
0.0531977201628455	1.19888887857611
0.0535977030212128	1.19626710889573
0.05399768587958	1.19361900811088
0.0543976687379473	1.19095262324105
0.0547976515963145	1.1882731178585
0.0551976344546818	1.18558285574066
0.0555976173130491	1.18288207230409
0.0559976001714163	1.18016994626023
0.0563975830297836	1.17744582040568
0.0567975658881508	1.17471018517734
0.0571975487465181	1.17196513168898
0.0575975316048854	1.1692141951184
0.0579975144632526	1.16646177099182
0.0583974973216199	1.16371215854038
0.0587974801799871	1.16096856343605
0.0591974630383544	1.15823254106878
0.0595974458967217	1.15550400928426
0.0599974287550889	1.15278169637993
0.0603974116134562	1.15006400574563
0.0607973944718234	1.1473499250859
0.0611973773301907	1.14463968452596
0.061597360188558	1.14193511254197
0.0619973430469252	1.1392396651921
0.0623973259052925	1.13655811900214
0.0627973087636597	1.13389602748241
0.063197291622027	1.13125917632834
0.0635972744803943	1.12865308747455
0.0639972573387615	1.12608262533479
0.0643972401971288	1.12355172392544
0.064797223055496	1.12106333751591
0.0651972059138633	1.11861960280368
0.0655971887722306	1.11622209781448
0.0659971716305978	1.11387223379466
0.0663971544889651	1.11157156529239
0.0667971373473323	1.10932182540579
0.0671971202056996	1.10712463949595
0.0675971030640669	1.10498106672855
0.0679970859224341	1.10289083955607
0.0683970687808014	1.10085163743273
0.0687970516391686	1.09885885803803
0.0691970344975359	1.09690601480984
0.0695970173559032	1.09498558107728
0.0699970002142704	1.0930900655034
0.0703969830726377	1.0912129692142
0.0707969659310049	1.08934954383185
0.0711969487893722	1.08749711407703
0.0715969316477394	1.08565485515048
0.0719969145061067	1.08382310883332
0.072396897364474	1.08200278698824
0.0727968802228412	1.0801950114863
0.0731968630812085	1.07840109410023
0.0735968459395757	1.07662254224233
0.073996828797943	1.07486113598603
0.0743968116563103	1.0731189852041
0.0747967945146775	1.07139859330524
0.0751967773730448	1.06970272676034
0.075596760231412	1.06803447310909
0.0759967430897793	1.06639755536274
0.0763967259481466	1.06479673859028
0.0767967088065138	1.0632379197671
0.0771966916648811	1.06172788178063
0.0775966745232483	1.06027362550402
0.0779966573816156	1.05888150974888
0.0783966402399829	1.05755635801639
0.0787966230983501	1.05630069892681
0.0791966059567174	1.05511437833704
0.0795965888150846	1.05399487949169
0.0799965716734519	1.0529381041393
0.0803965545318192	1.05193931986607
0.0807965373901864	1.0509940440869
0.0811965202485537	1.05009875640889
0.0815965031069209	1.04925119079966
0.0819964859652882	1.04845008776756
0.0823964688236554	1.04769458381502
0.0827964516820227	1.04698337105096
0.08319643454039	1.04631377244761
0.0835964173987572	1.04568113072204
0.0839964002571245	1.04507867545232
0.0843963831154917	1.04449788917436
0.084796365973859	1.04392949404031
0.0851963488322263	1.04336493310025
0.0855963316905935	1.04279767629129
0.0859963145489608	1.04222415331582
0.0863962974073281	1.04164407997814
0.0867962802656953	1.04105990741913
0.0871962631240626	1.04047549536781
0.0875962459824298	1.03989472347246
0.0879962288407971	1.03932030173967
0.0883962116991644	1.0387531545518
0.0887961945575316	1.0381927175766
0.0891961774158989	1.03763800170624
0.0895961602742661	1.03708878540666
0.0899961431326334	1.03654686252202
0.0903961259910007	1.0360168595946
0.0907961088493679	1.03550641808146
0.0911960917077352	1.03502580736027
0.0915960745661024	1.03458733998858
0.0919960574244697	1.03420475556358
0.0923960402828369	1.03389259911041
0.0927960231412042	1.03366545220794
0.0931960059995715	1.03353709047427
0.0935959888579387	1.03351967215524
0.093995971716306	1.03362292069884
0.0943959545746732	1.03385363824328
0.0947959374330405	1.03421579410821
0.0951959202914078	1.03471082819034
0.095595903149775	1.03533802320808
0.0959958860081423	1.03609498966196
0.0963958688665095	1.03697775715342
0.0967958517248768	1.03798029859401
0.0971958345832441	1.03909417010561
0.0975958174416113	1.04030858041524
0.0979958002999786	1.04161043795251
0.0983957831583458	1.04298477074132
0.0987957660167131	1.04441559743755
0.0991957488750804	1.04588684841538
0.0995957317334476	1.04738312906907
0.0999957145918149	1.04889058991048
0.100395697450182	1.05039769010634
0.100795680308549	1.0518959036059
0.101195663166917	1.05338042317317
0.101595646025284	1.05485049311093
0.101995628883651	1.0563090502978
0.102395611742018	1.05776195657093
0.102795594600386	1.05921706995555
0.103195577458753	1.06068319386029
0.10359556031712	1.06216914366934
0.103995543175487	1.0636832523652
0.104395526033855	1.06523344409608
0.104795508892222	1.06682767946427
0.105195491750589	1.06847454449911
0.105595474608957	1.07018365027038
0.105995457467324	1.07196596347974
0.106395440325691	1.07383370145497
0.106795423184058	1.07579980533226
0.107195406042426	1.07787702365614
0.107595388900793	1.08007697583827
0.10799537175916	1.08240931839985
0.108395354617527	1.08488138969908
0.108795337475895	1.08749834514081
0.109195320334262	1.0902637398934
0.109595303192629	1.09318020649777
0.109995286050996	1.09625002448827
0.110395268909364	1.0994751433121
0.110795251767731	1.10285667929604
0.111195234626098	1.10639404076674
0.111595217484465	1.11008410379501
0.111995200342833	1.1139205203148
0.1123951832012	1.11789349574704
0.112795166059567	1.1219899762727
0.113195148917934	1.126194110904
0.113595131776302	1.13048791587132
0.113995114634669	1.13485205446241
0.114395097493036	1.13926659061678
0.114795080351403	1.14371171678254
0.115195063209771	1.1481686056612
0.115595046068138	1.15262022119632
0.115995028926505	1.15705193626294
0.116395011784873	1.16145200061347
0.11679499464324	1.16581171571977
0.117194977501607	1.17012528955365
0.117594960359974	1.17438962652509
0.117994943218342	1.17860417964186
0.118394926076709	1.18277070841929
0.118794908935076	1.18689301799916
0.119194891793443	1.19097660925575
0.119594874651811	1.1950279949986
0.119994857510178	1.19905386141426
0.120394840368545	1.203060351849
0.120794823226912	1.20705241493328
0.12119480608528	1.21103326344021
0.121594788943647	1.21500392038998
0.121994771802014	1.21896277899033
0.122394754660381	1.22290511252204
0.122794737518749	1.22682275466409
0.123194720377116	1.23070403548116
0.123594703235483	1.23453418862488
0.12399468609385	1.23829617201063
0.124394668952218	1.24197191287062
0.124794651810585	1.24554365688344
0.125194634668952	1.24899513291083
0.125594617527319	1.25231224543293
0.125994600385687	1.25548339525403
0.126394583244054	1.25849937650639
0.126794566102421	1.26135289120409
0.127194548960789	1.26403789420215
0.127594531819156	1.26654898825392
0.127994514677523	1.26888075114923
0.12839449753589	1.27102726665822
0.128794480394258	1.27298200945887
0.129194463252625	1.27473794596383
0.129594446110992	1.27628785776457
0.129994428969359	1.27762483441245
0.130394411827727	1.27874262042227
0.130794394686094	1.27963552422378
0.131194377544461	1.28029827306679
0.131594360402828	1.28072587747704
0.131994343261196	1.28091363540159
0.132394326119563	1.28085726452154
0.13279430897793	1.28055321477148
0.133194291836297	1.27999883162933
0.133594274694665	1.27919250612057
0.133994257553032	1.27813367173706
0.134394240411399	1.27682273336594
0.134794223269766	1.27526111815984
0.135194206128134	1.27345162491813
0.135594188986501	1.27139873272116
0.135994171844868	1.26910889454006
0.136394154703235	1.26659071692273
0.136794137561603	1.26385489011757
0.13719412041997	1.26091379624713
0.137594103278337	1.25778107486327
0.137994086136705	1.2544710607647
0.138394068995072	1.25099833030685
0.138794051853439	1.247377500346
0.139194034711806	1.24362308996684
0.139594017570174	1.23974930710988
0.139994000428541	1.23576985201679
0.140393983286908	1.23169756082744
0.140793966145275	1.22754396854379
0.141193949003643	1.22331912626464
0.14159393186201	1.21903168291455
0.141993914720377	1.21468920617289
0.142393897578744	1.21029881195221
0.142793880437112	1.20586789406859
0.143193863295479	1.20140463674082
0.143593846153846	1.19691815536242
0.143993829012213	1.19241833766397
0.144393811870581	1.18791540713595
0.144793794728948	1.18341945370135
0.145193777587315	1.17894009880349
0.145593760445682	1.17448638012998
0.14599374330405	1.17006688278315
0.146393726162417	1.16569000906332
0.146793709020784	1.16136409073099
0.147193691879151	1.15709712729251
0.147593674737519	1.15289628704393
0.147993657595886	1.1487673053905
0.148393640454253	1.14471385884233
0.148793623312621	1.14073708141424
0.149193606170988	1.13683561636661
0.149593589029355	1.13300631018151
0.149993571887722	1.12924530226268
0.15039355474609	1.12554919052359
0.150793537604457	1.12191589814475
0.151193520462824	1.11834496152613
0.151593503321191	1.11483707802491
0.151993486179559	1.1113930101443
0.152393469037926	1.1080122247418
0.152793451896293	1.10469186361138
0.15319343475466	1.10142633874596
0.153593417613028	1.09820764375973
0.153993400471395	1.09502618120374
0.154393383329762	1.09187179943488
0.154793366188129	1.088734721202
0.155193349046497	1.08560619880233
0.155593331904864	1.08247883304178
0.155993314763231	1.07934670405688
0.156393297621598	1.07620545205535
0.156793280479966	1.07305232155282
0.157193263338333	1.06988607398679
0.1575932461967	1.06670676026376
0.157993229055067	1.06351535436626
0.158393211913435	1.06031336145394
0.158793194771802	1.05710256993751
0.159193177630169	1.05388516845056
0.159593160488537	1.05066424937851
0.159993143346904	1.04744445305322
0.160393126205271	1.04423257252574
0.160793109063638	1.04103768992332
0.161193091922006	1.0378707340734
0.161593074780373	1.0347435249049
0.16199305763874	1.03166764357718
0.162393040497107	1.02865340361718
0.162793023355475	1.02570951246358
0.163193006213842	1.02284342330089
0.163592989072209	1.02006196675056
0.163992971930576	1.01737203188273
0.164392954788944	1.01478130412991
0.164792937647311	1.01229862745025
0.165192920505678	1.00993400034744
0.165592903364045	1.00769835730375
0.165992886222413	1.00560322087555
0.16639286908078	1.00366027803493
0.166792851939147	1.00188118730597
0.167192834797514	1.00027715377844
0.167592817655882	0.998858262627351
0.167992800514249	0.997632850675171
0.168392783372616	0.99660701214896
0.168792766230983	0.995784158376591
0.169192749089351	0.995165019042292
0.169592731947718	0.994748017813542
0.169992714806085	0.99452988518053
0.170392697664453	0.994506384811814
0.17079268052282	0.994672896720778
0.171192663381187	0.995024667995462
0.171592646239554	0.995556972547895
0.171992629097922	0.996265197082579
0.172392611956289	0.997144745418768
0.172792594814656	0.99819105084766
0.173192577673023	0.999399940581211
0.173592560531391	1.00076813232151
0.173992543389758	1.002293728105
0.174392526248125	1.00397664964635
0.174792509106492	1.00581879955129
0.17519249196486	1.00782388529718
0.175592474823227	1.00999695710948
0.175992457681594	1.01234382805513
0.176392440539961	1.01487027140608
0.176792423398329	1.01758116201727
0.177192406256696	1.02047982802568
0.177592389115063	1.02356751575596
0.17799237197343	1.02684285117256
0.178392354831798	1.03030159554481
0.178792337690165	1.03393680917976
0.179192320548532	1.03773905293114
0.1795923034069	1.04169690548042
0.179992286265267	1.04579783699167
0.180392269123634	1.05002885701961
0.180792251982001	1.0543766259387
0.181192234840369	1.05882731558926
0.181592217698736	1.06336605424728
0.181992200557103	1.06797607491783
0.18239218341547	1.07263818693085
0.182792166273838	1.07733065077897
0.183192149132205	1.08202925057211
0.183592131990572	1.08670781499172
0.183992114848939	1.09133897450373
0.184392097707307	1.09589476575617
0.184792080565674	1.10034714074987
0.185192063424041	1.10466860219618
0.185592046282408	1.10883272504596
0.185992029140776	1.1128145020965
0.186392011999143	1.11659051310469
0.18679199485751	1.12013889850786
0.187191977715877	1.12343916160231
0.187591960574245	1.12647200529278
0.187991943432612	1.12921936486239
0.188391926290979	1.13166489228446
0.188791909149346	1.13379481993744
0.189191892007714	1.13559890418333
0.189591874866081	1.13707115773364
0.189991857724448	1.1382099369105
0.190391840582816	1.13901704574483
0.190791823441183	1.13949641105591
0.19119180629955	1.13965284429724
0.191591789157917	1.13949097857244
0.191991772016285	1.13901458675748
0.192391754874652	1.13822658312017
0.192791737733019	1.137129395326
0.193191720591386	1.13572540067457
0.193591703449754	1.13401750244695
0.193991686308121	1.13200977310955
0.194391669166488	1.1297080115804
0.194791652024855	1.1271204482507
0.195191634883223	1.12425850505447
0.19559161774159	1.12113720119818
0.195991600599957	1.11777518429659
0.196391583458324	1.11419457977436
0.196791566316692	1.11042045228954
0.197191549175059	1.10647984999781
0.197591532033426	1.10240081076281
0.197991514891793	1.09821157308058
0.198391497750161	1.09393990687406
0.198791480608528	1.0896126209556
0.199191463466895	1.08525513664879
0.199591446325262	1.08089127435386
0.19999142918363	1.07654313732093
0.200391412041997	1.07223119118827
0.200791394900364	1.0679743803186
0.201191377758732	1.06379043505309
0.201591360617099	1.0596962330635
0.201991343475466	1.05570819328955
0.202391326333833	1.051842614917
0.202791309192201	1.04811588996279
0.203191292050568	1.04454440082074
0.203591274908935	1.04114418975305
0.203991257767302	1.03793050109501
0.20439124062567	1.03491731239399
0.204791223484037	1.03211680067496
0.205191206342404	1.02953907092828
0.205591189200771	1.02719209760689
0.205991172059139	1.02508186133664
0.206391154917506	1.02321253692966
0.206791137775873	1.02158676089701
0.20719112063424	1.02020576708115
0.207591103492608	1.01906933144391
0.207991086350975	1.01817553073021
0.208391069209342	1.01752038239298
0.208791052067709	1.01709743371259
0.209191034926077	1.01689748942076
0.209591017784444	1.0169085036079
0.209991000642811	1.01711574707392
0.210390983501178	1.0175021915619
0.210790966359546	1.01804920701302
0.211190949217913	1.01873737428389
0.21159093207628	1.01954719472611
0.211990914934648	1.02045951653386
0.212390897793015	1.0214559116679
0.212790880651382	1.02251904109616
0.213190863509749	1.02363288720846
0.213590846368117	1.02478300707453
0.213990829226484	1.02595693198115
0.214390812084851	1.02714455628234
0.214790794943218	1.02833841389667
0.215190777801586	1.02953365068603
0.215590760659953	1.03072753885168
0.21599074351832	1.03191865687818
0.216390726376687	1.03310591957277
0.216790709235055	1.03428764253005
0.217190692093422	1.03546101287234
0.217590674951789	1.03662201948811
0.217990657810156	1.03776577414507
0.218390640668524	1.03888710943755
0.218790623526891	1.0399812484308
0.219190606385258	1.04104434916624
0.219590589243625	1.04207406089125
0.219990572101993	1.04307013787905
0.22039055496036	1.04403486061088
0.220790537818727	1.04497325190332
0.221190520677094	1.04589315485401
0.221590503535462	1.04680499194872
0.221990486393829	1.04772125945584
0.222390469252196	1.04865590228862
0.222790452110564	1.04962360903916
0.223190434968931	1.05063911744617
0.223590417827298	1.0517168222678
0.223990400685665	1.05287065283613
0.224390383544033	1.05411393244898
0.2247903664024	1.05545933898681
0.225190349260767	1.05691882729782
0.225590332119134	1.05850359576153
0.225990314977502	1.06022395034674
0.226390297835869	1.06208920759371
0.226790280694236	1.06410741674783
0.227190263552603	1.0662851913982
0.227590246410971	1.06862759575891
0.227990229269338	1.07113802013766
0.228390212127705	1.07381803865221
0.228790194986072	1.07666740792102
0.22919017784444	1.0796840045799
0.229590160702807	1.08286371077639
0.229990143561174	1.0862003706745
0.230390126419541	1.08968605494525
0.230790109277909	1.09331163704986
0.231190092136276	1.09706779923018
0.231590074994643	1.10094620522059
0.23199005785301	1.1049406505632
0.232390040711378	1.10904783720575
0.232790023569745	1.11326758063953
0.233190006428112	1.11760232102596
0.23358998928648	1.12205601169007
0.233989972144847	1.12663262321338
0.234389955003214	1.13133462216085
0.234789937861581	1.13616168712992
0.235189920719949	1.14110998337104
0.235589903578316	1.14617222012093
0.235989886436683	1.15133832435686
0.23638986929505	1.15659633239128
0.236789852153418	1.16193318875891
0.237189835011785	1.16733508840419
0.237589817870152	1.17278727518114
0.237989800728519	1.1782735629038
0.238389783586887	1.18377599667701
0.238789766445254	1.18927490723747
0.239189749303621	1.19474941984803
0.239589732161988	1.20017827217931
0.239989715020356	1.20554069109684
0.240389697878723	1.21081699131579
0.24078968073709	1.21598860290041
0.241189663595457	1.22103769606162
0.241589646453825	1.22594672636931
0.241989629312192	1.23069813230954
0.242389612170559	1.23527438011463
0.242789595028927	1.23965847232879
0.243189577887294	1.24383472772965
0.243589560745661	1.2477896030941
0.243989543604028	1.25151231361693
0.244389526462396	1.25499510819623
0.244789509320763	1.25823332340714
0.24518949217913	1.26122531839284
0.245589475037497	1.26397236204614
0.245989457895865	1.26647833144647
0.246389440754232	1.26874943114841
0.246789423612599	1.27079393232322
0.247189406470966	1.27262193331468
0.247589389329334	1.27424495513754
0.247989372187701	1.27567544688539
0.248389355046068	1.27692615147546
0.248789337904435	1.27800936544145
0.249189320762803	1.27893614576313
0.24958930362117	1.27971562746585
0.249989286479537	1.28035457854693
0.250389269337904	1.28085727174651
0.250789252196272	1.2812256255245
0.251189235054639	1.28145950895379
0.251589217913006	1.28155710839745
0.251989200771373	1.28151540741568
0.252389183629741	1.28133073583668
0.252789166488108	1.28099935294763
0.253189149346475	1.28051814492206
0.253589132204843	1.27988554725241
0.25398911506321	1.27910257339382
0.254389097921577	1.27817343426625
0.254789080779944	1.27710555690874
0.255189063638312	1.27590901349591
0.255589046496679	1.27459533755964
0.255989029355046	1.27317605891536
0.256389012213413	1.27166156336598
0.256788995071781	1.27006061042332
0.257188977930148	1.2683803911807
0.257588960788515	1.26662718579645
0.257988943646882	1.26480724420604
0.25838892650525	1.26292734851068
0.258788909363617	1.26099496890035
0.259188892221984	1.25901824727173
0.259588875080351	1.25700564340588
0.259988857938719	1.254965554292
0.260388840797086	1.25290628412614
0.260788823655453	1.25083625014172
0.26118880651382	1.24876409445273
0.261588789372188	1.24669877886215
0.261988772230555	1.24464938516156
0.262388755088922	1.24262460985262
0.262788737947289	1.24063212717779
0.263188720805657	1.23867801215395
0.263588703664024	1.23676633124144
0.263988686522391	1.23489925552811
0.264388669380759	1.23307753135157
0.264788652239126	1.2313011974743
0.265188635097493	1.22957049193585
0.26558861795586	1.2278865830526
0.265988600814228	1.22625170106828
0.266388583672595	1.22466894548972
0.266788566530962	1.22314187098453
0.267188549389329	1.22167395597857
0.267588532247697	1.22026819938219
0.267988515106064	1.21892686333896
0.268388497964431	1.21765114307191
0.268788480822798	1.2164408814198
0.269188463681166	1.21529433592345
0.269588446539533	1.21420803571346
0.2699884293979	1.21317680816474
0.270388412256267	1.21219408203845
0.270788395114635	1.21125248877759
0.271188377973002	1.2103445694341
0.271588360831369	1.20946333943152
0.271988343689736	1.20860237085075
0.272388326548104	1.20775547678899
0.272788309406471	1.20691588844447
0.273188292264838	1.20607532785521
0.273588275123205	1.20522337689781
0.273988257981573	1.20434751545501
0.27438824083994	1.20343375002606
0.274788223698307	1.20246784884252
0.275188206556675	1.2014366491042
0.275588189415042	1.20032924252643
0.275988172273409	1.1991379063337
0.276388155131776	1.1978586424438
0.276788137990144	1.19649103990817
0.277188120848511	1.19503785284302
0.277588103706878	1.19350427892861
0.277988086565245	1.19189712444017
0.278388069423613	1.19022409219709
0.27878805228198	1.18849338552608
0.279188035140347	1.18671338633759
0.279588017998714	1.18489261592946
0.279988000857082	1.18303991908837
0.280387983715449	1.18116461236756
0.280787966573816	1.1792765047177
0.281187949432183	1.17738600889739
0.281587932290551	1.17550397889923
0.281987915148918	1.17364142314577
0.282387898007285	1.17180944086612
0.282787880865652	1.17001946910958
0.28318786372402	1.16828354078732
0.283587846582387	1.16661456411927
0.283987829440754	1.16502635099849
0.284387812299122	1.163533230496
0.284787795157489	1.16214934435832
0.285187778015856	1.16088780678332
0.285587760874223	1.15975971422714
0.285987743732591	1.15877329192572
0.286387726590958	1.15793328336304
0.286787709449325	1.15724054326441
0.287187692307692	1.15669170786947
0.28758767516606	1.15627914096827
0.287987658024427	1.15599103563209
0.288387640882794	1.15581170755752
0.288787623741161	1.15572213393723
0.289187606599529	1.15570074874173
0.289587589457896	1.1557245084458
0.289987572316263	1.15577024631194
0.29038755517463	1.15581611233472
0.290787538032998	1.1558428680918
0.291187520891365	1.15583496009513
0.291587503749732	1.15578111814209
0.291987486608099	1.15567428909483
0.292387469466467	1.15551104105335
0.292787452324834	1.15529042073784
0.293187435183201	1.15501250759255
0.293587418041568	1.15467704013965
0.293987400899936	1.15428252385105
0.294387383758303	1.1538258301488
0.29478736661667	1.15330241581098
0.295187349475037	1.15270703605329
0.295587332333405	1.15203463429947
0.295987315191772	1.15128112108496
0.296387298050139	1.15044383096
0.296787280908507	1.1495214805955
0.297187263766874	1.14851374688884
0.297587246625241	1.14742070742103
0.297987229483608	1.14624231611355
0.298387212341976	1.14497789989427
0.298787195200343	1.14362596159005
0.29918717805871	1.14218433035284
0.299587160917077	1.14065058385837
0.299987143775445	1.13902249181243
0.300387126633812	1.13729857366598
0.300787109492179	1.13547869476254
0.301187092350546	1.1335645856663
0.301587075208914	1.13156003195389
0.301987058067281	1.1294707746467
0.302387040925648	1.12730409964166
0.302787023784015	1.12506824166264
0.303187006642383	1.12277167411703
0.30358698950075	1.12042258845506
0.303986972359117	1.11802856506967
0.304386955217484	1.1155966734627
0.304786938075852	1.11313375779072
0.305186920934219	1.11064665885327
0.305586903792586	1.10814212015413
0.305986886650954	1.10562675914889
0.306386869509321	1.10310706440566
0.306786852367688	1.10058932007616
0.307186835226055	1.09807967184752
0.307586818084423	1.09558453822444
0.30798680094279	1.09311097405645
0.308386783801157	1.09066699954066
0.308786766659524	1.08826178639556
0.309186749517892	1.08590555464266
0.309586732376259	1.08360916281726
0.309986715234626	1.08138374832066
0.310386698092993	1.079240286106
0.310786680951361	1.07718921260832
0.311186663809728	1.07524023938331
0.311586646668095	1.07340232940809
0.311986629526462	1.0716835453223
0.31238661238483	1.07009081319587
0.312786595243197	1.06862965655921
0.313186578101564	1.06730397961095
0.313586560959931	1.06611605241154
0.313986543818299	1.06506685322217
0.314386526676666	1.06415660365176
0.314786509535033	1.063385309359
0.3151864923934	1.06275317361919
0.315586475251768	1.06226073770186
0.315986458110135	1.06190857222278
0.316386440968502	1.06169672292893
0.31678642382687	1.06162427230261
0.317186406685237	1.06168920823447
0.317586389543604	1.06188876189712
0.317986372401971	1.06222021531487
0.318386355260339	1.06268191068983
0.318786338118706	1.06327388347945
0.319186320977073	1.06399799538001
0.31958630383544	1.06485738133855
0.319986286693808	1.06585535999623
0.320386269552175	1.06699411129637
0.320786252410542	1.06827377340422
0.321186235268909	1.06969216618737
0.321586218127277	1.07124501110081
0.321986200985644	1.07292659162467
0.322386183844011	1.07473059946581
0.322786166702378	1.0766506736549
0.323186149560746	1.07868031062151
0.323586132419113	1.08081242663995
0.32398611527748	1.08303878936606
0.324386098135847	1.08534963335785
0.324786080994215	1.08773383372846
0.325186063852582	1.09017974186975
0.325586046710949	1.09267634643757
0.325986029569316	1.0952143457999
0.326386012427684	1.09778672462626
0.326785995286051	1.10038871255946
0.327185978144418	1.10301710122773
0.327585961002786	1.10566932644759
0.327985943861153	1.10834255749209
0.32838592671952	1.11103310503907
0.328785909577887	1.11373640069661
0.329185892436255	1.11644766307169
0.329585875294622	1.1191628651232
0.329985858152989	1.12187941383909
0.330385841011356	1.12459634136159
0.330785823869724	1.12731394300523
0.331185806728091	1.13003286515201
0.331585789586458	1.13275301142655
0.331985772444825	1.13547296212275
0.332385755303193	1.1381903303161
0.33278573816156	1.14090290802592
0.333185721019927	1.14361002805027
0.333585703878294	1.14631363786358
0.333985686736662	1.14901861956104
0.334385669595029	1.15173202925467
0.334785652453396	1.15446130959048
0.335185635311763	1.15721217876504
0.335585618170131	1.15998692148751
0.335985601028498	1.16278356963803
0.336385583886865	1.16559601113343
0.336785566745232	1.16841466518727
0.3371855496036	1.17122732063557
0.337585532461967	1.17401990530808
0.337985515320334	1.17677711534513
0.338385498178702	1.17948274517781
0.338785481037069	1.18212001532411
0.339185463895436	1.18467235406411
0.339585446753803	1.18712436465795
0.339985429612171	1.18946248321733
0.340385412470538	1.19167532702648
0.340785395328905	1.19375382347505
0.341185378187272	1.19569106976606
0.34158536104564	1.19748210724563
0.341985343904007	1.19912401590219
0.342385326762374	1.20061637283687
0.342785309620741	1.20196202101099
0.343185292479109	1.20316766729335
0.343585275337476	1.20424399271999
0.343985258195843	1.20520498875001
0.34438524105421	1.20606665053792
0.344785223912578	1.20684520575504
0.345185206770945	1.20755531146517
0.345585189629312	1.20820858151881
0.345985172487679	1.20881290705738
0.346385155346047	1.20937264329908
0.346785138204414	1.20988945921873
0.347185121062781	1.21036344950821
0.347585103921148	1.21079446169695
0.347985086779516	1.2111832285733
0.348385069637883	1.2115320881895
0.34878505249625	1.21184516243781
0.349185035354618	1.21212814295449
0.349585018212985	1.2123877014639
0.349985001071352	1.21263074956317
0.350384983929719	1.2128637955714
0.350784966788087	1.21309259318111
0.351184949646454	1.21332218203025
0.351584932504821	1.21355722607623
0.351984915363188	1.21380256571018
0.352384898221556	1.21406367008445
0.352784881079923	1.21434669436855
0.35318486393829	1.21465820222986
0.353584846796657	1.21500462374826
0.353984829655025	1.21539157846842
0.354384812513392	1.21582345411348
0.354784795371759	1.21630343032945
0.355184778230126	1.216833806071
0.355584761088494	1.21741634743125
0.355984743946861	1.21805256480289
0.356384726805228	1.21874349030374
0.356784709663595	1.21948903066311
0.357184692521963	1.22028728234961
0.35758467538033	1.22113407810103
0.357984658238697	1.22202291731698
0.358384641097065	1.22294565186324
0.358784623955432	1.22389385860864
0.359184606813799	1.22486035927428
0.359584589672166	1.225840427866
0.359984572530534	1.22683257034516
0.360384555388901	1.22783867080653
0.360784538247268	1.22886353716176
0.361184521105635	1.22991396835366
0.361584503964003	1.23099757453096
0.36198448682237	1.23212155058801
0.362384469680737	1.23329149882045
0.362784452539104	1.23451046208284
0.363184435397472	1.23577847237977
0.363584418255839	1.23709273565496
0.363984401114206	1.23844833212078
0.364384383972573	1.23983938039529
0.364784366830941	1.24126041770073
0.365184349689308	1.24270765185533
0.365584332547675	1.24417982434617
0.365984315406042	1.24567848866347
0.36638429826441	1.24720758113317
0.366784281122777	1.24877247915297
0.367184263981144	1.25037888427441
0.367584246839511	1.25203190938617
0.367984229697879	1.25373537336959
0.368384212556246	1.2554915971892
0.368784195414613	1.25730137453128
0.369184178272981	1.25916401446885
0.369584161131348	1.26107735222128
0.369984143989715	1.2630377765208
0.370384126848082	1.26504015033024
0.37078410970645	1.267077781346
0.371184092564817	1.26914236970018
0.371584075423184	1.27122416207868
0.371984058281551	1.27331229512266
0.372384041139919	1.27539514810412
0.372784023998286	1.27746047465533
0.373184006856653	1.27949554401617
0.37358398971502	1.2814872466155
0.373983972573388	1.28342217344191
0.374383955431755	1.2852867452052
0.374783938290122	1.28706761769918
0.375183921148489	1.28875202243286
0.375583904006857	1.29032813582087
0.375983886865224	1.29178543546333
0.376383869723591	1.29311497655774
0.376783852581958	1.2943095140251
0.377183835440326	1.29536353422699
0.377583818298693	1.29627310371329
0.37798380115706	1.29703571418743
0.378383784015427	1.29765019518039
0.378783766873795	1.29811684302092
0.379183749732162	1.29843771173752
0.379583732590529	1.29861706372422
0.379983715448897	1.29866169883841
0.380383698307264	1.29858119906666
0.380783681165631	1.29838772053429
0.381183664023998	1.29809542577691
0.381583646882366	1.29771958773568
0.381983629740733	1.29727565934276
0.3823836125991	1.29677838468982
0.382783595457467	1.29624125758991
0.383183578315835	1.2956761952827
0.383583561174202	1.29509345855639
0.383983544032569	1.29450172837101
0.384383526890936	1.29390835799326
0.384783509749304	1.2933196246546
0.385183492607671	1.29274105600337
0.385583475466038	1.29217763569565
0.385983458324405	1.2916338818109
0.386383441182773	1.2911138785679
0.38678342404114	1.29062118720932
0.387183406899507	1.29015854000258
0.387583389757874	1.28972767437033
0.387983372616242	1.28932922137903
0.388383355474609	1.28896247977718
0.388783338332976	1.28862534400637
0.389183321191343	1.28831456292422
0.389583304049711	1.2880259133886
0.389983286908078	1.28775430746847
0.390383269766445	1.28749401550013
0.390783252624813	1.28723885495931
0.39118323548318	1.28698228132055
0.391583218341547	1.28671754209989
0.391983201199914	1.28643781414994
0.392383184058282	1.28613615768413
0.392783166916649	1.28580552370133
0.393183149775016	1.28543885173966
0.393583132633383	1.28502908079244
0.393983115491751	1.28456917461632
0.394383098350118	1.28405228689546
0.394783081208485	1.28347212280059
0.395183064066852	1.28282336288231
0.39558304692522	1.28210222012238
0.395983029783587	1.28130716795189
0.396383012641954	1.2804395656193
0.396782995500321	1.27950383896514
0.397182978358689	1.27850737280534
0.397582961217056	1.27746012773881
0.397982944075423	1.27637380335657
0.39838292693379	1.27526055712189
0.398782909792158	1.27413176244915
0.399182892650525	1.27299678354477
0.399582875508892	1.27186200604412
0.399982858367259	1.27073049218053
0.400382841225627	1.26960225628945
0.400782824083994	1.26847490801696
0.401182806942361	1.26734489215397
0.401582789800729	1.26620890934163
0.401982772659096	1.26506499411784
0.402382755517463	1.26391317949934
0.40278273837583	1.26275597306571
0.403182721234198	1.26159832859062
0.403582704092565	1.26044727928302
0.403982686950932	1.25931152564209
0.404382669809299	1.2582009973826
0.404782652667667	1.25712639220055
0.405182635526034	1.25609881818438
0.405582618384401	1.25512945279771
0.405982601242768	1.25422918890367
0.406382584101136	1.25340843063769
0.406782566959503	1.25267698323446
0.40718254981787	1.25204401687806
0.407582532676237	1.25151816760356
0.407982515534605	1.25110768414566
0.408382498392972	1.25082046172244
0.408782481251339	1.25066381123625
0.409182464109706	1.25064388783582
0.409582446968074	1.25076484925366
0.409982429826441	1.25102797590919
0.410382412684808	1.25143104630285
0.410782395543176	1.25196824881066
0.411182378401543	1.25263073209254
0.41158236125991	1.2534077614843
0.411982344118277	1.25428813916755
0.412382326976645	1.25526148376728
0.412782309835012	1.25631893189471
0.413182292693379	1.25745324605081
0.413582275551746	1.25865831697417
0.413982258410114	1.25992837414741
0.414382241268481	1.26125724476878
0.414782224126848	1.26263804669894
0.415182206985215	1.26406312191823
0.415582189843583	1.26552414128965
0.41598217270195	1.26701218042868
0.416382155560317	1.26851772572732
0.416782138418684	1.27003039747766
0.417182121277052	1.27153868118488
0.417582104135419	1.2730297057948
0.417982086993786	1.27448933501288
0.418382069852153	1.27590260330731
0.418782052710521	1.27725456254157
0.419182035568888	1.27853119141726
0.419582018427255	1.27972025479288
0.419982001285622	1.28081178296044
0.42038198414399	1.28179817009272
0.420781967002357	1.28267389438051
0.421181949860724	1.28343511232745
0.421581932719092	1.2840791628174
0.421981915577459	1.28460420905089
0.422381898435826	1.28500916646972
0.422781881294193	1.28529385501031
0.423181864152561	1.28545915695383
0.423581847010928	1.28550708595921
0.423981829869295	1.28544054574874
0.424381812727662	1.28526274850555
0.42478179558603	1.28497647799086
0.425181778444397	1.28458339217649
0.425581761302764	1.28408348072542
0.425981744161131	1.28347499351366
0.426381727019499	1.28275498322044
0.426781709877866	1.28192006634199
0.427181692736233	1.28096712576209
0.4275816755946	1.27989400621855
0.427981658452968	1.27870008497708
0.428381641311335	1.27738637652175
0.428781624169702	1.27595533880614
0.429181607028069	1.27441066711571
0.429581589886437	1.27275706844998
0.429981572744804	1.27100002161875
0.430381555603171	1.26914549885941
0.430781538461538	1.26719953831662
0.431181521319906	1.26516768347865
0.431581504178273	1.26305454059804
0.43198148703664	1.26086331767126
0.432381469895008	1.25859536573732
0.432781452753375	1.25625005398643
0.433181435611742	1.25382511160183
0.433581418470109	1.25131704582952
0.433981401328477	1.24872154387927
0.434381384186844	1.24603390712707
0.434781367045211	1.24324940922276
0.435181349903578	1.2403633569771
0.435581332761946	1.23737100481579
0.435981315620313	1.23426744839131
0.43638129847868	1.23104777840204
0.436781281337047	1.22770742378752
0.437181264195415	1.22424264796488
0.437581247053782	1.22065096123794
0.437981229912149	1.21693143533215
0.438381212770516	1.21308477601101
0.438781195628884	1.2091131520017
0.439181178487251	1.205019699135
0.439581161345618	1.20080795339763
0.439981144203985	1.1964814293753
0.440381127062353	1.19204333937386
0.44078110992072	1.18749608496991
0.441181092779087	1.18284080051639
0.441581075637454	1.17807708390239
0.441981058495822	1.17320300946175
0.442381041354189	1.16821537433853
0.442781024212556	1.16311051041255
0.443181007070924	1.15788537422615
0.443580989929291	1.15253868254779
0.443980972787658	1.14707176556483
0.444380955646025	1.14148900061899
0.444780938504393	1.1357976500477
0.44518092136276	1.13000734254362
0.445580904221127	1.1241295026685
0.445980887079494	1.11817687883653
0.446380869937862	1.11216294522694
0.446780852796229	1.10610151941709
0.447180835654596	1.10000655604338
0.447580818512963	1.09389191729977
0.447980801371331	1.08777103671687
0.448380784229698	1.08165674300766
0.448780767088065	1.07556107789889
0.449180749946432	1.06949507376155
0.4495807328048	1.06346864530939
0.449980715663167	1.05749050476761
0.450380698521534	1.05156791975005
0.450780681379901	1.04570663851565
0.451180664238269	1.03991102920086
0.451580647096636	1.03418430756983
0.451980629955003	1.02852893007723
0.45238061281337	1.02294720235719
0.452780595671738	1.01744191221696
0.453180578530105	1.01201694903108
0.453580561388472	1.00667787407031
0.45398054424684	1.00143221413237
0.454380527105207	0.996289508545453
0.454780509963574	0.991260987810915
0.455180492821941	0.986358831562878
0.455580475680309	0.981595078984618
0.455980458538676	0.976980312229539
0.456380441397043	0.972522278132851
0.45678042425541	0.968224867607926
0.457180407113778	0.964087706341021
0.457580389972145	0.960106367639403
0.457980372830512	0.956273151625371
0.458380355688879	0.952578374487111
0.458780338547247	0.949011555483732
0.459180321405614	0.945562254716887
0.459580304263981	0.942220485113196
0.459980287122348	0.938976772156081
0.460380269980716	0.935821945635632
0.460780252839083	0.932747088859034
0.46118023569745	0.92974388405314
0.461580218555817	0.926805209781288
0.461980201414185	0.923926012073988
0.462380184272552	0.921104030413855
0.462780167130919	0.918340017784206
0.463180149989286	0.915637411814146
0.463580132847654	0.913001701918351
0.463980115706021	0.910439665252308
0.464380098564388	0.907958602479303
0.464780081422756	0.905565846616962
0.465180064281123	0.903268638977697
0.46558004713949	0.901074168502249
0.465980029997857	0.898989671868883
0.466380012856225	0.89702245171606
0.466779995714592	0.895179761005727
0.467179978572959	0.893468504512782
0.467579961431326	0.891894908750191
0.467979944289694	0.890464221578238
0.468379927148061	0.889180613678007
0.468779910006428	0.888047305220935
0.469179892864795	0.887066894179232
0.469579875723163	0.886241761983568
0.46997985858153	0.885574508025048
0.470379841439897	0.885068357296128
0.470779824298264	0.884727292175083
0.471179807156632	0.884555797819267
0.471579790014999	0.884558291424107
0.471979772873366	0.884738237355556
0.472379755731733	0.885097263293652
0.472779738590101	0.885634411496464
0.473179721448468	0.886345594597064
0.473579704306835	0.887223243599224
0.473979687165203	0.888256305025431
0.47437967002357	0.889430374440195
0.474779652881937	0.89072794929182
0.475179635740304	0.892128869832815
0.475579618598672	0.893611007300558
0.475979601457039	0.895151084699388
0.476379584315406	0.896725766088153
0.476779567173773	0.898312813595361
0.477179550032141	0.899892169598375
0.477579532890508	0.901446811394535
0.477979515748875	0.902963143200045
0.478379498607242	0.904430727670232
0.47877948146561	0.905841786732383
0.479179464323977	0.907190546900074
0.479579447182344	0.908472553149193
0.479979430040711	0.90968438927781
0.480379412899079	0.910823829545065
0.480779395757446	0.911890118028567
0.481179378615813	0.912884541899912
0.48157936147418	0.913811002540645
0.481979344332548	0.914676074006455
0.482379327190915	0.915488664939818
0.482779310049282	0.9162595610331
0.483179292907649	0.917000521738045
0.483579275766017	0.917723308961514
0.483979258624384	0.918439093944855
0.484379241482751	0.919158121941457
0.484779224341118	0.919889541640596
0.485179207199486	0.92064163545399
0.485579190057853	0.921422229458295
0.48597917291622	0.922238969790586
0.486379155774588	0.923099611728077
0.486779138632955	0.924012106673696
0.487179121491322	0.924984378576283
0.487579104349689	0.926023915923058
0.487979087208057	0.927137260879813
0.488379070066424	0.928329567379393
0.488779052924791	0.929604362400296
0.489179035783158	0.930963590598855
0.489579018641526	0.932408146969214
0.489979001499893	0.933938784466403
0.49037898435826	0.935557085358206
0.490778967216627	0.937266352434392
0.491178950074995	0.939072438748376
0.491578932933362	0.940983985791168
0.491978915791729	0.943011939731348
0.492378898650096	0.945168630581847
0.492778881508464	0.94746654611199
0.493178864366831	0.949916835893643
0.493578847225198	0.952528101212759
0.493978830083565	0.955305687824369
0.494378812941933	0.958251232781474
0.4947787958003	0.961362685725837
0.495178778658667	0.964634780230163
0.495578761517035	0.968059378063547
0.495978744375402	0.971625698294978
0.496378727233769	0.975320779327306
0.496778710092136	0.979130046590829
0.497178692950504	0.983037783190334
0.497578675808871	0.987027690535641
0.497978658667238	0.991083411637688
0.498378641525605	0.995188707958779
0.498778624383973	0.999327356025146
0.49917860724234	1.00348291493085
0.499578590100707	1.00763847795249
0.499978572959074	1.01177666951494
0.500378555817442	1.01588008918019
0.500778538675809	1.01993208960608
0.501178521534176	1.02391758101288
0.501578504392543	1.02782371323554
0.501978487250911	1.03164037062071
0.502378470109278	1.03536023987205
0.502778452967645	1.03897842375915
0.503178435826012	1.04249178525663
0.50357841868438	1.04589833530469
0.503978401542747	1.04919656378889
0.504378384401114	1.05238498089055
0.504778367259481	1.05546185553658
0.505178350117849	1.05842515474234
0.505578332976216	1.06127248917877
0.505978315834583	1.06400108448953
0.50637829869295	1.06660768371318
0.506778281551318	1.06908853967927
0.507178264409685	1.07143945415006
0.507578247268052	1.07365606781849
0.50797823012642	1.07573428955631
0.508378212984787	1.07767097284464
0.508778195843154	1.07946476089205
0.509178178701521	1.08111691139054
0.509578161559889	1.08263140158571
0.509978144418256	1.08401455465483
0.510378127276623	1.08527440259021
0.51077811013499	1.08641988831542
0.511178092993358	1.08745993191021
0.511578075851725	1.08840303418018
0.511978058710092	1.08925725637618
0.512378041568459	1.09003045281803
0.512778024426827	1.09073058467113
0.513178007285194	1.09136603649457
0.513577990143561	1.09194556743512
0.513977973001928	1.0924783279769
0.514377955860296	1.09297384313094
0.514777938718663	1.09344196872462
0.51517792157703	1.09389292620787
0.515577904435397	1.09433760123831
0.515977887293765	1.09478775728692
0.516377870152132	1.09525594542328
0.516777853010499	1.09575504948536
0.517177835868867	1.09629769518625
0.517577818727234	1.09689561989403
0.517977801585601	1.09755921965134
0.518377784443968	1.09829732033147
0.518777767302335	1.09911726525071
0.519177750160703	1.10002519376021
0.51957773301907	1.10102641297442
0.519977715877437	1.10212568006546
0.520377698735805	1.10332715010139
0.520777681594172	1.10463398271595
0.521177664452539	1.10604774520877
0.521577647310906	1.10756781383727
0.521977630169274	1.10919086617869
0.522377613027641	1.11091079415409
0.522777595886008	1.11271896698557
0.523177578744375	1.11460478085874
0.523577561602743	1.11655643636537
0.52397754446111	1.11856171704927
0.524377527319477	1.12060848231522
0.524777510177844	1.12268495605334
0.525177493036212	1.1247798119776
0.525577475894579	1.12688201685504
0.525977458752946	1.12898041579647
0.526377441611314	1.13106338517128
0.526777424469681	1.13311847030624
0.527177407328048	1.13513217909777
0.527577390186415	1.13709007028643
0.527977373044783	1.13897732166267
0.52837735590315	1.140779568535
0.528777338761517	1.14248397901688
0.529177321619884	1.14408011719979
0.529577304478252	1.1455602676416
0.529977287336619	1.14691909106264
0.530377270194986	1.14815282462883
0.530777253053353	1.14925814922043
0.531177235911721	1.15023119022253
0.531577218770088	1.15106698923783
0.531977201628455	1.15175965614215
0.532377184486822	1.15230309726945
0.53277716734519	1.15269214275742
0.533177150203557	1.1529236115636
0.533577133061924	1.15299711206985
0.533977115920291	1.15291551111474
0.534377098778659	1.15268478718762
0.534777081637026	1.15231327963772
0.535177064495393	1.15181075640373
0.53557704735376	1.15118733913675
0.535977030212128	1.15045237258136
0.536377013070495	1.14961373280604
0.536776995928862	1.14867784709967
0.537176978787229	1.14765013621227
0.537576961645597	1.14653578731504
0.537976944503964	1.14534075522402
0.538376927362331	1.14407247879983
0.538776910220699	1.14274008367427
0.539176893079066	1.14135420095403
0.539576875937433	1.13992643378618
0.5399768587958	1.13846849146715
0.540376841654168	1.13699150372455
0.540776824512535	1.13550568483395
0.541176807370902	1.13402015803018
0.541576790229269	1.13254294431343
0.541976773087637	1.13108114697433
0.542376755946004	1.12964107966789
0.542776738804371	1.12822827600539
0.543176721662738	1.12684740967909
0.543576704521106	1.12550224964188
0.543976687379473	1.12419552642429
0.54437667023784	1.12292880178652
0.544776653096207	1.1217023462503
0.545176635954575	1.12051516995917
0.545576618812942	1.11936522284327
0.545976601671309	1.11824983502885
0.546376584529676	1.11716643513881
0.546776567388044	1.11611344581298
0.547176550246411	1.11509119151355
0.547576533104778	1.11410249504537
0.547976515963146	1.1131529350257
0.548376498821513	1.1122505599628
0.54877648167988	1.11140516447277
0.549176464538247	1.11062726355462
0.549576447396614	1.10992709398886
0.549976430254982	1.1093137849464
0.550376413113349	1.10879485125641
0.550776395971716	1.10837601900284
0.551176378830084	1.10806134536441
0.551576361688451	1.10785340595255
0.551976344546818	1.10775372076649
0.552376327405185	1.10776319568158
0.552776310263553	1.10788251094709
0.55317629312192	1.10811249281016
0.553576275980287	1.10845439649697
0.553976258838654	1.10890978852583
0.554376241697022	1.10948016036137
0.554776224555389	1.11016635510358
0.555176207413756	1.11096782063785
0.555576190272123	1.11188201891387
0.555976173130491	1.11290416961185
0.556376155988858	1.11402721675081
0.556776138847225	1.11524200731332
0.557176121705592	1.11653783090943
0.55757610456396	1.1179029459545
0.557976087422327	1.11932475211788
0.558376070280694	1.12078992095628
0.558776053139062	1.12228446394676
0.559176035997429	1.12379361779632
0.559576018855796	1.12530183389034
0.559976001714163	1.12679305652686
0.56037598457253	1.12825101255732
0.560775967430898	1.12965956184526
0.561175950289265	1.13100315378667
0.561575933147632	1.1322671963082
0.561975916006	1.1334382382461
0.562375898864367	1.13450420775982
0.562775881722734	1.13545462924282
0.563175864581101	1.13628063092113
0.563575847439469	1.13697496346968
0.563975830297836	1.13753216402046
0.564375813156203	1.13794869075137
0.56477579601457	1.13822317492503
0.565175778872938	1.13835669990142
0.565575761731305	1.13835294596153
0.565975744589672	1.13821828416028
0.566375727448039	1.13796183258075
0.566775710306407	1.13759519216755
0.567175693164774	1.13713195374322
0.567575676023141	1.13658716139662
0.567975658881508	1.13597667694269
0.568375641739876	1.13531644069453
0.568775624598243	1.13462185793692
0.56917560745661	1.13390740298057
0.569575590314978	1.13318630575137
0.569975573173345	1.13247037336287
0.570375556031712	1.13176999819794
0.570775538890079	1.13109423294041
0.571175521748447	1.13045104682737
0.571575504606814	1.12984758085153
0.571975487465181	1.12929028062079
0.572375470323548	1.12878495739609
0.572775453181916	1.12833684532908
0.573175436040283	1.12795063804856
0.57357541889865	1.12763059947592
0.573975401757017	1.12738073848562
0.574375384615385	1.12720506068052
0.574775367473752	1.1271080550727
0.575175350332119	1.12709522086975
0.575575333190486	1.12717337313656
0.575975316048854	1.12735061827219
0.576375298907221	1.12763600664332
0.576775281765588	1.1280386283324
0.577175264623955	1.12856630987214
0.577575247482323	1.12922443932837
0.57797523034069	1.13001515654452
0.578375213199057	1.13093701554277
0.578775196057424	1.13198529979147
0.579175178915792	1.13315286775657
0.579575161774159	1.13443115161564
0.579975144632526	1.13581108926718
0.580375127490893	1.13728381725059
0.580775110349261	1.13884104268004
0.581175093207628	1.14047514493499
0.581575076065995	1.14217921029949
0.581975058924363	1.14394707852746
0.58237504178273	1.14577332743353
0.582775024641097	1.14765302917596
0.583175007499464	1.14958134422126
0.583574990357832	1.15155295217366
0.583974973216199	1.15356149998473
0.584374956074566	1.1555991886191
0.584774938932933	1.15765673256075
0.585174921791301	1.15972355298435
0.585574904649668	1.16178807612399
0.585974887508035	1.16383806444858
0.586374870366402	1.16586096447323
0.58677485322477	1.16784417747215
0.587174836083137	1.16977532734846
0.587574818941504	1.1716426332443
0.587974801799871	1.17343529564141
0.588374784658239	1.17514376810519
0.588774767516606	1.17675983574516
0.589174750374973	1.17827638097271
0.589574733233341	1.17968694634889
0.589974716091708	1.18098523660708
0.590374698950075	1.18216467259649
0.590774681808442	1.1832181850542
0.591174664666809	1.18413831760503
0.591574647525177	1.18491753964882
0.591974630383544	1.18554845661451
0.592374613241911	1.18602382864218
0.592774596100279	1.18633643076146
0.593174578958646	1.18647895933635
0.593574561817013	1.1864440511212
0.59397454467538	1.18622443003353
0.594374527533748	1.18581330665804
0.594774510392115	1.1852048905411
0.595174493250482	1.18439484540095
0.595574476108849	1.18338055302015
0.595974458967217	1.1821612794691
0.596374441825584	1.18073833320482
0.596774424683951	1.17911525812834
0.597174407542318	1.17729811655624
0.597574390400686	1.17529573404454
0.597974373259053	1.17311977860945
0.59837435611742	1.17078461908071
0.598774338975787	1.16830693964971
0.599174321834155	1.16570492557971
0.599574304692522	1.16299726192731
0.599974287550889	1.16020239375137
0.600374270409257	1.15733809936378
0.600774253267624	1.15442120887595
0.601174236125991	1.15146761542331
0.601574218984358	1.14849236354553
0.601974201842726	1.14550963526445
0.602374184701093	1.1425327486184
0.60277416755946	1.13957430461819
0.603174150417827	1.13664607815478
0.603574133276195	1.13375892193007
0.603974116134562	1.13092279926953
0.604374098992929	1.12814672717919
0.604774081851296	1.12543845393822
0.605174064709664	1.12280431495267
0.605574047568031	1.120249075525
0.605974030426398	1.11777585622977
0.606374013284765	1.11538628892405
0.606773996143133	1.1130808142766
0.6071739790015	1.11085894974058
0.607573961859867	1.10871973857781
0.607973944718234	1.10666202405977
0.608373927576602	1.10468441917924
0.608773910434969	1.10278524498259
0.609173893293336	1.10096260167319
0.609573876151703	1.09921437800011
0.609973859010071	1.09753836837201
0.610373841868438	1.09593243062409
0.610773824726805	1.094394508207
0.611173807585172	1.09292244841243
0.61157379044354	1.09151380890944
0.611973773301907	1.09016542468654
0.612373756160274	1.08887292158073
0.612773739018642	1.08763039240395
0.613173721877009	1.08643043811488
0.613573704735376	1.08526441847015
0.613973687593743	1.0841228045658
0.614373670452111	1.08299556378403
0.614773653310478	1.08187253495139
0.615173636168845	1.08074364966648
0.615573619027212	1.07959918075194
0.61597360188558	1.07843008428319
0.616373584743947	1.07722825224199
0.616773567602314	1.07598662172074
0.617173550460681	1.07469935573526
0.617573533319049	1.07336177145322
0.617973516177416	1.0719699982788
0.618373499035783	1.07052062459372
0.61877348189415	1.06901043895101
0.619173464752518	1.06743623015962
0.619573447610885	1.06579484243427
0.619973430469252	1.06408358145567
0.62037341332762	1.06230072834133
0.620773396185987	1.06044607750638
0.621173379044354	1.05852142493582
0.621573361902721	1.05653081304325
0.621973344761088	1.05448048364299
0.622373327619456	1.05237867365204
0.622773310477823	1.05023520249363
0.62317329333619	1.04806088367912
0.623573276194558	1.04586701039235
0.623973259052925	1.04366503643578
0.624373241911292	1.04146647354397
0.624773224769659	1.0392829991035
0.625173207628027	1.03712658342212
0.625573190486394	1.03500947725457
0.625973173344761	1.03294403590324
0.626373156203128	1.03094235169957
0.626773139061496	1.02901555813674
0.627173121919863	1.02717312847505
0.62757310477823	1.02542254323572
0.627973087636597	1.02376940170879
0.628373070494965	1.02221783333673
0.628773053353332	1.0207713361473
0.629173036211699	1.01943361008848
0.629573019070066	1.0182089376841
0.629973001928434	1.01710208767251
0.630372984786801	1.0161179755161
0.630772967645168	1.01526092916485
0.631172950503536	1.01453390302432
0.631572933361903	1.01393819717504
0.63197291622027	1.01347362675268
0.632372899078637	1.01313884006378
0.632772881937004	1.01293202918732
0.633172864795372	1.01285165847682
0.633572847653739	1.01289674907011
0.633972830512106	1.01306698985009
0.634372813370474	1.01336268668839
0.634772796228841	1.01378435569972
0.635172779087208	1.01433238980643
0.635572761945575	1.01500695566746
0.635972744803943	1.01580782530335
0.63637272766231	1.01673427309241
0.636772710520677	1.0177851692056
0.637172693379044	1.01895901098305
0.637572676237412	1.02025379362896
0.637972659095779	1.02166679960525
0.638372641954146	1.02319420690325
0.638772624812513	1.02483069666931
0.639172607670881	1.02656929212195
0.639572590529248	1.02840151954046
0.639972573387615	1.03031798690814
0.640372556245982	1.03230937551431
0.64077253910435	1.03436757726223
0.641172521962717	1.03648662429338
0.641572504821084	1.03866319458408
0.641972487679451	1.04089642318989
0.642372470537819	1.04318709237753
0.642772453396186	1.0455363952725
0.643172436254553	1.04794465024875
0.643572419112921	1.05041045888925
0.643972401971288	1.05293034929675
0.644372384829655	1.05549894822947
0.644772367688022	1.05810953014505
0.64517235054639	1.06075462499779
0.645572333404757	1.06342636022622
0.645972316263124	1.06611653934667
0.646372299121491	1.06881662620118
0.646772281979859	1.07151790404561
0.647172264838226	1.07421189118806
0.647572247696593	1.07689098084561
0.64797223055496	1.07954909132409
0.648372213413328	1.0821821790154
0.648772196271695	1.0847882838361
0.649172179130062	1.08736709091648
0.649572161988429	1.08991921096021
0.649972144846797	1.09244561388316
0.650372127705164	1.09494716790808
0.650772110563531	1.0974244760028
0.651172093421898	1.09987798050682
0.651572076280266	1.10230799717876
0.651972059138633	1.10471448080072
0.652372041997	1.10709668192101
0.652772024855367	1.10945260023744
0.653172007713735	1.11177831896652
0.653571990572102	1.11406770632416
0.653971973430469	1.11631260516001
0.654371956288836	1.11850329494063
0.654771939147204	1.12062928075194
0.655171922005571	1.12268022258415
0.655571904863938	1.12464659844605
0.655971887722306	1.12652006494689
0.656371870580673	1.12829377851976
0.65677185343904	1.12996237090081
0.657171836297407	1.13152174923133
0.657571819155775	1.1329689646785
0.657971802014142	1.13430201897466
0.658371784872509	1.13551965185168
0.658771767730876	1.13662127226457
0.659171750589244	1.13760692920734
0.659571733447611	1.13847727607983
0.659971716305978	1.13923375213095
0.660371699164345	1.13987870981701
0.660771682022713	1.14041538436663
0.66117166488108	1.14084785309857
0.661571647739447	1.14118106210854
0.661971630597814	1.14142067603263
0.662371613456182	1.14157275986245
0.662771596314549	1.14164352678221
0.663171579172916	1.14163913768159
0.663571562031283	1.14156540670938
0.663971544889651	1.14142751259726
0.664371527748018	1.14122963355011
0.664771510606385	1.14097462538312
0.665171493464753	1.14066377024701
0.66557147632312	1.14029674396672
0.665971459181487	1.13987166156565
0.666371442039854	1.13938528496152
0.666771424898221	1.13883340460788
0.667171407756589	1.13821127922006
0.667571390614956	1.13751402360175
0.667971373473323	1.13673707068843
0.668371356331691	1.13587673139897
0.668771339190058	1.13493080811269
0.669171322048425	1.13389925792701
0.669571304906792	1.13278458526445
0.66997128776516	1.13159186886688
0.670371270623527	1.13032839963694
0.670771253481894	1.12900282249495
0.671171236340261	1.12762405652546
0.671571219198629	1.12620044559361
0.671971202056996	1.1247393330037
0.672371184915363	1.12324707176648
0.67277116777373	1.12172956807621
0.673171150632098	1.12019309667871
0.673571133490465	1.11864487034133
0.673971116348832	1.11709328913329
0.6743710992072	1.11554790519349
0.674771082065567	1.11401914399769
0.675171064923934	1.11251802961499
0.675571047782301	1.11105604180468
0.675971030640669	1.10964522992221
0.676371013499036	1.10829847784788
0.676770996357403	1.10702979146906
0.67717097921577	1.10585431528901
0.677570962074138	1.10478816681484
0.677970944932505	1.10384807800622
0.678370927790872	1.10305097613904
0.678770910649239	1.10241350779514
0.679170893507607	1.1019515485219
0.679570876365974	1.10167974805958
0.679970859224341	1.10161132648816
0.680370842082708	1.10175807098699
0.680770824941076	1.10213041145033
0.681170807799443	1.10273758517754
0.68157079065781	1.10358796883685
0.681970773516177	1.10468927440668
0.682370756374545	1.10604855655316
0.682770739232912	1.10767201701979
0.683170722091279	1.10956471944212
0.683570704949646	1.11173022386533
0.683970687808014	1.11417018792339
0.684370670666381	1.11688395095793
0.684770653524748	1.11986826422575
0.685170636383115	1.12311728273222
0.685570619241483	1.12662274649022
0.68597060209985	1.13037412521115
0.686370584958217	1.13435884650629
0.686770567816585	1.13856269381569
0.687170550674952	1.1429702707207
0.687570533533319	1.14756543173185
0.687970516391686	1.15233175040482
0.688370499250054	1.15725284611463
0.688770482108421	1.16231255742322
0.689170464966788	1.16749483071898
0.689570447825155	1.17278340851768
0.689970430683523	1.17816154363884
0.69037041354189	1.18361201320454
0.690770396400257	1.18911734220886
0.691170379258624	1.19466017065861
0.691570362116992	1.20022375463649
0.691970344975359	1.20579233927256
0.692370327833726	1.21135132877961
0.692770310692093	1.21688716606864
0.693170293550461	1.22238703619959
0.693570276408828	1.2278386556813
0.693970259267195	1.23323047609026
0.694370242125562	1.23855211043707
0.69477022498393	1.24379497253117
0.695170207842297	1.24895295944691
0.695570190700664	1.25402276949414
0.695970173559032	1.25900357743539
0.696370156417399	1.26389618884957
0.696770139275766	1.26870179083855
0.697170122134133	1.27342068079736
0.6975701049925	1.27805135303474
0.697970087850868	1.2825900608297
0.698370070709235	1.28703091279729
0.698770053567602	1.29136657222062
0.69917003642597	1.29558914641869
0.699570019284337	1.2996909397621
0.699970002142704	1.30366513411191
0.700369985001071	1.30750610047516
0.700769967859439	1.31120925203301
0.701169950717806	1.31477061932995
0.701569933576173	1.31818618579967
0.70196991643454	1.32145088958181
0.702369899292908	1.32455780884175
0.702769882151275	1.32749777055207
0.703169865009642	1.3302593326202
0.703569847868009	1.33282929678581
0.703969830726377	1.3351938573396
0.704369813584744	1.33733999004552
0.704769796443111	1.33925655706113
0.705169779301479	1.34093509671353
0.705569762159846	1.34237012153603
0.705969745018213	1.34355892232698
0.70636972787658	1.34450113060209
0.706769710734948	1.34519840391513
0.707169693593315	1.34565417905837
0.707569676451682	1.34587337093053
0.707969659310049	1.34586210737375
0.708369642168417	1.34562753414084
0.708769625026784	1.34517754356121
0.709169607885151	1.34452070416394
0.709569590743518	1.34366652167657
0.709969573601886	1.34262582791767
0.710369556460253	1.34141092510857
0.71076953931862	1.34003553595493
0.711169522176987	1.33851424799026
0.711569505035355	1.33686142016273
0.711969487893722	1.33508985244076
0.712369470752089	1.33320957698877
0.712769453610456	1.33122695172925
0.713169436468824	1.32914447074549
0.713569419327191	1.32696132902715
0.713969402185558	1.32467453540224
0.714369385043925	1.32228028449853
0.714769367902293	1.31977539198629
0.71516935076066	1.31715828077506
0.715569333619027	1.31442950382291
0.715969316477394	1.31159174719856
0.716369299335762	1.30864935850986
0.716769282194129	1.30560742976468
0.717169265052496	1.30247082393323
0.717569247910864	1.29924329720311
0.717969230769231	1.29592701818401
0.718369213627598	1.29252254949884
0.718769196485965	1.28902927183912
0.719169179344333	1.28544604975724
0.7195691622027	1.28177201112191
0.719969145061067	1.27800711548017
0.720369127919434	1.2741522801482
0.720769110777802	1.27020908715113
0.721169093636169	1.26617915047356
0.721569076494536	1.26206348730291
0.721969059352903	1.25786213479883
0.722369042211271	1.25357423551506
0.722769025069638	1.24919866627471
0.723169007928005	1.24473501567682
0.723568990786372	1.24018447816203
0.72396897364474	1.23555033753671
0.724368956503107	1.23083784125966
0.724768939361474	1.22605335217386
0.725168922219841	1.22120314053697
0.725568905078209	1.21629227418606
0.725968887936576	1.21132375100153
0.726368870794943	1.2062982836016
0.72676885365331	1.20121473323806
0.727168836511678	1.19607074712518
0.727568819370045	1.19086346602641
0.727968802228412	1.18559012897948
0.728368785086779	1.18024833837265
0.728768767945147	1.17483609454022
0.729168750803514	1.16935190026925
0.729568733661881	1.16379487332724
0.729968716520249	1.15816494493305
0.730368699378616	1.15246323073254
0.730768682236983	1.14669238010313
0.73116866509535	1.14085667409384
0.731568647953718	1.13496194156237
0.731968630812085	1.12901529601625
0.732368613670452	1.12302471502436
0.732768596528819	1.11699865167883
0.733168579387187	1.1109459107687
0.733568562245554	1.10487581304447
0.733968545103921	1.09879870308342
0.734368527962288	1.09272659646647
0.734768510820656	1.0866737577631
0.735168493679023	1.0806570355427
0.73556847653739	1.07469589958961
0.735968459395757	1.06881211311665
0.736368442254125	1.0630291922967
0.736768425112492	1.05737179587614
0.737168407970859	1.05186523955462
0.737568390829227	1.04653499310484
0.737968373687594	1.0414063431159
0.738368356545961	1.03650410703565
0.738768339404328	1.03185233270218
0.739168322262695	1.0274738872693
0.739568305121063	1.02338997169708
0.73996828797943	1.01961950380846
0.740368270837797	1.01617849122994
0.740768253696165	1.01307945558697
0.741168236554532	1.01033097295593
0.741568219412899	1.00793736997282
0.741968202271266	1.00589871201665
0.742368185129634	1.00421105338088
0.742768167988001	1.00286695540881
0.743168150846368	1.00185622086168
0.743568133704735	1.00116690247609
0.743968116563103	1.00078624994645
0.74436809942147	1.00070144177825
0.744768082279837	1.00090017962854
0.745168065138204	1.00137119826587
0.745568047996572	1.00210452464732
0.745968030854939	1.00309154700881
0.746368013713306	1.00432484562344
0.746767996571673	1.0057976774896
0.747167979430041	1.00750322157546
0.747567962288408	1.00943370176191
0.747967945146775	1.01157945740548
0.748367928005143	1.01392833653573
0.74876791086351	1.01646540654831
0.749167893721877	1.01917302211304
0.749567876580244	1.0220312632731
0.749967859438612	1.02501865938737
0.750367842296979	1.02811284413916
0.750767825155346	1.03129127467276
0.751167808013713	1.0345318189725
0.751567790872081	1.03781291728574
0.751967773730448	1.04111361377995
0.752367756588815	1.0444135808858
0.752767739447182	1.04769280448263
0.75316772230555	1.05093122215111
0.753567705163917	1.05410872604064
0.753967688022284	1.05720538214883
0.754367670880651	1.06020178577816
0.754767653739019	1.06307973671108
0.755167636597386	1.06582299955366
0.755567619455753	1.06841789098328
0.75596760231412	1.07085367423
0.756367585172488	1.0731227750491
0.756767568030855	1.0752207327153
0.757167550889222	1.07714597596915
0.757567533747589	1.07889959168663
0.757967516605957	1.08048513355263
0.758367499464324	1.08190834796645
0.758767482322691	1.08317692388985
0.759167465181058	1.08430031755016
0.759567448039426	1.08528954855889
0.759967430897793	1.08615682523049
0.76036741375616	1.08691510367792
0.760767396614528	1.08757754370486
0.761167379472895	1.08815704508896
0.761567362331262	1.08866592693064
0.761967345189629	1.08911568567319
0.762367328047997	1.08951697853139
0.762767310906364	1.08988000359022
0.763167293764731	1.09021492988539
0.763567276623098	1.09053223186842
0.763967259481466	1.09084280649151
0.764367242339833	1.09115778850328
0.7647672251982	1.09148807853486
0.765167208056567	1.09184384052591
0.765567190914935	1.09223399662186
0.765967173773302	1.09266587680117
0.766367156631669	1.09314537440347
0.766767139490036	1.09367752908348
0.767167122348404	1.09426706746939
0.767567105206771	1.09491875339008
0.767967088065138	1.09563750955144
0.768367070923506	1.09642811493015
0.768767053781873	1.09729456235775
0.76916703664024	1.0982392408296
0.769567019498607	1.09926233203767
0.769967002356974	1.10036161719076
0.770366985215342	1.101532765968
0.770766968073709	1.1027699486178
0.771166950932076	1.10406660928418
0.771566933790444	1.10541611280889
0.771966916648811	1.1068121838959
0.772366899507178	1.10824901968939
0.772766882365545	1.10972123518413
0.773166865223913	1.11122360875531
0.77356684808228	1.11275084170287
0.773966830940647	1.11429728275336
0.774366813799014	1.11585675360774
0.774766796657382	1.11742249559885
0.775166779515749	1.11898734753972
0.775566762374116	1.12054404715988
0.775966745232483	1.12208585316745
0.776366728090851	1.12360733031473
0.776766710949218	1.12510508910857
0.777166693807585	1.12657832674412
0.777566676665952	1.12802904057287
0.77796665952432	1.12946166340094
0.778366642382687	1.13088224913101
0.778766625241054	1.13229745621551
0.779166608099422	1.13371356906973
0.779566590957789	1.13513570949808
0.779966573816156	1.13656749628637
0.780366556674523	1.13801108103509
0.780766539532891	1.13946740306603
0.781166522391258	1.14093662828468
0.781566505249625	1.14241858674108
0.781966488107992	1.14391309994369
0.78236647096636	1.14542008001905
0.782766453824727	1.14693944460353
0.783166436683094	1.14847087475503
0.783566419541461	1.15001359179428
0.783966402399829	1.15156627301207
0.784366385258196	1.15312717327453
0.784766368116563	1.1546942546479
0.78516635097493	1.15626542121181
0.785566333833298	1.15783858361504
0.785966316691665	1.15941149470875
0.786366299550032	1.16098134832442
0.786766282408399	1.16254433609774
0.787166265266767	1.16409522343285
0.787566248125134	1.16562727461877
0.787966230983501	1.16713251351905
0.788366213841868	1.16860234559059
0.788766196700236	1.17002845256713
0.789166179558603	1.1714036962599
0.78956616241697	1.17272256058369
0.789966145275337	1.17398107890768
0.790366128133705	1.1751762932376
0.790766110992072	1.17630532139119
0.791166093850439	1.17736440751288
0.791566076708807	1.17834836138878
0.791966059567174	1.17925056540421
0.792366042425541	1.18006368321924
0.792766025283908	1.18078093962082
0.793166008142276	1.18139734348667
0.793565991000643	1.18191077033102
0.79396597385901	1.18232277057344
0.794365956717377	1.18263875723056
0.794765939575745	1.18286753811539
0.795165922434112	1.18302053436064
0.795565905292479	1.18311070383874
0.795965888150846	1.18315127342454
0.796365871009214	1.18315461544134
0.796765853867581	1.18313137063797
0.797165836725948	1.18308983587645
0.797565819584315	1.1830359289149
0.797965802442683	1.18297368551475
0.79836578530105	1.18290588443024
0.798765768159417	1.18283461626638
0.799165751017784	1.18276170874127
0.799565733876152	1.18268885127247
0.799965716734519	1.18261741065668
0.800365699592886	1.18254819869043
0.800765682451253	1.18248138405574
0.801165665309621	1.18241651943919
0.801565648167988	1.18235261391676
0.801965631026355	1.18228832721394
0.802365613884722	1.18222227549355
0.80276559674309	1.18215327285912
0.803165579601457	1.18208062109434
0.803565562459824	1.18200453137244
0.803965545318192	1.18192642027894
0.804365528176559	1.18184898727778
0.804765511034926	1.18177611846714
0.805165493893293	1.18171251284848
0.805565476751661	1.18166296376264
0.805965459610028	1.18163162998669
0.806365442468395	1.18162140344603
0.806765425326762	1.18163348207746
0.80716540818513	1.18166728355323
0.807565391043497	1.18172069359457
0.807965373901864	1.18179013217505
0.808365356760231	1.18187047819142
0.808765339618599	1.18195489165286
0.809165322476966	1.18203457190861
0.809565305335333	1.18209857295365
0.809965288193701	1.18213406738637
0.810365271052068	1.18212697746857
0.810765253910435	1.18206286258468
0.811165236768802	1.18192781323872
0.811565219627169	1.18170913382206
0.811965202485537	1.18139554451845
0.812365185343904	1.18097705334193
0.812765168202271	1.18044467393088
0.813165151060639	1.17979021224688
0.813565133919006	1.17900631570737
0.813965116777373	1.17808678010206
0.81436509963574	1.17702685666119
0.814765082494108	1.17582327782181
0.815165065352475	1.17447403204774
0.815565048210842	1.17297799122049
0.815965031069209	1.17133455617036
0.816365013927577	1.16954354851837
0.816764996785944	1.16760537916428
0.817164979644311	1.16552141328608
0.817564962502678	1.16329436562914
0.817964945361046	1.16092849791965
0.818364928219413	1.15842936441763
0.81876491107778	1.15580334918041
0.819164893936147	1.15305726463636
0.819564876794515	1.15019813997191
0.819964859652882	1.14723354419349
0.820364842511249	1.14417243331568
0.820764825369616	1.1410259310681
0.821164808227984	1.13780790791394
0.821564791086351	1.13453524866069
0.821964773944718	1.13122750690183
0.822364756803086	1.12790596453108
0.822764739661453	1.12459267755703
0.82316472251982	1.12130961858294
0.823564705378187	1.11807793827679
0.823964688236555	1.1149174879083
0.824364671094922	1.11184660963303
0.824764653953289	1.1088819903411
0.825164636811656	1.10603848420194
0.825564619670024	1.10332880211366
0.825964602528391	1.10076303796841
0.826364585386758	1.09834819631046
0.826764568245125	1.0960879300895
0.827164551103493	1.0939825395365
0.82756453396186	1.09202929087784
0.827964516820227	1.09022298376312
0.828364499678594	1.08855665250926
0.828764482536962	1.08702216872881
0.829164465395329	1.08561058989484
0.829564448253696	1.08431210927641
0.829964431112063	1.08311579190423
0.830364413970431	1.08200933825785
0.830764396828798	1.08097898345666
0.831164379687165	1.08000966766197
0.831564362545532	1.07908579700761
0.8319643454039	1.07819235183794
0.832364328262267	1.07731600056293
0.832764311120634	1.07644610539703
0.833164293979001	1.07557544482689
0.833564276837369	1.07470025287536
0.833964259695736	1.07381980505832
0.834364242554103	1.07293572878479
0.834764225412471	1.07205104225511
0.835164208270838	1.07116922702645
0.835564191129205	1.0702936602958
0.835964173987572	1.06942729299406
0.83636415684594	1.06857270426794
0.836764139704307	1.06773247229001
0.837164122562674	1.06690950006739
0.837564105421041	1.06610707815347
0.837964088279409	1.06532888585433
0.838364071137776	1.0645788282124
0.838764053996143	1.06386089836022
0.83916403685451	1.06317941085136
0.839564019712878	1.06253953924614
0.839964002571245	1.06194796011034
0.840363985429612	1.06141351300998
0.840763968287979	1.06094764203463
0.841163951146347	1.06056427791698
0.841563934004714	1.06027922342106
0.841963916863081	1.06010925571162
0.842363899721448	1.06007098879825
0.842763882579816	1.0601799357679
0.843163865438183	1.06045010588932
0.84356384829655	1.0608939196389
0.843963831154917	1.06152225675681
0.844363814013285	1.06234464678744
0.844763796871652	1.06336934070747
0.845163779730019	1.06460298186373
0.845563762588387	1.06605023491403
0.845963745446754	1.06771332964667
0.846363728305121	1.06959147884105
0.846763711163488	1.07168049107791
0.847163694021856	1.07397281973588
0.847563676880223	1.07645793080602
0.84796365973859	1.079123019468
0.848363642596957	1.08195394685147
0.848763625455325	1.08493594320209
0.849163608313692	1.0880539410097
0.849563591172059	1.09129272436572
0.849963574030426	1.09463668845584
0.850363556888794	1.09806937238833
0.850763539747161	1.10157316075801
0.851163522605528	1.10512931082396
0.851563505463895	1.10871822590492
0.851963488322263	1.11232012381278
0.85236347118063	1.11591579393271
0.852763454038997	1.11948718445525
0.853163436897365	1.12301783776621
0.853563419755732	1.12649318749856
0.853963402614099	1.12990047039016
0.854363385472466	1.13322850499524
0.854763368330834	1.13646751436059
0.855163351189201	1.13960886762408
0.855563334047568	1.14264459232769
0.855963316905935	1.14556693861002
0.856363299764303	1.14836795743633
0.85676328262267	1.15103914565322
0.857163265481037	1.15357134954645
0.857563248339404	1.15595490301118
0.857963231197772	1.15817984019266
0.858363214056139	1.16023626428987
0.858763196914506	1.16211478640837
0.859163179772873	1.16380675949612
0.859563162631241	1.16530421739219
0.859963145489608	1.16659984430833
0.860363128347975	1.16768706941733
0.860763111206342	1.16856021235018
0.86116309406471	1.16921468840643
0.861563076923077	1.16964736501737
0.861963059781444	1.16985692650548
0.862363042639811	1.16984406731307
0.862763025498179	1.16961148409452
0.863163008356546	1.16916359063545
0.863562991214913	1.16850602085599
0.86396297407328	1.16764513487387
0.864362956931648	1.16658764172973
0.864762939790015	1.16534022782925
0.865162922648382	1.16390930687313
0.86556290550675	1.16230099642758
0.865962888365117	1.1605211152399
0.866362871223484	1.15857528343523
0.866762854081851	1.1564691202949
0.867162836940219	1.15420843302664
0.867562819798586	1.15179925938647
0.867962802656953	1.14924778384977
0.86836278551532	1.14656007549965
0.868762768373688	1.14374166244626
0.869162751232055	1.14079708489201
0.869562734090422	1.13772958675487
0.869962716948789	1.13454096631045
0.870362699807157	1.13123169245081
0.870762682665524	1.12780138216925
0.871162665523891	1.12424954219312
0.871562648382258	1.12057621869881
0.871962631240626	1.11678233421228
0.872362614098993	1.11286961003139
0.87276259695736	1.10884014060045
0.873162579815727	1.10469574046035
0.873562562674095	1.1004374282126
0.873962545532462	1.09606531631999
0.874362528390829	1.09157897334911
0.874762511249196	1.08697825550908
0.875162494107564	1.08226430260979
0.875562476965931	1.07744028749867
0.875962459824298	1.07251154999757
0.876362442682665	1.06748508611294
0.876762425541033	1.06236850497549
0.8771624083994	1.05716877364493
0.877562391257767	1.05189120614282
0.877962374116135	1.04653911794268
0.878362356974502	1.04111410023993
0.878762339832869	1.03561676307302
0.879162322691236	1.03004765355955
0.879562305549604	1.02440809147697
0.879962288407971	1.01870067710156
0.880362271266338	1.01292947808572
0.880762254124705	1.00709989024904
0.881162236983073	1.00121828154432
0.88156221984144	0.995291716947686
0.881962202699807	0.989327906647466
0.882362185558174	0.983335277837495
0.882762168416542	0.977323051072881
0.883162151274909	0.971301211654949
0.883562134133276	0.965280141447378
0.883962116991644	0.959270021038295
0.884362099850011	0.953280220013585
0.884762082708378	0.947318798190356
0.885162065566745	0.941392227799594
0.885562048425113	0.935505629050467
0.88596203128348	0.929663382013335
0.886362014141847	0.923869909018609
0.886761997000214	0.918130395146049
0.887161979858582	0.912994600589819
0.887561962716949	0.907963970572448
0.887961945575316	0.903071377670134
0.888361928433683	0.898345170354293
0.888761911292051	0.89380697237351
0.889161894150418	0.889471503901215
0.889561877008785	0.885347433823741
0.889961859867152	0.881438626275
0.89036184272552	0.877745409083533
0.890761825583887	0.874265682119861
0.891161808442254	0.870995798877274
0.891561791300621	0.867931216191701
0.891961774158989	0.865066941055879
0.892361757017356	0.862397822879834
0.892761739875723	0.859918727931334
0.89316172273409	0.857624641891867
0.893561705592458	0.85551073590939
0.893961688450825	0.853572417650454
0.894361671309192	0.851805375287685
0.894761654167559	0.850205624484136
0.895161637025927	0.848769548112803
0.895561619884294	0.847493914883963
0.895961602742661	0.846375875243797
0.896361585601029	0.845412938164767
0.896761568459396	0.844602920572997
0.897161551317763	0.843943888375295
0.89756153417613	0.843434104421692
0.897961517034498	0.843071986172682
0.898361499892865	0.842856071372947
0.898761482751232	0.842785006901553
0.899161465609599	0.842857544509974
0.899561448467967	0.843072537046408
0.899961431326334	0.843428936523465
0.900361414184701	0.843925796188363
0.900761397043068	0.844562265801854
0.901161379901436	0.845337591272418
0.901561362759803	0.846251117516462
0.90196134561817	0.847302290235429
0.902361328476537	0.848490654369659
0.902761311334905	0.84981585327405
0.903161294193272	0.851277620368565
0.903561277051639	0.852875766778714
0.903961259910006	0.854610169404611
0.904361242768374	0.856480759845435
0.904761225626741	0.858487511776621
0.905161208485108	0.860630432077065
0.905561191343475	0.862909556213048
0.905961174201843	0.865324946824623
0.90636115706021	0.867876691426405
0.906761139918577	0.870564898756965
0.907161122776944	0.87338969277737
0.907561105635312	0.876351204775334
0.907961088493679	0.879449564618357
0.908361071352046	0.882684895505983
0.908761054210414	0.88605731675877
0.909161037068781	0.889566952574009
0.909561019927148	0.893213945026906
0.909961002785515	0.896998464262225
0.910360985643883	0.900920712464532
0.91076096850225	0.9049809216746
0.911160951360617	0.909179346120853
0.911560934218984	0.913516248265884
0.911960917077352	0.9179918850663
0.912360899935719	0.922606500403382
0.912760882794086	0.92736032216585
0.913160865652453	0.932253562646491
0.913560848510821	0.937286422130764
0.913960831369188	0.942459093276346
0.914360814227555	0.947771765971194
0.914760797085922	0.953224632419822
0.91516077994429	0.958817892101281
0.915560762802657	0.964551755778293
0.915960745661024	0.970426450005854
0.916360728519391	0.976442219690192
0.916760711377759	0.98259932558127
0.917160694236126	0.988898039411043
0.917560677094493	0.99533863962872
0.91796065995286	1.001921409459
0.918360642811228	1.00864663563721
0.918760625669595	1.015514607795
0.919160608527962	1.02252561742032
0.91956059138633	1.02967995601747
0.919960574244697	1.03697791037943
0.920360557103064	1.04441975689581
0.920760539961431	1.05200575873938
0.921160522819799	1.05973616833733
0.921560505678166	1.06761123682077
0.921960488536533	1.07563123033114
0.9223604713949	1.08379644608144
0.922760454253268	1.09210722191103
0.923160437111635	1.10056393621237
0.923560419970002	1.10916699658336
0.923960402828369	1.11791681757029
0.924360385686737	1.12681379470485
0.924760368545104	1.1358582834996
0.925160351403471	1.14505058669788
0.925560334261838	1.15439095152888
0.925960317120206	1.16387957592089
0.926360299978573	1.17351662050285
0.92676028283694	1.18330222246666
0.927160265695308	1.19323650991425
0.927560248553675	1.20331961194757
0.927960231412042	1.2135516627872
0.928360214270409	1.2239328039586
0.928760197128777	1.23446318696093
0.929160179987144	1.24514297501398
0.929560162845511	1.25597234086311
0.929960145703878	1.26695146117478
0.930360128562246	1.27808050458807
0.930760111420613	1.28935961647965
0.93116009427898	1.30078890688003
0.931560077137347	1.31236844368568
0.931960059995715	1.32409825036712
0.932360042854082	1.33597831690672
0.932760025712449	1.34800861845405
0.933160008570816	1.36018913518812
