0	1.39269871113665
0.00039998292568404	1.39836303196628
0.00079996585136808	1.40394116977314
0.00119994877705212	1.40943392160593
0.00159993170273616	1.41484212150624
0.0019999146284202	1.42016663619335
0.00239989755410424	1.42540836339745
0.00279988047978828	1.4305682332698
0.00319986340547232	1.43564721431221
0.00359984633115636	1.44064631827166
0.0039998292568404	1.44556660149576
0.00439981218252444	1.45040916673603
0.00479979510820848	1.45517515735878
0.00519977803389252	1.45986574330003
0.00559976095957656	1.46448210782929
0.0059997438852606	1.46902543812838
0.00639972681094464	1.47349691319608
0.00679970973662868	1.47789769904308
0.00719969266231272	1.48222895093988
0.00759967558799676	1.48649181401445
0.0079996585136808	1.49068742085021
0.00839964143936484	1.49481689456625
0.00879962436504888	1.49888134752711
0.00919960729073292	1.50288187791288
0.00959959021641696	1.50681956609643
0.009999573142101	1.51069547103628
0.010399556067785	1.5145106239852
0.0107995389934691	1.51826602760951
0.0111995219191531	1.52196266124365
0.0115995048448372	1.52560149022639
0.0119994877705212	1.52918347773913
0.0123994706962052	1.53270959835082
0.0127994536218893	1.53618084591199
0.0131994365475733	1.53959823278452
0.0135994194732574	1.54296278221511
0.0139994023989414	1.54627551822389
0.0143993853246254	1.54953745400364
0.0147993682503095	1.552749583576
0.0151993511759935	1.55591288204504
0.0155993341016776	1.55902831097134
0.0159993170273616	1.56209682391322
0.0163992999530456	1.56511936856765
0.0167992828787297	1.56809688655632
0.0171992658044137	1.57103031019881
0.0175992487300978	1.57392056091781
0.0179992316557818	1.57676855138056
0.0183992145814658	1.57957518829329
0.0187991975071499	1.58234137483951
0.0191991804328339	1.58506801305914
0.019599163358518	1.58775600153315
0.019999146284202	1.59040622740327
0.020399129209886	1.5930195520848
0.0207991121355701	1.59559679335284
0.0211990950612541	1.59813870211419
0.0215990779869381	1.60064593926042
0.0219990609126222	1.60311905544681
0.0223990438383062	1.60555847775397
0.0227990267639903	1.60796450154389
0.0231990096896743	1.61033728962984
0.0235989926153583	1.61267687626989
0.0239989755410424	1.61498317284663
0.0243989584667264	1.61725597116333
0.0247989413924105	1.61949494438189
0.0251989243180945	1.62169963864174
0.0255989072437785	1.62386945756129
0.0259988901694626	1.6260036448941
0.0263988730951466	1.62810127474183
0.0267988560208307	1.63016124931273
0.0271988389465147	1.63218231145445
0.0275988218721987	1.63416307028949
0.0279988047978828	1.63610203218957
0.0283987877235668	1.63799762896301
0.0287987706492509	1.63984824386157
0.0291987535749349	1.64165222767487
0.0295987365006189	1.64340789615831
0.029998719426303	1.64511350869109
0.030398702351987	1.64676723711212
0.0307986852776711	1.64836712749982
0.0311986682033551	1.64991105546092
0.0315986511290391	1.6513966860319
0.0319986340547232	1.65282144601464
0.0323986169804072	1.65418251537585
0.0327985999060913	1.65547683351084
0.0331985828317753	1.65670112323992
0.0335985657574593	1.65785192091821
0.0339985486831434	1.65892560823297
0.0343985316088274	1.65991843518342
0.0347985145345115	1.66082653628025
0.0351984974601955	1.66164593306175
0.0355984803858795	1.66237253619933
0.0359984633115636	1.66300214800344
0.0363984462372476	1.66353046747279
0.0367984291629317	1.66395308913538
0.0371984120886157	1.66426551108831
0.0375983950142997	1.66446315284784
0.0379983779399838	1.66454137583947
0.0383983608656678	1.66449550388815
0.0387983437913519	1.66432086197102
0.0391983267170359	1.66401282798623
0.0395983096427199	1.66356690373591
0.039998292568404	1.6629788211216
0.040398275494088	1.6622446954734
0.0407982584197721	1.66136123670694
0.0411982413454561	1.66032603199347
0.0415982242711401	1.6591379071653
0.0419982071968242	1.65779737885934
0.0423981901225082	1.65630723022672
0.0427981730481923	1.65467323300533
0.0431981559738763	1.65290504887634
0.0435981388995603	1.6510173398893
0.0439981218252444	1.64903107922923
0.0443981047509284	1.64697496665839
0.0447980876766125	1.6448867601665
0.0451980706022965	1.64281415999739
0.0455980535279805	1.64081463898267
0.0459980364536646	1.63895333814941
0.0463980193793486	1.63729787646336
0.0467980023050327	1.63590873871754
0.0471979852307167	1.63789553949187
0.0475979681564007	1.64000592343088
0.0479979510820848	1.64223341576384
0.0483979340077688	1.64457137167355
0.0487979169334529	1.64701297855146
0.0491978998591369	1.64955126149664
0.0495978827848209	1.6521790842573
0.049997865710505	1.6548891279154
0.050397848636189	1.65767419466809
0.0507978315618731	1.66052755407714
0.0511978144875571	1.66344332447345
0.0515977974132411	1.66641675475463
0.0519977803389252	1.66944419009365
0.0523977632646092	1.67252255719241
0.0527977461902933	1.6756488825229
0.0531977291159773	1.6788198509112
0.0535977120416613	1.68203147796235
0.0539976949673454	1.68527909348713
0.0543976778930294	1.6885577090719
0.0547976608187134	1.69186239475697
0.0551976437443975	1.6951886016055
0.0555976266700815	1.69853219991225
0.0559976095957656	1.70188911177867
0.0563975925214496	1.70525463244061
0.0567975754471337	1.70862265707434
0.0571975583728177	1.71198487405851
0.0575975412985017	1.71533018375219
0.0579975242241858	1.71864478383395
0.0583975071498698	1.72191276803126
0.0587974900755538	1.72511699545372
0.0591974730012379	1.72824012562579
0.0595974559269219	1.73126546444552
0.059997438852606	1.73417733189463
0.06039742177829	1.73696112747756
0.060797404703974	1.73960310193505
0.0611973876296581	1.74208998111481
0.0615973705553421	1.74440870007021
0.0619973534810262	1.74654659469491
0.0623973364067102	1.74849164150353
0.0627973193323942	1.75023262454357
0.0631973022580783	1.75175909979457
0.0635972851837623	1.75306134754518
0.0639972681094464	1.7541303378252
0.0643972510351304	1.75495791797878
0.0647972339608145	1.75553718872266
0.0651972168864985	1.75586289166467
0.0655971998121825	1.75593174554193
0.0659971827378666	1.75574280207472
0.0663971656635506	1.75529763621793
0.0667971485892346	1.7546004692316
0.0671971315149187	1.75365828539273
0.0675971144406027	1.75248095241081
0.0679970973662868	1.75108108602978
0.0683970802919708	1.74947358311503
0.0687970632176548	1.74767492373001
0.0691970461433389	1.74570234433596
0.0695970290690229	1.74357283821339
0.069997011994707	1.74130223568447
0.070396994920391	1.73890450930631
0.070796977846075	1.73639136217659
0.0711969607717591	1.73377207417848
0.0715969436974431	1.73105348923428
0.0719969266231272	1.72823979792293
0.0723969095488112	1.72533229734245
0.0727968924744952	1.72232929131477
0.0731968754001793	1.71922627981035
0.0735968583258633	1.71601639834631
0.0739968412515474	1.71269133535183
0.0743968241772314	1.70924271552107
0.0747968071029154	1.70566374380335
0.0751967900285995	1.70195085442318
0.0755967729542835	1.69810526841702
0.0759967558799676	1.69413403028532
0.0763967388056516	1.69005031375121
0.0767967217313356	1.68587276572211
0.0771967046570197	1.68162416090009
0.0775966875827037	1.67732972855257
0.0779966705083878	1.67301531228975
0.0783966534340718	1.66870571734333
0.0787966363597558	1.66442355340501
0.0791966192854399	1.66018860491608
0.0795966022111239	1.65601749061608
0.079996585136808	1.65192372872121
0.080396568062492	1.64791808172652
0.080796550988176	1.64400895136951
0.0811965339138601	1.64020267054456
0.0815965168395441	1.63650389697789
0.0819964997652282	1.63291591385967
0.0823964826909122	1.62944089025861
0.0827964656165962	1.6260802384772
0.0831964485422803	1.62283499733629
0.0835964314679643	1.61970606713239
0.0839964143936484	1.61669464904762
0.0843963973193324	1.61380295112759
0.0847963802450164	1.61103472852555
0.0851963631707005	1.60839567834417
0.0855963460963845	1.60589377201217
0.0859963290220686	1.60353920507078
0.0863963119477526	1.60134388343106
0.0867962948734366	1.59932095510554
0.0871962777991207	1.59748438581275
0.0875962607248047	1.59584872217357
0.0879962436504887	1.59442911287206
0.0883962265761728	1.59324142488279
0.0887962095018568	1.59230206732945
0.0891961924275409	1.59162760648716
0.0895961753532249	1.59123395041587
0.089996158278909	1.59113529368249
0.090396141204593	1.59134318782195
0.090796124130277	1.59186617111384
0.0911961070559611	1.59270951815822
0.0915960899816451	1.59387533561433
0.0919960729073292	1.59536284520111
0.0923960558330132	1.597168612587
0.0927960387586972	1.59928657498731
0.0931960216843813	1.60170825985889
0.0935960046100653	1.60442291488584
0.0939959875357494	1.60741773202425
0.0943959704614334	1.61067822748398
0.0947959533871174	1.61418857364325
0.0951959363128015	1.61793167537482
0.0955959192384855	1.6218895198365
0.0959959021641695	1.62604374752403
0.0963958850898536	1.630376446717
0.0967958680155376	1.63487109488331
0.0971958509412217	1.63951374383377
0.0975958338669057	1.64429364606045
0.0979958167925897	1.64920329187355
0.0983957997182738	1.65423768350922
0.0987957826439578	1.65939301203519
0.0991957655696419	1.66466498763147
0.0995957484953259	1.67004759808309
0.09999573142101	1.67553220171723
0.100395714346694	1.68110702010905
0.100795697272378	1.68675724914697
0.101195680198062	1.69246576288618
0.101595663123746	1.69821390458557
0.10199564604943	1.70398250684413
0.102395628975114	1.70975297628404
0.102795611900798	1.71550815265252
0.103195594826482	1.72123281391598
0.103595577752166	1.72691404883777
0.10399556067785	1.73254120560083
0.104395543603534	1.73810536289913
0.104795526529218	1.74359868147714
0.105195509454902	1.74901361667548
0.105595492380587	1.75434198908681
0.105995475306271	1.75957427407963
0.106395458231955	1.76469942577717
0.106795441157639	1.76970511934143
0.107195424083323	1.774578463602
0.107595407009007	1.77930693109483
0.107995389934691	1.78387924528952
0.108395372860375	1.78828580586026
0.108795355786059	1.79251872285293
0.109195338711743	1.79657163372227
0.109595321637427	1.8004393305273
0.109995304563111	1.80411732973028
0.110395287488795	1.80760192902532
0.110795270414479	1.81089070965635
0.111195253340163	1.81398310472775
0.111595236265847	1.8168809290405
0.111995219191531	1.81958862084817
0.112395202117215	1.82211298783979
0.112795185042899	1.82446260353581
0.113195167968583	1.82664717512621
0.113595150894267	1.8286768057458
0.113995133819951	1.8305615400916
0.114395116745635	1.83231137992966
0.114795099671319	1.83393652247641
0.115195082597003	1.83544758686071
0.115595065522688	1.83685608131691
0.115995048448372	1.83817465554251
0.116395031374056	1.8394170478082
0.11679501429974	1.84059789311477
0.117194997225424	1.84173246472487
0.117594980151108	1.84283617868283
0.117994963076792	1.8439242497567
0.118394946002476	1.84501135212658
0.11879492892816	1.84611109390386
0.119194911853844	1.84723542442715
0.119594894779528	1.84839429654683
0.119994877705212	1.84959551529814
0.120394860630896	1.85084494440309
0.12079484355658	1.85214705552549
0.121194826482264	1.85350553279385
0.121594809407948	1.85492383044635
0.121994792333632	1.85640565562429
0.122394775259316	1.85795470246599
0.122794758185	1.8595738293359
0.123194741110684	1.86126407436266
0.123594724036368	1.86302362075474
0.123994706962052	1.86484693257233
0.124394689887736	1.86672477621141
0.12479467281342	1.86864487206238
0.125194655739104	1.87059309229645
0.125594638664788	1.87255500369411
0.125994621590473	1.87451730167964
0.126394604516157	1.87646832134765
0.126794587441841	1.87839817741129
0.127194570367525	1.88029858512423
0.127594553293209	1.88216232066156
0.127994536218893	1.88398250534399
0.128394519144577	1.88575238224631
0.128794502070261	1.88746520968744
0.129194484995945	1.88911414977501
0.129594467921629	1.89069220687442
0.129994450847313	1.8921923338632
0.130394433772997	1.89360752967149
0.130794416698681	1.8949310386299
0.131194399624365	1.8961566240442
0.131594382550049	1.8972789763083
0.131994365475733	1.89829417085655
0.132394348401417	1.89920030603459
0.132794331327101	1.89999799005105
0.133194314252785	1.90069063155424
0.133594297178469	1.90128458415058
0.133994280104153	1.90178916979338
0.134394263029837	1.90221672928324
0.134794245955521	1.90258275032185
0.135194228881205	1.90290585026694
0.135594211806889	1.90320756029815
0.135994194732574	1.90351188767372
0.136394177658258	1.90384438612323
0.136794160583942	1.90423074927745
0.137194143509626	1.90469543646248
0.13759412643531	1.90526057908359
0.137994109360994	1.90594526435353
0.138394092286678	1.9067656097737
0.138794075212362	1.90773537581933
0.139194058138046	1.90886662758682
0.13959404106373	1.91017010265332
0.139994023989414	1.91165540904097
0.140394006915098	1.91333076293662
0.140793989840782	1.91520273961478
0.141193972766466	1.91727640714461
0.14159395569215	1.91955595759663
0.141993938617834	1.92204534633783
0.142393921543518	1.92474884477491
0.142793904469202	1.92767114559591
0.143193887394886	1.93081697929015
0.14359387032057	1.93419020692007
0.143993853246254	1.93779303017465
0.144393836171938	1.94162534622788
0.144793819097622	1.94568457573149
0.145193802023306	1.94996614581879
0.14559378494899	1.95446430474338
0.145993767874675	1.95917270276723
0.146393750800359	1.96408470945138
0.146793733726043	1.96919348053255
0.147193716651727	1.97449162264691
0.147593699577411	1.97997078645748
0.147993682503095	1.98562149785291
0.148393665428779	1.99143317871383
0.148793648354463	1.99739435525039
0.149193631280147	2.00349306906818
0.149593614205831	2.00971697820935
0.149993597131515	2.01605318984783
0.150393580057199	2.02248803699433
0.150793562982883	2.02900683671644
0.151193545908567	2.03559350228659
0.151593528834251	2.04223067476893
0.151993511759935	2.04890021045066
0.152393494685619	2.05558366873288
0.152793477611303	2.06226266825076
0.153193460536987	2.06891898493676
0.153593443462671	2.07553418958621
0.153993426388355	2.08208924698845
0.154393409314039	2.08856417474675
0.154793392239723	2.09493788248926
0.155193375165407	2.10118840584337
0.155593358091091	2.10729372191241
0.155993341016776	2.11323258391153
0.15639332394246	2.11898508562484
0.156793306868144	2.12453289458862
0.157193289793828	2.12985924646663
0.157593272719512	2.13494877396822
0.157993255645196	2.13978720090297
0.15839323857088	2.14436096422161
0.158793221496564	2.14865680113049
0.159193204422248	2.15266129316198
0.159593187347932	2.15636023380747
0.159993170273616	2.15973802637585
0.1603931531993	2.1627774340938
0.160793136124984	2.16545999848694
0.161193119050668	2.16776705901571
0.161593101976352	2.16968130470137
0.161993084902036	2.1711882339815
0.16239306782772	2.17227736615849
0.162793050753404	2.17294280384922
0.163193033679088	2.17318314978209
0.163593016604772	2.17300085951315
0.163992999530456	2.17240147066423
0.16439298245614	2.17139285656957
0.164792965381824	2.16998482101405
0.165192948307508	2.16818868460003
0.165592931233192	2.16601679980119
0.165992914158877	2.16348202732773
0.166392897084561	2.16059733540253
0.166792880010245	2.15737537033137
0.167192862935929	2.15382829798198
0.167592845861613	2.14996796376154
0.167992828787297	2.14580630327957
0.168392811712981	2.14135578685848
0.168792794638665	2.13663001318696
0.169192777564349	2.13164410022849
0.169592760490033	2.12641472041105
0.169992743415717	2.12095988757936
0.170392726341401	2.11529861283169
0.170792709267085	2.10945021761617
0.171192692192769	2.10343369725505
0.171592675118453	2.09726740631253
0.171992658044137	2.09096921867855
0.172392640969821	2.08455708396978
0.172792623895505	2.0780498471437
0.173192606821189	2.07146789853377
0.173592589746873	2.06483340387131
0.173992572672557	2.05817015365647
0.174392555598241	2.05150304648678
0.174792538523925	2.04485707418876
0.175192521449609	2.03825621804471
0.175592504375293	2.03172253077801
0.175992487300977	2.02527533259345
0.176392470226662	2.01893059029427
0.176792453152346	2.01270049845338
0.17719243607803	2.00659324399252
0.177592419003714	2.00061294052683
0.177992401929398	1.9947597947984
0.178392384855082	1.98903031975842
0.178792367780766	1.98341787710304
0.17919235070645	1.97791341347333
0.179592333632134	1.97250608021187
0.179992316557818	1.96718355154006
0.180392299483502	1.96193232510906
0.180792282409186	1.95673785372698
0.18119226533487	1.95158471388758
0.181592248260554	1.94645690419265
0.181992231186238	1.94133825886928
0.182392214111922	1.93621293615599
0.182792197037606	1.93106600419948
0.18319217996329	1.92588386688635
0.183592162888974	1.92065446087901
0.183992145814658	1.91536740412704
0.184392128740342	1.91001410693838
0.184792111666026	1.90458753324032
0.18519209459171	1.89908190138627
0.185592077517394	1.89349234590586
0.185992060443079	1.88781452544996
0.186392043368763	1.88204407618197
0.186792026294447	1.87617612919286
0.187192009220131	1.87020486538291
0.187591992145815	1.86412328220973
0.187991975071499	1.85792317423057
0.188391957997183	1.85159527364082
0.188791940922867	1.84512952753214
0.189191923848551	1.83851569991015
0.189591906774235	1.83174429391692
0.189991889699919	1.82480783114069
0.190391872625603	1.81770221350361
0.190791855551287	1.81042803816005
0.191191838476971	1.80299128898025
0.191591821402655	1.79540343701458
0.191991804328339	1.787680683598
0.192391787254023	1.77984266994774
0.192791770179707	1.77191116763804
0.193191753105391	1.76390908788349
0.193591736031075	1.75585965966421
0.193991718956759	1.74778589972027
0.194391701882443	1.73971028700392
0.194791684808127	1.73165442292082
0.195191667733811	1.72363868547146
0.195591650659495	1.71568217823385
0.195991633585179	1.70780293296584
0.196391616510864	1.70001835358555
0.196791599436548	1.69234583412116
0.197191582362232	1.68480316019707
0.197591565287916	1.67740841158307
0.1979915482136	1.67017952541498
0.198391531139284	1.66313372417937
0.198791514064968	1.65628684098119
0.199191496990652	1.64965292204425
0.199591479916336	1.64324424562481
0.19999146284202	1.63707177239464
0.200391445767704	1.63114578334339
0.200791428693388	1.62547643831603
0.201191411619072	1.62007409564925
0.201591394544756	1.61494940863958
0.20199137747044	1.61011309756029
0.202391360396124	1.60557574631232
0.202791343321808	1.60134787959348
0.203191326247492	1.59744022983651
0.203591309173176	1.59386395567401
0.20399129209886	1.59063093007866
0.204391275024544	1.5877536506891
0.204791257950228	1.58524436283246
0.205191240875912	1.58311388511139
0.205591223801596	1.58137046405483
0.20599120672728	1.58001871510374
0.206391189652965	1.57905911238212
0.206791172578649	1.57848832727231
0.207191155504333	1.57829993308799
0.207591138430017	1.57848522277875
0.207991121355701	1.57903405552342
0.208391104281385	1.57993514514856
0.208791087207069	1.58117585663163
0.209191070132753	1.58274207809721
0.209591053058437	1.58461816301905
0.209991035984121	1.58678664324089
0.210391018909805	1.58922817375879
0.210791001835489	1.59192173999001
0.211190984761173	1.59484488284389
0.211590967686857	1.59797410014959
0.211990950612541	1.60128553448273
0.212390933538225	1.60475563485735
0.212790916463909	1.60836177519188
0.213190899389593	1.61208272283628
0.213590882315277	1.61589889254016
0.213990865240961	1.61979238866784
0.214390848166645	1.62374718959922
0.214790831092329	1.62774941592824
0.215190814018013	1.63178790857889
0.215590796943697	1.63585510045078
0.215990779869381	1.63994765589985
0.216390762795066	1.64406659739254
0.21679074572075	1.6482168446505
0.217190728646434	1.65240597962588
0.217590711572118	1.65664257717568
0.217990694497802	1.66093462802875
0.218390677423486	1.66528825616088
0.21879066034917	1.6697071606106
0.219190643274854	1.67419301288805
0.219590626200538	1.67874645403945
0.219990609126222	1.68336789359028
0.220390592051906	1.68805818585746
0.22079057497759	1.69281908990691
0.221190557903274	1.6976530767067
0.221590540828958	1.70256254072833
0.221990523754642	1.70754905224267
0.222390506680326	1.71261280306772
0.22279048960601	1.7177522120411
0.223190472531694	1.72296402306688
0.223590455457378	1.72824391173598
0.223990438383062	1.73358721158324
0.224390421308746	1.73898956633622
0.22479040423443	1.74444739200962
0.225190387160114	1.74995784403113
0.225590370085798	1.75551826757733
0.225990353011482	1.76112570903578
0.226390335937167	1.76677662783985
0.226790318862851	1.77246667316912
0.227190301788535	1.77819083001378
0.227590284714219	1.78394384977891
0.227990267639903	1.78972086195573
0.228390250565587	1.79551801937432
0.228790233491271	1.80133302863559
0.229190216416955	1.80716532469817
0.229590199342639	1.8130161334589
0.229990182268323	1.81888842122952
0.230390165194007	1.82478654534341
0.230790148119691	1.83071581780209
0.231190131045375	1.83668196507439
0.231590113971059	1.84269033078881
0.231990096896743	1.84874525686998
0.232390079822427	1.8548497019393
0.232790062748111	1.86100487569997
0.233190045673795	1.86720982194012
0.233590028599479	1.87346129822808
0.233990011525163	1.87975366580197
0.234389994450847	1.88607903438615
0.234789977376531	1.89242790918346
0.235189960302215	1.89879022811545
0.235589943227899	1.90515643003439
0.235989926153583	1.91151845875451
0.236389909079268	1.91787018761429
0.236789892004952	1.92420714716441
0.237189874930636	1.93052579856151
0.23758985785632	1.93682253494988
0.237989840782004	1.94309249295998
0.238389823707688	1.94932882412819
0.238789806633372	1.95552260632902
0.239189789559056	1.96166327857176
0.23958977248474	1.96773952193523
0.239989755410424	1.97374034967433
0.240389738336108	1.97965592627532
0.240789721261792	1.98547804064703
0.241189704187476	1.99120043333208
0.24158968711316	1.99681865334648
0.241989670038844	2.00232936570112
0.242389652964528	2.00772967209299
0.242789635890212	2.01301664312038
0.243189618815896	2.0181868258056
0.24358960174158	2.02323591882018
0.243989584667264	2.02815882175889
0.244389567592948	2.03294975567548
0.244789550518632	2.03760223812089
0.245189533444316	2.04210911558397
0.24558951637	2.04646265726706
0.245989499295684	2.05065466416788
0.246389482221368	2.0546768186371
0.246789465147053	2.05852114055362
0.247189448072737	2.06218034382848
0.247589430998421	2.0656478584875
0.247989413924105	2.06891758313498
0.248389396849789	2.07198316786505
0.248789379775473	2.07483708846669
0.249189362701157	2.07747000464775
0.249589345626841	2.0798707677349
0.249989328552525	2.08202696398122
0.250389311478209	2.08392590887732
0.250789294403893	2.08555588507191
0.251189277329577	2.08690736004135
0.251589260255261	2.08797370412355
0.251989243180945	2.08875145553361
0.252389226106629	2.08924023276873
0.252789209032313	2.08944248841572
0.253189191957997	2.08936297085153
0.253589174883681	2.08900813384831
0.253989157809365	2.08838562213208
0.254389140735049	2.08750394125045
0.254789123660733	2.08637236514701
0.255189106586417	2.08500107853002
0.255589089512101	2.08340145677437
0.255989072437785	2.08158646789205
0.25638905536347	2.07957089150722
0.256789038289154	2.07737108058762
0.257189021214838	2.07500441571202
0.257589004140522	2.0724887626312
0.257988987066206	2.06984189299907
0.25838896999189	2.06708099620111
0.258788952917574	2.06422233162258
0.259188935843258	2.06128089031799
0.259588918768942	2.0582700390711
0.259988901694626	2.05520132844848
0.26038888462031	2.05208426464253
0.260788867545994	2.04892619297801
0.261188850471678	2.0457326224848
0.261588833397362	2.04250791320312
0.261988816323046	2.03925576108447
0.26238879924873	2.03597965927906
0.262788782174414	2.0326834156316
0.263188765100098	2.02937158983929
0.263588748025782	2.02604954202562
0.263988730951466	2.02272361328597
0.26438871387715	2.01940114693109
0.264788696802834	2.01609018025897
0.265188679728518	2.01279887473884
0.265588662654202	2.0095350703807
0.265988645579886	2.00630577531337
0.26638862850557	2.00311701658682
0.266788611431255	1.99997421582463
0.267188594356939	1.99688273930732
0.267588577282623	1.99384815026787
0.267988560208307	1.99087640093492
0.268388543133991	1.98797372535187
0.268788526059675	1.9851459746582
0.269188508985359	1.98239773896593
0.269588491911043	1.97973174749609
0.269988474836727	1.97714840962877
0.270388457762411	1.97464557413353
0.270788440688095	1.97221879746824
0.271188423613779	1.96986189870753
0.271588406539463	1.96756759792425
0.271988389465147	1.96532815568062
0.272388372390831	1.96313604784507
0.272788355316515	1.96098437521468
0.273188338242199	1.95886716135426
0.273588321167883	1.95677955500145
0.273988304093567	1.95471786310337
0.274388287019251	1.95267945601279
0.274788269944935	1.95066290183966
0.275188252870619	1.94866810931967
0.275588235796303	1.94669642345095
0.275988218721987	1.94475084125027
0.276388201647671	1.94283618466584
0.276788184573356	1.94095908885429
0.27718816749904	1.93912800745539
0.277588150424724	1.93735320071452
0.277988133350408	1.9356464542386
0.278388116276092	1.93402071195626
0.278788099201776	1.93248970437002
0.27918808212746	1.93106737276305
0.279588065053144	1.92976737158046
0.279988047978828	1.92860289324989
0.280388030904512	1.92758653199075
0.280788013830196	1.92672995556128
0.28118799675588	1.92604351321054
0.281587979681564	1.92553546119511
0.281987962607248	1.9252107787224
0.282387945532932	1.92506991241649
0.282787928458616	1.9251078577593
0.2831879113843	1.9253139331879
0.283587894309984	1.92567244517208
0.283987877235668	1.92616392675294
0.284387860161352	1.92676666144171
0.284787843087036	1.92745814284247
0.28518782601272	1.92821606112992
0.285587808938404	1.92901872366752
0.285987791864088	1.92984517073629
0.286387774789773	1.93067529209047
0.286787757715457	1.93149011614657
0.287187740641141	1.93227223015085
0.287587723566825	1.93300617150865
0.287987706492509	1.93367886846302
0.288387689418193	1.93427980744085
0.288787672343877	1.93480097626627
0.289187655269561	1.93523678760331
0.289587638195245	1.935584191628
0.289987621120929	1.935842817868
0.290387604046613	1.93601529869493
0.290787586972297	1.93610720375869
0.291187569897981	1.93612639967296
0.291587552823665	1.93608212003853
0.291987535749349	1.93598383077802
0.292387518675033	1.93583980321394
0.292787501600717	1.93565598153542
0.293187484526401	1.93543555066213
0.293587467452085	1.93517895430105
0.293987450377769	1.93488444892996
0.294387433303453	1.93454900909561
0.294787416229137	1.93416935753181
0.295187399154821	1.93374271747918
0.295587382080505	1.93326726278695
0.295987365006189	1.93274196872169
0.296387347931873	1.93216630971664
0.296787330857558	1.93153979274352
0.297187313783242	1.93086158337292
0.297587296708926	1.93013050485022
0.29798727963461	1.92934556422753
0.298387262560294	1.92850637880167
0.298787245485978	1.92761374779891
0.299187228411662	1.92667010220191
0.299587211337346	1.92567966479987
0.29998719426303	1.92464823439365
0.300387177188714	1.92358290528405
0.300787160114398	1.92249151365841
0.301187143040082	1.92138200214621
0.301587125965766	1.92026194575313
0.30198710889145	1.91913806684659
0.302387091817134	1.91801582459029
0.302787074742818	1.91689943687904
0.303187057668502	1.91579237954463
0.303587040594186	1.9146977997112
0.30398702351987	1.91361888934532
0.304387006445554	1.91255898052831
0.304786989371238	1.91152125169595
0.305186972296922	1.91050809482646
0.305586955222606	1.90952065054168
0.30598693814829	1.90855869388128
0.306386921073974	1.90762119444194
0.306786903999659	1.90670732608149
0.307186886925343	1.90581761088968
0.307586869851027	1.90495431524354
0.307986852776711	1.90412111849533
0.308386835702395	1.90332209841348
0.308786818628079	1.90256048974612
0.309186801553763	1.90183767196372
0.309586784479447	1.90115300207913
0.309986767405131	1.90050446671562
0.310386750330815	1.89988983413417
0.310786733256499	1.89930777858056
0.311186716182183	1.89875864405217
0.311586699107867	1.89824443023986
0.311986682033551	1.89776823843897
0.312386664959235	1.89733355215457
0.312786647884919	1.89694387295207
0.313186630810603	1.89660298945402
0.313586613736287	1.89631574134506
0.313986596661971	1.89608891768275
0.314386579587655	1.8959321589581
0.314786562513339	1.8958583687281
0.315186545439023	1.89588329800243
0.315586528364707	1.89602448844623
0.315986511290391	1.8963000639923
0.316386494216075	1.89672726833949
0.31678647714176	1.89732112192006
0.317186460067444	1.89809344618036
0.317586442993128	1.89905241005498
0.317986425918812	1.90020236375815
0.318386408844496	1.90154427912802
0.31878639177018	1.90307628859512
0.319186374695864	1.90479376539236
0.319586357621548	1.90668917752445
0.319986340547232	1.90875200112324
0.320386323472916	1.91096832322583
0.3207863063986	1.91332056885874
0.321186289324284	1.91578792205279
0.321586272249968	1.91834742246513
0.321986255175652	1.9209754173064
0.322386238101336	1.92364940592217
0.32278622102702	1.9263496797931
0.323186203952704	1.9290604635581
0.323586186878388	1.93177062645194
0.323986169804072	1.93447380722882
0.324386152729756	1.9371679107314
0.32478613565544	1.93985420886694
0.325186118581124	1.9425362730557
0.325586101506808	1.94521853506694
0.325986084432492	1.94790482345688
0.326386067358176	1.9505970499527
0.32678605028386	1.95329424424627
0.327186033209545	1.95599222846883
0.327586016135229	1.95868400378399
0.327985999060913	1.96136066836806
0.328385981986597	1.96401288873871
0.328785964912281	1.96663254366743
0.329185947837965	1.96921392203267
0.329585930763649	1.97175424491059
0.329985913689333	1.97425372477728
0.330385896615017	1.97671510972547
0.330785879540701	1.97914288734354
0.331185862466385	1.98154233719035
0.331585845392069	1.98391871910274
0.331985828317753	1.9862766343926
0.332385811243437	1.98861961185632
0.332785794169121	1.99094995560927
0.333185777094805	1.99326869380079
0.333585760020489	1.99557579704808
0.333985742946173	1.99787049828698
0.334385725871857	2.00015163142577
0.334785708797541	2.00241807019828
0.335185691723225	2.00466917624548
0.335585674648909	2.00690498629266
0.335985657574593	2.00912619244192
0.336385640500277	2.01133402213114
0.336785623425962	2.01353014436123
0.337185606351646	2.01571671570651
0.33758558927733	2.01789678042144
0.337985572203014	2.02007473609975
0.338385555128698	2.0222567155939
0.338785538054382	2.02445072936989
0.339185520980066	2.02666636660491
0.33958550390575	2.02891394894482
0.339985486831434	2.03120379258763
0.340385469757118	2.03354561132054
0.340785452682802	2.03594807928912
0.341185435608486	2.03841876548625
0.34158541853417	2.04096439894184
0.341985401459854	2.04359083371186
0.342385384385538	2.04630265292035
0.342785367311222	2.04910257823235
0.343185350236906	2.0519908747332
0.34358533316259	2.05496501369785
0.343985316088274	2.0580198927296
0.344385299013958	2.06114840714778
0.344785281939642	2.06434213170319
0.345185264865326	2.0675919593679
0.34558524779101	2.07088830283318
0.345985230716694	2.07422067267889
0.346385213642378	2.07757693151376
0.346785196568063	2.08094254729228
0.347185179493747	2.08430004133081
0.347585162419431	2.08762891373638
0.347985145345115	2.0909061089461
0.348385128270799	2.09410685768314
0.348785111196483	2.09720538430995
0.349185094122167	2.10017543739014
0.349585077047851	2.10299070979118
0.349985059973535	2.10562514551339
0.350385042899219	2.1080530277763
0.350785025824903	2.11024926065914
0.351185008750587	2.11218993885855
0.351584991676271	2.11385312946331
0.351984974601955	2.11521965654278
0.352384957527639	2.11627380476248
0.352784940453323	2.11700349704454
0.353184923379007	2.11740002252604
0.353584906304691	2.1174576433935
0.353984889230375	2.11717313642315
0.354384872156059	2.11654527299228
0.354784855081743	2.11557458263069
0.355184838007427	2.11426340369749
0.355584820933111	2.11261569860318
0.355984803858795	2.11063651891654
0.356384786784479	2.10833160637937
0.356784769710163	2.1057071126505
0.357184752635848	2.10276918414588
0.357584735561532	2.09952380936333
0.357984718487216	2.0959771439281
0.3583847014129	2.09213593382219
0.358784684338584	2.08800787572126
0.359184667264268	2.08360202856428
0.359584650189952	2.07892896616669
0.359984633115636	2.07400053041022
0.36038461604132	2.06882978406355
0.360784598967004	2.06343123422076
0.361184581892688	2.05782098039111
0.361584564818372	2.05201700957721
0.361984547744056	2.04603980407074
0.36238453066974	2.03991261829367
0.362784513595424	2.03366139654967
0.363184496521108	2.02731466287493
0.363584479446792	2.02090314347345
0.363984462372476	2.01445884528755
0.36438444529816	2.00801412338292
0.364784428223844	2.00160072882387
0.365184411149528	1.99524877620325
0.365584394075212	1.98898581144634
0.365984377000896	1.98283621272437
0.36638435992658	1.97682057808616
0.366784342852264	1.97095546607014
0.367184325777949	1.96525347789743
0.367584308703633	1.95972339790155
0.367984291629317	1.95437052290853
0.368384274555001	1.94919729956441
0.368784257480685	1.94420391373634
0.369184240406369	1.93938896510376
0.369584223332053	1.93475036125779
0.369984206257737	1.93028609148941
0.370384189183421	1.92599479781644
0.370784172109105	1.92187628736158
0.371184155034789	1.91793159539156
0.371584137960473	1.91416253136689
0.371984120886157	1.9105712864415
0.372384103811841	1.90716004926586
0.372784086737525	1.90393055849857
0.373184069663209	1.90088396638056
0.373584052588893	1.89802112261099
0.373984035514577	1.89534293864149
0.374384018440261	1.89285075102848
0.374784001365945	1.89054655248604
0.375183984291629	1.8884327751402
0.375583967217313	1.88651156969931
0.375983950142997	1.88478384080421
0.376383933068681	1.8832482902313
0.376783915994366	1.8819009800978
0.377183898920049	1.88073559046322
0.377583881845734	1.87974407885158
0.377983864771418	1.87891743196905
0.378383847697102	1.87824635316545
0.378783830622786	1.87772158113234
0.37918381354847	1.87733389148583
0.379583796474154	1.87707392672682
0.379983779399838	1.87693195763053
0.380383762325522	1.87689791627081
0.380783745251206	1.87696172073157
0.38118372817689	1.87711346993182
0.381583711102574	1.87734363436081
0.381983694028258	1.8776431331392
0.382383676953942	1.87800317406698
0.382783659879626	1.87841502044762
0.38318364280531	1.87887014021763
0.383583625730994	1.87936058533535
0.383983608656678	1.87987940144861
0.384383591582362	1.88042099398702
0.384783574508046	1.88098125331762
0.38518355743373	1.88155731834991
0.385583540359414	1.8821471162103
0.385983523285098	1.88274878418637
0.386383506210782	1.88335994661479
0.386783489136466	1.88397723476508
0.387183472062151	1.88459601058733
0.387583454987835	1.8852103551102
0.387983437913519	1.88581341175353
0.388383420839203	1.88639814133017
0.388783403764887	1.88695810271313
0.389183386690571	1.88748816741663
0.389583369616255	1.88798469168322
0.389983352541939	1.88844544866048
0.390383335467623	1.8888691057368
0.390783318393307	1.8892543825953
0.391183301318991	1.88959917753785
0.391583284244675	1.88990033224265
0.391983267170359	1.89015380823217
0.392383250096043	1.89035539377342
0.392783233021727	1.89050184739601
0.393183215947411	1.89059230921767
0.393583198873095	1.89062931578367
0.393983181798779	1.89061928399841
0.394383164724463	1.89057233219197
0.394783147650147	1.89050145783376
0.395183130575831	1.89042137987068
0.395583113501515	1.89034732873315
0.395983096427199	1.89029389163076
0.396383079352883	1.89027434711862
0.396783062278567	1.89030064243323
0.397183045204252	1.89038365842966
0.397583028129936	1.890533448437
0.39798301105562	1.89075918866955
0.398382993981304	1.89106885234784
0.398782976906988	1.89146868244012
0.399182959832672	1.89196250364139
0.399582942758356	1.89255121409076
0.39998292568404	1.89323292754773
0.400382908609724	1.89400358877169
0.400782891535408	1.89485779673023
0.401182874461092	1.89578956196202
0.401582857386776	1.89679268138704
0.40198284031246	1.89786052922434
0.402382823238144	1.89898557829849
0.402782806163828	1.90015891258157
0.403182789089512	1.90136980035695
0.403582772015196	1.90260579804993
0.40398275494088	1.90385347694288
0.404382737866564	1.90509897370631
0.404782720792248	1.90632813242998
0.405182703717932	1.9075263911462
0.405582686643616	1.90867838770044
0.4059826695693	1.90976714844758
0.406382652494984	1.91077357112117
0.406782635420668	1.9116764647016
0.407182618346352	1.91245307522367
0.407582601272037	1.91308005006
0.407982584197721	1.91353489023373
0.408382567123405	1.91379742806743
0.408782550049089	1.91385111360557
0.409182532974773	1.91368403916005
0.409582515900457	1.91328972179971
0.409982498826141	1.91266723717388
0.410382481751825	1.91182080148383
0.410782464677509	1.91075874794122
0.411182447603193	1.90949218485217
0.411582430528877	1.90803356920636
0.411982413454561	1.90639584754467
0.412382396380245	1.90459217867163
0.412782379305929	1.90263590163541
0.413182362231613	1.90054051611043
0.413582345157297	1.89831947138039
0.413982328082981	1.89598545420976
0.414382311008665	1.89354920312507
0.414782293934349	1.89101844973478
0.415182276860033	1.88839739153829
0.415582259785717	1.88568681983852
0.415982242711401	1.88288509694323
0.416382225637085	1.87998983414722
0.416782208562769	1.87699979069958
0.417182191488453	1.87391672055833
0.417582174414138	1.87074675216121
0.417982157339822	1.86750095037438
0.418382140265506	1.8641951099632
0.41878212319119	1.86084929536679
0.419182106116874	1.85748667409314
0.419582089042558	1.85413189086656
0.419982071968242	1.85080948942369
0.420382054893926	1.84754270124521
0.42078203781961	1.84435255891744
0.421182020745294	1.84125789601225
0.421582003670978	1.83827589204782
0.421981986596662	1.83542280834677
0.422381969522346	1.83271483020554
0.42278195244803	1.83016865167484
0.423181935373714	1.82780135854748
0.423581918299398	1.82563024851516
0.423981901225082	1.8236725456015
0.424381884150766	1.82194489271292
0.42478186707645	1.82046271413108
0.425181850002134	1.81923989869946
0.425581832927818	1.81828831300186
0.425981815853502	1.81761748469128
0.426381798779186	1.8172344417141
0.42678178170487	1.81714346850971
0.427181764630555	1.81734596898696
0.427581747556239	1.8178406294095
0.427981730481923	1.81862355368187
0.428381713407607	1.81968848947948
0.428781696333291	1.82102715012252
0.429181679258975	1.82262939947857
0.429581662184659	1.82448331307894
0.429981645110343	1.82657539330395
0.430381628036027	1.82889080354081
0.430781610961711	1.83141367413209
0.431181593887395	1.83412750961241
0.431581576813079	1.8370154809682
0.431981559738763	1.84006070194016
0.432381542664447	1.843246561823
0.432781525590131	1.84655697549755
0.433181508515815	1.84997637354514
0.433581491441499	1.85348989378929
0.433981474367183	1.85708344549252
0.434381457292867	1.86074346379407
0.434781440218551	1.86445670883164
0.435181423144235	1.86821031199701
0.435581406069919	1.87199174781038
0.435981388995603	1.87578893323859
0.436381371921287	1.87959051439433
0.436781354846971	1.8833861711535
0.437181337772655	1.88716676176073
0.43758132069834	1.89092447722905
0.437981303624024	1.89465284198766
0.438381286549708	1.8983465521574
0.438781269475392	1.90200149428908
0.439181252401076	1.90561502170359
0.43958123532676	1.90918621105796
0.439981218252444	1.91271588926764
0.440381201178128	1.9162064135047
0.440781184103812	1.91966108846473
0.441181167029496	1.92308355594334
0.44158114995518	1.92647741305174
0.441981132880864	1.92984610007119
0.442381115806548	1.93319296268046
0.442781098732232	1.93652138909149
0.443181081657916	1.93983471837886
0.4435810645836	1.94313588481315
0.443981047509284	1.94642694919537
0.444381030434968	1.94970881385415
0.444781013360652	1.95298132134272
0.445180996286336	1.95624384920872
0.44558097921202	1.95949614650138
0.445980962137704	1.96273904038121
0.446380945063388	1.96597476983364
0.446780927989072	1.96920670657957
0.447180910914756	1.97243860638367
0.447580893840441	1.97567376196812
0.447980876766125	1.97891433520531
0.448380859691809	1.98216093769498
0.448780842617493	1.98541266613803
0.449180825543177	1.98866734815565
0.449580808468861	1.991921892002
0.449980791394545	1.99517274449813
0.450380774320229	1.99841647820448
0.450780757245913	2.00165022639738
0.451180740171597	2.00487199773769
0.451580723097281	2.00808077541904
0.451980706022965	2.01127637252383
0.452380688948649	2.01445913887527
0.452780671874333	2.01762962219909
0.453180654800017	2.02078826654782
0.453580637725701	2.02393497695207
0.453980620651385	2.02706871821218
0.454380603577069	2.03018709935209
0.454780586502753	2.03328597882408
0.455180569428437	2.03635911201089
0.455580552354121	2.03939805324856
0.455980535279805	2.0423924448061
0.456380518205489	2.04533062879326
0.456780501131173	2.04820048297499
0.457180484056857	2.0509904447036
0.457580466982542	2.05369043849145
0.457980449908226	2.05629257769224
0.45838043283391	2.058791639024
0.458780415759594	2.06118513548141
0.459180398685278	2.06347287196975
0.459580381610962	2.06565617401336
0.459980364536646	2.06773681571394
0.46038034746233	2.06971576859418
0.460780330388014	2.07159215003738
0.461180313313698	2.0733624704982
0.461580296239382	2.0750204543747
0.461980279165066	2.07655728741886
0.46238026209075	2.07796213589607
0.462780245016434	2.07922265760039
0.463180227942118	2.08032562937524
0.463580210867802	2.08125742979895
0.463980193793486	2.08200444806871
0.46438017671917	2.08255342882444
0.464780159644854	2.08289177626245
0.465180142570538	2.08300769024686
0.465580125496222	2.08289032285577
0.465980108421906	2.08252980518448
0.46638009134759	2.08191722835623
0.466780074273274	2.08104481322069
0.467180057198958	2.0799062793098
0.467580040124642	2.0784972536761
0.467980023050327	2.07681583286933
0.468380005976011	2.07486311489784
0.468779988901695	2.07264334785463
0.469179971827379	2.0701634970197
0.469579954753063	2.06743235588092
0.469979937678747	2.06445944401695
0.470379920604431	2.06125398728339
0.470779903530115	2.05782420214333
0.471179886455799	2.05417700588444
0.471579869381483	2.05031794000795
0.471979852307167	2.04625098336151
0.472379835232851	2.04197828635707
0.472779818158535	2.03749991418074
0.473179801084219	2.03281354788504
0.473579784009903	2.02791432800909
0.473979766935587	2.02279507025888
0.474379749861271	2.01744684380588
0.474779732786955	2.011859811017
0.475179715712639	2.00602435679562
0.475579698638323	1.99993214348197
0.475979681564007	1.99357697370518
0.476379664489691	1.98695560185854
0.476779647415375	1.9800687479585
0.477179630341059	1.97292180074951
0.477579613266744	1.96552509603527
0.477979596192428	1.95789370559031
0.478379579118112	1.9500465882323
0.478779562043796	1.94200500263143
0.47917954496948	1.93379084949689
0.479579527895164	1.92542537482982
0.479979510820848	1.91692844993775
0.480379493746532	1.90831853219271
0.480779476672216	1.89961300943399
0.4811794595979	1.89082855962765
0.481579442523584	1.88198159921523
0.481979425449268	1.87308847553901
0.482379408374952	1.86416526920638
0.482779391300636	1.85522747171498
0.48317937422632	1.84628971869123
0.483579357152004	1.83736557406348
0.483979340077688	1.82846746723937
0.484379323003372	1.81960653508537
0.484779305929056	1.81079220744096
0.48517928885474	1.80203176415986
0.485579271780424	1.79332990993549
0.485979254706108	1.78468845256997
0.486379237631792	1.77610658402539
0.486779220557476	1.76758167748936
0.48717920348316	1.7591102259722
0.487579186408845	1.75068862752449
0.487979169334529	1.74231380767759
0.488379152260213	1.73398329448555
0.488779135185897	1.7256949767754
0.489179118111581	1.71744670404418
0.489579101037265	1.70923594022928
0.489979083962949	1.70105972027591
0.490379066888633	1.69291506149831
0.490779049814317	1.68479958227657
0.491179032740001	1.67671213490757
0.491579015665685	1.66865322339702
0.491978998591369	1.66062533496292
0.492378981517053	1.65263312093119
0.492778964442737	1.64468330849331
0.493178947368421	1.63678459079644
0.493578930294105	1.62894763402175
0.493978913219789	1.62118489895186
0.494378896145473	1.61351020702825
0.494778879071157	1.60593833633452
0.495178861996841	1.59848444720808
0.495578844922525	1.59116351923758
0.495978827848209	1.58398998671519
0.496378810773893	1.57697761806506
0.496778793699577	1.57013919367056
0.497178776625261	1.56348627295388
0.497578759550945	1.55702915037683
0.49797874247663	1.55077665010286
0.498378725402314	1.5447357207347
0.498778708327998	1.53891130224148
0.499178691253682	1.53330655241738
0.499578674179366	1.52792307745226
0.49997865710505	1.52276129145776
0.500378640030734	1.51782104596408
0.500778622956418	1.51310220496183
0.501178605882102	1.5086049762274
0.501578588807786	1.50433023379241
0.50197857173347	1.5002797286471
0.502378554659154	1.49645613846668
0.502778537584838	1.49286323009315
0.503178520510522	1.48950603340377
0.503578503436206	1.48639059620548
0.50397848636189	1.48352355272455
0.504378469287574	1.48091158611259
0.504778452213258	1.47856060369873
0.505178435138942	1.4764748473557
0.505578418064626	1.47465632818905
0.50597840099031	1.47310451190315
0.506378383915994	1.47181627791379
0.506778366841678	1.47078628728274
0.507178349767363	1.47000751397484
0.507578332693047	1.46947187456971
0.507978315618731	1.46917077268759
0.508378298544415	1.46909528261116
0.508778281470099	1.46923595493715
0.509178264395783	1.46958251104669
0.509578247321467	1.47012350674869
0.509978230247151	1.47084629424946
0.510378213172835	1.47173750727675
0.510778196098519	1.47278407708454
0.511178179024203	1.47397448072564
0.511578161949887	1.47529987461539
0.511978144875571	1.47675471325568
0.512378127801255	1.47833672917029
0.512778110726939	1.48004622401367
0.513178093652623	1.48188486411401
0.513578076578307	1.48385446457085
0.513978059503991	1.48595613978646
0.514378042429675	1.48818978343168
0.514778025355359	1.49055406134304
0.515178008281043	1.49304673591831
0.515577991206727	1.49566513509628
0.515977974132411	1.49840667345623
0.516377957058095	1.50126933707946
0.516777939983779	1.50425197356768
0.517177922909464	1.50735468483345
0.517577905835148	1.51057900307578
0.517977888760832	1.51392770144226
0.518377871686516	1.51740438529494
0.5187778546122	1.52101300234307
0.519177837537884	1.52475699858442
0.519577820463568	1.52863862873185
0.519977803389252	1.53265832536138
0.520377786314936	1.53681406314238
0.52077776924062	1.54110087453581
0.521177752166304	1.54551064164067
0.521577735091988	1.55003175779439
0.521977718017672	1.55464905333098
0.522377700943356	1.55934421790604
0.52277768386904	1.5640964762872
0.523177666794724	1.56888341385806
0.523577649720408	1.57368240241491
0.523977632646092	1.57847216391253
0.524377615571776	1.58323419840289
0.52477759849746	1.58795385740997
0.525177581423144	1.59262079174188
0.525577564348828	1.59722857360786
0.525977547274512	1.60177381479324
0.526377530200196	1.60625500957814
0.52677751312588	1.61067123194773
0.527177496051564	1.61502109981116
0.527577478977248	1.61930207675005
0.527977461902932	1.62351004858835
0.528377444828616	1.62763913012257
0.528777427754301	1.63168177698543
0.529177410679985	1.63562906517291
0.529577393605669	1.63947120764745
0.529977376531353	1.64319829191839
0.530377359457037	1.64680119454036
0.530777342382721	1.65027243872758
0.531177325308405	1.65360679475116
0.531577308234089	1.65680129718939
0.531977291159773	1.65985493687066
0.532377274085457	1.66276817299714
0.532777257011141	1.66554249845006
0.533177239936825	1.66818029865394
0.533577222862509	1.67068507806315
0.533977205788193	1.67306181112781
0.534377188713877	1.67531731834932
0.534777171639561	1.67746059127172
0.535177154565245	1.67950278562117
0.535577137490929	1.68145690431674
0.535977120416613	1.68333739575533
0.536377103342297	1.68515949023829
0.536777086267981	1.68693820956146
0.537177069193665	1.68868745192661
0.537577052119349	1.69041931165237
0.537977035045033	1.69214368488529
0.538377017970718	1.69386844003462
0.538777000896402	1.69560017115179
0.539176983822086	1.69734520234039
0.53957696674777	1.69911052665669
0.539976949673454	1.70090451671438
0.540376932599138	1.70273688972631
0.540776915524822	1.70461808809166
0.541176898450506	1.70655857669485
0.54157688137619	1.70856817081031
0.541976864301874	1.71065527139191
0.542376847227558	1.71282641702347
0.542776830153242	1.71508606206452
0.543176813078926	1.71743641247455
0.54357679600461	1.71987735615008
0.543976778930294	1.72240679976916
0.544376761855978	1.7250211202865
0.544776744781662	1.72771587637443
0.545176727707346	1.73048664543284
0.54557671063303	1.73332969749066
0.545976693558714	1.7362422705168
0.546376676484398	1.7392226162807
0.546776659410082	1.7422698014846
0.547176642335766	1.74538335000694
0.54757662526145	1.74856300959093
0.547976608187134	1.75180871340254
0.548376591112819	1.75512062756092
0.548776574038503	1.75849912596132
0.549176556964187	1.76194459453852
0.549576539889871	1.76545721318059
0.549976522815555	1.76903659925753
0.550376505741239	1.77268133848765
0.550776488666923	1.77638861093387
0.551176471592607	1.7801541177978
0.551576454518291	1.7839722699435
0.551976437443975	1.78783673331237
0.552376420369659	1.7917412195341
0.552776403295343	1.79568026631839
0.553176386221027	1.79964976558006
0.553576369146711	1.80364721932275
0.553976352072395	1.80767141498526
0.554376334998079	1.81172187159809
0.554776317923763	1.81579836431774
0.555176300849447	1.81990073906985
0.555576283775131	1.82402886799854
0.555976266700815	1.82818266473651
0.556376249626499	1.83236186064656
0.556776232552183	1.83656546425735
0.557176215477867	1.84079089159771
0.557576198403551	1.84503303385783
0.557976181329235	1.84928355536987
0.55837616425492	1.85353077909495
0.558776147180604	1.85776021899142
0.559176130106288	1.8619553444065
0.559576113031972	1.86609831572838
0.559976095957656	1.87017060028624
0.56037607888334	1.87415338579657
0.560776061809024	1.87802769811111
0.561176044734708	1.88177461137375
0.561576027660392	1.88537564821357
0.561976010586076	1.88881340610801
0.56237599351176	1.89207233377873
0.562775976437444	1.89513943419089
0.563175959363128	1.89800451396844
0.563575942288812	1.90066027571453
0.563975925214496	1.90310235940498
0.56437590814018	1.90532927304307
0.564775891065864	1.90734244035859
0.565175873991548	1.90914646663742
0.565575856917232	1.91074913051273
0.565975839842916	1.91216113182738
0.5663758227686	1.91339575617133
0.566775805694284	1.91446812897586
0.567175788619968	1.91539410151277
0.567575771545652	1.91618899077871
0.567975754471337	1.91686625277065
0.568375737397021	1.91743615680864
0.568775720322705	1.91790482952054
0.569175703248389	1.91827379147698
0.569575686174073	1.91854018090778
0.569975669099757	1.91869764732254
0.570375652025441	1.91873804481317
0.570775634951125	1.91865344539988
0.571175617876809	1.91843823695315
0.571575600802493	1.91809066775877
0.571975583728177	1.91761360070023
0.572375566653861	1.91701401276449
0.572775549579545	1.91630165069052
0.573175532505229	1.91548724230457
0.573575515430913	1.91458090181065
0.573975498356597	1.91359078659932
0.574375481282281	1.91252229123084
0.574775464207965	1.9113777583348
0.575175447133649	1.91015687239579
0.575575430059333	1.90885728282464
0.575975412985017	1.90747543129503
0.576375395910701	1.90600761155404
0.576775378836385	1.90445122239018
0.577175361762069	1.90280570952
0.577575344687753	1.90107337663992
0.577975327613438	1.8992596249271
0.578375310539122	1.89737250867617
0.578775293464806	1.89542176674731
0.57917527639049	1.89341762995497
0.579575259316174	1.89136958872172
0.579975242241858	1.88928579002
0.580375225167542	1.88717298714496
0.580775208093226	1.88503681923294
0.58117519101891	1.88288226587282
0.581575173944594	1.88071415202419
0.581975156870278	1.87853734681038
0.582375139795962	1.8763567996659
0.582775122721646	1.87417742247056
0.58317510564733	1.87200371988288
0.583575088573014	1.86983918909964
0.583975071498698	1.86768565437758
0.584375054424382	1.86554232557403
0.584775037350066	1.86340496595124
0.58517502027575	1.86126562402272
0.585575003201434	1.85911308950304
0.585974986127118	1.85693386526724
0.586374969052802	1.85471356023429
0.586774951978486	1.85243849268907
0.58717493490417	1.85009699331838
0.587574917829854	1.84768003645875
0.587974900755538	1.84518154729182
0.588374883681223	1.84259849566789
0.588774866606907	1.83993070803662
0.589174849532591	1.83718077015176
0.589574832458275	1.83435411544339
0.589974815383959	1.83145890037207
0.590374798309643	1.82850565909748
0.590774781235327	1.82550667465289
0.591174764161011	1.82247479463672
0.591574747086695	1.81942195513514
0.591974730012379	1.81635784107381
0.592374712938063	1.81328881613176
0.592774695863747	1.81021732048724
0.593174678789431	1.80714190564858
0.593574661715115	1.80405785755034
0.593974644640799	1.80095837976536
0.594374627566483	1.79783612782213
0.594774610492167	1.79468485018825
0.595174593417851	1.79150084924072
0.595574576343535	1.78828407146431
0.595974559269219	1.78503852542159
0.596374542194903	1.78177234991095
0.596774525120587	1.7784975171178
0.597174508046271	1.77522902724999
0.597574490971955	1.77198390352144
0.597974473897639	1.76878033376419
0.598374456823324	1.76563693151422
0.598774439749008	1.76257223598964
0.599174422674692	1.75960445331589
0.599574405600376	1.7567510764424
0.59997438852606	1.75402836971989
0.600374371451744	1.75145081448655
0.600774354377428	1.749030521469
0.601174337303112	1.74677700460485
0.601574320228796	1.74469751679624
0.60197430315448	1.74279759055834
0.602374286080164	1.7410815724412
0.602774269005848	1.73955298890484
0.603174251931532	1.7382145817307
0.603574234857216	1.7370680120586
0.6039742177829	1.73611354312284
0.604374200708584	1.73534982648711
0.604774183634268	1.73477400980274
0.605174166559952	1.73438230059359
0.605574149485636	1.73417075115735
0.60597413241132	1.73413582833074
0.606374115337004	1.73427458047803
0.606774098262688	1.73458453189091
0.607174081188372	1.73506338856208
0.607574064114056	1.73570860758405
0.607974047039741	1.7365169257945
0.608374029965425	1.73748396273982
0.608774012891109	1.7386037443401
0.609173995816793	1.73986814292775
0.609573978742477	1.74126624241605
0.609973961668161	1.74278388569618
0.610373944593845	1.74440343826073
0.610773927519529	1.74610397796339
0.611173910445213	1.7478618161229
0.611573893370897	1.74965130954386
0.611973876296581	1.75144588622364
0.612373859222265	1.75321909429429
0.612773842147949	1.75494548441786
0.613173825073633	1.75660127868367
0.613573807999317	1.75816477497113
0.613973790925001	1.75961682049429
0.614373773850685	1.76094130180071
0.614773756776369	1.76212532485514
0.615173739702053	1.76315879128706
0.615573722627737	1.76403357748918
0.615973705553421	1.76474242037727
0.616373688479105	1.76527780841082
0.616773671404789	1.7656311791724
0.617173654330473	1.76579291988025
0.617573637256157	1.76575329798911
0.617973620181842	1.76550408314743
0.618373603107526	1.76504058692906
0.61877358603321	1.76436359798101
0.619173568958894	1.76348053318624
0.619573551884578	1.76240579442132
0.619973534810262	1.76116039018689
0.620373517735946	1.7597708784255
0.62077350066163	1.75826794307929
0.621173483587314	1.75668511942678
0.621573466512998	1.75505769257579
0.621973449438682	1.75342161067735
0.622373432364366	1.75181251348757
0.62277341529005	1.75026486963143
0.623173398215734	1.74881118029281
0.623573381141418	1.74748120252236
0.623973364067102	1.74630131511795
0.624373346992786	1.74529407680171
0.62477332991847	1.74447812753374
0.625173312844154	1.74386829433877
0.625573295769838	1.74347586864145
0.625973278695522	1.74330895151444
0.626373261621206	1.74337263615739
0.62677324454689	1.7436689586098
0.627173227472574	1.74419685122406
0.627573210398258	1.74495218083377
0.627973193323943	1.74592817923412
0.628373176249627	1.7471163660265
0.628773159175311	1.7485077642874
0.629173142100995	1.75009428627361
0.629573125026679	1.75187007615708
0.629973107952363	1.75383222408853
0.630373090878047	1.75598054268251
0.630773073803731	1.75831675238948
0.631173056729415	1.76084316138362
0.631573039655099	1.76356106751631
0.631973022580783	1.76646936020455
0.632373005506467	1.76956385023251
0.632772988432151	1.77283719926046
0.633172971357835	1.7762795005209
0.633572954283519	1.77987944759416
0.633972937209203	1.78362558652633
0.634372920134887	1.78750738142936
0.634772903060571	1.79151608311822
0.635172885986255	1.79564511490631
0.635572868911939	1.79988993002999
0.635972851837623	1.80424772763889
0.636372834763307	1.80871716005859
0.636772817688991	1.8132978869647
0.637172800614675	1.81799024435765
0.637572783540359	1.82279528497167
0.637972766466044	1.82771476224754
0.638372749391728	1.83275103544952
0.638772732317411	1.83790692096893
0.639172715243096	1.8431853048524
0.63957269816878	1.84858833913666
0.639972681094464	1.8541166351118
0.640372664020148	1.85976838717454
0.640772646945832	1.86553868919544
0.641172629871516	1.87141936069936
0.6415726127972	1.87739942478385
0.641972595722884	1.88346572736532
0.642372578648568	1.8896037363585
0.642772561574252	1.89579827776813
0.643172544499936	1.90203389298151
0.64357252742562	1.90829466403871
0.643972510351304	1.91456384577073
0.644372493276988	1.9208232484674
0.644772476202672	1.92705285046791
0.645172459128356	1.93323093573134
0.64557244205404	1.9393345712817
0.645972424979724	1.94534014785628
0.646372407905408	1.95122413627705
0.646772390831092	1.95696382566784
0.647172373756776	1.96253780093688
0.64757235668246	1.96792605446773
0.647972339608144	1.97311010805613
0.648372322533828	1.97807325225956
0.648772305459512	1.98280092229012
0.649172288385197	1.98728118996882
0.649572271310881	1.99150513990388
0.649972254236565	1.99546703724628
0.650372237162249	1.99916417361759
0.650772220087933	2.00259635270638
0.651172203013617	2.00576508999944
0.651572185939301	2.00867283313965
0.651972168864985	2.01132241667896
0.652372151790669	2.01371685970842
0.652772134716353	2.01585927106401
0.653172117642037	2.0177527914596
0.653572100567721	2.01940055413106
0.653972083493405	2.02080552933998
0.654372066419089	2.02197016277533
0.654772049344773	2.02289613030094
0.655172032270457	2.02358445353718
0.655572015196141	2.02403573799101
0.655971998121825	2.02425066481551
0.656371981047509	2.02423042818517
0.656771963973193	2.0239767494413
0.657171946898877	2.02349139135457
0.657571929824561	2.02277576073612
0.657971912750245	2.02183043664653
0.658371895675929	2.0206549499407
0.658771878601613	2.01924805018595
0.659171861527298	2.01760849422601
0.659571844452982	2.01573595852787
0.659971827378666	2.01363224135434
0.66037181030435	2.01130226726017
0.660771793230034	2.0087547304649
0.661171776155718	2.00600216302211
0.661571759081402	2.00306072463578
0.661971742007086	1.99994928166683
0.66237172493277	1.99668801415204
0.662771707858454	1.9932967907151
0.663171690784138	1.98979382569926
0.663571673709822	1.98619454148237
0.663971656635506	1.98251104455193
0.66437163956119	1.97875232948887
0.664771622486874	1.97492519199599
0.665171605412558	1.9710353217214
0.665571588338242	1.96708864534303
0.665971571263926	1.96309232225275
0.66637155418961	1.95905524314572
0.666771537115294	1.95498811042343
0.667171520040978	1.95090324400512
0.667571502966662	1.94681371119277
0.667971485892346	1.94273223717897
0.66837146881803	1.93867011507444
0.668771451743715	1.93463628821651
0.669171434669399	1.93063672358212
0.669571417595083	1.92667446949327
0.669971400520767	1.92275027940156
0.670371383446451	1.91886376043541
0.670771366372135	1.91501466166923
0.671171349297819	1.91120392464909
0.671571332223503	1.90743408739582
0.671971315149187	1.90370930862713
0.672371298074871	1.9000349160523
0.672771281000555	1.89641629554559
0.673171263926239	1.89285769960632
0.673571246851923	1.88936154987386
0.673971229777607	1.88592801796866
0.674371212703291	1.88255498890251
0.674771195628975	1.87923860941585
0.675171178554659	1.8759739918587
0.675571161480343	1.87275590309117
0.675971144406027	1.86957971048239
0.676371127331711	1.86644232959916
0.676771110257395	1.86334284697829
0.677171093183079	1.86028306615989
0.677571076108763	1.85726770839972
0.677971059034447	1.85430378324204
0.678371041960131	1.85139957963834
0.678771024885816	1.84856392611235
0.6791710078115	1.84580568524217
0.679570990737184	1.84313366394481
0.679970973662868	1.84055720323143
0.680370956588552	1.83808694009943
0.680770939514236	1.83573520684879
0.68117092243992	1.83351577130695
0.681570905365604	1.83144284629042
0.681970888291288	1.82952957704366
0.682370871216972	1.82778670011625
0.682770854142656	1.82622174613973
0.68317083706834	1.82483906224173
0.683570819994024	1.82364063070895
0.683970802919708	1.82262756358491
0.684370785845392	1.82180153686272
0.684770768771076	1.82116586608906
0.68517075169676	1.82072600619394
0.685570734622444	1.82048940563945
0.685970717548128	1.8204646247751
0.686370700473812	1.82066017011206
0.686770683399496	1.82108313456237
0.68717066632518	1.8217381109576
0.687570649250864	1.82262675042903
0.687970632176548	1.82374801643952
0.688370615102233	1.82509913790284
0.688770598027917	1.82667717144712
0.689170580953601	1.82848048160266
0.689570563879285	1.83050953412613
0.689970546804969	1.83276706917318
0.690370529730653	1.83525771076242
0.690770512656337	1.83798710512636
0.691170495582021	1.84096106323478
0.691570478507705	1.84418502872471
0.691970461433389	1.84766394451286
0.692370444359073	1.85140263282086
0.692770427284757	1.85540635240198
0.693170410210441	1.85968108631712
0.693570393136125	1.86423367088922
0.693970376061809	1.86907152956441
0.694370358987493	1.87420154749555
0.694770341913177	1.87962869097939
0.695170324838861	1.88535471829673
0.695570307764545	1.89137683288634
0.695970290690229	1.89768673272968
0.696370273615913	1.90427034006298
0.696770256541597	1.91110804911145
0.697170239467281	1.91817543223521
0.697570222392965	1.92544449834224
0.697970205318649	1.93288476018837
0.698370188244334	1.94046404821534
0.698770171170017	1.94814921454441
0.699170154095702	1.95590671841105
0.699570137021386	1.96370304351792
0.69997011994707	1.97150528510431
0.700370102872754	1.97928189169144
0.700770085798438	1.98700358091008
0.701170068724122	1.99464430189184
0.701570051649806	2.00218205041143
0.70197003457549	2.00959950352124
0.702370017501174	2.01688449607254
0.702770000426858	2.02402998213741
0.703169983352542	2.03103362982302
0.703569966278226	2.03789730494556
0.70396994920391	2.04462625995102
0.704369932129594	2.05122812567614
0.704769915055278	2.05771203059113
0.705169897980962	2.06408789836172
0.705569880906646	2.07036578240513
0.70596986383233	2.07655546985869
0.706369846758014	2.08266623213074
0.706769829683698	2.08870649705719
0.707169812609382	2.09468348350499
0.707569795535066	2.10060315703602
0.70796977846075	2.10647033986499
0.708369761386434	2.11228887389595
0.708769744312118	2.11806147421046
0.709169727237803	2.12378921794447
0.709569710163487	2.12947049655586
0.709969693089171	2.13509976995024
0.710369676014855	2.14066651872687
0.710769658940539	2.14615467284747
0.711169641866223	2.15154259000058
0.711569624791907	2.15680378333523
0.711969607717591	2.16190838318527
0.712369590643275	2.166824719124
0.712769573568959	2.17152066125604
0.713169556494643	2.17596485207756
0.713569539420327	2.1801276915545
0.713969522346011	2.18398206064744
0.714369505271695	2.18750399178833
0.714769488197379	2.19067345832732
0.715169471123063	2.19347508570351
0.715569454048747	2.19589869942155
0.715969436974431	2.19793938987306
0.716369419900115	2.19959693845106
0.716769402825799	2.2008748270143
0.717169385751483	2.20177890491125
0.717569368677167	2.20231587682784
0.717969351602851	2.20249172616895
0.718369334528535	2.20231053780064
0.71876931745422	2.20177409027924
0.719169300379904	2.20088220984634
0.719569283305588	2.19963362621033
0.719969266231272	2.19802709082184
0.720369249156956	2.19606236499132
0.72076923208264	2.19374069194784
0.721169215008324	2.19106473187475
0.721569197934008	2.18803815782021
0.721969180859692	2.18466512604528
0.722369163785376	2.18094995161563
0.72276914671106	2.17689721810499
0.723169129636744	2.17251225045941
0.723569112562428	2.16780181349142
0.723969095488112	2.16277483174437
0.724369078413796	2.15744292931072
0.72476906133948	2.15182062068328
0.725169044265164	2.14592506878638
0.725569027190848	2.13977549558916
0.725969010116532	2.1333927580503
0.726368993042216	2.12679884619332
0.7267689759679	2.12001624344975
0.727168958893584	2.11306732657267
0.727568941819268	2.10597379072119
0.727968924744952	2.09875601218262
0.728368907670636	2.09143258304119
0.728768890596321	2.08401994987167
0.729168873522005	2.07653203707851
0.729568856447689	2.06898012529605
0.729968839373373	2.06137300236594
0.730368822299057	2.05371708059132
0.730768805224741	2.04601678170936
0.731168788150425	2.03827545041484
0.731568771076109	2.03049611359974
0.731968754001793	2.02268195590847
0.732368736927477	2.01483670450119
0.732768719853161	2.00696482185769
0.733168702778845	1.9990713461592
0.733568685704529	1.99116177887395
0.733968668630213	1.98324183777812
0.734368651555897	1.97531713021257
0.734768634481581	1.96739294471302
0.735168617407265	1.95947421289934
0.735568600332949	1.95156528154687
0.735968583258633	1.94366989114767
0.736368566184317	1.93579147422229
0.736768549110001	1.92793353421175
0.737168532035685	1.92009997792346
0.737568514961369	1.91229577096788
0.737968497887053	1.90452727599866
0.738368480812737	1.89680215528743
0.738768463738422	1.88912918199218
0.739168446664106	1.88151784911146
0.73956842958979	1.87397757161323
0.739968412515474	1.86651713370818
0.740368395441158	1.85914468048838
0.740768378366842	1.85186772942932
0.741168361292526	1.84469322965327
0.74156834421821	1.83762793564455
0.741968327143894	1.83067867821635
0.742368310069578	1.82385225986909
0.742768292995262	1.81715517546186
0.743168275920946	1.81059309606015
0.74356825884663	1.80417019599176
0.743968241772314	1.79788896227593
0.744368224697998	1.79175075432083
0.744768207623682	1.78575670419257
0.745168190549366	1.77990895271531
0.74556817347505	1.77421185053908
0.745968156400734	1.76867279653889
0.746368139326418	1.76330231009903
0.746768122252102	1.75811366777859
0.747168105177786	1.75312227429433
0.74756808810347	1.74834495103682
0.747968071029154	1.74379934289025
0.748368053954838	1.73950367133061
0.748768036880523	1.73547690508247
0.749168019806207	1.73173900471103
0.749568002731891	1.72831113764326
0.749967985657575	1.72521568695743
0.750367968583259	1.72247571273039
0.750767951508943	1.7201139293772
0.751167934434627	1.71815156467844
0.751567917360311	1.7166071329618
0.751967900285995	1.71549522660189
0.752367883211679	1.71482556238751
0.752767866137363	1.71460247992345
0.753167849063047	1.71482480140605
0.753567831988731	1.71548628255873
0.753967814914415	1.71657630599749
0.754367797840099	1.71808080775526
0.754767780765783	1.71998325153217
0.755167763691467	1.7222657371842
0.755567746617151	1.72490983576745
0.755967729542835	1.72789716237132
0.756367712468519	1.73120965943646
0.756767695394203	1.73482971986674
0.757167678319887	1.73874014340094
0.757567661245571	1.74292401346264
0.757967644171255	1.74736443630819
0.75836762709694	1.75204442239523
0.758767610022623	1.75694678803317
0.759167592948307	1.76205416250383
0.759567575873992	1.76734903507773
0.759967558799676	1.77281389631141
0.76036754172536	1.77843145584395
0.760767524651044	1.78418488750875
0.761167507576728	1.79005787454766
0.761567490502412	1.79603448832305
0.761967473428096	1.80209906610707
0.76236745635378	1.80823617834232
0.762767439279464	1.81443075376112
0.763167422205148	1.82066838484935
0.763567405130832	1.82693584483374
0.763967388056516	1.83322168468412
0.7643673709822	1.83951660745232
0.764767353907884	1.84581344453443
0.765167336833568	1.85210687859689
0.765567319759252	1.85839319201792
0.765967302684936	1.86467003978655
0.76636728561062	1.8709360212714
0.766767268536304	1.87719020288503
0.767167251461988	1.88343182467127
0.767567234387672	1.88965994114797
0.767967217313356	1.89587303269486
0.76836720023904	1.90206887153545
0.768767183164724	1.90824457652666
0.769167166090408	1.91439660917124
0.769567149016093	1.92052088072239
0.769967131941777	1.92661278101974
0.770367114867461	1.93266686590006
0.770767097793145	1.93867645846629
0.771167080718829	1.94463319447533
0.771567063644513	1.95052641947118
0.771967046570197	1.95634285060742
0.772367029495881	1.96206676875522
0.772767012421565	1.96768046766783
0.773166995347249	1.9731650331684
0.773566978272933	1.97850176455125
0.773966961198617	1.98367369363624
0.774366944124301	1.98866658119619
0.774766927049985	1.99346941196412
0.775166909975669	1.99807417921769
0.775566892901353	2.00247483708988
0.775966875827037	2.00666582912433
0.776366858752721	2.01064077626648
0.776766841678405	2.01439154614767
0.777166824604089	2.01790806855466
0.777566807529773	2.02117892273693
0.777966790455457	2.02419217915694
0.778366773381141	2.02693638170624
0.778766756306825	2.02940159017903
0.779166739232509	2.03158003135816
0.779566722158194	2.03346601036958
0.779966705083878	2.03505561245581
0.780366688009562	2.03634620056975
0.780766670935246	2.03733563111423
0.78116665386093	2.03802154086754
0.781566636786614	2.03840094994552
0.781966619712298	2.03847024111584
0.782366602637982	2.03822582848005
0.782766585563666	2.03766514332156
0.78316656848935	2.03678733356904
0.783566551415034	2.03559357134866
0.783966534340718	2.03408693885847
0.784366517266402	2.0322717877906
0.784766500192086	2.03015291876262
0.78516648311777	2.02773502773789
0.785566466043454	2.02502257902074
0.785966448969138	2.02202022698135
0.786366431894822	2.01873355416371
0.786766414820506	2.01516991006191
0.78716639774619	2.0113391981609
0.787566380671874	2.00725450134245
0.787966363597558	2.00293211329184
0.788366346523242	1.99839121591735
0.788766329448926	1.99365331246664
0.789166312374611	1.98874140432015
0.789566295300295	1.98367904964428
0.789966278225979	1.97848943126813
0.790366261151663	1.97319450258165
0.790766244077347	1.96781432903104
0.791166227003031	1.96236675796687
0.791566209928715	1.95686706229181
0.791966192854399	1.95132768173723
0.792366175780083	1.94575804818545
0.792766158705767	1.94016451421588
0.793166141631451	1.93455032607124
0.793566124557135	1.92891580390774
0.793966107482819	1.92325848565182
0.794366090408503	1.91757340855028
0.794766073334187	1.91185333585268
0.795166056259871	1.90608880273376
0.795566039185555	1.9002679661765
0.795966022111239	1.89437664692677
0.796366005036923	1.88839814671966
0.796765987962607	1.8823132072061
0.797165970888291	1.87610040391348
0.797565953813975	1.8697369192493
0.797965936739659	1.8631993582319
0.798365919665343	1.8564649473525
0.798765902591027	1.84951287455052
0.799165885516712	1.84232537273753
0.799565868442396	1.8348886093361
0.79996585136808	1.82719333364839
0.800365834293764	1.81923501067933
0.800765817219448	1.81101370421326
0.801165800145132	1.80253405124173
0.801565783070816	1.79380528883679
0.8019657659965	1.78484137762746
0.802365748922184	1.77566114511937
0.802765731847868	1.76628816056989
0.803165714773552	1.75675026164683
0.803565697699236	1.74707877560017
0.80396568062492	1.73730765371698
0.804365663550604	1.72747255091421
0.804765646476288	1.71760958866892
0.805165629401972	1.7077540822231
0.805565612327656	1.6979395028665
0.80596559525334	1.68819657098164
0.806365578179024	1.67855238590096
0.806765561104708	1.66903012475432
0.807165544030392	1.6596492436175
0.807565526956076	1.65042601575177
0.80796550988176	1.64137450399957
0.808365492807444	1.63250793688292
0.808765475733128	1.62383986167586
0.809165458658813	1.6153850989182
0.809565441584497	1.60716019128865
0.809965424510181	1.59918314117524
0.810365407435865	1.59147263318492
0.810765390361549	1.5840471662474
0.811165373287233	1.57692404232523
0.811565356212917	1.57011844156849
0.811965339138601	1.56364279125457
0.812365322064285	1.55750641459091
0.812765304989969	1.5517153907319
0.813165287915653	1.54627280701218
0.813565270841337	1.54117928211388
0.813965253767021	1.53643361940448
0.814365236692705	1.53203343108759
0.814765219618389	1.52797576652107
0.815165202544073	1.52425760361168
0.815565185469757	1.52087609468843
0.815965168395441	1.5178284259235
0.816365151321125	1.51511134162597
0.816765134246809	1.5127205093102
0.817165117172493	1.51064980671933
0.817565100098177	1.50889055141934
0.817965083023861	1.50743091343815
0.818365065949545	1.506255680906
0.818765048875229	1.50534645613614
0.819165031800913	1.50468202282251
0.819565014726597	1.50423909431503
0.819964997652282	1.50399329127854
0.820364980577966	1.50392040464295
0.82076496350365	1.50399750170495
0.821164946429334	1.50420370100084
0.821564929355018	1.5045205232584
0.821964912280702	1.50493233269387
0.822364895206386	1.50542655759849
0.82276487813207	1.50599367965045
0.823164861057754	1.50662710283173
0.823564843983438	1.50732314600519
0.823964826909122	1.50808067353281
0.824364809834806	1.50890066290956
0.82476479276049	1.5097859032663
0.825164775686174	1.51074068689869
0.825564758611858	1.51177032605642
0.825964741537542	1.512880914128
0.826364724463226	1.51407910448216
0.82676470738891	1.5153718516083
0.827164690314594	1.51676627874742
0.827564673240278	1.51826965177525
0.827964656165962	1.5198891232811
0.828364639091646	1.52163148363402
0.82876462201733	1.52350299629233
0.829164604943014	1.52550912138534
0.829564587868699	1.52765426013617
0.829964570794383	1.52994155315
0.830364553720067	1.53237272740196
0.830764536645751	1.53494798019134
0.831164519571435	1.5376663830002
0.831564502497119	1.54052653211521
0.831964485422803	1.54352719668018
0.832364468348487	1.54666811709156
0.832764451274171	1.54995080539379
0.833164434199855	1.55337888518256
0.833564417125539	1.55695815600981
0.833964400051223	1.56069657969533
0.834364382976907	1.56460406113111
0.834764365902591	1.56869222964929
0.835164348828275	1.57297455269752
0.835564331753959	1.5774664995407
0.835964314679643	1.58218558612163
0.836364297605327	1.58715119412505
0.836764280531011	1.59238376528822
0.837164263456695	1.59790314705694
0.837564246382379	1.60372675874119
0.837964229308063	1.60986823450609
0.838364212233747	1.61633651511354
0.838764195159431	1.62313569615352
0.839164178085115	1.6302656331304
0.8395641610108	1.63772305337282
0.839964143936484	1.64550231340794
0.840364126862168	1.65359555326688
0.840764109787852	1.66199205550298
0.841164092713536	1.67067716785639
0.84156407563922	1.6796311800951
0.841964058564904	1.68882873486519
0.842364041490588	1.69823892221719
0.842764024416272	1.70782633850464
0.843164007341956	1.71755263992802
0.84356399026764	1.7273782337076
0.843963973193324	1.73726361443448
0.844363956119008	1.74717046740205
0.844763939044692	1.75706230960889
0.845163921970376	1.76690500572854
0.84556390489606	1.77666706421571
0.845963887821744	1.7863198085
0.846363870747428	1.7958373895332
0.846763853673112	1.80519681810769
0.847163836598796	1.81437779034762
0.84756381952448	1.82336234162543
0.847963802450164	1.83213448045653
0.848363785375848	1.84067990001086
0.848763768301532	1.84898567524573
0.849163751227216	1.85704011583501
0.849563734152901	1.86483277186743
0.849963717078585	1.87235455702822
0.850363700004269	1.87959776823281
0.850763682929953	1.88655601202147
0.851163665855637	1.89322385224044
0.851563648781321	1.8995961057305
0.851963631707005	1.90566711526985
0.852363614632689	1.91143026964329
0.852763597558373	1.91687766786587
0.853163580484057	1.9220001054721
0.853563563409741	1.92678746200985
0.853963546335425	1.93122920309722
0.854363529261109	1.93531485367658
0.854763512186793	1.9390345518099
0.855163495112477	1.94237941559274
0.855563478038161	1.94534187199327
0.855963460963845	1.94791599706423
0.856363443889529	1.95009778554355
0.856763426815213	1.95188507402085
0.857163409740897	1.95327747413181
0.857563392666581	1.95427615880338
0.857963375592265	1.95488343297137
0.858363358517949	1.95510238612993
0.858763341443633	1.95493706798374
0.859163324369318	1.95439286833268
0.859563307295002	1.95347690433807
0.859963290220686	1.95219830077516
0.86036327314637	1.95056812469705
0.860763256072054	1.94859898184975
0.861163238997738	1.9463044940562
0.861563221923422	1.94369862329578
0.861963204849106	1.94079494966639
0.86236318777479	1.93760623492389
0.862763170700474	1.93414425172055
0.863163153626158	1.93041966041617
0.863563136551842	1.92644214811017
0.863963119477526	1.92222082758706
0.86436310240321	1.91776460081946
0.864763085328894	1.91308262763646
0.865163068254578	1.90818507065115
0.865563051180262	1.90308393212814
0.865963034105946	1.89779383009903
0.86636301703163	1.89233258504943
0.866762999957314	1.88672137259598
0.867162982882998	1.88098449147503
0.867562965808682	1.87514882808512
0.867962948734366	1.86924282174022
0.86836293166005	1.86329526843924
0.868762914585734	1.8573343546277
0.869162897511419	1.85138700555921
0.869562880437103	1.84547830491489
0.869962863362786	1.83963130732472
0.870362846288471	1.83386715273345
0.870762829214155	1.82820524753063
0.871162812139839	1.82266344359438
0.871562795065523	1.81725832686772
0.871962777991207	1.81200558162981
0.872362760916891	1.80692037615758
0.872762743842575	1.80201750795304
0.873162726768259	1.79731110317397
0.873562709693943	1.79281396730341
0.873962692619627	1.78853670162796
0.874362675545311	1.78448671859211
0.874762658470995	1.7806674728055
0.875162641396679	1.77707822503407
0.875562624322363	1.77371441222574
0.875962607248047	1.77056873818707
0.876362590173731	1.76763258652532
0.876762573099415	1.76489720434019
0.877162556025099	1.76235442153171
0.877562538950783	1.75999689740426
0.877962521876467	1.75781767655193
0.878362504802151	1.75580941548359
0.878762487727835	1.75396366020824
0.879162470653519	1.7522703785698
0.879562453579203	1.75071771864016
0.879962436504887	1.7492921489335
0.880362419430572	1.74797865165832
0.880762402356256	1.74676078215065
0.88116238528194	1.74562057447629
0.881562368207624	1.74453835831793
0.881962351133308	1.74349245609719
0.882362334058992	1.74245913454786
0.882762316984676	1.74141304666604
0.88316229991036	1.74032822920433
0.883562282836044	1.73917939977774
0.883962265761728	1.73794348237624
0.884362248687412	1.73660099096486
0.884762231613096	1.73513700827187
0.88516221453878	1.73354157617875
0.885562197464464	1.73180949835564
0.885962180390148	1.72993973006872
0.886362163315832	1.72793471963873
0.886762146241516	1.72579986951268
0.8871621291672	1.7235431006437
0.887562112092884	1.72117475262159
0.887962095018568	1.71870786460839
0.888362077944252	1.71615831376058
0.888762060869936	1.71354467577227
0.88916204379562	1.71088795977094
0.889562026721304	1.70821123603394
0.889962009646989	1.70553896785515
0.890361992572673	1.70495915770511
0.890761975498357	1.70427490590134
0.891161958424041	1.70348718882676
0.891561941349725	1.70259613827817
0.891961924275409	1.70160333701107
0.892361907201093	1.70051245190367
0.892761890126777	1.69932903898813
0.893161873052461	1.69806003560022
0.893561855978145	1.69671321448796
0.893961838903829	1.69529669872518
0.894361821829513	1.69381858762048
0.894761804755197	1.69228669857813
0.895161787680881	1.69070840093788
0.895561770606565	1.68909051956454
0.895961753532249	1.68743929572552
0.896361736457933	1.68576038419791
0.896761719383617	1.68405887052445
0.897161702309301	1.68233929126754
0.897561685234985	1.68060564777142
0.897961668160669	1.67886141215898
0.898361651086353	1.67710952925405
0.898761634012037	1.67535242497957
0.899161616937721	1.67359203552969
0.899561599863405	1.67182984814897
0.89996158278909	1.67006694819827
0.900361565714774	1.66830407082602
0.900761548640458	1.66654164521853
0.901161531566142	1.66477982813312
0.901561514491826	1.6630185398149
0.90196149741751	1.6612575028396
0.902361480343194	1.65949628532542
0.902761463268878	1.65773434801697
0.903161446194562	1.65597108686947
0.903561429120246	1.65420585797402
0.90396141204593	1.65243798678905
0.904361394971614	1.6506667601511
0.904761377897298	1.64889141071514
0.905161360822982	1.64711110787841
0.905561343748666	1.64532496705026
0.90596132667435	1.64353207116209
0.906361309600034	1.64173149873506
0.906761292525718	1.63992234648555
0.907161275451402	1.63810373978597
0.907561258377086	1.63627483300064
0.90796124130277	1.63443480513516
0.908361224228454	1.63258285130443
0.908761207154138	1.63071817394277
0.909161190079822	1.62883997680073
0.909561173005506	1.62694746058981
0.909961155931191	1.62503981520258
0.910361138856875	1.62311621337753
0.910761121782559	1.62117580621513
0.911161104708243	1.61921772174762
0.911561087633927	1.61724107056872
0.911961070559611	1.61524496279598
0.912361053485295	1.61322852923171
0.912761036410979	1.61119094401741
0.913161019336663	1.60913144476731
0.913561002262347	1.60704934422204
0.913960985188031	1.60494402945522
0.914360968113715	1.60281495200556
0.914760951039399	1.60066161148741
0.915160933965083	1.5984835382312
0.915560916890767	1.59628027902865
0.915960899816451	1.59405138962351
0.916360882742135	1.59179643039407
0.916760865667819	1.58951496619856
0.917160848593503	1.58720656839795
0.917560831519187	1.58487081671467
0.917960814444871	1.58250729968451
0.918360797370555	1.58011561804415
0.918760780296239	1.57769539133082
0.919160763221923	1.57524626366818
0.919560746147608	1.57276790606674
0.919960729073292	1.57026001434566
0.920360711998976	1.56772229994187
0.92076069492466	1.5651544726995
0.921160677850344	1.56255622268102
0.921560660776028	1.55992720687141
0.921960643701712	1.55726704423799
0.922360626627396	1.55457532020159
0.92276060955308	1.55185160098225
0.923160592478764	1.54909545258771
0.923560575404448	1.54630645968421
0.923960558330132	1.5434842404402
0.924360541255816	1.54062845625595
0.9247605241815	1.53773881528447
0.925160507107184	1.53481507409835
0.925560490032868	1.53185703801007
0.925960472958552	1.52886456103671
0.926360455884236	1.52583754463873
0.92676043880992	1.52277593849816
0.927160421735604	1.51967973712265
0.927560404661288	1.51654897199637
0.927960387586972	1.51338369877428
0.928360370512656	1.51018398115463
0.92876035343834	1.50694987046254
0.929160336364024	1.5036813868935
0.929560319289709	1.50037850386241
0.929960302215392	1.49704114053264
0.930360285141077	1.49366916503972
0.930760268066761	1.49026240921655
0.931160250992445	1.48682068898484
0.931560233918129	1.48334382787043
0.931960216843813	1.47983168011733
0.932360199769497	1.47628414578795
0.932760182695181	1.47270117560057
0.933160165620865	1.46908276755056
0.933560148546549	1.46542895442133
0.933960131472233	1.46173978185541
0.934360114397917	1.45801529256207
0.934760097323601	1.45425551955783
0.935160080249285	1.45046048098346
0.935560063174969	1.44663017680234
0.935960046100653	1.44276459384239
0.936360029026337	1.43886370906698
0.936760011952021	1.43492749344938
