0	2.67938426868479
0.000399982928598865	2.68506416500245
0.00079996585719773	2.69072091522388
0.00119994878579659	2.69635412377129
0.00159993171439546	2.70196337810463
0.00199991464299432	2.70754826377209
0.00239989757159319	2.71310837354118
0.00279988050019205	2.71864330787544
0.00319986342879092	2.72415266260562
0.00359984635738978	2.72963602873471
0.00399982928598865	2.7350929866376
0.00439981221458751	2.74052309769778
0.00479979514318638	2.74592589863479
0.00519977807178524	2.75130089794755
0.00559976100038411	2.75664758022468
0.00599974392898297	2.76196541791073
0.00639972685758184	2.76725388888482
0.0067997097861807	2.77251249189205
0.00719969271477957	2.77774075688622
0.00759967564337843	2.7829382462375
0.0079996585719773	2.78810454620407
0.00839964150057616	2.79323925461622
0.00879962442917503	2.79834197245862
0.00919960735777389	2.80341229982425
0.00959959028637276	2.8084498374709
0.00999957321497162	2.81345419513787
0.0103995561435705	2.81842500368386
0.0107995390721693	2.8233619254178
0.0111995220007682	2.82826466335496
0.0115995049293671	2.83313296815015
0.0119994878579659	2.8379666419763
0.0123994707865648	2.84276554045532
0.0127994537151637	2.84752957322469
0.0131994366437625	2.85225870281922
0.0135994195723614	2.85695294427334
0.0139994025009603	2.86161236721529
0.0143993854295591	2.86623709538957
0.014799368358158	2.87082730297381
0.0151993512867569	2.87538320657739
0.0155993342153557	2.87990505238524
0.0159993171439546	2.88439310090537
0.0163993000725535	2.88884761433934
0.0167992830011523	2.89326884631348
0.0171992659297512	2.89765703951768
0.0175992488583501	2.90201243182936
0.0179992317869489	2.90633526903278
0.0183992147155478	2.91062581777925
0.0187991976441466	2.91488437786254
0.0191991805727455	2.91911128773644
0.0195991635013444	2.92330692492671
0.0199991464299432	2.92747170326016
0.0203991293585421	2.93160607106663
0.020799112287141	2.93571051360651
0.0211990952157398	2.93978556647522
0.0215990781443387	2.94383183463584
0.0219990610729376	2.94785000981413
0.0223990440015364	2.95184088350431
0.0227990269301353	2.95580535072525
0.0231990098587342	2.95974439845679
0.023598992787333	2.96365908585519
0.0239989757159319	2.96755052145336
0.0243989586445308	2.97141984014323
0.0247989415731296	2.97526818482813
0.0251989245017285	2.97909669588323
0.0255989074303273	2.98290650335901
0.0259988903589262	2.98669871957405
0.0263988732875251	2.99047443383591
0.0267988562161239	2.99423470426277
0.0271988391447228	2.99798054608301
0.0275988220733217	3.00171292451652
0.0279988050019205	3.00543275536526
0.0283987879305194	3.00914091251508
0.0287987708591183	3.0128382445168
0.0291987537877171	3.01652560233185
0.029598736716316	3.02020386504794
0.0299987196449149	3.0238739515347
0.0303987025735137	3.02753681638804
0.0307986855021126	3.03119343301838
0.0311986684307115	3.03484475607151
0.0315986513593103	3.03849167741437
0.0319986342879092	3.04213499290147
0.0323986172165081	3.04577538569221
0.0327986001451069	3.04941342414683
0.0331985830737058	3.05304957785439
0.0335985660023046	3.05668422920311
0.0339985489309035	3.0603176789441
0.0343985318595024	3.06395014523154
0.0347985147881012	3.06758176259353
0.0351984977167001	3.07121257167244
0.035598480645299	3.07484251160925
0.0359984635738978	3.07847140906883
0.0363984465024967	3.08209895937845
0.0367984294310956	3.08572469262438
0.0371984123596944	3.08934792324764
0.0375983952882933	3.09296768417675
0.0379983782168922	3.09658265925702
0.038398361145491	3.10019109999696
0.0387983440740899	3.10379073328041
0.0391983270026888	3.10737866470213
0.0395983099312876	3.11095126940033
0.0399982928598865	3.1145040537829
0.0403982757884853	3.11803150900504
0.0407982587170842	3.12152693904978
0.0411982416456831	3.12498225818678
0.0415982245742819	3.12838776079914
0.0419982075028808	3.13173187929541
0.0423981904314797	3.13500090629537
0.0427981733600785	3.13817869469135
0.0431981562886774	3.14124635758553
0.0435981392172763	3.1441820125839
0.0439981221458751	3.1469606212096
0.044398105074474	3.14955404722741
0.0447980880030729	3.15193147279247
0.0451980709316717	3.15406035852792
0.0455980538602706	3.15590814097349
0.0459980367888695	3.15744481666694
0.0463980197174683	3.15864633060409
0.0467980026460672	3.15949832540273
0.047197985574666	3.16089505470535
0.0475979685032649	3.16221682780627
0.0479979514318638	3.16345977524835
0.0483979343604626	3.16461920924158
0.0487979172890615	3.16569049094261
0.0491979002176604	3.16666974222115
0.0495978831462592	3.16755397118819
0.0499978660748581	3.16834044537548
0.050397849003457	3.16902632338109
0.0507978319320558	3.16960842852101
0.0511978148606547	3.17008321872707
0.0515977977892536	3.17044716971147
0.0519977807178524	3.17069752760124
0.0523977636464513	3.17083335053201
0.0527977465750502	3.17085652878881
0.053197729503649	3.17077251495204
0.0535977124322479	3.17059054607328
0.0539976953608467	3.17032346803639
0.0543976782894456	3.16998711282189
0.0547976612180445	3.16959923949749
0.0551976441466433	3.16917832043877
0.0555976270752422	3.16874242348528
0.0559976100038411	3.16830821315513
0.0563975929324399	3.16788995873001
0.0567975758610388	3.16749881035707
0.0571975587896377	3.16714224150302
0.0575975417182365	3.16682391765071
0.0579975246468354	3.16654401853716
0.0583975075754343	3.16629999864719
0.0587974905040331	3.16608760930478
0.059197473432632	3.16590239213688
0.0595974563612309	3.16574113442073
0.0599974392898297	3.16560303284692
0.0603974222184286	3.16549050724652
0.0607974051470275	3.16540997197105
0.0611973880756263	3.16537205022316
0.0615973710042252	3.16539143759293
0.061997353932824	3.16548627365245
0.0623973368614229	3.16567707126393
0.0627973197900218	3.16598530933549
0.0631973027186206	3.16643231748301
0.0635972856472195	3.16703814560415
0.0639972685758184	3.16782098448765
0.0643972515044172	3.168797221782
0.0647972344330161	3.16998178838942
0.065197217361615	3.17138821659078
0.0655972002902138	3.17302863378946
0.0659971832188127	3.17491326752069
0.0663971661474116	3.17704956381087
0.0667971490760104	3.17944144362708
0.0671971320046093	3.18208915661775
0.0675971149332081	3.18498969450518
0.067997097861807	3.18813819178373
0.0683970807904059	3.19153002435366
0.0687970637190048	3.19516281286316
0.0691970466476036	3.19903788191704
0.0695970295762025	3.20316104690375
0.0699970125048013	3.20754238613602
0.0703969954334002	3.21219531498942
0.0707969783619991	3.21713530377527
0.0711969612905979	3.22237860520058
0.0715969442191968	3.22794116989633
0.0719969271477957	3.23383791814273
0.0723969100763945	3.24008211784705
0.0727968930049934	3.24668485750262
0.0731968759335923	3.25365460669421
0.0735968588621911	3.26099687889067
0.07399684179079	3.26871388133669
0.0743968247193889	3.27680444268481
0.0747968076479877	3.28526416095977
0.0751967905765866	3.29408589477623
0.0755967735051854	3.30326036130504
0.0759967564337843	3.31277675003053
0.0763967393623832	3.3226228890118
0.076796722290982	3.33278488948466
0.0771967052195809	3.34324638338456
0.0775966881481798	3.35398797735974
0.0779966710767786	3.36498673204406
0.0783966540053775	3.37621620038646
0.0787966369339764	3.38764701855593
0.0791966198625752	3.3992479788472
0.0795966027911741	3.41098706058857
0.079996585719773	3.42283251047702
0.0803965686483718	3.43475330433057
0.0807965515769707	3.44671933958973
0.0811965345055696	3.45870151222088
0.0815965174341684	3.4706720257867
0.0819965003627673	3.48260462155538
0.0823964832913661	3.49447520568475
0.082796466219965	3.50626255189238
0.0831964491485639	3.51794897735656
0.0835964320771627	3.52952070492322
0.0839964150057616	3.54096805613837
0.0843963979343605	3.55228526519306
0.0847963808629593	3.56347015834584
0.0851963637915582	3.57452327842457
0.0855963467201571	3.58544670548693
0.0859963296487559	3.5962428634033
0.0863963125773548	3.60691354571354
0.0867962955059537	3.61745917863718
0.0871962784345525	3.62787892084056
0.0875962613631514	3.63817138078814
0.0879962442917503	3.64833561308792
0.0883962272203491	3.65837221793035
0.088796210148948	3.66828441917502
0.0891961930775469	3.67807859269302
0.0895961760061457	3.68776429584913
0.0899961589347446	3.69735394157763
0.0903961418633435	3.70686227912716
0.0907961247919423	3.71630593206029
0.0911961077205412	3.72570312831119
0.09159609064914	3.73507347906331
0.0919960735777389	3.74443773844549
0.0923960565063378	3.75381752191
0.0927960394349366	3.76323497362398
0.0931960223635355	3.77271211727923
0.0935960052921344	3.7822699951981
0.0939959882207332	3.79192769231719
0.0943959711493321	3.80170132157526
0.094795954077931	3.81160298273344
0.0951959370065298	3.82163975516138
0.0955959199351287	3.8318130420007
0.0959959028637276	3.84211848377544
0.0963958857923264	3.85254635752552
0.0967958687209253	3.86308245542531
0.0971958516495241	3.87370940230519
0.097595834578123	3.88440808490217
0.0979958175067219	3.89515880077505
0.0983958004353207	3.90594186335501
0.0987957833639196	3.91673770294573
0.0991957662925185	3.92752682938692
0.0995957492211173	3.93828985495966
0.0999957321497162	3.94900768094404
0.100395715078315	3.95966176453894
0.100795698006914	3.97023437672697
0.101195680935513	3.98070887091899
0.101595663864112	3.99106984157439
0.101995646792711	4.00130308499549
0.102395629721309	4.0113954282664
0.102795612649908	4.02133449289914
0.103195595578507	4.03110830215468
0.103595578507106	4.04070469351346
0.103995561435705	4.05011062499985
0.104395544364304	4.05931160221396
0.104795527292903	4.06829121762468
0.105195510221501	4.07703094941169
0.1055954931501	4.08551041935099
0.105995476078699	4.09370792471147
0.106395459007298	4.10160106836382
0.106795441935897	4.1091674111251
0.107195424864496	4.11638509300143
0.107595407793095	4.12323338299807
0.107995390721693	4.12969309552475
0.108395373650292	4.13574687871622
0.108795356578891	4.14137894647996
0.10919533950749	4.14657418488926
0.109595322436089	4.15131685736591
0.109995305364688	4.1555893026137
0.110395288293287	4.159370765754
0.110795271221886	4.16263696777382
0.111195254150484	4.16536074428057
0.111595237079083	4.16751333438115
0.111995220007682	4.16906580323077
0.112395202936281	4.16999052475646
0.11279518586488	4.17026244957964
0.113195168793479	4.16985971126528
0.113595151722078	4.16876378868843
0.113995134650676	4.16695974594258
0.114395117579275	4.16443642734957
0.114795100507874	4.16118666925032
0.115195083436473	4.15720767043438
0.115595066365072	4.15250123272734
0.115995049293671	4.14707359207401
0.11639503222227	4.14093494390294
0.116795015150869	4.1340990373045
0.117194998079467	4.126582747585
0.117594981008066	4.11840565931467
0.117994963936665	4.10958971412672
0.118394946865264	4.10015904410325
0.118794929793863	4.09013974649528
0.119194912722462	4.07955971576345
0.119594895651061	4.06844868867781
0.119994878579659	4.05683838070322
0.120394861508258	4.0447625762624
0.120794844436857	4.03225760370959
0.121194827365456	4.01936284590476
0.121594810294055	4.00612079357337
0.121994793222654	3.99257693079344
0.122394776151253	3.97877941001752
0.122794759079851	3.96477812308637
0.12319474200845	3.95062357534372
0.123594724937049	3.93636593061473
0.123994707865648	3.92205379635287
0.124394690794247	3.90773304501119
0.124794673722846	3.89344576006948
0.125194656651445	3.8792289467209
0.125594639580044	3.86511325810256
0.125994622508642	3.8511224835611
0.126394605437241	3.83727346332325
0.12679458836584	3.82357668856805
0.127194571294439	3.81003814791606
0.127594554223038	3.79666170590139
0.127994537151637	3.78345117501166
0.128394520080236	3.77041238435687
0.128794503008834	3.75755471928179
0.129194485937433	3.74489147670945
0.129594468866032	3.73243951568248
0.129994451794631	3.72021839636163
0.13039443472323	3.70824905970231
0.130794417651829	3.69655241819251
0.131194400580428	3.68514844209548
0.131594383509027	3.67405551736306
0.131994366437625	3.66329012447018
0.132394349366224	3.65286703178106
0.132794332294823	3.64279996126007
0.133194315223422	3.63310207040068
0.133594298152021	3.62378614641341
0.13399428108062	3.61486463773893
0.134394264009219	3.60634954667612
0.134794246937817	3.59825152188057
0.135194229866416	3.59057867208277
0.135594212795015	3.58333540478994
0.135994195723614	3.57652121603622
0.136394178652213	3.57012965699482
0.136794161580812	3.56414809612033
0.137194144509411	3.55855800573467
0.13759412743801	3.55333576134531
0.137994110366608	3.54845465417694
0.138394093295207	3.54388740362854
0.138794076223806	3.53960836582245
0.139194059152405	3.53559525094887
0.139594042081004	3.53183013421453
0.139994025009603	3.52829922770115
0.140394007938202	3.52499177387802
0.1407939908668	3.5218986731566
0.141193973795399	3.51901117971984
0.141593956723998	3.51631999084272
0.141993939652597	3.51381516803216
0.142393922581196	3.51148639503244
0.142793905509795	3.50932330591065
0.143193888438394	3.50731558963477
0.143593871366992	3.5054528205575
0.143993854295591	3.50372396492704
0.14439383722419	3.50211705429976
0.144793820152789	3.50061951139024
0.145193803081388	3.49921912024096
0.145593786009987	3.49790547042854
0.145993768938586	3.4966715901869
0.146393751867185	3.49551512082974
0.146793734795783	3.49443831526147
0.147193717724382	3.49344702969955
0.147593700652981	3.49254936385428
0.14799368358158	3.49175426356794
0.148393666510179	3.49107056749712
0.148793649438778	3.49050706397622
0.149193632367377	3.49007331533452
0.149593615295975	3.48978092186209
0.149993598224574	3.48964476713174
0.150393581153173	3.48968396951906
0.150793564081772	3.48992192999961
0.151193547010371	3.49038586502192
0.15159352993897	3.49110583204217
0.151993512867569	3.49211337943254
0.152393495796167	3.49344001523565
0.152793478724766	3.49511627794004
0.153193461653365	3.49717111887697
0.153593444581964	3.49963159524889
0.153993427510563	3.50252267724283
0.154393410439162	3.50586723619049
0.154793393367761	3.50968564333883
0.15519337629636	3.5139951915517
0.155593359224958	3.51880930650925
0.155993342153557	3.52413701366874
0.156393325082156	3.52998278896657
0.156793308010755	3.53634705760924
0.157193290939354	3.54322678950152
0.157593273867953	3.55061637263844
0.157993256796552	3.5585085052003
0.15839323972515	3.56689460558642
0.158793222653749	3.57576424628073
0.159193205582348	3.58510436149724
0.159593188510947	3.59489825261588
0.159993171439546	3.60512440938365
0.160393154368145	3.61575551603075
0.160793137296744	3.62675813146255
0.161193120225343	3.63809271472692
0.161593103153941	3.64971408455069
0.16199308608254	3.66157249926084
0.162393069011139	3.67361515617502
0.162793051939738	3.68578789885076
0.163193034868337	3.69803722869615
0.163593017796936	3.71031215606911
0.163993000725535	3.72256545630635
0.164392983654133	3.73475424822648
0.164792966582732	3.74683997098152
0.165192949511331	3.75878768466173
0.16559293243993	3.77056504556324
0.165992915368529	3.78214136765777
0.166392898297128	3.79348691099565
0.166792881225727	3.80457250691898
0.167192864154325	3.81536963512387
0.167592847082924	3.82585091805991
0.167992830011523	3.83599073810369
0.168392812940122	3.84576599055581
0.168792795868721	3.85515690113442
0.16919277879732	3.86414805938843
0.169592761725919	3.87272924997044
0.169992744654518	3.8808957049475
0.170392727583116	3.88864742416034
0.170792710511715	3.89598785168988
0.171192693440314	3.90292212690556
0.171592676368913	3.90945535188215
0.171992659297512	3.91559129830753
0.172392642226111	3.92133180468204
0.17279262515471	3.92667683205985
0.173192608083308	3.93162515136393
0.173592591011907	3.93617522291975
0.173992573940506	3.94032599931927
0.174392556869105	3.94407765047479
0.174792539797704	3.94743210336191
0.175192522726303	3.95039309661982
0.175592505654902	3.95296584955046
0.175992488583501	3.95515668712545
0.176392471512099	3.95697271283259
0.176792454440698	3.9584218979858
0.177192437369297	3.95951375572036
0.177592420297896	3.9602605589124
0.177992403226495	3.9606787463206
0.178392386155094	3.96079019582279
0.178792369083693	3.96062267406175
0.179192352012291	3.96020922672664
0.17959233494089	3.95958668521345
0.179992317869489	3.95879369160033
0.180392300798088	3.95786878346008
0.180792283726687	3.95684914962643
0.181192266655286	3.95577015016867
0.181592249583885	3.95466549556008
0.181992232512483	3.9535677218204
0.182392215441082	3.95250849344823
0.182792198369681	3.9515184179718
0.18319218129828	3.95062641208142
0.183592164226879	3.9498587291443
0.183992147155478	3.94923790980205
0.184392130084077	3.94878236255157
0.184792113012676	3.94850656854323
0.185192095941274	3.94842170341038
0.185592078869873	3.94853657932114
0.185992061798472	3.94885875902023
0.186392044727071	3.94939530575944
0.18679202765567	3.9501530355398
0.187192010584269	3.95113849750732
0.187591993512868	3.952357706318
0.187991976441466	3.95381577548126
0.188391959370065	3.95551664017889
0.188791942298664	3.95746276819757
0.189191925227263	3.95965480298671
0.189591908155862	3.96209132322869
0.189991891084461	3.96476882087511
0.19039187401306	3.96768193991347
0.190791856941659	3.97082414854317
0.191191839870257	3.97418899297877
0.191591822798856	3.97777112523542
0.191991805727455	3.98156663573727
0.192391788656054	3.98557277023613
0.192791771584653	3.98978723122023
0.193191754513252	3.99420686327463
0.193591737441851	3.99882645688282
0.193991720370449	4.003638011128
0.194391703299048	4.00863028063491
0.194791686227647	4.01378855392395
0.195191669156246	4.01909482600775
0.195591652084845	4.02452793704828
0.195991635013444	4.0300635413763
0.196391617942043	4.03567426861969
0.196791600870641	4.04133027207249
0.19719158379924	4.0469998713495
0.197591566727839	4.05265023661742
0.197991549656438	4.05824832988672
0.198391532585037	4.0637617699379
0.198791515513636	4.06915938748467
0.199191498442235	4.07441155576451
0.199591481370834	4.07949074154712
0.199991464299432	4.08437208597754
0.200391447228031	4.08903404188766
0.20079143015663	4.09345918933998
0.201191413085229	4.09763507050676
0.201591396013828	4.10155473226843
0.201991378942427	4.1052174071447
0.202391361871026	4.10862885276873
0.202791344799624	4.11180073665818
0.203191327728223	4.11474946427523
0.203591310656822	4.11749491670712
0.203991293585421	4.1200586928391
0.20439127651402	4.12246216169801
0.204791259442619	4.12472484763259
0.205191242371218	4.12686305085952
0.205591225299817	4.12888874084692
0.205991208228415	4.13080894558657
0.206391191157014	4.13262545663323
0.206791174085613	4.13433471538257
0.207191157014212	4.13592843217489
0.207591139942811	4.13739476201355
0.20799112287141	4.13871953933084
0.208391105800009	4.13988782497587
0.208791088728607	4.1408854567293
0.209191071657206	4.14169997837605
0.209591054585805	4.14232074197378
0.209991037514404	4.14273863692863
0.210391020443003	4.14294558304189
0.210791003371602	4.14293423357584
0.211190986300201	4.14269796190495
0.211590969228799	4.14223098801322
0.211990952157398	4.14152865996769
0.212390935085997	4.14058786402503
0.212790918014596	4.13940710784918
0.213190900943195	4.13798612869689
0.213590883871794	4.13632515079419
0.213990866800393	4.13442392197187
0.214390849728992	4.13228106568616
0.21479083265759	4.12989401389386
0.215190815586189	4.12725940662734
0.215590798514788	4.12437429609934
0.215990781443387	4.12123797476586
0.216390764371986	4.11785355289064
0.216790747300585	4.11422918445889
0.217190730229184	4.11037919646759
0.217590713157782	4.10632451810796
0.217990696086381	4.10209218103746
0.21839067901498	4.09771439243438
0.218790661943579	4.09322712239157
0.219190644872178	4.08866816184086
0.219590627800777	4.08407513856811
0.219990610729376	4.07948355553057
0.220390593657975	4.07492469059343
0.220790576586573	4.07042419920182
0.221190559515172	4.06600144643124
0.221590542443771	4.06166924504831
0.22199052537237	4.05743438882752
0.222390508300969	4.05329906520571
0.222790491229568	4.04926226990251
0.223190474158167	4.04532101209378
0.223590457086765	4.04147122400115
0.223990440015364	4.03770815163974
0.224390422943963	4.03402600166432
0.224790405872562	4.03041760862809
0.225190388801161	4.02687405711336
0.22559037172976	4.02338442644623
0.225990354658359	4.01993568904081
0.226390337586957	4.01651312818823
0.226790320515556	4.01310071876653
0.227190303444155	4.00968149504397
0.227590286372754	4.00623809432362
0.227990269301353	4.00275346441286
0.228390252229952	3.99921131160712
0.228790235158551	3.99559665443036
0.22919021808715	3.99189665628252
0.229590201015748	3.98810108261981
0.229990183944347	3.98420227736618
0.230390166872946	3.98019510046574
0.230790149801545	3.97607650157307
0.231190132730144	3.97184447998625
0.231590115658743	3.96749731546151
0.231990098587342	3.96303346008231
0.23239008151594	3.95845164761821
0.232790064444539	3.95375138433582
0.233190047373138	3.94893413574592
0.233590030301737	3.94400458839179
0.233990013230336	3.93897145274785
0.234389996158935	3.93384789694773
0.234789979087534	3.92865132794778
0.235189962016133	3.92340222090128
0.235589944944731	3.91812258614472
0.23598992787333	3.91283464352345
0.236389910801929	3.90755951266698
0.236789893730528	3.90231627491078
0.237189876659127	3.89712178336973
0.237589859587726	3.89199107653015
0.237989842516325	3.88693809077326
0.238389825444923	3.88197698897081
0.238789808373522	3.87712381827504
0.239189791302121	3.872398040119
0.23958977423072	3.86782352645806
0.239989757159319	3.86342873022642
0.240389740087918	3.8592456680206
0.240789723016517	3.85530778485141
0.241189705945115	3.85164735608715
0.241589688873714	3.84829284157695
0.241989671802313	3.84526665714181
0.242389654730912	3.84258371594445
0.242789637659511	3.84025094721068
0.24318962058811	3.8382674487193
0.243589603516709	3.8366252070346
0.243989586445308	3.8353103995908
0.244389569373906	3.83430509828902
0.244789552302505	3.83358887369719
0.245189535231104	3.83314035560782
0.245589518159703	3.832938529608
0.245989501088302	3.83296342552181
0.246389484016901	3.83319629784449
0.2467894669455	3.83361975276752
0.247189449874098	3.83421779480597
0.247589432802697	3.8349761204308
0.247989415731296	3.83588271684395
0.248389398659895	3.83692837538867
0.248789381588494	3.83810666479092
0.249189364517093	3.83941344590682
0.249589347445692	3.84084606299564
0.24998933037429	3.84240243293764
0.250389313302889	3.84408058376091
0.250789296231488	3.84587891081797
0.251189279160087	3.84779715786157
0.251589262088686	3.84983767683969
0.251989245017285	3.85200636628666
0.252389227945884	3.85431268791962
0.252789210874483	3.85676905260086
0.253189193803081	3.85938953982484
0.25358917673168	3.86218826953206
0.253989159660279	3.86517781071103
0.254389142588878	3.86836794553628
0.254789125517477	3.87176462570217
0.255189108446076	3.87536914171425
0.255589091374675	3.87917732831571
0.255989074303273	3.88317885743455
0.256389057231872	3.88735715262334
0.256789040160471	3.89169018112069
0.25718902308907	3.89615178543941
0.257589006017669	3.90071366898319
0.257988988946268	3.9053478327263
0.258388971874867	3.91002868839185
0.258788954803466	3.91473433909505
0.259188937732064	3.91944702953451
0.259588920660663	3.92415264709653
0.259988903589262	3.92883954788852
0.260388886517861	3.93349734600789
0.26078886944646	3.93811579852491
0.261188852375059	3.94268405700214
0.261588835303658	3.94719029660652
0.261988818232256	3.95162183381055
0.262388801160855	3.95596536154559
0.262788784089454	3.9602075691324
0.263188767018053	3.96433612999792
0.263588749946652	3.96834096025188
0.263988732875251	3.97221518391755
0.26438871580385	3.97595587428836
0.264788698732448	3.97956427278356
0.265188681661047	3.98304553340364
0.265588664589646	3.98640791798516
0.265988647518245	3.98966191848212
0.266388630446844	3.99281928546033
0.266788613375443	3.99589244190516
0.267188596304042	3.99889426591847
0.267588579232641	4.00183829135836
0.267988562161239	4.00473904542495
0.268388545089838	4.00761252872522
0.268788528018437	4.01047639245436
0.269188510947036	4.01334963101939
0.269588493875635	4.01625178966902
0.269988476804234	4.01920171537637
0.270388459732833	4.02221605847772
0.270788442661431	4.02530820182379
0.27118842559003	4.02848747751645
0.271588408518629	4.03175874620704
0.271988391447228	4.03512264686937
0.272388374375827	4.03857621859557
0.272788357304426	4.04211347100586
0.273188340233025	4.04572596446773
0.273588323161624	4.04940323046973
0.273988306090222	4.0531328849431
0.274388289018821	4.0569007184998
0.27478827194742	4.06069072365206
0.275188254876019	4.06448511364263
0.275588237804618	4.06826445210281
0.275988220733217	4.0720079557834
0.276388203661816	4.07569391069309
0.276788186590414	4.07930015092469
0.277188169519013	4.08280473708084
0.277588152447612	4.0861867401953
0.277988135376211	4.0894269901509
0.27838811830481	4.09250871153994
0.278788101233409	4.09541813224758
0.279188084162008	4.09814492252017
0.279588067090607	4.1006821921856
0.279988050019205	4.10302600964658
0.280388032947804	4.10517445149166
0.280788015876403	4.1071262453946
0.281187998805002	4.10887935440749
0.281587981733601	4.11043005518242
0.2819879646622	4.11177227136921
0.282387947590799	4.11289738026559
0.282787930519397	4.11379459501315
0.283187913447996	4.1144516168531
0.283587896376595	4.11485528016039
0.283987879305194	4.11499238293299
0.284387862233793	4.11485052795072
0.284787845162392	4.11441905828141
0.285187828090991	4.11369003667475
0.285587811019589	4.112658927935
0.285987793948188	4.11132483778352
0.286387776876787	4.10969064451032
0.286787759805386	4.10776266043624
0.287187742733985	4.10554991897219
0.287587725662584	4.10306333006919
0.287987708591183	4.1003149970185
0.288387691519781	4.09731741536139
0.28878767444838	4.09408303147021
0.289187657376979	4.09062397203215
0.289587640305578	4.08695171167839
0.289987623234177	4.08307687602186
0.290387606162776	4.07900954031508
0.290787589091375	4.07475934474269
0.291187572019974	4.07033529573004
0.291587554948572	4.06574580969192
0.291987537877171	4.06099887894226
0.29238752080577	4.05610182960112
0.292787503734369	4.05106082790674
0.293187486662968	4.04588043589006
0.293587469591567	4.04056327041686
0.293987452520166	4.03510975442304
0.294387435448765	4.02951835184316
0.294787418377363	4.02378594251672
0.295187401305962	4.01790831057744
0.295587384234561	4.01188094897112
0.29598736716316	4.005700073673
0.296387350091759	3.99936319084233
0.296787333020358	3.99286938199691
0.297187315948957	3.98621976288904
0.297587298877555	3.97941793947394
0.297987281806154	3.97247024757214
0.298387264734753	3.96538589661099
0.298787247663352	3.95817681212155
0.299187230591951	3.95085731613399
0.29958721352055	3.9434437231517
0.299987196449149	3.93595388188558
0.300387179377747	3.92840650663561
0.300787162306346	3.92082083514913
0.301187145234945	3.91321630690194
0.301587128163544	3.90561215606563
0.301987111092143	3.8980270962888
0.302387094020742	3.89047903757503
0.302787076949341	3.88298462568216
0.30318705987794	3.87555880535258
0.303587042806538	3.86821463754516
0.303987025735137	3.86096322652063
0.304387008663736	3.85381381529553
0.304786991592335	3.84677437553662
0.305186974520934	3.83985229496831
0.305586957449533	3.83305498442833
0.305986940378132	3.82639046673891
0.30638692330673	3.81986781032198
0.306786906235329	3.81349695943219
0.307186889163928	3.80728815655512
0.307586872092527	3.80125094579338
0.307986855021126	3.79539289372266
0.308386837949725	3.78971825477129
0.308786820878324	3.78422712628502
0.309186803806922	3.77891519119192
0.309586786735521	3.77377407674856
0.30998676966412	3.76879210398837
0.310386752592719	3.76395535401789
0.310786735521318	3.75924862098979
0.311186718449917	3.75465604553682
0.311586701378516	3.75016102944263
0.311986684307115	3.74574583346856
0.312386667235713	3.74139129954197
0.312786650164312	3.73707705353782
0.313186633092911	3.73278221449903
0.31358661602151	3.72848687996821
0.313986598950109	3.7241734506063
0.314386581878708	3.71982752170378
0.314786564807307	3.71543805896919
0.315186547735905	3.71099677030133
0.315586530664504	3.70649694336254
0.315986513593103	3.70193265367881
0.316386496521702	3.697298506663
0.316786479450301	3.69259002716524
0.3171864623789	3.68780480083939
0.317586445307499	3.68294401284848
0.317986428236098	3.6780134746217
0.318386411164696	3.67302415879547
0.318786394093295	3.66799192170245
0.319186377021894	3.66293653229866
0.319586359950493	3.65788015236294
0.319986342879092	3.65284585553897
0.320386325807691	3.64785628726189
0.32078630873629	3.64293281818996
0.321186291664888	3.63809512842909
0.321586274593487	3.6333611242644
0.321986257522086	3.62874719624603
0.322386240450685	3.62426860958298
0.322786223379284	3.61993991641361
0.323186206307883	3.61577521033431
0.323586189236482	3.61178802778249
0.32398617216508	3.60799106394836
0.324386155093679	3.60439600816204
0.324786138022278	3.60101317105626
0.325186120950877	3.5978507728244
0.325586103879476	3.59491435110676
0.325986086808075	3.59220616137863
0.326386069736674	3.58972441408334
0.326786052665273	3.58746298686762
0.327186035593871	3.58541188518911
0.32758601852247	3.58355813765725
0.327986001451069	3.5818870476274
0.328385984379668	3.5803838029254
0.328785967308267	3.57903490600112
0.329185950236866	3.57782907181332
0.329585933165465	3.57675775498796
0.329985916094063	3.57581516840877
0.330385899022662	3.57499787088659
0.330785881951261	3.57430432274999
0.33118586487986	3.57373468163232
0.331585847808459	3.57329065437612
0.331985830737058	3.5729754560936
0.332385813665657	3.57279377029869
0.332785796594256	3.57275160259013
0.333185779522854	3.57285576944767
0.333585762451453	3.57311331984714
0.333985745380052	3.5735310565867
0.334385728308651	3.57411486509645
0.33478571123725	3.57486890481622
0.335185694165849	3.57579506919601
0.335585677094448	3.57689263586843
0.335985660023046	3.57815782003319
0.336385642951645	3.57958354775122
0.336785625880244	3.58115938987323
0.337185608808843	3.58287135531169
0.337585591737442	3.58470182755283
0.337985574666041	3.58663000424284
0.33838555759464	3.58863237350152
0.338785540523239	3.59068328720033
0.339185523451837	3.59275582868631
0.339585506380436	3.59482240218651
0.339985489309035	3.59685487576145
0.340385472237634	3.59882469172142
0.340785455166233	3.60070275600466
0.341185438094832	3.60245923919702
0.341585421023431	3.60406363157636
0.341985403952029	3.60548513355523
0.342385386880628	3.60669316376546
0.342785369809227	3.60765802306493
0.343185352737826	3.60835148882856
0.343585335666425	3.60874690524732
0.343985318595024	3.60881907754891
0.344385301523623	3.60854421239386
0.344785284452221	3.60790007073347
0.34518526738082	3.60686631213612
0.345585250309419	3.6054249646119
0.345985233238018	3.6035608391086
0.346385216166617	3.60126187133404
0.346785199095216	3.59851923587923
0.347185182023815	3.59532735341122
0.347585164952414	3.59168391694109
0.347985147881012	3.58759001421511
0.348385130809611	3.5830503230794
0.34878511373821	3.57807334491087
0.349185096666809	3.57267112617353
0.349585079595408	3.5668584324368
0.349985062524007	3.56065151550331
0.350385045452606	3.55406653435532
0.350785028381204	3.54711771689801
0.351185011309803	3.53981617951444
0.351584994238402	3.53216979891698
0.351984977167001	3.52418406298042
0.3523849600956	3.51586390654838
0.352784943024199	3.50721608775314
0.353184925952798	3.4982509167282
0.353584908881396	3.48898303393369
0.353984891809995	3.47943125868153
0.354384874738594	3.46961756061046
0.354784857667193	3.45956538363152
0.355184840595792	3.44929816003226
0.355584823524391	3.43883844855888
0.35598480645299	3.42820786697786
0.356384789381589	3.41742738496598
0.356784772310187	3.40651789372686
0.357184755238786	3.39550084150986
0.357584738167385	3.38439847918946
0.357984721095984	3.37323347585272
0.358384704024583	3.36202839529784
0.358784686953182	3.35080498426423
0.359184669881781	3.33958349312069
0.359584652810379	3.32838233713545
0.359984635738978	3.31721785073286
0.360384618667577	3.30610372870326
0.360784601596176	3.29505057019643
0.361184584524775	3.28406542881736
0.361584567453374	3.2731512187238
0.361984550381973	3.26230640904745
0.362384533310572	3.25152543924332
0.36278451623917	3.24079950048632
0.363184499167769	3.23011794699673
0.363584482096368	3.21946999469742
0.363984465024967	3.20884600257732
0.364384447953566	3.19823849628646
0.364784430882165	3.18764290932747
0.365184413810764	3.17705754144368
0.365584396739362	3.16648327762653
0.365984379667961	3.15592358572207
0.36638436259656	3.14538465931943
0.366784345525159	3.13487562858673
0.367184328453758	3.12440897216109
0.367584311382357	3.11400056138172
0.367984294310956	3.10366921116606
0.368384277239554	3.0934358070254
0.368784260168153	3.08332213238619
0.369184243096752	3.07334942203198
0.369584226025351	3.06353712513373
0.36998420895395	3.05390225635318
0.370384191882549	3.04445903911125
0.370784174811148	3.03521871374088
0.371184157739747	3.02618960144561
0.371584140668345	3.01737715603674
0.371984123596944	3.00878364942468
0.372384106525543	3.00040802396788
0.372784089454142	2.9922462270425
0.373184072382741	2.98429179418086
0.37358405531134	2.97653675807889
0.373984038239939	2.96897267168016
0.374384021168537	2.96159101701199
0.374784004097136	2.95438309952103
0.375183987025735	2.94734001770974
0.375583969954334	2.94045254973285
0.375983952882933	2.93371106172279
0.376383935811532	2.92710623095532
0.376783918740131	2.92063013683596
0.37718390166873	2.91427714746032
0.377583884597328	2.90804477258658
0.377983867525927	2.90193418083267
0.378383850454526	2.89594992417811
0.378783833383125	2.89009938600946
0.379183816311724	2.88439218005078
0.379583799240323	2.87883933133794
0.379983782168922	2.87345269921236
0.38038376509752	2.86824485653587
0.380783748026119	2.86322898856943
0.381183730954718	2.85841866090356
0.381583713883317	2.85382777203305
0.381983696811916	2.84947053366675
0.382383679740515	2.8453612342648
0.382783662669114	2.84151396325759
0.383183645597712	2.83794221207835
0.383583628526311	2.83465828983481
0.38398361145491	2.83167295256858
0.384383594383509	2.82899512857366
0.384783577312108	2.82663165090147
0.385183560240707	2.8245873810068
0.385583543169306	2.82286588686557
0.385983526097905	2.82147040037788
0.386383509026503	2.820404911602
0.386783491955102	2.81967529059827
0.387183474883701	2.81929023817264
0.3875834578123	2.81926182584647
0.387983440740899	2.81960556130057
0.388383423669498	2.82033969769984
0.388783406598097	2.82148410060109
0.389183389526695	2.82305884568962
0.389583372455294	2.8250827600937
0.389983355383893	2.82757202913156
0.390383338312492	2.83053924767695
0.390783321241091	2.8339930705373
0.39118330416969	2.83793857204782
0.391583287098289	2.84237797628371
0.391983270026887	2.84731128064783
0.392383252955486	2.85273645546091
0.392783235884085	2.85864928364758
0.393183218812684	2.86504272819485
0.393583201741283	2.87190626859775
0.393983184669882	2.87922544665025
0.394383167598481	2.88698175800326
0.39478315052708	2.89515276602385
0.395183133455678	2.90371243553281
0.395583116384277	2.91263125159605
0.395983099312876	2.92187609827804
0.396383082241475	2.93141017390622
0.396783065170074	2.94119324541514
0.397183048098673	2.95118252028802
0.397583031027272	2.96133431739981
0.39798301395587	2.9716059104608
0.398382996884469	2.98195716885425
0.398782979813068	2.99235159330728
0.399182962741667	3.00275644949613
0.399582945670266	3.0131418749281
0.399982928598865	3.02347944795909
0.400382911527464	3.03374075450433
0.400782894456063	3.04389648748626
0.401182877384661	3.05391613097255
0.40158286031326	3.06376808297365
0.401982843241859	3.07342004739455
0.402382826170458	3.0828397904056
0.402782809099057	3.09199597837038
0.403182792027656	3.10085911129829
0.403582774956255	3.10940256187885
0.403982757884853	3.11760383237659
0.404382740813452	3.12544565394913
0.404782723742051	3.13291654725732
0.40518270667065	3.1400103020809
0.405582689599249	3.14672438471566
0.405982672527848	3.15305789469964
0.406382655456447	3.15900974459341
0.406782638385046	3.16457728284137
0.407182621313644	3.16975596224572
0.407582604242243	3.17453997603935
0.407982587170842	3.17892342498651
0.408382570099441	3.18290120903917
0.40878255302804	3.1864693631204
0.409182535956639	3.1896247128134
0.409582518885238	3.19236411573006
0.409982501813836	3.19468356471688
0.410382484742435	3.19657763746348
0.410782467671034	3.19803947897273
0.411182450599633	3.19906133387816
0.411582433528232	3.19963552886507
0.411982416456831	3.19975566508278
0.41238239938543	3.19941742939994
0.412782382314028	3.19861895462319
0.413182365242627	3.19736076727927
0.413582348171226	3.19564521423478
0.413982331099825	3.19347554505234
0.414382314028424	3.19085520132674
0.414782296957023	3.18778750721606
0.415182279885622	3.18427572944177
0.415582262814221	3.18032379108836
0.415982245742819	3.17593725879532
0.416382228671418	3.17112434197085
0.416782211600017	3.16589664537174
0.417182194528616	3.16026947676023
0.417582177457215	3.15426147560654
0.417982160385814	3.14789416631044
0.418382143314413	3.14119137832223
0.418782126243011	3.13417873890402
0.41918210917161	3.12688321929499
0.419582092100209	3.11933268086007
0.419982075028808	3.11155506374814
0.420382057957407	3.10357761377072
0.420782040886006	3.09542596615212
0.421182023814605	3.08712305782118
0.421582006743204	3.07868785008041
0.421981989671802	3.07013433915689
0.422381972600401	3.06147082982244
0.422781955529	3.05269981944039
0.423181938457599	3.04381855767741
0.423581921386198	3.03482034986008
0.423981904314797	3.02569622227298
0.424381887243396	3.01643680954626
0.424781870171994	3.0070339950396
0.425181853100593	2.99748188988188
0.425581836029192	2.98777718290034
0.425981818957791	2.97791906126014
0.42638180188639	2.9679087942692
0.426781784814989	2.95774928398931
0.427181767743588	2.94744501998507
0.427581750672186	2.9370023233582
0.427981733600785	2.9264295204078
0.428381716529384	2.91573696925958
0.428781699457983	2.90493678898397
0.429181682386582	2.89404216615347
0.429581665315181	2.88306660812089
0.42998164824378	2.87202338592621
0.430381631172379	2.86092523490471
0.430781614100977	2.84978424253636
0.431181597029576	2.8386120015156
0.431581579958175	2.82741994601577
0.431981562886774	2.81621985335427
0.432381545815373	2.80502426997236
0.432781528743972	2.7938468802586
0.433181511672571	2.7827027925573
0.433581494601169	2.77160868680993
0.433981477529768	2.76058259038331
0.434381460458367	2.74964325753382
0.434781443386966	2.7388092312182
0.435181426315565	2.728097882513
0.435581409244164	2.71752472619549
0.435981392172763	2.70710332317659
0.436381375101361	2.69684582703941
0.43678135802996	2.68676403853822
0.437181340958559	2.67687053704398
0.437581323887158	2.66717959901377
0.437981306815757	2.6577075840176
0.438381289744356	2.64847277532498
0.438781272672955	2.63949486336423
0.439181255601554	2.63079422606455
0.439581238530152	2.62239115465652
0.439981221458751	2.61430516933935
0.44038120438735	2.60655449926122
0.440781187315949	2.59915564612447
0.441181170244548	2.59212291317669
0.441581153173147	2.58546809320224
0.441981136101746	2.57920044076875
0.442381119030344	2.5733269664548
0.442781101958943	2.56785287319423
0.443181084887542	2.56278209074231
0.443581067816141	2.55811754868006
0.44398105074474	2.55386088602091
0.444381033673339	2.55001157832757
0.444781016601938	2.54656577716896
0.445180999530537	2.5435152329982
0.445580982459135	2.54084686221673
0.445980965387734	2.53854340811598
0.446380948316333	2.53658505784134
0.446780931244932	2.53495157506333
0.447180914173531	2.53362452165241
0.44758089710213	2.53258879820667
0.447980880030729	2.53183314830887
0.448380862959327	2.53134950042797
0.448780845887926	2.53113145229795
0.449180828816525	2.53117263217514
0.449580811745124	2.53146570411378
0.449980794673723	2.53200167529468
0.450380777602322	2.53276966287789
0.450780760530921	2.53375738706495
0.451180743459519	2.53495181205684
0.451580726388118	2.53633933701416
0.451980709316717	2.53790596678944
0.452380692245316	2.53963738692077
0.452780675173915	2.54151892343517
0.453180658102514	2.5435357819927
0.453580641031113	2.54567358755392
0.453980623959712	2.54791860490217
0.45438060688831	2.55025782572404
0.454780589816909	2.55267866631693
0.455180572745508	2.55516808406804
0.455580555674107	2.55771135858212
0.455980538602706	2.5602912008073
0.456380521531305	2.56288714434889
0.456780504459904	2.56547571818575
0.457180487388502	2.56803140692711
0.457580470317101	2.57052797549988
0.4579804532457	2.57293971876705
0.458380436174299	2.57524264442475
0.458780419102898	2.5774149272285
0.459180402031497	2.57943666979538
0.459580384960096	2.58128927869936
0.459980367888695	2.58295506774095
0.460380350817293	2.58441693750322
0.460780333745892	2.58565861293432
0.461180316674491	2.58666509199635
0.46158029960309	2.58742293241631
0.461980282531689	2.58792002852451
0.462380265460288	2.58814541184867
0.462780248388887	2.58808864669132
0.463180231317485	2.5877391786219
0.463580214246084	2.58708632075881
0.463980197174683	2.58612015378326
0.464380180103282	2.58483242875908
0.464780163031881	2.58321758598189
0.46518014596048	2.58127354954432
0.465580128889079	2.57900156568014
0.465980111817678	2.57640515194343
0.466380094746276	2.57348884265188
0.466780077674875	2.57025696329156
0.467180060603474	2.56671293784803
0.467580043532073	2.56285950257493
0.467980026460672	2.55869928920395
0.468380009389271	2.55423533775203
0.46877999231787	2.54947152231764
0.469179975246468	2.54441263178252
0.469579958175067	2.53906396983458
0.469979941103666	2.53343114964912
0.470379924032265	2.52752007400159
0.470779906960864	2.52133708428098
0.471179889889463	2.51488940014367
0.471579872818062	2.50818575716248
0.47197985574666	2.5012368079996
0.472379838675259	2.49405534768883
0.472779821603858	2.48665636286577
0.473179804532457	2.47905680295461
0.473579787461056	2.47127529254506
0.473979770389655	2.46333191777287
0.474379753318254	2.45524794638604
0.474779736246852	2.44704556025872
0.475179719175451	2.43874774518819
0.47557970210405	2.43037817472428
0.475979685032649	2.42196090158544
0.476379667961248	2.41351985190288
0.476779650889847	2.40507814044909
0.477179633818446	2.39665697995657
0.477579616747045	2.388274468928
0.477979599675643	2.37994443291908
0.478379582604242	2.37167550977113
0.478779565532841	2.36347047622569
0.47917954846144	2.35532606019893
0.479579531390039	2.34723322464616
0.479979514318638	2.33917776594676
0.480379497247237	2.33114129101498
0.480779480175835	2.32310236133484
0.481179463104434	2.31503756690376
0.481579446033033	2.30692252286969
0.481979428961632	2.29873274413956
0.482379411890231	2.29044424437032
0.48277939481883	2.28203392047846
0.483179377747429	2.27348002812071
0.483579360676028	2.2647625547897
0.483979343604626	2.25586342780756
0.484379326533225	2.24676693542229
0.484779309461824	2.23746026399219
0.485179292390423	2.22793374682082
0.485579275319022	2.21818079093687
0.485979258247621	2.20819772336747
0.48637924117622	2.19798344962668
0.486779224104818	2.18753899500054
0.487179207033417	2.17686730690379
0.487579189962016	2.16597320856846
0.487979172890615	2.15486343036189
0.488379155819214	2.14354694885408
0.488779138747813	2.13203543123708
0.489179121676412	2.12034307038266
0.48957910460501	2.10848617766579
0.489979087533609	2.09648279468883
0.490379070462208	2.08435210864693
0.490779053390807	2.07211408037423
0.491179036319406	2.0597898460754
0.491579019248005	2.04740246507633
0.491979002176604	2.03497754272071
0.492378985105203	2.0225436707689
0.492778968033801	2.01013252514198
0.4931789509624	1.99777837697814
0.493578933890999	1.98551725459686
0.493978916819598	1.97338614753791
0.494378899748197	1.96142231932273
0.494778882676796	1.94966277126117
0.495178865605395	1.93814385400115
0.495578848533993	1.92690083685695
0.495978831462592	1.91596716566661
0.496378814391191	1.90537355319989
0.49677879731979	1.89514714835819
0.497178780248389	1.88531091593554
0.497578763176988	1.87588340223459
0.497978746105587	1.8668791800187
0.498378729034186	1.85830974096701
0.498778711962784	1.85018445130249
0.499178694891383	1.8425112437083
0.499578677819982	1.83529706709274
0.499978660748581	1.82854814552803
0.50037864367718	1.82226986381724
0.500778626605779	1.81646629125805
0.501178609534378	1.81113981421548
0.501578592462976	1.80629080633051
0.501978575391575	1.80191705212351
0.502378558320174	1.79801328019213
0.502778541248773	1.79457092716333
0.503178524177372	1.79157785895319
0.503578507105971	1.78901832997133
0.50397849003457	1.78687342886846
0.504378472963169	1.78512170828496
0.504778455891767	1.78373969796502
0.505178438820366	1.78270267024729
0.505578421748965	1.7819855325985
0.505978404677564	1.78156358180333
0.506378387606163	1.78141308731941
0.506778370534762	1.78151189120709
0.50717835346336	1.78183975039874
0.507578336391959	1.78237856360103
0.507978319320558	1.78311250826112
0.508378302249157	1.78402813302531
0.508778285177756	1.78511405118671
0.509178268106355	1.78636055322143
0.509578251034954	1.78775901488189
0.509978233963553	1.78930123946335
0.510378216892151	1.79097874102131
0.51077819982075	1.79278252135925
0.511178182749349	1.79470304066536
0.511578165677948	1.79673037535235
0.511978148606547	1.79885435615494
0.512378131535146	1.80106480748827
0.512778114463745	1.80335156670978
0.513178097392343	1.80570445392164
0.513578080320942	1.8081131034497
0.513978063249541	1.81056704019174
0.51437804617814	1.81305590073369
0.514778029106739	1.81556999637964
0.515178012035338	1.81810068154865
0.515577994963937	1.82064045565297
0.515977977892536	1.82318254148811
0.516377960821134	1.82572028978267
0.516777943749733	1.82824654123341
0.517177926678332	1.83075361402516
0.517577909606931	1.83323386371853
0.51797789253553	1.83568053040901
0.518377875464129	1.83808865392804
0.518777858392728	1.84045554051215
0.519177841321326	1.84278035100769
0.519577824249925	1.84506317217769
0.519977807178524	1.84730406044278
0.520377790107123	1.84950237847517
0.520777773035722	1.85165692102784
0.521177755964321	1.85376682551254
0.52157773889292	1.85583284479854
0.521977721821518	1.85785863213413
0.522377704750117	1.85985166405133
0.522777687678716	1.8618230719098
0.523177670607315	1.86378673302522
0.523577653535914	1.86575815395832
0.523977636464513	1.86775348361425
0.524377619393112	1.86978855821662
0.524777602321711	1.87187850312205
0.525177585250309	1.87403765821426
0.525577568178908	1.87627962292628
0.525977551107507	1.87861740464472
0.526377534036106	1.88106359622835
0.526777516964705	1.88363055835195
0.527177499893304	1.88633070621613
0.527577482821903	1.88917659962289
0.527977465750502	1.89218032929075
0.5283774486791	1.89535232436071
0.528777431607699	1.89869994378696
0.529177414536298	1.90222592568444
0.529577397464897	1.9059270538319
0.529977380393496	1.90979386048943
0.530377363322095	1.9138113816501
0.530777346250694	1.91796077122821
0.531177329179293	1.92222133576785
0.531577312107891	1.92657241692166
0.53197729503649	1.93099440234216
0.532377277965089	1.93546907314775
0.532777260893688	1.93997930576679
0.533177243822287	1.94450845149895
0.533577226750886	1.94903999651555
0.533977209679484	1.95355791518762
0.534377192608083	1.95804747773405
0.534777175536682	1.96249625041093
0.535177158465281	1.96689508069913
0.53557714139388	1.97123875779138
0.535977124322479	1.97552597819462
0.536377107251078	1.97975868407938
0.536777090179676	1.98394095981012
0.537177073108275	1.98807762109972
0.537577056036874	1.99217277047691
0.537977038965473	1.99622867279723
0.538377021894072	2.00024491091371
0.538777004822671	2.00421775772322
0.53917698775127	2.00813991291579
0.539576970679869	2.01200058122441
0.539976953608467	2.01578562393696
0.540376936537066	2.01947800402534
0.540776919465665	2.023058779607
0.541176902394264	2.02650828359714
0.541576885322863	2.02980744129229
0.541976868251462	2.03293920668911
0.542376851180061	2.0358895209226
0.54277683410866	2.03864778995294
0.543176817037258	2.04120743914902
0.543576799965857	2.04356603273542
0.543976782894456	2.04572495184686
0.544376765823055	2.04768936614866
0.544776748751654	2.04946815496041
0.545176731680253	2.05107332018638
0.545576714608851	2.0525191476767
0.54597669753745	2.05382131490398
0.546376680466049	2.05499573600309
0.546776663394648	2.05605763721339
0.547176646323247	2.05702122897934
0.547576629251846	2.05789963416855
0.547976612180445	2.05870503699895
0.548376595109044	2.05944900330454
0.548776578037642	2.06014234633671
0.549176560966241	2.06079442218774
0.54957654389484	2.06141216477969
0.549976526823439	2.06199911207078
0.550376509752038	2.06255452317359
0.550776492680637	2.06307308405032
0.551176475609236	2.06354551931846
0.551576458537835	2.06395998415322
0.551976441466433	2.06430373380772
0.552376424395032	2.06456480424498
0.552776407323631	2.06473329322101
0.55317639025223	2.06480168893768
0.553576373180829	2.06476460866844
0.553976356109428	2.06461836988634
0.554376339038027	2.06436068366212
0.554776321966626	2.06399084734576
0.555176304895224	2.06351039753164
0.555576287823823	2.0629237309522
0.555976270752422	2.06223860421624
0.556376253681021	2.06146617457018
0.55677623660962	2.06062032854311
0.557176219538219	2.05971653147638
0.557576202466817	2.05877089124436
0.557976185395416	2.0577992857715
0.558376168324015	2.05681684782347
0.558776151252614	2.05583781107615
0.559176134181213	2.05487524127159
0.559576117109812	2.05394053987014
0.559976100038411	2.05304298898249
0.56037608296701	2.05218928781203
0.560776065895608	2.05138324891868
0.561176048824207	2.05062606579537
0.561576031752806	2.04991700314915
0.561976014681405	2.04925414870842
0.562375997610004	2.04863520071995
0.562775980538603	2.04805803089071
0.563175963467202	2.04752078624192
0.563575946395801	2.04702166434638
0.563975929324399	2.04655860114379
0.564375912252998	2.04612886549177
0.564775895181597	2.04572866654255
0.565175878110196	2.04535308488652
0.565575861038795	2.04499623950509
0.565975843967394	2.04465149162257
0.566375826895993	2.04431162407702
0.566775809824591	2.04396889341277
0.56717579275319	2.0436150105155
0.567575775681789	2.043241021069
0.567975758610388	2.04283715645206
0.568375741538987	2.04239277343159
0.568775724467586	2.04189666322967
0.569175707396185	2.04133753791115
0.569575690324784	2.04070458002342
0.569975673253382	2.03998783092028
0.570375656181981	2.03917845733519
0.57077563911058	2.03826875654488
0.571175622039179	2.03725217227133
0.571575604967778	2.03612323395839
0.571975587896377	2.03487766861029
0.572375570824975	2.03351263726968
0.572775553753574	2.03202717974227
0.573175536682173	2.03042255161435
0.573575519610772	2.02870240395342
0.573975502539371	2.0268728611618
0.57437548546797	2.02494240403709
0.574775468396569	2.02292137295872
0.575175451325168	2.0208211729558
0.575575434253766	2.01865338701381
0.575975417182365	2.01642897146762
0.576375400110964	2.01415762895376
0.576775383039563	2.01184764010271
0.577175365968162	2.00950619246106
0.577575348896761	2.00714006621004
0.57797533182536	2.00475674142588
0.578375314753959	2.00236537303679
0.578775297682557	1.99997713210475
0.579175280611156	1.99760481017631
0.579575263539755	1.99526201680341
0.579975246468354	1.99296205001667
0.580375229396953	1.99071678871833
0.580775212325552	1.9885359477833
0.581175195254151	1.98642673835549
0.581575178182749	1.98439401180935
0.581975161111348	1.98244070893247
0.582375144039947	1.98056853591773
0.582775126968546	1.97877835278225
0.583175109897145	1.9770703685702
0.583575092825744	1.97544420712921
0.583975075754343	1.97389878360588
0.584375058682941	1.97243215743308
0.58477504161154	1.97104163852599
0.585175024540139	1.96972405282118
0.585575007468738	1.96847600902883
0.585974990397337	1.96729399625836
0.586374973325936	1.96617416643472
0.586774956254535	1.96511164609386
0.587174939183134	1.96409960996359
0.587574922111732	1.9631283299141
0.587974905040331	1.96218427640087
0.58837488796893	1.96124967547028
0.588774870897529	1.96030281503319
0.589174853826128	1.95931906978565
0.589574836754727	1.9582721516513
0.589974819683326	1.95713547489133
0.590374802611924	1.95588330130507
0.590774785540523	1.95449178457264
0.591174768469122	1.95293980193285
0.591574751397721	1.9512093954747
0.59197473432632	1.94928563637388
0.592374717254919	1.94715632526589
0.592774700183518	1.94481158633559
0.593174683112117	1.94224341034222
0.593574666040715	1.93944555219051
0.593974648969314	1.93641394855469
0.594374631897913	1.93314727182839
0.594774614826512	1.92964775955211
0.595174597755111	1.92592208102606
0.59557458068371	1.9219816061438
0.595974563612309	1.91784213855078
0.596374546540907	1.91352322114784
0.596774529469506	1.90904680673198
0.597174512398105	1.90443552510642
0.597574495326704	1.89971108270689
0.597974478255303	1.89489275974077
0.598374461183902	1.88999609720304
0.598774444112501	1.88503199247554
0.599174427041099	1.88000616707878
0.599574409969698	1.87491910980908
0.599974392898297	1.86976662607509
0.600374375826896	1.86454085368538
0.600774358755495	1.85923158070959
0.601174341684094	1.85382792886952
0.601574324612693	1.84832008011972
0.601974307541292	1.84270083860217
0.60237429046989	1.83696666717969
0.602774273398489	1.83111793338119
0.603174256327088	1.82515828753859
0.603574239255687	1.81909369997707
0.603974222184286	1.81293135950197
0.604374205112885	1.80667894124248
0.604774188041484	1.80034435699093
0.605174170970082	1.79393604709355
0.605574153898681	1.78746347685132
0.60597413682728	1.7809375874004
0.606374119755879	1.77437088545676
0.606774102684478	1.767777425769
0.607174085613077	1.76117261018785
0.607574068541676	1.7545728597535
0.607974051470275	1.74799527284573
0.608374034398873	1.74145748608623
0.608774017327472	1.73497743313134
0.609174000256071	1.72857297844504
0.60957398318467	1.72226136076201
0.609973966113269	1.71605863649023
0.610373949041868	1.70997929111123
0.610773931970467	1.70403650172254
0.611173914899065	1.69824295265161
0.611573897827664	1.69261167975206
0.611973880756263	1.68715681589258
0.612373863684862	1.68189396200409
0.612773846613461	1.67683974227568
0.61317382954206	1.67201047287331
0.613573812470659	1.66742065141282
0.613973795399257	1.66308144823023
0.614373778327856	1.65899957793707
0.614773761256455	1.65517681648001
0.615173744185054	1.65161030172155
0.615573727113653	1.64829324179564
0.615973710042252	1.64521600083664
0.616373692970851	1.64236704385889
0.61677367589945	1.63973343328473
0.617173658828048	1.63730095938597
0.617573641756647	1.63505437952063
0.617973624685246	1.63297740041979
0.618373607613845	1.63105279897657
0.618773590542444	1.62926268895305
0.619173573471043	1.62758884330947
0.619573556399642	1.62601284685555
0.61997353932824	1.6245163063761
0.620373522256839	1.62308109047463
0.620773505185438	1.62168996950762
0.621173488114037	1.62032763774026
0.621573471042636	1.6189817837786
0.621973453971235	1.61764408477587
0.622373436899834	1.61631082118815
0.622773419828432	1.61498263224569
0.623173402757031	1.61366336879972
0.62357338568563	1.61235856949749
0.623973368614229	1.61107390815063
0.624373351542828	1.60981422942683
0.624773334471427	1.60858350168076
0.625173317400026	1.60738545340151
0.625573300328625	1.60622439839792
0.625973283257223	1.60510603083361
0.626373266185822	1.60403766360516
0.626773249114421	1.60302773683526
0.62717323204302	1.60208497326527
0.627573214971619	1.60121764743696
0.627973197900218	1.60043318174394
0.628373180828817	1.59973819322901
0.628773163757415	1.59913897724093
0.629173146686014	1.59864222840963
0.629573129614613	1.59825544265888
0.629973112543212	1.59798679625872
0.630373095471811	1.59784478901678
0.63077307840041	1.59783754530737
0.631173061329009	1.59797186489515
0.631573044257608	1.59825250593399
0.631973027186206	1.59868191310693
0.632373010114805	1.59926000910974
0.632772993043404	1.59998419683037
0.633172975972003	1.60084964398359
0.633572958900602	1.60184954817079
0.633972941829201	1.60297533221215
0.6343729247578	1.60421707459586
0.634772907686398	1.60556382380613
0.635172890614997	1.60700383648725
0.635572873543596	1.60852491140705
0.635972856472195	1.61011461412197
0.636372839400794	1.61176023555564
0.636772822329393	1.61344905764826
0.637172805257992	1.61516889906175
0.63757278818659	1.61690872959936
0.637972771115189	1.6186594832515
0.638372754043788	1.62041475156933
0.638772736972387	1.6221708800771
0.639172719900986	1.62392655863771
0.639572702829585	1.62568214863048
0.639972685758184	1.62743859005334
0.640372668686783	1.62919643698413
0.640772651615381	1.63095553756583
0.64117263454398	1.63271516071357
0.641572617472579	1.63447445950003
0.641972600401178	1.63623355551913
0.642372583329777	1.63799444983194
0.642772566258376	1.63976149092275
0.643172549186975	1.64154141749648
0.643572532115573	1.64334308302598
0.643972515044172	1.64517646874524
0.644372497972771	1.64705148881506
0.64477248090137	1.64897679732263
0.645172463829969	1.65095894238559
0.645572446758568	1.65300185402293
0.645972429687167	1.65510690191899
0.646372412615766	1.65727313028838
0.646772395544364	1.6594975175104
0.647172378472963	1.66177504114044
0.647572361401562	1.66409862044985
0.647972344330161	1.66645879018627
0.64837232725876	1.66884361734515
0.648772310187359	1.67123900950835
0.649172293115958	1.67362936752593
0.649572276044556	1.67599849229135
0.649972258973155	1.6783307807867
0.650372241901754	1.68061243764724
0.650772224830353	1.68283248595713
0.651172207758952	1.68498361983379
0.651572190687551	1.68706262009478
0.65197217361615	1.68907021649396
0.652372156544748	1.69101069606095
0.652772139473347	1.69289112382258
0.653172122401946	1.69472001839445
0.653572105330545	1.69650598434978
0.653972088259144	1.69825679816447
0.654372071187743	1.69997887556087
0.654772054116342	1.70167697392378
0.655172037044941	1.70335419397879
0.655572019973539	1.70501197320126
0.655972002902138	1.70664979282256
0.656371985830737	1.70826476451357
0.656771968759336	1.70985136337045
0.657171951687935	1.71140138969721
0.657571934616534	1.71290452839647
0.657971917545133	1.71434954872461
0.658371900473731	1.71572560379655
0.65877188340233	1.7170233528898
0.659171866330929	1.71823591612188
0.659571849259528	1.71935948798392
0.659971832188127	1.72039337685259
0.660371815116726	1.72133978308749
0.660771798045325	1.72220370992603
0.661171780973923	1.7229927092228
0.661571763902522	1.72371617184521
0.661971746831121	1.72438430619949
0.66237172975972	1.72500705198787
0.662771712688319	1.72559299173901
0.663171695616918	1.72614852968955
0.663571678545517	1.72667764688195
0.663971661474116	1.72718219001261
0.664371644402714	1.72766255434462
0.664771627331313	1.72811864513596
0.665171610259912	1.72855046392409
0.665571593188511	1.72895822344729
0.66597157611711	1.7293423670103
0.666371559045709	1.72970352377613
0.666771541974308	1.73004237861758
0.667171524902906	1.73035985817715
0.667571507831505	1.73065764707762
0.667971490760104	1.73093871857633
0.668371473688703	1.7312077206851
0.668771456617302	1.73147096631897
0.669171439545901	1.73173601916141
0.6695714224745	1.73201118458259
0.669971405403099	1.73230504387181
0.670371388331697	1.73262596563591
0.670771371260296	1.73298178533749
0.671171354188895	1.73337966195506
0.671571337117494	1.73382594778185
0.671971320046093	1.73432590054427
0.672371302974692	1.73488328572888
0.672771285903291	1.73549987995355
0.673171268831889	1.73617515124166
0.673571251760488	1.73690609376769
0.673971234689087	1.73768726397425
0.674371217617686	1.73851092392727
0.674771200546285	1.73936720500284
0.675171183474884	1.74024423780382
0.675571166403483	1.74112830246911
0.675971149332081	1.74200394121752
0.67637113226068	1.74285404345144
0.676771115189279	1.74366010057285
0.677171098117878	1.7444026346239
0.677571081046477	1.74506165077887
0.677971063975076	1.74561724603053
0.678371046903675	1.74605040542123
0.678771029832274	1.74634387165933
0.679171012760872	1.74648304640362
0.679570995689471	1.74645705862655
0.67997097861807	1.74625958333439
0.680370961546669	1.74588912210685
0.680770944475268	1.74534889205596
0.681170927403867	1.74464644182295
0.681570910332466	1.74379262691833
0.681970893261064	1.74280030096773
0.682370876189663	1.74168304239866
0.682770859118262	1.74045386377987
0.683170842046861	1.73912387774124
0.68357082497546	1.73770142826516
0.683970807904059	1.73619162542341
0.684370790832658	1.73459634066211
0.684770773761257	1.73291477866982
0.685170756689855	1.73114453826117
0.685570739618454	1.72928241985857
0.685970722547053	1.72732496896192
0.686370705475652	1.72526877361702
0.686770688404251	1.72311007536435
0.68717067133285	1.72084392183722
0.687570654261449	1.71846368789682
0.687970637190047	1.71596076929026
0.688370620118646	1.71332443944626
0.688770603047245	1.71054246286131
0.689170585975844	1.70760231739883
0.689570568904443	1.70449233470073
0.689970551833042	1.70120286036713
0.690370534761641	1.69772747884045
0.690770517690239	1.69406377550546
0.691170500618838	1.69021362900019
0.691570483547437	1.68618325049472
0.691970466476036	1.68198279784112
0.692370449404635	1.67762555992881
0.692770432333234	1.67312707567298
0.693170415261833	1.66850412200253
0.693570398190432	1.66377361330233
0.69397038111903	1.65895191853117
0.694370364047629	1.65405470354291
0.694770346976228	1.64909722868633
0.695170329904827	1.64409491244338
0.695570312833426	1.63906409585899
0.695970295762025	1.6340226625668
0.696370278690624	1.62899006988967
0.696770261619222	1.62398661388539
0.697170244547821	1.61903221353622
0.69757022747642	1.61414502248464
0.697970210405019	1.60934029510594
0.698370193333618	1.60462986525816
0.698770176262217	1.60002226462337
0.699170159190816	1.59552326032085
0.699570142119414	1.59113663600441
0.699970125048013	1.58686501896067
0.700370107976612	1.58271060354207
0.700770090905211	1.57867583231147
0.70117007383381	1.57476398980482
0.701570056762409	1.57097970702157
0.701970039691008	1.56732919263846
0.702370022619607	1.56382011073735
0.702770005548205	1.5604609861694
0.703169988476804	1.55726041509681
0.703569971405403	1.55422636198601
0.703969954334002	1.55136563419017
0.704369937262601	1.54868375153816
0.7047699201912	1.54618535458112
0.705169903119799	1.54387484663619
0.705569886048397	1.54175699673603
0.705969868976996	1.53983730156554
0.706369851905595	1.53812198432017
0.706769834834194	1.53661762318672
0.707169817762793	1.5353307569851
0.707569800691392	1.53426753053327
0.707969783619991	1.53343345991739
0.70836976654859	1.53283342511013
0.708769749477188	1.53247181268513
0.709169732405787	1.53235269641709
0.709569715334386	1.53247978825864
0.709969698262985	1.53285631177406
0.710369681191584	1.5334847212158
0.710769664120183	1.53436645534223
0.711169647048782	1.53550164864757
0.71156962997738	1.53688893901105
0.711969612905979	1.53852538408587
0.712369595834578	1.54040633937666
0.712769578763177	1.54252534531768
0.713169561691776	1.54487392936078
0.713569544620375	1.5474412633581
0.713969527548974	1.55021386455072
0.714369510477572	1.55317557054015
0.714769493406171	1.5563077911388
0.71516947633477	1.5595900150126
0.715569459263369	1.56300073885479
0.715969442191968	1.56651846002632
0.716369425120567	1.57012231610859
0.716769408049166	1.57379238180365
0.717169390977765	1.57750967837905
0.717569373906363	1.58125589428728
0.717969356834962	1.58501285243991
0.718369339763561	1.58876226168612
0.71876932269216	1.59248567635274
0.719169305620759	1.59616473844592
0.719569288549358	1.59978162381327
0.719969271477957	1.60331981302988
0.720369254406555	1.60676474958211
0.720769237335154	1.61010421842116
0.721169220263753	1.61332846095923
0.721569203192352	1.61643009774896
0.721969186120951	1.61940377363043
0.72236916904955	1.62224579760421
0.722769151978149	1.62495365348443
0.723169134906748	1.62752524547186
0.723569117835346	1.62995808362074
0.723969100763945	1.63224891277597
0.724369083692544	1.63439361172197
0.724769066621143	1.63638717288541
0.725169049549742	1.63822393462338
0.725569032478341	1.6398981179408
0.72596901540694	1.64140409246933
0.726368998335538	1.6427362875754
0.726768981264137	1.643889067987
0.727168964192736	1.64485664798238
0.727568947121335	1.64563293321684
0.727968930049934	1.64621172210615
0.728368912978533	1.64658732841529
0.728768895907132	1.64675545404499
0.72916887883573	1.64671407021768
0.729568861764329	1.64646424762275
0.729968844692928	1.64601046701471
0.730368827621527	1.64536040362266
0.730768810550126	1.64452460328094
0.731168793478725	1.64351613789836
0.731568776407324	1.64234991314622
0.731968759335923	1.64104194309502
0.732368742264521	1.63960877368962
0.73276872519312	1.63806696532884
0.733168708121719	1.63643261809402
0.733568691050318	1.63472104580731
0.733968673978917	1.63294652161667
0.734368656907516	1.63112200871871
0.734768639836115	1.62925885863054
0.735168622764714	1.62736646820792
0.735568605693312	1.62545205516751
0.735968588621911	1.62352053621392
0.73636857155051	1.6215747646725
0.736768554479109	1.61961617261396
0.737168537407708	1.61764568733973
0.737568520336307	1.61566465889023
0.737968503264905	1.61367560120268
0.738368486193504	1.61168242186865
0.738768469122103	1.60969001454426
0.739168452050702	1.60770363816378
0.739568434979301	1.60572828775724
0.7399684179079	1.60376811493579
0.740368400836499	1.60182617571481
0.740768383765098	1.59990459060187
0.741168366693696	1.59800478889824
0.741568349622295	1.59612770897586
0.741968332550894	1.59427385329304
0.742368315479493	1.59244320747328
0.742768298408092	1.59063479980701
0.743168281336691	1.58884614657589
0.74356826426529	1.5870727272557
0.743968247193888	1.58530773146554
0.744368230122487	1.5835419967863
0.744768213051086	1.58176443263681
0.745168195979685	1.57996281944309
0.745568178908284	1.57812472002603
0.745968161836883	1.57623853853263
0.746368144765482	1.57429467051369
0.746768127694081	1.5722861622184
0.747168110622679	1.57020890252454
0.747568093551278	1.56806185773705
0.747968076479877	1.56584723984888
0.748368059408476	1.56357022414438
0.748768042337075	1.56123850872376
0.749168025265674	1.55886169156651
0.749568008194273	1.55645011294239
0.749967991122871	1.55401347715865
0.75036797405147	1.55155976049811
0.750767956980069	1.54909443138271
0.751167939908668	1.54662034346381
0.751567922837267	1.5441384876055
0.751967905765866	1.54164904300148
0.752367888694465	1.5391521723739
0.752767871623063	1.5366485812289
0.753167854551662	1.53413971500744
0.753567837480261	1.53162740154348
0.75396782040886	1.52911335797766
0.754367803337459	1.52659913716814
0.754767786266058	1.52408640329501
0.755167769194657	1.52157723163132
0.755567752123256	1.5190743573636
0.755967735051854	1.51658133458779
0.756367717980453	1.51410232955403
0.756767700909052	1.51164152372839
0.757167683837651	1.50920246489775
0.75756766676625	1.50678755280649
0.757967649694849	1.50439780885208
0.758367632623448	1.50203310307273
0.758767615552047	1.49969261317996
0.759167598480645	1.49737519034258
0.759567581409244	1.49507991212227
0.759967564337843	1.49280661370249
0.760367547266442	1.4905559878405
0.760767530195041	1.48832944047963
0.76116751312364	1.48612895911791
0.761567496052239	1.48395692499922
0.761967478980837	1.48181576341338
0.762367461909436	1.47970759378201
0.762767444838035	1.47763407823115
0.763167427766634	1.47559651248486
0.763567410695233	1.47359605106648
0.763967393623832	1.47163395084651
0.764367376552431	1.46971181953076
0.764767359481029	1.46783177443421
0.765167342409628	1.465996440372
0.765567325338227	1.46420889816963
0.765967308266826	1.4624725768119
0.766367291195425	1.46079123897253
0.766767274124024	1.45916942030341
0.767167257052623	1.45761299723298
0.767567239981222	1.45612945083449
0.76796722290982	1.45472788346808
0.768367205838419	1.45341885981785
0.768767188767018	1.45221376271627
0.769167171695617	1.45112396001805
0.769567154624216	1.450159937558
0.769967137552815	1.44933039747374
0.770367120481414	1.44864156163292
0.770767103410012	1.44809695432385
0.771167086338611	1.44769716650724
0.77156706926721	1.44743955066847
0.771967052195809	1.44731825374594
0.772367035124408	1.44732442215894
0.772767018053007	1.4474461532215
0.773167000981606	1.44766866612426
0.773566983910205	1.44797480936019
0.773966966838803	1.44834551302609
0.774366949767402	1.44876031046119
0.774766932696001	1.4491983211661
0.7751669156246	1.44963921427133
0.775566898553199	1.45006396152631
0.775966881481798	1.45045551694244
0.776366864410396	1.45079908360884
0.776766847338995	1.4510816551377
0.777166830267594	1.45129145360091
0.777566813196193	1.45141761099264
0.777966796124792	1.45144999159549
0.778366779053391	1.45137903646322
0.77876676198199	1.45119614230618
0.779166744910589	1.4508943558697
0.779566727839187	1.450468934807
0.779966710767786	1.44991791876804
0.780366693696385	1.44924264862055
0.780766676624984	1.44844780080484
0.781166659553583	1.4475409991254
0.781566642482182	1.44653215575332
0.781966625410781	1.44543237410098
0.78236660833938	1.44425266688644
0.782766591267978	1.44300316849948
0.783166574196577	1.44169289053664
0.783566557125176	1.44032993526041
0.783966540053775	1.43892226874885
0.784366522982374	1.43747864514867
0.784766505910973	1.43600911548924
0.785166488839572	1.43452506652974
0.78556647176817	1.43303867704731
0.785966454696769	1.43156174212781
0.786366437625368	1.43010464908457
0.786766420553967	1.42867571568102
0.787166403482566	1.42728061477078
0.787566386411165	1.42592230839106
0.787966369339764	1.42460153754044
0.788366352268362	1.42331758294147
0.788766335196961	1.42206913015287
0.78916631812556	1.42085549509917
0.789566301054159	1.41967778286816
0.789966283982758	1.41853971825569
0.790366266911357	1.41744820020471
0.790766249839956	1.41641338951982
0.791166232768555	1.41544807202986
0.791566215697153	1.41456667119001
0.791966198625752	1.41378436480374
0.792366181554351	1.41311624990111
0.79276616448295	1.41257651038408
0.793166147411549	1.41217784834297
0.793566130340148	1.4119313037712
0.793966113268747	1.41184617981554
0.794366096197345	1.41193009303221
0.794766079125944	1.41218922327389
0.795166062054543	1.4126286191088
0.795566044983142	1.41325212063121
0.795966027911741	1.41406200696448
0.79636601084034	1.415058338076
0.796765993768939	1.41623819164802
0.797165976697538	1.41759516577809
0.797565959626136	1.41911946151694
0.797965942554735	1.42079856756948
0.798365925483334	1.42261843965017
0.798765908411933	1.42456501308294
0.799165891340532	1.42662569149431
0.799565874269131	1.42879028725778
0.79996585719773	1.43105123235278
0.800365840126328	1.43340328300969
0.800765823054927	1.43584292852654
0.801165805983526	1.4383675569242
0.801565788912125	1.44097471957481
0.801965771840724	1.44366179121839
0.802365754769323	1.44642582884243
0.802765737697922	1.44926364652271
0.80316572062652	1.45217200121339
0.803565703555119	1.45514785853932
0.803965686483718	1.45818871150952
0.804365669412317	1.46129316853833
0.804765652340916	1.46446136232373
0.805165635269515	1.46769505035103
0.805565618198114	1.47099741578161
0.805965601126713	1.47437241587898
0.806365584055311	1.47782378133516
0.80676556698391	1.48135405250702
0.807165549912509	1.48496382557344
0.807565532841108	1.48865149786081
0.807965515769707	1.49241350758594
0.808365498698306	1.49624489392153
0.808765481626905	1.50013980830748
0.809165464555504	1.50409191754176
0.809565447484102	1.50809463825228
0.809965430412701	1.51214099435203
0.8103654133413	1.51622320624054
0.810765396269899	1.52033225052208
0.811165379198498	1.52445770888099
0.811565362127097	1.52858760419821
0.811965345055696	1.53270834548565
0.812365327984294	1.53680488380688
0.812765310912893	1.5408611858637
0.813165293841492	1.54486066330942
0.813565276770091	1.54878700003782
0.81396525969869	1.55262527003596
0.814365242627289	1.55636290376065
0.814765225555888	1.55999038373882
0.815165208484486	1.56350192405594
0.815565191413085	1.56689575149362
0.815965174341684	1.57017404620174
0.816365157270283	1.57334258046313
0.816765140198882	1.57640998487351
0.817165123127481	1.57938651199858
0.81756510605608	1.58228276859097
0.817965088984678	1.58510866817358
0.818365071913277	1.58787240321126
0.818765054841876	1.59057977802615
0.819165037770475	1.59323417520237
0.819565020699074	1.5958368763871
0.819965003627673	1.59838744373745
0.820364986556272	1.60088435196728
0.820764969484871	1.60332557147905
0.821164952413469	1.60570868010802
0.821564935342068	1.60803054603554
0.821964918270667	1.61028680212678
0.822364901199266	1.61247119536144
0.822764884127865	1.61457509261659
0.823164867056464	1.61658754577298
0.823564849985063	1.61849568907423
0.823964832913662	1.6202852450033
0.82436481584226	1.62194118704849
0.824764798770859	1.62344839969133
0.825164781699458	1.6247920439924
0.825564764628057	1.6259577428476
0.825964747556656	1.62693180261406
0.826364730485255	1.62770158504322
0.826764713413853	1.62825584920449
0.827164696342452	1.62858518077804
0.827564679271051	1.62868245995802
0.82796466219965	1.62854313893
0.828364645128249	1.62816528253409
0.828764628056848	1.62754948053466
0.829164610985447	1.62669860482383
0.829564593914046	1.62561737944145
0.829964576842644	1.62431214956733
0.830364559771243	1.62279074296851
0.830764542699842	1.62106222081937
0.831164525628441	1.61913669577346
0.83156450855704	1.6170252122489
0.831964491485639	1.61473957732409
0.832364474414238	1.61229201813705
0.832764457342836	1.60969500851903
0.833164440271435	1.60696119064589
0.833564423200034	1.60410347390097
0.833964406128633	1.60113528385734
0.834364389057232	1.59807094120585
0.834764371985831	1.594925967416
0.83516435491443	1.59171727875017
0.835564337843029	1.58846295116869
0.835964320771627	1.58518176816081
0.836364303700226	1.58189264073647
0.836764286628825	1.57861407079536
0.837164269557424	1.57536352294649
0.837564252486023	1.57215703116684
0.837964235414622	1.56900886601913
0.838364218343221	1.56593123989359
0.838764201271819	1.56293415401482
0.839164184200418	1.56002542927556
0.839564167129017	1.55721085496834
0.839964150057616	1.55449446616729
0.840364132986215	1.55187890332198
0.840764115914814	1.5493656235359
0.841164098843413	1.54695516046733
0.841564081772011	1.54464756858681
0.84196406470061	1.54244288088892
0.842364047629209	1.54034143307232
0.842764030557808	1.53834415850215
0.843164013486407	1.53645264994251
0.843563996415006	1.53466903857352
0.843963979343605	1.53299584051473
0.844363962272204	1.53143599334873
0.844763945200802	1.52999324302513
0.845163928129401	1.52867282037845
0.845563911058	1.52748211571088
0.845963893986599	1.52643107129937
0.846363876915198	1.52553219858956
0.846763859843797	1.52479993038516
0.847163842772396	1.52424939632819
0.847563825700995	1.52389491955774
0.847963808629593	1.52374857404898
0.848363791558192	1.52381909095293
0.848763774486791	1.52411129312186
0.84916375741539	1.52462608710966
0.849563740343989	1.52536103368401
0.849963723272588	1.52631134994433
0.850363706201187	1.52747105499888
0.850763689129785	1.52883381652005
0.851163672058384	1.53039345383712
0.851563654986983	1.53214387442461
0.851963637915582	1.5340784458084
0.852363620844181	1.53618911433442
0.85276360377278	1.53846562376046
0.853163586701379	1.54089520162192
0.853563569629977	1.54346296069329
0.853963552558576	1.54615266280452
0.854363535487175	1.54894753133091
0.854763518415774	1.55183100760629
0.855163501344373	1.55478742858755
0.855563484272972	1.55780224016795
0.855963467201571	1.56086194303441
0.85636345013017	1.56395391025091
0.856763433058768	1.5670663010379
0.857163415987367	1.57018788509229
0.857563398915966	1.57330782708157
0.857963381844565	1.57641537644932
0.858363364773164	1.57949952546599
0.858763347701763	1.58254868858936
0.859163330630362	1.58555059126674
0.85956331355896	1.58849240229644
0.859963296487559	1.59136104561903
0.860363279416158	1.59414380280434
0.860763262344757	1.59682899582332
0.861163245273356	1.5994062152152
0.861563228201955	1.60186619483846
0.861963211130554	1.60420068743626
0.862363194059153	1.60640217366925
0.862763176987751	1.60846359427864
0.86316315991635	1.6103783015312
0.863563142844949	1.61214017356354
0.863963125773548	1.61374380145846
0.864363108702147	1.61518503713313
0.864763091630746	1.61646140714982
0.865163074559344	1.61757230284549
0.865563057487943	1.6185191308354
0.865963040416542	1.61930528986597
0.866363023345141	1.61993551068936
0.86676300627374	1.62041483775987
0.867162989202339	1.62074752585929
0.867562972130938	1.6209359122024
0.867962955059537	1.62097963304516
0.868362937988135	1.62087560473664
0.868762920916734	1.62061863484334
0.869162903845333	1.62020238599548
0.869562886773932	1.61962046864123
0.869962869702531	1.61886748714214
0.87036285263113	1.61793944475932
0.870762835559729	1.61683362530507
0.871162818488328	1.61554832859712
0.871562801416926	1.61408272105792
0.871962784345525	1.61243646702771
0.872362767274124	1.61060949175917
0.872762750202723	1.60860193850555
0.873162733131322	1.6064138925788
0.873562716059921	1.60404487635819
0.87396269898852	1.60149356061756
0.874362681917118	1.59875753330515
0.874762664845717	1.59583301637827
0.875162647774316	1.59271479193683
0.875562630702915	1.58939629854685
0.875962613631514	1.58586950636606
0.876362596560113	1.58212497447475
0.876762579488712	1.57815242610238
0.87716256241731	1.57394166106268
0.877562545345909	1.56948380877052
0.877962528274508	1.56477283093452
0.878362511203107	1.55980683792179
0.878762494131706	1.55458869253287
0.879162477060305	1.54912581376205
0.879562459988904	1.54342900622473
0.879962442917503	1.53751080412163
0.880362425846101	1.53138388693516
0.8807624087747	1.52505990791598
0.881162391703299	1.51854905076687
0.881562374631898	1.5118602212249
0.881962357560497	1.50500145770177
0.882362340489096	1.49798016418044
0.882762323417695	1.49080323846236
0.883162306346293	1.48347697717957
0.883562289274892	1.47600669337269
0.883962272203491	1.46839648731738
0.88436225513209	1.46064958768551
0.884762238060689	1.45276901546626
0.885162220989288	1.44475847266256
0.885562203917887	1.43662318988558
0.885962186846486	1.42837048624131
0.886362169775084	1.42000979634302
0.886762152703683	1.41155241256363
0.887162135632282	1.40301108751788
0.887562118560881	1.394399876655
0.88796210148948	1.38573423533923
0.888362084418079	1.37703147353521
0.888762067346678	1.36831135960639
0.889162050275276	1.35959647501506
0.889562033203875	1.35091208411204
0.889962016132474	1.34275888357788
0.890361999061073	1.33504361241447
0.890761981989672	1.32780593347526
0.891161964918271	1.32106947101013
0.89156194784687	1.31484138634206
0.891961930775468	1.30911506060561
0.892361913704067	1.30387381914055
0.892761896632666	1.29909454701247
0.893161879561265	1.2947506852666
0.893561862489864	1.29081446109194
0.893961845418463	1.28725841454419
0.894361828347062	1.28405636214484
0.894761811275661	1.28118394164003
0.895161794204259	1.27861886673332
0.895561777132858	1.27634099804248
0.895961760061457	1.274332304095
0.896361742990056	1.27257675985293
0.896761725918655	1.27106021809873
0.897161708847254	1.26977027484365
0.897561691775853	1.26869612536259
0.897961674704451	1.26782842112418
0.89836165763305	1.26715912161962
0.898761640561649	1.26668133518946
0.899161623490248	1.26638915567649
0.899561606418847	1.26627751119352
0.899961589347446	1.26634202739042
0.900361572276045	1.2665789177679
0.900761555204644	1.26698490489963
0.901161538133242	1.26755716600348
0.901561521061841	1.26829329588289
0.90196150399044	1.26919128733554
0.902361486919039	1.27024951437034
0.902761469847638	1.27146671119283
0.903161452776237	1.27284194165055
0.903561435704836	1.27437456409538
0.903961418633434	1.27606418584276
0.904361401562033	1.27791061729143
0.904761384490632	1.27991383287105
0.905161367419231	1.28207393959808
0.90556135034783	1.28439115530648
0.905961333276429	1.28686579999597
0.906361316205028	1.28949829587063
0.906761299133626	1.29228916658714
0.907161282062225	1.29523903674779
0.907561264990824	1.29834862753858
0.907961247919423	1.3016187426066
0.908361230848022	1.30505025033705
0.908761213776621	1.30864406812567
0.90916119670522	1.31240114458497
0.909561179633819	1.31632244633853
0.909961162562417	1.32040895050027
0.910361145491016	1.32466163977106
0.910761128419615	1.32908150029914
0.911161111348214	1.33366952658143
0.911561094276813	1.33842672613475
0.911961077205412	1.34335412792589
0.912361060134011	1.34845279316986
0.912761043062609	1.35372382213021
0.913161025991208	1.35916835242862
0.913561008919807	1.36478754969073
0.913960991848406	1.37058258749683
0.914360974777005	1.37655462068277
0.914760957705604	1.38270476091516
0.915160940634203	1.38903405866917
0.915560923562801	1.39554349405781
0.9159609064914	1.4022339786421
0.916360889419999	1.40910636528859
0.916760872348598	1.41616146375653
0.917160855277197	1.42340005540692
0.917560838205796	1.43082290351393
0.917960821134395	1.43843076048191
0.918360804062994	1.4462243746015
0.918760786991592	1.45420449341786
0.919160769920191	1.46237186432771
0.91956075284879	1.47072723209243
0.919960735777389	1.47927132997218
0.920360718705988	1.48800486496675
0.920760701634587	1.49692850139181
0.921160684563186	1.50604284437071
0.921560667491784	1.51534842880582
0.921960650420383	1.5248457163939
0.922360633348982	1.5345350992318
0.922760616277581	1.54441690593596
0.92316059920618	1.55449141277716
0.923560582134779	1.56475885730873
0.923960565063378	1.5752194520161
0.924360547991977	1.58587339901788
0.924760530920575	1.59672090637657
0.925160513849174	1.60776220272567
0.925560496777773	1.61899754590539
0.925960479706372	1.63042722253102
0.926360462634971	1.64205153509086
0.92676044556357	1.65387077908997
0.927160428492169	1.66588521674518
0.927560411420767	1.67809505383174
0.927960394349366	1.69050042743583
0.928360377277965	1.70310140696809
0.928760360206564	1.71589800458515
0.929160343135163	1.72889018691587
0.929560326063762	1.7420778837985
0.929960308992361	1.75546099070758
0.930360291920959	1.76903936141993
0.930760274849558	1.78281279644285
0.931160257778157	1.79678103851181
0.931560240706756	1.81094377677421
0.931960223635355	1.82530066063207
0.932360206563954	1.83985131669424
0.932760189492553	1.8545953617884
0.933160172421152	1.86953240632589
0.93356015534975	1.88466205305737
0.933960138278349	1.89998388806439
0.934360121206948	1.91549747457179
0.934760104135547	1.93120235279287
0.935160087064146	1.94709804947702
0.935560069992745	1.96318409177603
0.935960052921344	1.97946002814778
0.936360035849942	1.99592545025547
