0.2447
0.2447
0.2447
0.2447
0.2447
0.2447
0.2447
0.2447
0.2447
0.2447
0.2447
0.2447
0.2447
0.2447
0.2447
0.2447
0.2447
0.2447
0.2447
0.212208
0.2447
0.2447
0.2447
0.2447
0.2447
0.2447
0.2447
0.2447
0.2447
0.2447
0.2447
0.2447
0.2447
0.2447
0.2447
0.2447
0.2447
0.2447
0.2447
0.2447
0.198101
0.2447
0.2447
0.2447
0.2447
0.2447
0.2447
0.2447
0.2447
0.175851
0.2447
0.2447
0.2447
0.115638
0.0700778
0.2447
0.2447
0.2447
0.2447
0.2447
0.2447
0.2447
0.2447
0.2447
0.2447
0.2447
0.2447
0.0961131
0.214784
0.2447
0.2447
0.2447
0.2447
0.2447
0.173091
0.2447
0.2447
0.2447
0.2447
0.2447
0.2447
0.2447
0.2447
0.2447
0.2447
0.2447
0.2447
0.2447
0.2447
0.2447
0.2447
0.2447
0.2447
0.2447
0.2447
0.2447
0.2447
0.2447
0.2447
0.2447
0.2447
0.2447
0.2447
0.2447
0.2447
0.2447
0.177911
0.0876382
0.2447
0.2447
0.2447
0.108663
0.2447
0.10939
0.2447
0.2447
0.2447
0.2447
0.2447
0.2447
0.2447
0.2447
0.2447
0.2447
0.2447
0.2447
0.238915
0.2447
0.2447
0.2447
0.2447
0.221054
0.2447
0.2447
0.243335
0.2447
0.2447
0.2447
0.191214
0.2447
0.2447
0.2447
0.2447
0.2447
0.2447
0.18365
0.2447
0.100977
0.226033
0.2447
0.2447
0.159791
0.2447
0.2447
0.2447
0.2447
0.2447
0.21609
0.2447
0.2447
0.2447
0.2447
0.2447
0.2447
0.2447
0.2447
0.2447
0.2447
0.2447
0.2447
0.2447
0.216091
0.2447
0.2447
0.2447
0.2447
0.2447
0.2447
0.2447
0.2447
0.2447
0.2447
0.2447
0.2447
0.2447
0.2447
0.2447
0.2447
0.2447
0.149557
0.2447
0.2447
0.2447
0.2447
0.2447
0.213115
0.0208608
0.2447
0.099752
0.2447
0.2447
0.2447
0.2447
0.2447
0.2447
0.2447
0.2447
0.2447
0.232872
0.2447
0.0988313
0.2447
0.2447
0.216803
0.2447
0.2447
0.2447
0.2447
0.2447
0.2447
0.0301763
0.2447
0.2447
0.2447
0.2447
0.2447
0.2447
0.2447
0.0896494
0.2447
0.2447
0.2447
0.2447
0.2447
0.2447
0.2447
0.2447
0.2447
0.2447
0.2447
0.2447
0.2447
0.0725224
0.0233506
0.2447
0.2447
0.2447
0.126366
0.2447
0.2447
0.2447
0.23207
0.2447
0.2447
0.2447
0.2447
0.2447
0.2447
0.2447
0.194461
0.2447
0.2447
0.189124
0.111135
0.2447
0.192247
0.2447
0.2447
0.2447
0.2447
0.2447
0.220588
0.2447
0.2447
0.2447
0.2447
0.2447
0.2447
0.2447
0.2447
0.2447
0.2447
0.2447
0.2447
0.161866
0.2447
0.2447
0.229088
0.2447
0.18555
0.2447
0.2447
0.112493
0.2447
0.2447
0.0977364
0.2447
0.2447
0.225656
0.2447
0.2447
0.2447
0.2447
0.2447
0.2447
0.2447
0.181518
0.2447
0.2447
0.2447
0.2447
0.2447
0.2447
0.2447
0.2447
0.2447
0.2447
0.2447
0.2447
0.2447
0.2447
0.2447
0.115354
0.15838
0.2447
0.2447
0.2447
0.2447
0.2447
0.2447
0.2447
0.2447
0.2447
0.191063
0.2447
0.0821978
0.2447
0.2447
0.2447
0.2447
0.2447
0.2447
0.2447
0.2447
0.2447
0.2447
0.2447
0.2447
0.2447
0.2447
0.2447
0.2447
0.2447
0.135723
0.2447
0.234944
0.2447
0.2447
0.2447
0.0478358
0.2447
0.2447
0.2447
0.2447
0.2447
0.2447
0.2447
0.2447
0.238368
0.2447
0.2447
0.2447
0.2447
0.2447
0.2447
0.2447
0.110353
0.2447
0.2447
0.2447
0.2447
0.2447
0.2447
0.24298
0.2447
0.2447
0.2447
0.2447
0.118278
0.2447
0.0993171
0.2447
0.0698791
0.2447
0.2447
0.0537453
0.167882
0.2447
0.2447
0.2447
0.2447
0.2447
0.215198
0.2447
0.2447
0.2447
0.2447
0.2447
0.2447
0.2447
0.2447
0.2447
0.2447
0.2447
0.2447
0.2447
0.2447
0.2447
0.2447
0.2447
0.2447
0.2447
0.2447
0.2447
0.13307
0.2447
0.2447
0.2447
0.155909
0.2447
0.2447
0.2447
0.2447
0.227354
0.2447
0.165972
0.2447
0.2447
0.190819
0.2447
0.2447
0.2447
0.2447
0.2447
0.2447
0.2447
0.2447
0.2447
0.0391032
0.2447
0.2447
0.2447
0.215882
0.2447
0.185936
0.2447
0.2447
0.2447
0.2447
0.2447
0.125966
0.2447
0.2447
0.2447
0.2447
0.2447
0.108386
0.2447
0.2447
0.217623
0.2447
0.2447
0.2447
0.2447
0.2447
0.0336665
0.2447
0.0325821
0.2447
0.2447
0.2447
0.2447
0.2447
0.2447
0.2447
0.2447
0.2447
0.117277
0.2447
0.240449
0.2447
0.2447
0.2447
0.2447
0.2447
0.0102121
0.2447
0.2447
0.2447
0.2447
0.2447
0.2447
0.2447
0.196018
0.2447
0.2447
0.2447
0.2447
0.2447
0.2447
0.2447
0.2447
0.2447
0.2447
0.2447
0.110417
0.0407525
0.2447
0.2447
0.2447
0.21609
0.2447
0.2447
0.2447
0.2447
0.2447
0.165007
0.2447
0.2447
0.206484
0.2447
0.2447
0.2447
0.119598
0.2447
0.2447
0.115303
0.2447
0.2447
0.0835015
0.186171
0.2447
0.2447
0.2447
0.2447
0.180038
0.2447
0.157748
0.15533
0.239763
0.2447
0.000731622
0.2447
0.2447
0.2447
0.2447
0.2447
0.2447
0.2447
0.242187
0.2447
0.2447
0.2447
0.2447
0.2447
0.2447
0.00698259
0.220513
0.2447
0.2447
0.2447
0.2447
0.220127
0.2447
0.2447
0.0548585
0.2447
0.240902
0.2447
0.2447
0.2447
0.2447
0.2447
0.2447
0.2447
0.2447
0.2447
0.2447
0.2447
0.0495885
0.0293446
0.2447
0.2447
0.2447
0.2447
0.2447
0.2447
0.2447
0.2447
0.2447
0.2447
0.2447
0.239543
0.2447
0.2447
0.2447
0.2447
0.129633
0.2447
0.2447
0.2447
0.2447
0.2447
0.2447
0.2447
0.2447
0.079158
0.2447
0.2447
0.164281
0.2447
0.2447
0.2447
0.2447
0.2447
0.2447
0.2447
0.2447
0.2447
0.2447
0.2447
0.22665
0.2447
0.2447
0.2447
0.19574
0.2447
0.2447
0.2447
0.2447
0.2447
0.2447
0.134393
0.116755
0.2447
0.2447
0.2447
0.186801
0.2447
0.2447
0.2447
0.115681
0.220803
0.2447
0.2447
0.2447
0.117956
0.2447
0.2447
0.203556
0.2447
0.2447
0.2447
0.2447
0.200262
0.2447
0.126954
0.2447
0.2447
0.2447
0.2447
0.2447
0.2447
0.2447
0.2447
0.2447
0.2447
0.2447
0.2447
0.2447
0.03606
0.2447
0.2447
0.2447
0.2447
0.216597
0.2447
0.21609
0.2447
0.2447
0.2447
0.196814
0.2447
0.2447
0.2447
0.2447
0.2447
0.2447
0.2447
0.2447
0.2447
0.2447
0.2447
0.2447
0.2447
0.2447
0.2447
0.2447
0.2447
0.2447
0.2447
0.2447
0.235234
0.2447
0.2447
0.2447
0.2447
0.2447
0.2447
0.2447
0.2447
0.2447
0.0640554
0.2447
0.2447
0.2447
0.2447
0.2447
0.2447
0.2447
0.2447
0.2447
0.2447
0.2447
0.146176
0.0243602
0.2447
0.2447
0.2447
0.2447
0.2447
0.2447
0.2447
0.2447
0.2447
0.2447
0.2447
0.2447
0.2447
0.2447
0.2447
0.130117
0.208982
0.2447
0.143502
0.2447
0.2447
0.2447
0.2447
0.2447
0.2447
0.2447
0.2447
0.2447
0.2447
0.221839
0.2447
0.2447
0.2447
0.2447
0.2447
0.2447
0.2447
0.2447
0.2447
0.2447
0.165317
0.189155
0.2447
0.2447
0.2447
0.2447
0.2447
0.2447
0.2447
0.2447
0.2447
0.2447
0.2447
0.2447
0.2447
0.207347
0.2447
0.2447
0.2447
0.2447
0.2447
0.2447
0.2447
0.232806
0.2447
0.2447
0.2447
0.2447
0.2447
0.2447
0.2447
0.197687
0.2447
0.2447
0.2447
0.2447
0.211196
0.2447
0.223666
0.2447
0.0142477
0.2447
0.2447
0.2447
0.2447
0.2447
0.2447
0.2447
0.2447
0.2447
0.2447
0.2447
0.2447
0.2447
0.2447
0.2447
0.2447
0.2447
0.2447
0.2447
0.2447
0.2447
0.2447
0.2447
0.2447
0.158014
0.2447
0.2447
0.2447
0.0123926
0.2447
0.2447
0.2447
0.2447
0.2447
0.2447
0.0783054
0.2447
0.2447
0.2447
0.2447
0.2447
0.2447
0.2447
0.2447
0.2447
0.2447
0.2447
0.239839
0.2447
0.2447
0.2447
0.2447
0.2447
0.2447
0.2447
0.2447
0.2447
0.2447
0.2447
0.00688105
0.2447
0.2447
0.2447
0.117543
0.2447
0.2447
0.2447
0.0848572
0.2447
0.2447
0.2447
0.2447
0.2447
0.2447
0.2447
0.2447
0.2447
0.115447
0.2447
0.194671
0.2447
0.2447
0.2447
0.2447
0.2447
0.2447
0.2447
0.117526
0.2447
0.2447
0.2447
0.2447
0.18861
0.2447
0.2447
0.2447
0.2447
0.2447
0.2447
0.2447
0.2447
0.2447
0.2447
0.2447
0.2447
0.2447
0.2447
0.2447
0.209928
0.2447
0.2447
0.2447
0.2447
0.2447
0.2447
0.2447
0.2447
0.2447
0.2447
0.22873
0.2447
0.2447
0.2447
0.2447
0.2447
0.2447
0.2447
0.2447
0.206198
0.00625922
0.2447
0.2447
0.150739
0.14256
0.2447
0.2447
0.2447
0.2447
0.2447
0.2447
0.2447
0.2447
0.2447
0.2447
0.2447
0.2447
0.2447
0.204191
0.2447
0.2447
0.0853279
0.2447
0.2447
0.2447
0.101735
0.2447
0.2447
0.2447
0.2447
0.157972
0.2447
0.2447
0.2447
0.2447
0.2447
0.2447
0.2447
0.195098
0.2447
0.2447
0.2447
0.2447
0.2447
0.2447
0.2447
0.2447
0.2447
0.2447
0.020295
0.2447
0.2447
0.2447
0.2447
0.2447
0.045166
0.2447
0.2447
0.2447
0.118902
0.2447
0.2447
0.2447
0.2447
0.129992
0.2447
0.2447
0.2447
0.2447
0.2447
0.2447
0.210516
0.2447
0.2447
0.2447
0.0948372
0.2447
0.0885581
0.2447
0.2447
0.2447
0.2447
0.2447
0.2447
0.2447
0.2447
0.2447
0.2447
0.2447
0.2447
0.0208518
0.238038
0.2447
0.2447
0.2447
0.2447
0.110843
0.2447
0.2447
0.2447
0.2447
0.2447
0.2447
0.2447
0.2447
0.2447
0.2447
0.2447
0.2447
0.2447
0.2447
0.2447
0.2447
0.2447
0.2447
0.2447
0.166396
0.2447
0.2447
0.2447
0.216393
0.2447
0.2447
0.2447
0.2447
0.2447
0.2447
0.242222
0.2447
0.2447
0.2447
0.2447
0.2447
0.0627206
0.208368
0.2447
0.2447
0.2447
0.2447
0.2447
0.0851343
0.2447
0.0278825
0.2447
0.2447
0.2447
0.2447
0.2447
0.2447
0.2447
0.2447
0.2447
0.181544
0.0679396
0.2447
0.2447
0.126502
0.2447
0.222276
0.2447
0.2447
0.2447
0.2447
0.2447
0.2447
0.230012
0.2447
0.2447
0.2447
0.2447
0.2447
0.2447
0.2447
0.2447
0.2447
0.2447
0.2447
0.2447
0.243427
0.214889
0.2447
0.0855264
0.2447
0.2447
0.2447
0.0271731
0.2447
0.0181569
0.2447
0.0963512
0.2447
0.2447
0.2447
0.2447
0.2447
0.2447
0.2447
0.00563908
0.186168
0.2447
0.2447
0.2447
0.2447
0.2447
0.117963
0.2447
0.2447
0.2447
0.2447
0.2447
0.2447
0.2447
0.2447
0.2447
0.2447
0.2447
0.2447
0.2447
0.2447
0.2447
0.138586
0.2447
0.2447
0.2447
0.2447
0.2447
0.13591
0.2447
0.2447
0.2447
0.2447
0.2447
0.2447
0.2447
0.2447
0.2447
0.0385255
0.2447
0.2447
0.2447
0.2447
0.2447
0.2447
0.2447
0.2447
0.0966197
0.0299162
0.2447
0.2447
0.2447
0.2447
0.2447
0.2447
0.2447
0.2447
0.2447
0.2447
0.2447
0.161191
0.2447
0.2447
0.2447
0.073743
0.2447
0.2447
0.2447
0.2447
0.2447
0.118878
0.2447
0.2447
0.0607981
0.2447
0.2447
0.2447
0.2447
0.2447
0.2447
0.2447
0.215349
0.2447
0.2447
0.2447
0.2447
0.2447
0.2447
0.145223
0.2447
0.2447
0.2447
0.2447
0.2447
0.21609
0.2447
0.2447
0.2447
0.2447
0.2447
0.2447
0.2447
0.2447
0.2447
0.2447
0.2447
0.2447
0.230643
0.2447
0.2447
0.0200119
0.0473719
0.170198
0.117492
0.2447
0.2447
0.2447
0.216393
0.2447
0.164213
0.2447
0.2447
0.2447
0.2447
0.2447
0.0216884
0.2447
0.2447
0.2447
0.0203678
0.2447
0.110909
0.185111
0.2447
0.15368
0.2447
0.2447
0.2447
0.0307286
0.2447
0.2447
0.2447
0.2447
0.125354
0.2447
0.0967831
0.2447
0.2447
0.2447
0.2447
0.2447
0.228634
0.115553
0.2447
0.2447
0.2447
0.2447
0.2447
0.2447
0.2447
0.2447
0.2447
0.2447
0.200548
0.2447
0.226829
0.2447
0.2447
0.2447
0.2447
0.2447
0.2447
0.2447
0.2447
0.175987
0.2447
0.2447
0.2447
0.2447
0.2447
0.2447
0.2447
0.2447
0.2447
0.2395
0.2447
0.2447
0.2447
0.2447
0.2447
0.2447
0.2447
0.2447
0.2447
0.0420962
0.2447
0.2447
0.2447
0.2447
0.2447
0.2447
0.118259
0.2447
0.0481501
0.219004
0.2447
0.2447
0.2447
0.2447
0.216393
0.2447
0.2447
0.2447
0.2447
0.2447
0.190604
0.104278
0.2447
0.2447
0.232579
0.115974
0.2447
0.2447
0.2447
0.2447
0.2447
0.2447
0.172568
0.2447
0.2447
0.2447
0.2447
0.2447
0.2447
0.233264
0.2447
0.2447
0.2447
0.2447
0.2447
0.2447
0.0367479
0.2447
0.2447
0.2447
0.2447
0.2447
0.2447
0.2447
0.2447
0.2447
0.232247
0.2447
0.051378
0.2447
0.2447
0.2447
0.0232985
0.2447
0.0812629
0.2447
0.227569
0.0235579
0.2447
0.2447
0.20965
0.2447
0.0483036
0.2447
0.2447
0.2447
0.2447
0.2447
0.2447
0.191898
0.2447
0.2447
0.2447
0.2447
0.2447
0.2447
0.2447
0.2447
0.2447
0.2447
0.2447
0.219824
0.2447
0.2447
0.0822401
0.2447
0.2447
0.2447
0.2447
0.0937609
0.2447
0.2447
0.2447
0.2447
0.2447
0.2447
0.2447
0.2447
0.129527
0.2447
0.2447
0.2447
0.2447
0.00453315
0.2447
0.2447
0.2447
0.2447
0.2447
0.2447
0.243521
0.2447
0.2447
0.2447
0.2447
0.178244
0.2447
0.2447
0.2447
0.2447
0.2447
0.2447
0.2447
0.2447
0.21609
0.2447
0.0727309
0.2447
0.2447
0.2447
0.2447
0.2447
0.2447
0.2447
0.0920659
0.2447
0.0560042
0.2447
0.2447
0.2447
0.2447
0.2447
0.2447
0.2447
0.2447
0.2447
0.2447
0.2447
0.2447
0.2447
0.2447
0.2447
0.2447
0.2447
0.2447
0.2447
0.2447
0.2447
0.2447
0.2447
0.2447
0.168236
0.2447
0.2447
0.2447
0.106562
0.2447
0.2447
0.2447
0.2447
0.2447
0.2447
0.2447
0.222662
0.2447
0.2447
0.2447
0.21609
0.2447
0.2447
0.2447
0.2447
0.2447
0.2447
0.2447
0.2447
0.2447
0.0469165
0.2447
0.2447
0.212459
0.2447
0.2447
0.2447
0.2447
0.2447
0.221231
0.2447
0.2447
0.218989
0.2447
0.0118046
0.2447
0.2447
0.2447
0.2447
0.2447
0.0753677
0.140727
0.2447
0.2447
0.2447
0.191533
0.2447
0.2447
0.2447
0.2447
0.2447
0.2447
0.2447
0.168036
0.2447
0.2447
0.2447
0.2447
0.0223998
0.0491137
0.175701
0.0925413
0.21609
0.2447
0.2447
0.2447
0.2447
0.2447
0.2447
0.2447
0.2447
0.2447
0.2447
0.2447
0.2447
0.2447
0.2447
0.2447
0.2447
0.2447
0.2447
0.2447
0.2447
0.2447
0.2447
0.2447
0.106572
0.2447
0.2447
0.226265
0.2447
0.2447
0.2447
0.2447
0.2447
0.2447
0.2447
0.2447
0.2447
0.2447
0.219815
0.2447
0.2447
0.2447
0.2447
0.22331
0.2447
0.2447
0.129346
0.2447
0.2447
0.2447
0.2447
0.2447
0.2447
0.2447
0.2447
0.00441273
0.2447
0.2447
0.2447
0.209613
0.2447
0.2447
0.2447
0.2447
0.2447
0.2447
0.0134456
0.2447
0.2447
0.2447
0.2447
0.2447
0.2447
0.2447
0.2447
0.2447
0.2447
0.2447
0.2447
0.0747013
0.2447
0.2447
0.2447
0.2447
0.2447
0.2447
0.2447
0.2447
0.2447
0.2447
0.2447
0.2447
0.2447
0.2447
0.2447
0.2447
0.2447
0.032339
0.2447
0.2447
0.2447
0.2447
0.2447
0.2447
0.2447
0.2447
0.2447
0.2447
0.2447
0.2447
0.2447
0.2447
0.2447
0.194193
0.2447
0.2447
0.2447
0.0984786
0.2447
0.2447
0.2447
0.2447
0.21609
0.2447
0.2447
0.2447
0.2447
0.2447
0.2447
0.2447
0.2447
0.2447
0.2447
0.2447
0.2447
0.0359376
0.2447
0.2447
0.2447
0.2447
0.2447
0.2447
0.2447
0.2447
0.2447
0.2447
0.2447
0.137128
0.2447
0.2447
0.2447
0.2447
0.2447
0.2447
0.2447
0.2447
0.2447
0.2447
0.2447
0.2447
0.2447
0.2447
0.2447
0.2447
0.2447
0.2447
0.2447
0.2447
0.2447
0.2447
0.2447
0.0809496
0.0643108
0.2447
0.2447
0.202928
0.2447
0.2447
0.232344
0.0850778
0.2447
0.2447
0.2447
0.115955
0.0245766
0.117415
0.2447
0.2447
0.2447
0.2447
0.2447
0.21609
0.2447
0.2447
0.043631
0.2447
0.2447
0.2447
0.2447
0.2447
0.109547
0.2447
0.213171
0.2447
0.2447
0.2447
0.2447
0.2447
0.2447
0.2447
0.2447
0.2447
0.2447
0.2447
0.2447
0.2447
0.2447
0.2447
0.2447
0.2447
0.2447
0.2447
0.2447
0.2447
0.2447
0.2447
0.2447
0.2447
0.0962837
0.2447
0.2447
0.2447
0.2447
0.2447
0.2447
0.201105
0.114243
0.2447
0.2447
0.2447
0.2447
0.2447
0.2447
0.0849309
0.2447
0.2447
0.2447
0.2447
0.209788
0.2447
0.2447
0.2447
0.233475
0.128589
0.2447
0.2447
0.2447
0.2447
0.2447
0.2447
0.2447
0.2447
0.2447
0.2447
0.2447
0.2447
0.0602465
0.2447
0.2447
0.2447
0.2447
0.2447
0.2447
0.2447
0.0581503
0.192474
0.243274
0.2447
0.2447
0.2447
0.2447
0.2447
0.2447
0.2447
0.2447
0.2447
0.17267
0.2447
0.181781
0.2447
0.2447
0.2447
0.2447
0.2447
0.2447
0.2447
0.2447
0.2447
0.2447
0.2447
0.233414
0.2447
0.2447
0.2447
0.114119
0.2447
0.0101755
0.2447
0.2447
0.2447
0.2447
0.2447
0.2447
0.2447
0.2447
0.2447
0.2447
0.2447
0.2447
0.2447
0.2447
0.2447
0.2447
0.2447
0.2447
0.2447
0.2447
0.2447
0.2447
0.2447
0.2447
0.2447
0.2447
0.2447
0.2447
0.2447
0.2447
0.2447
0.2447
0.2447
0.2447
0.2447
0.2447
0.2447
0.2447
0.2447
0.2447
0.2447
0.2447
0.175613
0.2447
0.2447
0.2447
0.2447
0.2447
0.2447
0.2447
0.2447
0.2447
0.2447
0.2447
0.2447
0.2447
0.2447
0.2447
0.2447
0.2447
0.2447
0.2447
0.2447
0.2447
0.2447
0.2447
0.2447
0.2447
0.2447
0.2447
0.2447
0.2447
0.2447
0.2447
0.2447
0.2447
0.2447
0.2447
0.2447
0.2447
0.00780694
0.2447
0.2447
0.2447
0.2447
0.2447
0.2447
0.2447
0.2447
0.2447
0.2447
0.2447
0.2447
0.2447
0.2447
0.2447
0.2447
0.2447
0.2447
0.2447
0.2447
0.2447
0.2447
0.2447
0.2447
0.2447
0.2447
0.2447
0.2447
0.2447
0.2447
0.2447
0.2447
0.2447
0.0779943
0.2447
0.2447
0.2447
0.2447
0.2447
0.0421154
0.212736
0.178179
0.103529
0.026321
0.2447
0.2447
0.2447
0.2447
0.195088
0.2447
0.2447
0.2447
0.2447
0.2447
0.2447
0.2447
0.2447
0.2447
0.2447
0.2447
0.2447
0.2447
0.119096
0.2447
0.2447
0.2447
0.2447
0.105612
0.2447
0.2447
0.2447
0.2447
0.00385299
0.2447
0.2447
0.2447
0.2447
0.201141
0.2447
0.2447
0.2447
0.226139
0.2447
0.2447
0.2447
0.2447
0.2447
0.0793736
0.2447
0.2447
0.2447
0.2447
0.1059
0.2447
0.10298
0.2447
0.0409505
0.2447
0.2447
0.2447
0.2447
0.2447
0.2447
0.2447
0.2447
0.2447
0.174868
0.194532
0.2447
0.2447
0.2447
0.2447
0.2447
0.2447
0.2447
0.2447
0.2447
0.2447
0.2447
0.2447
0.0999904
0.2447
0.2447
0.2447
0.2447
0.2447
0.2447
0.2447
0.2447
0.2447
0.2447
0.21609
0.2447
0.2447
0.2447
0.0457925
0.2447
0.119143
0.2447
0.2447
0.2447
0.119367
0.243343
0.0789006
0.2447
0.2447
0.2447
0.2447
0.2447
0.2447
0.105937
0.2447
0.2447
0.2447
0.2447
0.2447
0.2447
0.2447
0.030219
0.2447
0.0102238
0.2447
0.2447
0.2447
0.117997
0.0586994
0.2447
0.2447
0.2447
0.217371
0.179432
0.2447
0.2447
0.2447
0.2447
0.183457
0.2447
0.175003
0.2447
0.2447
0.2447
0.2447
0.2447
0.2447
0.138631
0.2447
0.2447
0.2447
0.2447
0.2447
0.2447
0.0616526
0.2447
0.2447
0.2447
0.217905
0.2447
0.2447
0.088344
0.2447
0.2447
0.2447
0.2447
0.2447
0.2447
0.196554
0.2447
0.2447
0.2447
0.2447
0.2447
0.2447
0.2447
0.2447
0.2447
0.2447
0.160098
0.2447
0.119316
0.2447
0.2447
0.2447
0.2447
0.2447
0.2447
0.2447
0.2447
0.2447
0.133655
0.2447
0.2447
0.166806
0.2447
0.2447
0.2447
0.2447
0.2447
0.2447
0.2447
0.2447
0.2447
0.2447
0.2447
0.2447
0.236881
0.2447
0.2447
0.2447
0.2447
0.2447
0.2447
0.2447
0.2447
0.2447
0.2447
0.2447
0.2447
0.2447
0.2447
0.2447
0.2447
0.2447
0.2447
0.2447
0.2447
0.0174169
0.240304
0.2447
0.119149
0.2447
0.2447
0.2447
0.2447
0.2447
0.2447
0.2447
0.2447
0.2447
0.2447
0.0616291
0.2447
0.0711096
0.2447
0.2447
0.0218101
0.2447
0.2447
0.2447
0.137082
0.2447
0.1872
0.217969
0.2447
0.2447
0.2447
0.0248447
0.2447
0.2447
0.2447
0.2447
0.2447
0.2447
0.2447
0.2447
0.2447
0.105635
0.2447
0.2447
0.2447
0.2447
0.2447
0.2447
0.2447
0.2447
0.2447
0.2447
0.2447
0.2447
0.2447
0.2447
0.2447
0.2447
0.2447
0.2447
0.212406
0.2447
0.2447
0.2447
0.2447
0.2447
0.2447
0.2447
0.2447
0.2447
0.2447
0.2447
0.2447
0.2447
0.2447
0.112344
0.2447
0.163461
0.2447
0.126701
0.147564
0.2447
0.2447
0.2447
0.2447
0.2447
0.2447
0.2447
0.2447
0.2447
0.2447
0.2447
0.204663
0.2447
0.2447
0.2447
0.2447
0.2447
0.2447
0.0234062
0.2447
0.2447
0.2447
0.2447
0.107597
0.2447
0.2447
0.2447
0.2447
0.106806
0.2447
0.2447
0.2447
0.2447
0.2447
0.2447
0.2447
0.171492
0.2447
0.2447
0.2447
0.212406
0.2447
0.2447
0.2447
0.2447
0.2447
0.2447
0.2447
0.190765
0.19374
0.2447
0.2447
0.2447
0.2447
0.2447
0.2447
0.2447
0.2447
0.2447
0.2447
0.2447
0.2447
0.2447
0.2447
0.2447
0.2447
0.2447
0.2447
0.2447
0.2447
0.2447
0.2447
0.126663
0.2447
0.2447
0.2447
0.221109
0.2447
0.2447
0.2447
0.2447
0.0735481
0.2447
0.2447
0.2447
0.2447
0.2447
0.2447
0.2447
0.2447
0.2447
0.2447
0.2447
0.2447
0.0302611
0.232377
0.0300157
0.2447
0.2447
0.2447
0.107383
0.2447
0.2447
0.0578361
0.2447
0.2447
0.180798
0.2447
0.2447
0.2447
0.2447
0.2447
0.2447
0.2447
0.2447
0.2447
0.205331
0.2447
0.210117
0.2447
0.2447
0.2447
0.2447
0.2447
0.2447
0.182754
0.2447
0.2447
0.2447
0.2447
0.101635
0.210261
0.2447
0.2447
0.2447
0.2447
0.2447
0.232571
0.0369415
0.2447
0.2447
0.2447
0.2447
0.2447
0.2447
0.2447
0.2447
0.117998
0.225501
0.2447
0.2447
0.2447
0.2447
0.2447
0.2447
0.2447
0.2447
0.2447
0.2447
0.2447
0.2447
0.2447
0.2447
0.0984608
0.2447
0.2447
0.2447
0.2447
0.2447
0.2447
0.202165
0.2447
0.2447
0.2447
0.2447
0.2447
0.146872
0.2447
0.2447
0.2447
0.2447
0.2447
0.216393
0.2447
0.2447
0.2447
0.21609
0.2447
0.2447
0.238876
0.0466988
0.2447
0.2447
0.2447
0.2447
0.2447
0.0667319
0.2447
0.2447
0.0624288
0.2447
0.2447
0.2447
0.2447
0.2447
0.2447
0.2447
0.2447
0.2447
0.2447
0.2447
0.2447
0.126194
0.2447
0.2447
0.2447
0.2447
0.2447
0.2447
0.2447
0.2447
0.21609
0.2447
0.0313962
0.21819
0.2447
0.2447
0.2447
0.2447
0.2447
0.2447
0.2447
0.2447
0.2447
0.2447
0.2447
0.00992321
0.2447
0.243846
0.2447
0.2447
0.2447
0.2447
0.2447
0.2447
0.2447
0.2447
0.2447
0.152194
0.2447
0.2447
0.2447
0.2447
0.2447
0.2447
0.217326
0.2447
0.2447
0.146252
0.2447
0.2447
0.2447
0.2447
0.2447
0.2447
0.2447
0.2447
0.2447
0.143029
0.2447
0.2447
0.2447
0.2447
0.2447
0.216393
0.2447
0.2447
0.188962
0.2447
0.2447
0.0640676
0.2447
0.2447
0.2447
0.2447
0.2447
0.2447
0.2447
0.0671277
0.2447
0.2447
0.2447
0.2447
0.0557198
0.0627115
0.2447
0.211715
0.2447
0.00206393
0.2447
0.2447
0.2447
0.2447
0.2447
0.2447
0.2447
0.188685
0.2447
0.0997344
0.2447
0.2447
0.2447
0.2447
0.2447
0.2447
0.2447
0.2447
0.2447
0.0677256
0.2447
0.2447
0.2447
0.2447
0.2447
0.2447
0.2447
0.2447
0.2447
0.2447
0.2447
0.2447
0.2447
0.2447
0.2447
0.2447
0.2447
0.2447
0.2447
0.2447
0.2447
0.0556769
0.0117738
0.2447
0.2447
0.2447
0.2447
0.2447
0.2447
0.2447
0.2447
0.2447
0.2447
0.2447
0.2447
0.2447
0.2447
0.2447
0.2447
0.2447
0.2447
0.130113
0.2447
0.2447
0.2447
0.2447
0.2447
0.2447
0.0928772
0.2447
0.2447
0.2447
0.2447
0.2447
0.2447
0.2447
0.136325
0.2447
0.177376
0.176341
0.2447
0.2447
0.0434938
0.2447
0.2447
0.0523573
0.2447
0.2447
0.162707
0.2447
0.0540568
0.2447
0.0391091
0.2447
0.2447
0.102845
0.2447
0.2447
0.208221
0.231336
0.2447
0.2447
0.2447
0.2447
0.0943766
0.2447
0.2447
0.2447
0.2447
0.0650774
0.2447
0.2447
0.2447
0.2447
0.2447
0.2447
0.2447
0.2447
0.2447
0.2447
0.2447
0.2447
0.2447
0.2447
0.216996
0.2447
0.2447
0.2447
0.2447
0.2447
0.2447
0.2447
0.2447
0.2447
0.2447
0.2447
0.2447
0.2447
0.2447
0.2447
0.2447
0.2447
0.2447
0.162403
0.2447
0.2447
0.2447
0.2447
0.2447
0.0894785
0.2447
0.2447
0.2447
0.2447
0.2447
0.2447
0.2447
0.2447
0.2447
0.2447
0.2447
0.2447
0.2447
0.2447
0.2447
0.2447
0.2447
0.0295782
0.2447
0.21167
0.2447
0.2447
0.113004
0.2447
0.2447
0.2447
0.2447
0.2447
0.2447
0.2447
0.2447
0.2447
0.2447
0.2447
0.2447
0.2447
0.2447
0.180813
0.0104904
0.2447
0.2447
0.2447
0.2447
0.2447
0.2447
0.2447
0.2447
0.180242
0.2447
0.2447
0.2447
0.2447
0.2447
0.2447
0.2447
0.2447
0.2447
0.2447
0.2447
0.2447
0.2447
0.162465
0.2447
0.2447
0.2447
0.2447
0.0943958
0.206813
0.2447
0.2447
0.2447
0.2447
0.2447
0.2447
0.2447
0.116673
0.238341
0.2447
0.2447
0.180558
0.2447
0.2447
0.186036
0.2447
0.2447
0.2447
0.2447
0.2447
0.2447
0.2447
0.2447
0.2447
0.2447
0.2447
0.2447
0.2447
0.2447
0.2447
0.2447
0.2447
0.2447
0.174109
0.2447
0.0213945
0.2447
0.2447
0.2447
0.2447
0.2447
0.2447
0.2447
0.2447
0.2447
0.2447
0.2447
0.2447
0.2447
0.2447
0.2447
0.2447
0.2447
0.2447
0.2447
0.2447
0.2447
0.2447
0.143211
0.2447
0.2447
0.2447
0.2447
0.2447
0.2447
0.2447
0.0699945
0.2447
0.2447
0.2447
0.0332111
0.2447
0.2447
0.2447
0.2447
0.2447
0.2447
0.2447
0.2447
0.233604
0.2447
0.2447
0.2447
0.2447
0.2447
0.2447
0.2447
0.2447
0.2447
0.219933
0.130473
0.2447
0.2447
0.2447
0.2447
0.2447
0.2447
0.113396
0.2447
0.2447
0.2447
0.2447
0.0825495
0.2447
0.2447
0.2447
0.2447
0.2447
0.2447
0.2447
0.2447
0.0804572
0.2447
0.2447
0.2447
0.2447
0.2447
0.2447
0.2447
0.2447
0.2447
0.2447
0.2447
0.2447
0.2447
0.2447
0.2447
0.2447
0.2447
0.0904472
0.2447
0.2447
0.192937
0.2447
0.2447
0.2447
0.2447
0.2447
0.2447
0.2447
0.2447
0.2447
0.2447
0.2447
0.2447
0.2447
0.2447
0.2447
0.2447
0.2447
0.2447
0.177024
0.2447
0.2447
0.2447
0.2447
0.2447
0.2447
0.2447
0.2447
0.2447
0.2447
0.2447
0.2447
0.2447
0.2447
0.2447
0.2447
0.2447
0.2447
0.2447
0.2447
0.2447
0.2447
0.2447
0.2447
0.2447
0.2447
0.2447
0.2447
0.2447
0.229854
0.2447
0.2447
0.2447
0.2447
0.2447
0.100132
0.2447
0.2447
0.0688386
0.2447
0.2447
0.2447
0.116171
0.2447
0.2447
0.2447
0.2447
0.2447
0.2447
0.2447
0.2447
0.2447
0.2447
0.2447
0.2447
0.2447
0.2447
0.2447
0.225135
0.0746959
0.2447
0.2447
0.183182
0.2447
0.2447
0.2447
0.0456063
0.2447
0.2447
0.2447
0.2447
0.2447
0.2447
0.2447
0.139731
0.2447
0.2447
0.18964
0.2447
0.206551
0.2447
0.2447
0.2447
0.2447
0.2447
0.2447
0.2447
0.173559
0.2447
0.2447
0.0901352
0.2447
0.0130011
0.2447
0.2447
0.2447
0.2447
0.122707
0.2447
0.2447
0.2447
0.2447
0.2447
0.2447
0.2447
0.2447
0.2447
0.2447
0.2447
0.2447
0.2447
0.2447
0.2447
0.2447
0.2447
0.2447
0.2447
0.191142
0.2447
0.2447
0.2447
0.2447
0.2447
0.2447
0.2447
0.2447
0.2447
0.2447
0.2447
0.2447
0.2447
0.188085
0.2447
0.2447
0.2447
0.2447
0.2447
0.2447
0.158174
0.2447
0.2447
0.2447
0.2447
0.112607
0.226715
0.0919182
0.0830342
0.2447
0.2447
0.2447
0.2447
0.2447
0.2447
0.2447
0.2447
0.2447
0.2447
0.2447
0.2447
0.2447
0.111196
0.2447
0.2447
0.2447
0.2447
0.2447
0.2447
0.2447
0.2447
0.2447
0.2447
0.2447
0.2447
0.2447
0.2447
0.2447
0.2447
0.00577936
0.2447
0.2447
0.2447
0.2447
0.2447
0.2447
0.2447
0.2447
0.2447
0.2447
0.2447
0.2447
0.063
0.2447
0.2447
0.2447
0.236903
0.2447
0.2447
0.2447
0.2447
0.2447
0.2447
0.2447
0.182167
0.0416913
0.2447
0.2447
0.207813
0.2447
0.2447
0.2447
0.2447
0.0742671
0.0169068
0.2447
0.213814
0.2447
0.2447
0.2447
0.2447
0.0356207
0.2447
0.2447
0.0347059
0.2447
0.2447
0.0833192
0.2447
0.2447
0.2447
0.2447
0.2447
0.241402
0.2447
0.2447
0.186404
0.2447
0.2447
0.2447
0.2447
0.2447
0.2447
0.2447
0.2447
0.2447
0.172359
0.2447
0.2447
0.2447
0.2447
0.2447
0.2447
0.2447
0.2447
0.2447
0.2447
0.2447
0.2447
0.2447
0.2447
0.2447
0.2447
0.0887096
0.2447
0.2447
0.2447
0.0839359
0.0831342
0.2447
0.2447
0.2447
0.2447
0.2447
0.2447
0.2447
0.2447
0.2447
0.2447
0.2447
0.2447
0.0938559
0.2447
0.2447
0.2447
0.2447
0.2447
0.237155
0.23775
0.2447
0.2447
0.2447
0.2447
0.2447
0.2447
0.2447
0.2447
0.199318
0.2447
0.2447
0.114389
0.2447
0.2447
0.2447
0.2447
0.2447
0.2447
0.2447
0.2447
0.216393
0.2447
0.2447
0.2447
0.0883546
0.2447
0.2447
0.2447
0.2447
0.2447
0.2447
0.2447
0.2447
0.2447
0.170386
0.2447
0.2447
0.2447
0.182072
0.2447
0.2447
0.2447
0.2447
0.149135
0.2447
0.0645968
0.2447
0.21609
0.2447
0.2447
0.112903
0.2447
0.2447
0.2447
0.2447
0.0513464
0.2447
0.2447
0.2447
0.2447
0.2447
0.00895935
0.2447
0.2447
0.2447
0.2447
0.2447
0.2447
0.137319
0.190404
0.000204928
0.2447
0.2447
0.2447
0.2447
0.2447
0.226118
0.2447
0.139911
0.2447
0.2447
0.2447
0.2447
0.2447
0.2447
0.2447
0.2447
0.2447
0.2447
0.2447
0.2447
0.2447
0.2447
0.2447
0.2447
0.139557
0.2447
0.101706
0.2447
0.2447
0.2447
0.2447
0.2447
0.2447
0.2447
0.2447
0.2447
0.2447
0.2447
0.2447
0.2447
0.2447
0.2447
0.2447
0.162668
0.2447
0.20207
0.2447
0.2447
0.2447
0.2447
0.2447
0.2447
0.2447
0.2447
0.2447
0.2447
0.2447
0.2447
0.0932635
0.2447
0.2447
0.2447
0.21609
0.2447
0.2447
0.106793
0.2447
0.2447
0.2447
0.2447
0.2447
0.2447
0.2447
0.2447
0.2447
0.2447
0.2447
0.158066
0.2447
0.2447
0.2447
0.127776
0.2447
0.2447
0.2447
0.2447
0.2447
0.2447
0.2447
0.2447
0.2447
0.2447
0.2447
0.2447
0.2447
0.2447
0.0236653
0.2447
0.107392
0.2447
0.2447
0.2447
0.102974
0.2447
0.2447
0.2447
0.2447
0.2447
0.2447
0.2447
0.2447
0.2447
0.2447
0.2447
0.2447
0.2447
0.2447
0.2447
0.2447
0.2447
0.2447
0.2447
0.2447
0.2447
0.2447
0.2447
0.218712
0.2447
0.2447
0.2447
0.2447
0.2447
0.2447
0.2447
0.2447
0.2447
0.212463
0.2447
0.2447
0.2447
0.2447
0.2447
0.2447
0.230312
0.2447
0.183362
0.2447
0.2447
0.114096
0.2447
0.2447
0.2447
0.2447
0.2447
0.2447
0.2447
0.2447
0.2447
0.2447
0.2447
0.2447
0.2447
0.2447
0.2447
0.2447
0.2447
0.169037
0.2447
0.2447
0.2447
0.2447
0.2447
0.2447
0.2447
0.2447
0.2447
0.2447
0.2447
0.2447
0.2447
0.126538
0.21609
0.2447
0.178487
0.2447
0.239369
0.2447
0.2447
0.2447
0.2447
0.2447
0.2447
0.011611
0.2447
0.2447
0.2447
0.2447
0.2447
0.2447
0.2447
0.2447
0.2447
0.2447
0.2447
0.2447
0.2447
0.2447
0.2447
0.2447
0.2447
0.2447
0.2447
0.237118
0.199076
0.189946
0.2447
0.2447
0.192657
0.0125337
0.2447
0.2447
0.2447
0.2447
0.2447
0.2447
0.2447
0.2447
0.2447
0.2447
0.236282
0.161948
0.2447
0.107209
0.2447
0.2447
0.2447
0.2447
0.2447
0.2447
0.2447
0.2447
0.2447
0.2447
0.2447
0.2447
0.2447
0.2447
0.2447
0.0391871
0.2447
0.2447
0.2447
0.2447
0.2447
0.2447
0.103278
0.2447
0.207454
0.2447
0.0621788
0.2447
0.2447
0.0665808
0.2447
0.2447
0.2447
0.2447
0.228043
0.2447
0.2447
0.241774
0.2447
0.2447
0.2447
0.2447
0.2447
0.2447
0.2447
0.2447
0.23706
0.2447
0.2447
0.2447
0.2447
0.2447
0.2447
0.2447
0.2447
0.2447
0.2447
0.2447
0.212463
0.2447
0.2447
0.2447
0.2447
0.2447
0.2447
0.2447
0.2447
0.2447
0.2447
0.2447
0.2447
0.0463361
0.2447
0.2447
0.2447
0.2447
0.2447
0.243519
0.2447
0.2447
0.2447
0.2447
0.2447
0.2447
0.2447
0.055693
0.2447
0.2447
0.2447
0.2447
0.2447
0.2447
0.2447
0.2447
0.2447
0.2447
0.2447
0.2447
0.2447
0.2447
0.205674
0.111885
0.2447
0.2447
0.0716094
0.2447
0.2447
0.2447
0.202969
0.2447
0.2447
0.2447
0.2447
0.2447
0.2447
0.2447
0.2447
0.0967664
0.0189292
0.22764
0.2447
0.2447
0.2447
0.237812
0.2447
0.2447
0.2447
0.2447
0.2447
0.2447
0.2447
0.2447
0.2447
0.2447
0.2447
0.226294
0.2447
0.2447
0.2447
0.2447
0.2447
0.2447
0.0570839
0.2447
0.2447
0.2447
0.2447
0.2447
0.2447
0.0135679
0.2447
0.0581062
0.2447
0.2447
0.2447
0.0992359
0.2447
0.2447
0.2447
0.2447
0.2447
0.2447
0.2447
0.0687677
0.2447
0.2447
0.2447
0.2447
0.2447
0.2447
0.2447
0.2447
0.2447
0.2447
0.0343531
0.115605
0.211135
0.2447
0.121737
0.2447
0.2447
0.2447
0.2447
0.2447
0.2447
0.2447
0.2447
0.2447
0.2447
0.2447
0.0192526
0.2447
0.2447
0.2447
0.2447
0.0502067
0.2447
0.2447
0.2447
0.2447
0.2447
0.2447
0.2447
0.2447
0.151406
0.2447
0.2447
0.2447
0.2447
0.2447
0.2447
0.2447
0.2447
0.2447
0.2447
0.2447
0.2447
0.2447
0.2447
0.125483
0.00231863
0.0127716
0.2447
0.2447
0.2447
0.188567
0.218062
0.2447
0.2447
0.00937059
0.2447
0.2447
0.2447
0.0991154
0.2447
0.2447
0.2447
0.2447
0.2447
0.2447
0.193756
0.2447
0.2447
0.2447
0.2447
0.2447
0.2447
0.2447
0.2447
0.220919
0.2447
0.2447
0.2447
0.16873
0.2447
0.2447
0.2447
0.2447
0.2447
0.2447
0.2447
0.2447
0.2447
0.2447
0.2447
0.2447
0.2447
0.2447
0.2447
0.2447
0.2447
0.2447
0.0087683
0.2447
0.200251
0.2447
0.2447
0.2447
0.076061
0.142513
0.2447
0.2447
0.2447
0.2447
0.2447
0.2447
0.2447
0.126787
0.2447
0.2447
0.2447
0.2447
0.2447
0.2447
0.074835
0.2447
0.2447
0.199771
0.2447
0.2447
0.2447
0.2447
0.2447
0.2447
0.2447
0.2447
0.2447
0.2447
0.2447
0.2447
0.2447
0.2447
0.2447
0.2447
0.2447
0.00142914
0.2447
0.2447
0.2447
0.2447
0.2447
0.2447
0.2447
0.2447
0.2447
0.2447
0.2447
0.2447
0.2447
0.2447
0.2447
0.2447
0.2447
0.2447
0.2447
0.2447
0.2447
0.2447
0.2447
0.2447
0.2447
0.2447
0.208246
0.2447
0.2447
0.2447
0.0224807
0.2447
0.2447
0.2447
0.199462
0.0482119
0.2447
0.2447
0.2447
0.238628
0.2447
0.2447
0.2447
0.2447
0.2447
0.2447
0.2447
0.2447
0.2447
0.2447
0.2447
0.2447
0.2447
0.2447
0.2447
0.2447
0.2447
0.2447
0.2447
0.143475
0.2447
0.2447
0.2447
0.2447
0.2447
0.2447
0.2447
0.234143
0.2447
0.2447
0.2447
0.2447
0.2447
0.2447
0.2447
0.2447
0.2447
0.2447
0.2447
0.105179
0.2447
0.156343
0.195593
0.2447
0.207455
0.2447
0.2447
0.2447
0.2447
0.2447
0.2447
0.2447
0.2447
0.2447
0.2447
0.2447
0.115664
0.2447
0.2447
0.2447
0.2447
0.2447
0.2447
0.2447
0.2447
0.2447
0.2447
0.2447
0.2447
0.2447
0.2447
0.2447
0.2447
0.2447
0.095816
0.2447
0.2447
0.2447
0.2447
0.2447
0.176178
0.2447
0.0579058
0.2447
0.2447
0.2447
0.2447
0.2447
0.244251
0.2447
0.2447
0.2447
0.2447
0.191646
0.2447
0.2447
0.2447
0.2447
0.2447
0.0966649
0.2447
0.2447
0.2447
0.2447
0.235162
0.2447
0.2447
0.2447
0.2447
0.0658583
0.181289
0.2447
0.227452
0.2447
0.2447
0.2447
0.2447
0.2447
0.2447
0.2447
0.2447
0.2447
0.2447
0.2447
0.2447
0.2447
0.2447
0.2447
0.2447
0.2447
0.206164
0.2447
0.2447
0.2447
0.2447
0.211318
0.2447
0.2447
0.2447
0.2447
0.188902
0.136569
0.2447
0.2447
0.2447
0.2447
0.2447
0.2447
0.2447
0.2447
0.2447
0.2447
0.2447
0.0969688
0.2447
0.2447
0.2447
0.2447
0.2447
0.118598
0.2447
0.2447
0.2447
0.2447
0.2447
0.0877291
0.0204844
0.2447
0.2447
0.2447
0.2447
0.2447
0.2447
0.2447
0.2447
0.198299
0.2447
0.24201
0.2447
0.216393
0.103909
0.2447
0.218792
0.2447
0.2447
0.203646
0.2447
0.2447
0.2447
0.2447
0.2447
0.2447
0.2447
0.2447
0.2447
0.2447
0.2447
0.2447
0.2447
0.2447
0.2447
0.2447
0.2447
0.2447
0.2447
0.2447
0.2447
0.2447
0.0226387
0.2447
0.2447
0.174628
0.2447
0.136157
0.2447
0.2447
0.2447
0.2447
0.2447
0.0915512
0.2447
0.2447
0.2447
0.2447
0.2447
0.2447
0.2447
0.2447
0.0877051
0.0660954
0.2447
0.2447
0.2447
0.2447
0.2447
0.2447
0.2447
0.2447
0.2447
0.2447
0.2447
0.2447
0.2447
0.2447
0.2447
0.2447
0.2447
0.2447
0.2447
0.233349
0.2447
0.2447
0.2447
0.2447
0.2447
0.0480984
0.2447
0.2447
0.2447
0.2447
0.2447
0.2447
0.2447
0.2447
0.2447
0.2447
0.11914
0.2447
0.113019
0.119254
0.0984943
0.2447
0.2447
0.2447
0.2447
0.2447
0.2447
0.2447
0.2447
0.2447
0.2447
0.2447
0.2447
0.2447
0.2447
0.195489
0.2447
0.2447
0.2447
0.2447
0.0758917
0.2447
0.184819
0.2447
0.2447
0.222096
0.2447
0.00381984
0.2447
0.2447
0.00235731
0.2447
0.2447
0.142394
0.2447
0.2447
0.2447
0.2447
0.2447
0.2447
0.2447
0.2447
0.2447
0.2447
0.2447
0.2447
0.2447
0.2447
0.232673
0.2447
0.2447
0.2447
0.2447
0.2447
0.2447
0.2447
0.2447
0.2447
0.115284
0.2447
0.2447
0.206069
0.2447
0.2447
0.2447
0.2447
0.2447
0.163606
0.2447
0.2447
0.2447
0.2447
0.2447
0.2447
0.2447
0.107743
0.183623
0.0618633
0.0433564
0.207247
0.2447
0.2447
0.2447
0.2447
0.2447
0.2447
0.2447
0.2447
0.2447
0.119161
0.2447
0.2447
0.2447
0.2447
0.2447
0.2447
0.2447
0.2447
0.2447
0.2447
0.0525167
0.2447
0.2447
0.2447
0.2447
0.2447
0.2447
0.2447
0.2447
0.2447
0.2447
0.2447
0.2447
0.2447
0.181719
0.2447
0.2447
0.2447
0.049879
0.2447
0.2447
0.2447
0.2447
0.2447
0.2447
0.2447
0.107113
0.2447
0.2447
0.113769
0.164427
0.2447
0.2447
0.2447
0.2447
0.2447
0.2447
0.2447
0.2447
0.2447
0.2447
0.2447
0.2447
0.2447
0.2447
0.2447
0.2447
0.241603
0.2447
0.2447
0.2447
0.0927774
0.2447
0.2447
0.2447
0.2447
0.2447
0.2447
0.0183895
0.2447
0.195697
0.2447
0.2447
0.084085
0.2447
0.2447
0.2447
0.2447
0.2447
0.2447
0.2447
0.2447
0.2447
0.2447
0.2447
0.2447
0.2447
0.2447
0.2447
0.2447
0.2447
0.2447
0.056674
0.2447
0.2447
0.2447
0.2447
0.2447
0.2447
0.2447
0.194158
0.2447
0.2447
0.2447
0.2447
0.2447
0.2447
0.2447
0.2447
0.2447
0.2447
0.2447
0.2447
0.2447
0.2447
0.2447
0.2447
0.2447
0.2447
0.2447
0.2447
0.233642
0.2447
0.17548
0.2447
0.2447
0.2447
0.2447
0.2447
0.2447
0.2447
0.2447
0.2447
0.2447
0.2447
0.2447
0.2447
0.2447
0.2447
0.0259252
0.2447
0.2447
0.2447
0.2447
0.125931
0.2447
0.2447
0.2447
0.2447
0.2447
0.2447
0.2447
0.2447
0.2447
0.2447
0.2447
0.2447
0.2447
0.2447
0.2447
0.0367613
0.2447
0.2447
0.2447
0.2447
0.2447
0.2447
0.2447
0.2447
0.2447
0.0147342
0.2447
0.2447
0.2447
0.2447
0.2447
0.2447
0.2447
0.240722
0.2447
0.2447
0.2447
0.2447
0.2447
0.2447
0.2447
0.0870048
0.2447
0.2447
0.2447
0.2447
0.2447
0.2447
0.2447
0.2447
0.0988516
0.2447
0.2447
0.2447
0.2447
0.2447
0.216393
0.2447
0.0470711
0.2447
0.2447
0.2447
0.2447
0.2447
0.2447
0.2447
0.2447
0.2447
0.2447
0.2447
0.2447
0.105063
0.2447
0.2447
0.2447
0.0498061
0.233607
0.2447
0.2447
0.2447
0.2447
0.20852
0.2447
0.194143
0.2447
0.2447
0.240458
0.2447
0.2447
0.2447
0.2447
0.2447
0.2447
0.2447
0.2447
0.2447
0.2447
0.2447
0.2447
0.2447
0.2447
0.0521662
0.2447
0.2447
0.2447
0.2447
0.2447
0.2447
0.2447
0.00928057
0.2447
0.2447
0.2447
0.2447
0.2447
0.244505
0.2447
0.2447
0.2447
0.2447
0.105387
0.167729
0.2447
0.2447
0.2447
0.2447
0.2447
0.2447
0.2447
0.2447
0.2447
0.11956
0.2447
0.2447
0.2447
0.2447
0.2447
0.2447
0.2447
0.2447
0.2447
0.2447
0.2447
0.2447
0.2447
0.2447
0.2447
0.131045
0.2447
0.2447
0.2447
0.2447
0.115675
0.2447
0.2447
0.2447
0.2447
0.2447
0.2447
0.2447
0.2447
0.0861125
0.2447
0.226724
0.2447
0.0849883
0.2447
0.2447
0.109107
0.2447
0.194805
0.2447
0.2447
0.2447
0.2447
0.115561
0.2447
0.230056
0.2447
0.2447
0.2447
0.2447
0.2447
0.2447
0.239666
0.2447
0.2447
0.0656473
0.2447
0.2447
0.2447
0.2447
0.137298
0.2447
0.2447
0.2447
0.2447
0.0275846
0.2447
0.0251098
0.2447
0.2447
0.2447
0.2447
0.2447
0.2447
0.193229
0.2447
0.2447
0.2447
0.2447
0.2447
0.2447
0.2447
0.2447
0.2447
0.240058
0.2447
0.2447
0.2447
0.2447
0.2447
0.2447
0.0767714
0.2447
0.2447
0.2447
0.2447
0.2447
0.118156
0.2447
0.2447
0.2447
0.2447
0.2447
0.2447
0.2447
0.114889
0.2447
0.118162
0.2447
0.2447
0.2447
0.2447
0.2447
0.2447
0.2447
0.2447
0.0696889
0.2447
0.2447
0.2447
0.2447
0.239221
0.2447
0.2447
0.2447
0.2447
0.2447
0.2447
0.2447
0.2447
0.2447
0.225643
0.109189
0.2447
0.0860837
0.2447
0.2447
0.2447
0.2447
0.2447
0.2447
0.181069
0.2447
0.2447
0.2447
0.2447
0.2447
0.2447
0.2447
0.2447
0.0883858
0.2447
0.211618
0.2447
0.2447
0.188107
0.2447
0.2447
0.2447
0.2447
0.2447
0.145153
0.2447
0.2447
0.2447
0.2447
0.2447
0.2447
0.0459669
0.2447
0.2447
0.2447
0.2447
0.2447
0.0322313
0.2447
0.2447
0.2447
0.2447
0.2447
0.2447
0.2447
0.2447
0.209971
0.00434535
0.112816
0.2447
0.2447
0.2447
0.2447
0.2447
0.2447
0.2447
0.2447
0.2447
0.2447
0.16446
0.2447
0.199491
0.2447
0.199967
0.2447
0.2447
0.2447
0.2447
0.2447
0.2447
0.2447
0.2447
0.0868532
0.2447
0.2447
0.2447
0.2447
0.2447
0.210671
0.2447
0.2447
0.2447
0.2447
0.2447
0.2447
0.2447
0.2447
0.221588
0.2447
0.2447
0.2447
0.2447
0.2447
0.207199
0.2447
0.2447
0.2447
0.2447
0.2447
0.2447
0.206044
0.2447
0.2447
0.2447
0.2447
0.2447
0.2447
0.2447
0.2447
0.2447
0.2447
0.2447
0.2447
0.2447
0.2447
0.2447
0.2447
0.2447
0.2447
0.2447
0.2447
0.2447
0.2447
0.2447
0.2447
0.2447
0.2447
0.2447
0.2447
0.2447
0.2447
0.2447
0.2447
0.2447
0.2447
0.2447
0.2447
0.2447
0.2447
0.2447
0.2447
0.2447
0.2447
0.2447
0.2447
0.2447
0.2447
0.2447
0.0640224
0.2447
0.2447
0.0311906
0.2447
0.2447
0.2447
0.2447
0.0029443
0.2447
0.112917
0.2447
0.2447
0.2447
0.2447
0.2447
0.2447
0.119653
0.2447
0.21609
0.2447
0.2447
0.2447
0.2447
0.2447
0.18133
0.2447
0.2447
0.2447
0.2447
0.2447
0.2447
0.2447
0.2447
0.21609
0.0822186
0.2447
0.2447
0.2447
0.0514367
0.2447
0.2447
0.1892
0.2447
0.2447
0.2447
0.2447
0.2447
0.2447
0.2447
0.2447
0.2447
0.2447
0.2447
0.2447
0.0901938
0.2447
0.2447
0.2447
0.2447
0.2447
0.2447
0.2447
0.2447
0.2447
0.2447
0.2447
0.2447
0.2447
0.24114
0.2447
0.2447
0.2447
0.2447
0.2447
0.2447
0.2447
0.2447
0.2447
0.2447
0.2447
0.2447
0.072339
0.2447
0.2447
0.2447
0.2447
0.2447
0.2447
0.0349443
0.118263
0.2447
0.2447
0.2447
0.109924
0.2447
0.2447
0.2447
0.2447
0.2447
0.2447
0.2447
0.2447
0.2447
0.2447
0.2447
0.2447
0.2447
0.2447
0.2447
0.2447
0.2447
0.2447
0.0411688
0.2447
0.2447
0.199558
0.2447
0.2447
0.2447
0.2447
0.2447
0.2447
0.206314
0.2447
0.2447
0.2447
0.2447
0.2447
0.2447
0.2447
0.2447
0.056957
0.182861
0.2447
0.2447
0.2447
0.121187
0.2447
0.2447
0.2447
0.2447
0.0554502
0.2447
0.2447
0.2447
0.2447
0.2447
0.2447
0.2447
0.2447
0.2447
0.2447
0.2447
0.2447
0.2447
0.2447
0.2447
0.2447
0.0558942
0.2447
0.2447
0.131208
0.2447
0.0893662
0.2447
0.2447
0.2447
0.2447
0.2447
0.2447
0.2447
0.2447
0.2447
0.2447
0.159915
0.2447
0.2447
0.199848
0.0108956
0.2447
0.2447
0.2447
0.0571064
0.234047
0.2447
0.2447
0.2447
0.2447
0.2447
0.2447
0.0157683
0.2447
0.2447
0.2447
0.2447
0.2447
0.2447
0.2447
0.215643
0.2447
0.2447
0.2447
0.2447
0.2447
0.2447
0.2447
0.217322
0.2447
0.2447
0.2447
0.2447
0.0600823
0.2447
0.2447
0.0603572
0.2447
0.2447
0.2447
0.2447
0.2447
0.2447
0.0950239
0.0593478
0.2447
0.2447
0.2447
0.2447
0.212406
0.2447
0.2447
0.2447
0.220995
0.189172
0.2447
0.2447
0.2447
0.2447
0.14702
0.2447
0.112698
0.2447
0.2447
0.2447
0.2447
0.2447
0.2447
0.2447
0.2447
0.236567
0.106153
0.2447
0.2447
0.2447
0.2447
0.2447
0.2447
0.2447
0.2447
0.2447
0.2447
0.2447
0.2447
0.2447
0.2447
0.2447
0.2447
0.2447
0.119323
0.2447
0.2447
0.2447
0.2447
0.2447
0.2447
0.2447
0.2447
0.0250993
0.2447
0.2447
0.210564
0.152516
0.2447
0.2447
0.2447
0.2447
0.2447
0.2447
0.2447
0.2447
0.2447
0.2447
0.2447
0.2447
0.2447
0.2447
0.2447
0.2447
0.220978
0.2447
0.2447
0.2447
0.2447
0.2447
0.2447
0.2447
0.2447
0.18292
0.2447
0.2447
0.2447
0.2447
0.2447
0.00431796
0.0969318
0.2447
0.2447
0.2447
0.2447
0.2447
0.103559
0.2447
0.196783
0.2447
0.2447
0.2447
0.2447
0.2447
0.2447
0.2447
0.2447
0.176882
0.2447
0.2447
0.2447
0.216393
0.2447
0.2447
0.2447
0.2447
0.2447
0.111911
0.2447
0.0658411
0.2447
0.2447
0.2447
0.0081051
0.2447
0.2447
0.2447
0.101429
0.225209
0.2447
0.2447
0.11514
0.2447
0.2447
0.2447
0.0163756
0.2447
0.2447
0.2447
0.2447
0.2447
0.2447
0.2447
0.2447
0.110888
0.2447
0.2447
0.2447
0.2447
0.2447
0.2447
0.2447
0.2447
0.2447
0.2447
0.2447
0.2447
0.2447
0.2447
0.2447
0.2447
0.2447
0.2447
0.2447
0.2447
0.0289155
0.0908816
0.2447
0.2447
0.2447
0.2447
0.2447
0.216393
0.2447
0.2447
0.2447
0.116482
0.2447
0.2447
0.2447
0.2447
0.2447
0.2447
0.2447
0.2447
0.2447
0.0841799
0.2447
0.2447
0.2447
0.2447
0.2447
0.2447
0.2447
0.2447
0.2447
0.2447
0.2447
0.189999
0.102149
0.2447
0.2447
0.2447
0.214736
0.2447
0.2447
0.2447
0.2447
0.00506084
0.2447
0.2447
0.229576
0.2447
0.00251194
0.2447
0.2447
0.2447
0.2447
0.0954493
0.166452
0.2447
0.2447
0.2447
0.2447
0.2447
0.112012
0.2447
0.2447
0.2447
0.2447
0.2447
0.219682
0.2447
0.2447
0.215413
0.2447
0.2447
0.2447
0.2447
0.2447
0.2447
0.2447
0.2447
0.2447
0.2447
0.193006
0.2447
0.2447
0.2447
0.2447
0.2447
0.2447
0.152404
0.2447
0.2447
0.2447
0.194655
0.2447
0.2447
0.2447
0.2447
0.2447
0.2447
0.2447
0.2447
0.2447
0.0787108
0.0509066
0.2447
0.2447
0.2447
0.2447
0.2447
0.2447
0.2447
0.2447
0.2447
0.2447
0.2447
0.191466
0.2447
0.2447
0.2447
0.2447
0.2447
0.2447
0.2447
0.2447
0.2447
0.2447
0.2447
0.2447
0.2447
0.2447
0.123534
0.2447
0.2447
0.2447
0.2447
0.2447
0.2447
0.2447
0.216453
0.2447
0.2447
0.2447
0.215107
0.2447
0.2447
0.2447
0.2447
0.2447
0.2447
0.2447
0.2447
0.2447
0.0157768
0.109125
0.2447
0.2447
0.2447
0.2447
0.0413511
0.2447
0.2447
0.2447
0.2447
0.2447
0.196553
0.2447
0.2447
0.2447
0.2447
0.2447
0.2447
0.2447
0.2447
0.2447
0.205741
0.2447
0.2447
0.2447
0.2447
0.2447
0.2447
0.119701
0.2447
0.2447
0.2447
0.11644
0.059426
0.2447
0.2447
0.2447
0.2447
0.2447
0.2447
0.2447
0.2447
0.113626
0.2447
0.209779
0.2447
0.113831
0.2447
0.2447
0.2447
0.2447
0.2447
0.221936
0.200101
0.219548
0.114104
0.2447
0.0404751
0.2447
0.2447
0.200074
0.2447
0.2447
0.2447
0.2447
0.2447
0.2447
0.2447
0.118624
0.2447
0.0201868
0.2447
0.2447
0.175836
0.2447
0.2447
0.2447
0.2447
0.0929522
0.2447
0.0416136
0.2447
0.215911
0.2447
0.141831
0.2447
0.2447
0.2447
0.2447
0.2447
0.2447
0.2447
0.2447
0.2447
0.00900291
0.2447
0.2447
0.2447
0.212218
0.164568
0.2447
0.2447
0.2447
0.2447
0.210324
0.2447
0.2447
0.2447
0.2447
0.2447
0.2447
0.216393
0.2447
0.0331669
0.2447
0.2447
0.236696
0.2447
0.103949
0.2447
0.2447
0.2447
0.2447
0.2447
0.2447
0.2447
0.000431898
0.2447
0.2447
0.2447
0.2447
0.2447
0.2447
0.2447
0.2447
0.2447
0.212406
0.2447
0.2447
0.055504
0.2447
0.2447
0.2447
0.2447
0.2447
0.2447
0.2447
0.2447
0.2447
0.2447
0.0341172
0.2447
0.2447
0.2447
0.242366
0.2447
0.2447
0.2447
0.2447
0.2447
0.0417367
0.0441668
0.189136
0.0970851
0.2447
0.2447
0.2447
0.2447
0.2447
0.2447
0.0938157
0.2447
0.2447
0.2447
0.2447
0.2447
0.2447
0.2447
0.2447
0.2447
0.2447
0.2447
0.2447
0.2447
0.2447
0.2447
0.2447
0.2447
0.2447
0.115612
0.0988282
0.2447
0.2447
0.2447
0.0762651
0.2447
0.219312
0.187764
0.2447
0.2447
0.2447
0.2447
0.2447
0.2447
0.2447
0.2447
0.2447
0.2447
0.2447
0.2447
0.2447
0.2447
0.2447
0.2447
0.2447
0.2447
0.163178
0.2447
0.2447
0.2447
0.116737
0.2447
0.2447
0.2447
0.21189
0.21609
0.2447
0.0452198
0.0220862
0.230912
0.2447
0.2447
0.2447
0.2447
0.2447
0.2447
0.2447
0.2447
0.2447
0.2447
0.2447
0.2447
0.2447
0.2447
0.2447
0.2447
0.198861
0.2447
0.2447
0.2447
0.2447
0.106264
0.2447
0.2447
0.2447
0.2447
0.2447
0.2447
0.2447
0.2447
0.2447
0.2447
0.2447
0.243971
0.2447
0.2447
0.2447
0.2447
0.2447
0.2447
0.0542521
0.2447
0.2447
0.2447
0.2447
0.2447
0.2447
0.2447
0.2447
0.2447
0.2447
0.2447
0.2447
0.2447
0.2447
0.2447
0.2447
0.2447
0.2447
0.2447
0.2447
0.2447
0.2447
0.2447
0.212483
0.2447
0.2447
0.2447
0.2447
0.2447
0.2447
0.2447
0.2447
0.0514974
0.2447
0.2447
0.2447
0.2447
0.2447
0.2447
0.2447
0.2447
0.2447
0.2447
0.2447
0.2447
0.2447
0.2447
0.2447
0.2447
0.2447
0.2447
0.2447
0.2447
0.2447
0.2447
0.2447
0.2447
0.2447
0.2447
0.2447
0.2447
0.2447
0.2447
0.197775
0.2447
0.2447
0.2447
0.2447
0.2447
0.2447
0.2447
0.2447
0.2447
0.2447
0.2447
0.2447
0.00696378
0.2447
0.2447
0.2447
0.2447
0.2447
0.2447
0.235346
0.2447
0.2447
0.216393
0.2447
0.2447
0.2447
0.2447
0.2447
0.2447
0.2447
0.2447
0.2447
0.2447
0.2447
0.2447
0.178736
0.2447
0.2447
0.2447
0.215653
0.203171
0.2447
0.2447
0.2447
0.2447
0.2447
0.134745
0.2447
0.2447
0.2447
0.2447
0.2447
0.2447
0.2447
0.2447
0.2447
0.2447
0.2447
0.2447
0.2447
0.00363057
0.2447
0.2447
0.2447
0.2447
0.2447
0.2447
0.108976
0.2447
0.2447
0.2447
0.2447
0.2447
0.2447
0.111458
0.2447
0.2447
0.19714
0.17698
0.2447
0.2447
0.2447
0.2447
0.0424819
0.2447
0.215605
0.2447
0.2447
0.2447
0.2447
0.2447
0.2447
0.2447
0.2447
0.2447
0.2447
0.2447
0.218273
0.2447
0.2447
0.2447
0.2447
0.2447
0.2447
0.2447
0.2447
0.0482824
0.2447
0.202317
0.2447
0.2447
0.2447
0.104327
0.2447
0.2447
0.2447
0.2447
0.2447
0.2447
0.2447
0.2447
0.2447
0.183681
0.2447
0.2447
0.2447
0.0184025
0.2447
0.2447
0.2447
0.2447
0.2447
0.2447
0.0475486
0.21167
0.21609
0.133159
0.0431853
0.2447
0.2447
0.2447
0.2447
0.2447
0.2447
0.13412
0.108934
0.2447
0.2447
0.2447
0.2447
0.2447
0.2447
0.2447
0.2447
0.2447
0.2447
0.16524
0.2447
0.2447
0.2447
0.2447
0.0399061
0.2447
0.2447
0.12772
0.2447
0.2447
0.2447
0.2447
0.0229981
0.2447
0.2447
0.2447
0.2447
0.2447
0.2447
0.2447
0.2447
0.2447
0.2447
0.2447
0.2447
0.2447
0.176236
0.2447
0.2447
0.2447
0.2447
0.2447
0.2447
0.2447
0.2447
0.2447
0.2447
0.2447
0.2447
0.0177837
0.2447
0.2447
0.0303614
0.2447
0.2447
0.2447
0.2447
0.2447
0.2447
0.2447
0.2447
0.158714
0.2447
0.2447
0.2447
0.2447
0.2447
0.2447
0.2447
0.117447
0.2447
0.2447
0.2447
0.2447
0.2447
0.2447
0.2447
0.2447
0.2447
0.2447
0.2447
0.2447
0.2447
0.2447
0.2447
0.2447
0.2447
0.2447
0.2447
0.2447
0.2447
0.216393
0.2447
0.232777
0.2447
0.2447
0.2447
0.2447
0.2447
0.2447
0.2447
0.2447
0.2447
0.2447
0.2447
0.2447
0.2447
0.2447
0.2447
0.2447
0.2447
0.2447
0.2447
0.116213
0.2447
0.2447
0.2447
0.2447
0.2447
0.2447
0.2447
0.2447
0.2447
0.2447
0.2447
0.218882
0.2447
0.2447
0.2447
0.2447
0.2447
0.109957
0.2447
0.2447
0.2447
0.2447
0.2447
0.2447
0.2447
0.2447
0.2447
0.2447
0.2447
0.2447
0.228739
0.2447
0.2447
0.2447
0.2447
0.2447
0.2447
0.2447
0.2447
0.2447
0.0143782
0.2447
0.2447
0.2447
0.2447
0.2447
0.2447
0.2447
0.2447
0.2447
0.2447
0.2447
0.2447
0.2447
0.2447
0.2447
0.2447
0.2447
0.214721
0.0451209
0.2447
0.187651
0.182286
0.146932
0.2447
0.2447
0.0927471
0.2447
0.2447
0.22101
0.2447
0.2447
0.113671
0.2447
0.2447
0.2447
0.2447
0.2447
0.2447
0.2447
0.2447
0.2447
0.2447
0.2447
0.178294
0.2447
0.212463
0.045805
0.2447
0.243801
0.2447
0.0908621
0.203872
0.177415
0.170255
0.2447
0.140486
0.2447
0.2447
0.2447
0.2447
0.2447
0.2447
0.2447
0.2447
0.2447
0.2447
0.2447
0.2447
0.2447
0.2447
0.222617
0.166307
0.2447
0.0883283
0.2447
0.2447
0.2447
0.2447
0.2447
0.2447
0.159298
0.2447
0.2447
0.0430253
0.2447
0.116551
0.2447
0.2447
0.2447
0.2447
0.2447
0.2447
0.182429
0.2447
0.2447
0.2447
0.2447
0.2447
0.2447
0.2447
0.2447
0.106767
0.2447
0.2447
0.2447
0.21609
0.2447
0.2447
0.00212305
0.2447
0.0928578
0.2447
0.07357
0.167034
0.2447
0.2447
0.2447
0.2447
0.2447
0.2447
0.2447
0.2447
0.2447
0.2447
0.2447
0.2447
0.2447
0.2447
0.2447
0.2447
0.2447
0.2447
0.2447
0.2447
0.218577
0.2447
0.2447
0.2447
0.2447
0.2447
0.2447
0.201864
0.123599
0.2447
0.2447
0.2447
0.203096
0.2447
0.2447
0.2447
0.2447
0.2447
0.2447
0.2447
0.2447
0.2447
0.2447
0.2447
0.2447
0.2447
0.2447
0.2447
0.2447
0.2447
0.2447
0.2447
0.2447
0.2447
0.2447
0.2447
0.2447
0.2447
0.15635
0.240507
0.2447
0.2447
0.2447
0.2447
0.0959625
0.2447
0.2447
0.225126
0.2447
0.2447
0.2447
0.2447
0.239801
0.142899
0.2447
0.2447
0.2447
0.2447
0.185359
0.2447
0.2447
0.0342425
0.2447
0.2447
0.208497
0.2447
0.00265307
0.2447
0.117648
0.2447
0.2447
0.2447
0.214225
0.2447
0.2447
0.212074
0.2447
0.2447
0.212815
0.2447
0.214996
0.2447
0.24306
0.2447
0.2447
0.2447
0.2447
0.0124096
0.0467573
0.2447
0.2447
0.2447
0.2447
0.2447
0.2447
0.2447
0.2447
0.178316
0.2447
0.2447
0.1609
0.2447
0.2447
0.2447
0.2447
0.2447
0.2447
0.2447
0.2447
0.2447
0.2447
0.222486
0.2447
0.2447
0.15257
0.2447
0.2447
0.2447
0.164276
0.2447
0.2447
0.2447
0.0497401
0.2447
0.2447
0.2447
0.2447
0.2447
0.116467
0.2447
0.2447
0.2447
0.2447
0.2447
0.2447
0.2447
0.2447
0.2447
0.2447
0.2447
0.2447
0.2447
0.2447
0.2447
0.2447
0.2447
0.2447
0.2447
0.2447
0.2447
0.2447
0.2447
0.2447
0.2447
0.2447
0.2447
0.2447
0.2447
0.2447
0.2447
0.171132
0.2447
0.2447
0.176505
0.2447
0.2447
0.2447
0.2447
0.2447
0.2447
0.2447
0.2447
0.2447
0.2447
0.06364
0.176693
0.2447
0.2447
0.2447
0.2447
0.2447
0.0712311
0.2447
0.2447
0.2447
0.0817393
0.101886
0.239206
0.2447
0.2447
0.2447
0.2447
0.2447
0.2447
0.2447
0.2447
0.2447
0.2447
0.2447
0.2447
0.2447
0.2447
0.2447
0.177136
0.222704
0.2447
0.2447
0.2447
0.2447
0.136917
0.2447
0.2447
0.2447
0.233339
0.2447
0.2447
0.2447
0.2447
0.2447
0.2447
0.2447
0.2447
0.2447
0.0994244
0.2447
0.2447
0.2447
0.2447
0.2447
0.2447
0.2447
0.2447
0.2447
0.2447
0.2447
0.2447
0.2447
0.2447
0.2447
0.0219568
0.2447
0.2447
0.2447
0.2447
0.2447
0.2447
0.2447
0.2447
0.2447
0.2447
0.2447
0.2447
0.2447
0.2447
0.2447
0.2447
0.2447
0.113493
0.2447
0.2447
0.2447
0.2447
0.2447
0.2447
0.2447
0.2447
0.2447
0.217485
0.0535056
0.213997
0.2447
0.2447
0.2447
0.2447
0.2447
0.2447
0.2447
0.2447
0.2447
0.2447
0.21981
0.2447
0.2447
0.2447
0.193893
0.2447
0.2447
0.2447
0.2447
0.2447
0.108141
0.213708
0.2447
0.2447
0.2447
0.2447
0.2447
0.2447
0.2447
0.2447
0.2447
0.2447
0.2447
0.2447
0.2447
0.2447
0.185495
0.2447
0.2447
0.2447
0.2447
0.2447
0.2447
0.0737889
0.2447
0.2447
0.2447
0.2447
0.2447
0.189163
0.192485
0.2447
0.2447
0.2447
0.11067
0.2447
0.2447
0.2447
0.2447
0.2447
0.0128462
0.0972898
0.2447
0.2447
0.2447
0.2447
0.2447
0.180722
0.2447
0.2447
0.2447
0.2447
0.2447
0.170059
0.2447
0.2447
0.2447
0.2447
0.2447
0.2447
0.2447
0.2447
0.2447
0.2447
0.2447
0.12554
0.2447
0.2447
0.2447
0.2447
0.2447
0.0672651
0.241055
0.2447
0.2447
0.2447
0.2447
0.2447
0.2447
0.2447
0.2447
0.2447
0.2447
0.2447
0.185527
0.2447
0.2447
0.2447
0.2447
0.2447
0.2447
0.2447
0.2447
0.2447
0.2447
0.2447
0.2447
0.2447
0.2447
0.2447
0.2447
0.2447
0.2447
0.2447
0.2447
0.2447
0.2447
0.2447
0.2447
0.2447
0.2447
0.2447
0.2447
0.199215
0.2447
0.2447
0.2447
0.2447
0.2447
0.2447
0.2447
0.2447
0.2447
0.2447
0.2447
0.116281
0.2447
0.2447
0.2447
0.2447
0.2447
0.2447
0.2447
0.2447
0.2447
0.2447
0.2447
0.2447
0.2447
0.2447
0.2447
0.2447
0.2447
0.2447
0.2447
0.2447
0.0456267
0.161737
0.2447
0.2447
0.2447
0.2447
0.2447
0.2447
0.2447
0.2447
0.2447
0.2447
0.2447
0.2447
0.2447
0.2447
0.2447
0.145151
0.2447
0.2447
0.2447
0.2447
0.2447
0.226897
0.2447
0.2447
0.2447
0.233061
0.2447
0.2447
0.2447
0.206097
0.212727
0.2447
0.2447
0.2447
0.2447
0.2447
0.197445
0.163532
0.2447
0.2447
0.2447
0.2447
0.2447
0.2447
0.2447
0.2447
0.2447
0.2447
0.188055
0.2447
0.2447
0.2447
0.2447
0.205379
0.2447
0.2447
0.199454
0.2447
0.2447
0.2447
0.2447
0.2447
0.2447
0.2447
0.2447
0.2447
0.2447
0.188103
0.2447
0.2447
0.2447
0.2447
0.2447
0.2447
0.12843
0.2447
0.2447
0.114337
0.2447
0.2447
0.2447
0.2447
0.2447
0.2447
0.2447
0.129669
0.207817
0.2447
0.2447
0.2447
0.2447
0.2447
0.2447
0.2447
0.2447
0.2447
0.2447
0.2447
0.0431714
0.2447
0.2447
0.2447
0.2447
0.2447
0.2447
0.2447
0.2447
0.2447
0.2447
0.2447
0.2447
0.2447
0.2447
0.0639984
0.2447
0.2447
0.211856
0.2447
0.2447
0.2447
0.2447
0.2447
0.2447
0.2447
0.2447
0.2447
0.2447
0.2447
0.2447
0.2447
0.2447
0.110002
0.11016
0.2447
0.2447
0.2447
0.2447
0.2447
0.2447
0.2447
0.229556
0.2447
0.2447
0.2447
0.2447
0.2447
0.228404
0.2447
0.219477
0.2447
0.2447
0.2447
0.2447
0.2447
0.2447
0.2447
0.2447
0.130894
0.2447
0.0762271
0.2447
0.2447
0.212068
0.2447
0.0979057
0.2447
0.2447
0.2447
0.2447
0.2447
0.2447
0.2447
0.2447
0.2447
0.2447
0.2447
0.2447
0.2447
0.2447
0.2447
0.201988
0.2447
0.117322
0.2447
0.2447
0.2447
0.209381
0.2447
0.2447
0.2447
0.2447
0.2447
0.2447
0.2447
0.2447
0.2447
0.124555
0.2447
0.127674
0.2447
0.2447
0.2447
0.2447
0.2447
0.2447
0.2447
0.2447
0.18357
0.2447
0.2447
0.162483
0.2447
0.2447
0.235706
0.213138
0.2447
0.2447
0.2447
0.2447
0.2447
0.2447
0.2447
0.2447
0.2447
0.2447
0.2447
0.00893303
0.2447
0.2447
0.2447
0.2447
0.2447
0.2447
0.2447
0.195367
0.208035
0.2447
0.218016
0.2447
0.2447
0.2447
0.174339
0.2447
0.2447
0.2447
0.2447
0.2447
0.2447
0.2447
0.2447
0.0713757
0.2447
0.2447
0.2447
0.2447
0.2447
0.218708
0.2447
0.2447
0.166615
0.2447
0.2447
0.2447
0.2447
0.2447
0.183143
0.0209813
0.167426
0.2447
0.2447
0.2447
0.2447
0.2447
0.2447
0.2447
0.182269
0.2447
0.2447
0.2447
0.2447
0.2447
0.2447
0.2447
0.2447
0.2447
0.2447
0.2447
0.2447
0.2447
0.216393
0.2447
0.2447
0.2447
0.2447
0.0264409
0.104176
0.2447
0.2447
0.2447
0.2447
0.2447
0.2447
0.2447
0.2447
0.101508
0.2447
0.2447
0.2447
0.2447
0.2447
0.21609
0.2447
0.2447
0.106816
0.2447
0.2447
0.2447
0.2447
0.2447
0.2447
0.2447
0.2447
0.2447
0.2447
0.2447
0.2447
0.2447
0.2447
0.2447
0.2447
0.2447
0.2447
0.2447
0.226262
0.2447
0.2447
0.2447
0.2447
0.132001
0.2447
0.2447
0.2447
0.0970891
0.2447
0.2447
0.2447
0.2447
0.2447
0.2447
0.2447
0.2447
0.113295
0.2447
0.2447
0.2447
0.2447
0.2447
0.2447
0.2447
0.2447
0.2447
0.2447
0.240965
0.2447
0.2447
0.2447
0.125121
0.2447
0.2447
0.2447
0.179936
0.2447
0.2447
0.2447
0.2447
0.2447
0.222802
0.2447
0.2447
0.2447
0.2447
0.2447
0.2447
0.2447
0.2447
0.2447
0.0684762
0.2447
0.2447
0.2447
0.2447
0.2447
0.165328
0.2447
0.2447
0.2447
0.2447
0.14219
0.2447
0.2447
0.2447
0.197772
0.2447
0.2447
0.2447
0.2447
0.0129665
0.2447
0.2447
0.2447
0.2447
0.201404
0.2447
0.10047
0.216393
0.2447
0.0981286
0.205016
0.2447
0.2447
0.2447
0.2447
0.2447
0.2447
0.2447
0.2447
0.0924462
0.2447
0.2447
0.2447
0.2447
0.2447
0.2447
0.2447
0.2447
0.183603
0.2447
0.2447
0.2447
0.2447
0.2447
0.2447
0.2447
0.2447
0.0466841
0.2447
0.00440634
0.2447
0.2447
0.2447
0.0289166
0.16992
0.2447
0.24225
0.106961
0.2447
0.2447
0.2447
0.2447
0.2447
0.2447
0.2447
0.2447
0.2447
0.2447
0.2447
0.22262
0.2447
0.2447
0.2447
0.2447
0.2447
0.2447
0.2447
0.2447
0.2447
0.2447
0.23762
0.2447
0.203404
0.2447
0.2447
0.2447
0.2447
0.2447
0.2447
0.2447
0.2447
0.173174
0.2447
0.2447
0.2447
0.2447
0.00441103
0.2447
0.2447
0.2447
0.214694
0.197869
0.2447
0.2447
0.2447
0.238096
0.2447
0.2447
0.2447
0.2447
0.2447
0.0137456
0.146786
0.2447
0.2447
0.117107
0.2447
0.2447
0.21609
0.2447
0.2447
0.2447
0.2447
0.2447
0.2447
0.2447
0.2447
0.212906
0.2447
0.2447
0.195326
0.0280822
0.2447
0.2447
0.2447
0.229173
0.2447
0.0937643
0.2447
0.2447
0.2447
0.148702
0.2447
0.2447
0.2447
0.2447
0.214548
0.2447
0.241204
0.2447
0.2447
0.2447
0.2447
0.2447
0.2447
0.2447
0.2447
0.2447
0.2447
0.2447
0.2447
0.2447
0.2447
0.2447
0.2447
0.2447
0.2447
0.2447
0.224613
0.130588
0.2447
0.2447
0.2447
0.2447
0.2447
0.2447
0.2447
0.0791536
0.2447
0.138105
0.2447
0.2447
0.2447
0.2447
0.2447
0.2447
0.182205
0.2447
0.188726
0.2447
0.2447
0.2447
0.2447
0.113685
0.2447
0.2447
0.2447
0.2447
0.2447
0.2447
0.2447
0.2447
0.2447
0.2447
0.223217
0.2447
0.2447
0.2447
0.2447
0.2447
0.2447
0.2447
0.2447
0.2447
0.2447
0.2447
0.2447
0.2447
0.2447
0.2447
0.223809
0.2447
0.2447
0.154495
0.128279
0.2447
0.2447
0.2447
0.2447
0.2447
0.2447
0.2447
0.2447
0.216393
0.2447
0.2447
0.171937
0.2447
0.2447
0.2447
0.2447
0.2447
0.2447
0.0858533
0.2447
0.2447
0.2447
0.2447
0.2447
0.2447
0.2447
0.2447
0.2447
0.2447
0.230917
0.2447
0.2447
0.0332457
0.2447
0.2447
0.2447
0.2447
0.2447
0.0303977
0.2447
0.2447
0.2447
0.201579
0.2447
0.2447
0.2447
0.2447
0.224568
0.2447
0.2447
0.2447
0.2447
0.2447
0.2447
0.2447
0.2447
0.2447
0.2447
0.2447
0.2447
0.177765
0.2447
0.2447
0.2447
0.2447
0.2447
0.2447
0.2447
0.110269
0.2447
0.2447
0.2447
0.107163
0.0434868
0.2447
0.2447
0.2447
0.2447
0.2447
0.2447
0.138983
0.2447
0.195143
0.2447
0.2447
0.2447
0.098393
0.2447
0.2447
0.2447
0.2447
0.2447
0.2447
0.2447
0.2447
0.2447
0.2447
0.2447
0.2447
0.2447
0.2447
0.2447
0.2447
0.2447
0.194092
0.2447
0.2447
0.047684
0.2447
0.2447
0.2447
0.2447
0.2447
0.2447
0.112455
0.2447
0.2447
0.2447
0.2447
0.0972267
0.203498
0.118116
0.2447
0.01641
0.2447
0.166183
0.2447
0.236376
0.2447
0.2447
0.2447
0.2447
0.2447
0.2447
0.2447
0.2447
0.2447
0.0249905
0.2447
0.2447
0.2447
0.102391
0.2447
0.2447
0.2447
0.2447
0.239928
0.2447
0.2447
0.2447
0.2447
0.242009
0.2447
0.2447
0.2447
0.2447
0.2447
0.2447
0.2447
0.2447
0.2447
0.2447
0.2447
0.2447
0.2447
0.0745487
0.2447
0.11813
0.0867077
0.2447
0.2447
0.2447
0.2447
0.2447
0.1731
0.2447
0.2447
0.2447
0.2447
0.2447
0.2447
0.2447
0.2447
0.2447
0.0133484
0.2447
0.2447
0.043835
0.2447
0.2447
0.2447
0.2447
0.2447
0.12834
0.00146223
0.2447
0.2447
0.2447
0.2447
0.2447
0.2447
0.2447
0.2447
0.2447
0.2447
0.2447
0.2447
0.2447
0.0426943
0.2447
0.0825372
0.2447
0.2447
0.2447
0.2447
0.2447
0.00986945
0.2447
0.2447
0.0464991
0.2447
0.2447
0.2447
0.22139
0.2447
0.2447
0.2447
0.2447
0.2447
0.2447
0.2447
0.2447
0.2447
0.2447
0.2447
0.2447
0.2447
0.2447
0.231882
0.2447
0.2447
0.2447
0.2447
0.2447
0.2447
0.0178237
0.2447
0.2447
0.2447
0.2447
0.2447
0.112263
0.2447
0.2447
0.2447
0.2447
0.2447
0.2447
0.2447
0.2447
0.2447
0.2447
0.2447
0.216363
0.2447
0.2447
0.2447
0.119213
0.2447
0.2447
0.2447
0.2447
0.175164
0.197304
0.2447
0.2447
0.0370128
0.100301
0.2447
0.0342557
0.018201
0.2447
0.2447
0.2447
0.153349
0.2447
0.215188
0.2447
0.2447
0.2447
0.2447
0.2447
0.2447
0.2447
0.183906
0.2447
0.0189302
0.2447
0.110032
0.2447
0.234555
0.2447
0.0363961
0.180166
0.2447
0.2447
0.2447
0.2447
0.2447
0.2447
0.2447
0.2447
0.2447
0.2447
0.2447
0.2447
0.0478071
0.2447
0.2447
0.2447
0.2447
0.2447
0.2447
0.103753
0.2447
0.2447
0.2447
0.2447
0.2447
0.185356
0.2447
0.2447
0.2447
0.2447
0.2447
0.117374
0.0772367
0.21609
0.2447
0.0700317
0.2447
0.2447
0.2447
0.2447
0.2447
0.2447
0.2447
0.2447
0.2447
0.2447
0.169583
0.2447
0.0150443
0.2447
0.2447
0.2447
0.2447
0.2447
0.2447
0.2447
0.2447
0.0801087
0.131091
0.2447
0.177993
0.2447
0.2447
0.2447
0.048295
0.2447
0.2447
0.2447
0.2447
0.2447
0.2447
0.2447
0.2447
0.2447
0.2447
0.2447
0.2447
0.2447
0.2447
0.2447
0.2447
0.2447
0.2447
0.2447
0.2447
0.2447
0.216393
0.2447
0.137335
0.2447
0.2447
0.2447
0.2447
0.2447
0.2447
0.2447
0.2447
0.2447
0.193866
0.0582103
0.2447
0.0344384
0.2447
0.2447
0.2447
0.2447
0.2447
0.2447
0.2447
0.2447
0.2447
0.2447
0.216091
0.2447
0.2447
0.0593136
0.2447
0.2447
0.2447
0.2447
0.2447
0.2447
0.0473677
0.2447
0.2447
0.145742
0.2447
0.2447
0.2447
0.2447
0.2447
0.2447
0.2447
0.2447
0.2447
0.2447
0.2447
0.2447
0.2447
0.2447
0.2447
0.232021
0.2447
0.2447
0.2447
0.2447
0.2447
0.0548985
0.224598
0.233694
0.2447
0.2447
0.0404057
0.2447
0.2447
0.2447
0.2447
0.2447
0.2447
0.2447
0.2447
0.2447
0.2447
0.201107
0.2447
0.2447
0.2447
0.2447
0.0887414
0.2447
0.2447
0.2447
0.2447
0.2447
0.2447
0.2447
0.235006
0.2447
0.2447
0.2447
0.2447
0.2447
0.2447
0.2447
0.2447
0.2447
0.2447
0.2447
0.2447
0.2447
0.2447
0.2447
0.2447
0.2447
0.2447
0.2447
0.2447
0.2447
0.2447
0.2447
0.2447
0.2447
0.2447
0.2447
0.2447
0.222906
0.0969425
0.2447
0.2447
0.2447
0.2447
0.116409
0.2447
0.2447
0.103832
0.2447
0.2447
0.2447
0.2447
0.2447
0.2447
0.2447
0.2447
0.2447
0.2447
0.208189
0.2447
0.2447
0.2447
0.2447
0.2447
0.2447
0.2447
0.0123197
0.2447
0.2447
0.2447
0.0203723
0.118743
0.2447
0.2447
0.2447
0.2447
0.0178538
0.2447
0.2447
0.228911
0.2447
0.2447
0.154275
0.2447
0.0474509
0.2447
0.2447
0.2447
0.2447
0.2447
0.2447
0.2447
0.2447
0.002614
0.2447
0.2447
0.2447
0.2447
0.2447
0.2447
0.2447
0.120094
0.163595
0.2447
0.2447
0.130728
0.2447
0.2447
0.2447
0.2447
0.2447
0.2447
0.2447
0.2447
0.2447
0.2447
0.2447
0.2447
0.2447
0.2447
0.2447
0.2447
0.2447
0.2447
0.2447
0.2447
0.2447
0.2447
0.2447
0.2447
0.2447
0.2447
0.2447
0.2447
0.2447
0.2447
0.0324009
0.19995
0.144751
0.2447
0.2447
0.2447
0.2447
0.176455
0.2447
0.2447
0.2447
0.2447
0.2447
0.2447
0.108119
0.2447
0.2447
0.221118
0.120998
0.2447
0.2447
0.2447
0.183795
0.2447
0.2447
0.2447
0.2447
0.2447
0.2447
0.2447
0.2447
0.2447
0.113384
0.2447
0.2447
0.2447
0.2447
0.2447
0.2447
0.2447
0.222744
0.2447
0.2447
0.2447
0.22868
0.2447
0.2447
0.2447
0.138917
0.125996
0.197039
0.2447
0.2447
0.2447
0.2447
0.2447
0.131826
0.2447
0.2447
0.2447
0.2447
0.2447
0.2447
0.213406
0.2447
0.2447
0.2447
0.2447
0.2447
0.2447
0.2447
0.2447
0.2447
0.2447
0.00432002
0.2447
0.2447
0.22237
0.2447
0.2447
0.2447
0.2447
0.2447
0.2447
0.2447
0.2447
0.2447
0.24193
0.189833
0.2447
0.2447
0.2447
0.2447
0.2447
0.2447
0.2447
0.2447
0.2447
0.2447
0.2447
0.0260834
0.2447
0.2447
0.2447
0.2447
0.2447
0.2447
0.243778
0.2447
0.0294537
0.24349
0.107914
0.21609
0.116248
0.2447
0.2447
0.2447
0.2447
0.2447
0.2447
0.0521139
0.2447
0.2447
0.2447
0.2447
0.0764292
0.2447
0.2447
0.2447
0.2447
0.2447
0.2447
0.2447
0.2447
0.2447
0.231262
0.2447
0.2447
0.2447
0.2447
0.2447
0.2447
0.0305302
0.2447
0.2447
0.2447
0.2447
0.2447
0.2447
0.2447
0.2447
0.2447
0.2447
0.00632195
0.2447
0.2447
0.0888204
0.2447
0.229805
0.2447
0.2447
0.2447
0.2447
0.2447
0.2447
0.2447
0.015887
0.216598
0.2447
0.2447
0.2447
0.2447
0.2447
0.2447
0.2447
0.2447
0.2447
0.2447
0.2447
0.2447
0.2447
0.0981276
0.00950941
0.2447
0.2447
0.2447
0.2447
0.2447
0.2447
0.2447
0.0198987
0.176411
0.2447
0.2447
0.2447
0.2447
0.2447
0.2447
0.11966
0.2447
0.2447
0.2447
0.2447
0.2447
0.2447
0.174146
0.2447
0.2447
0.0314097
0.2447
0.2447
0.2447
0.0350445
0.2447
0.2447
0.2447
0.221232
0.2447
0.2447
0.2447
0.0053189
0.2447
0.2447
0.151682
0.2447
0.2447
0.2447
0.2447
0.0865258
0.2447
0.108488
0.2447
0.2447
0.2447
0.2447
0.2447
0.2447
0.219022
0.2447
0.2447
0.2447
0.2447
0.117048
0.2447
0.2447
0.2447
0.2447
0.2447
0.2447
0.2447
0.2447
0.2447
0.0950139
0.2447
0.2447
0.226215
0.2447
0.2447
0.2447
0.2447
0.2447
0.2447
0.2447
0.2447
0.2447
0.2447
0.100443
0.2447
0.2447
0.2447
0.2447
0.0292348
0.2447
0.2447
0.208678
0.2447
0.2447
0.2447
0.2447
0.2447
0.2447
0.2447
0.2447
0.2447
0.2447
0.2447
0.2447
0.2447
0.2447
0.2447
0.234409
0.143471
0.2447
0.2447
0.2447
0.2447
0.2447
0.00838183
0.2447
0.2447
0.2447
0.2447
0.2447
0.2447
0.2447
0.2447
0.2447
0.190304
0.0168132
0.2447
0.150027
0.2447
0.2447
0.143266
0.2447
0.2447
0.2447
0.2447
0.2447
0.2447
0.2447
0.2447
0.2447
0.2447
0.128625
0.2447
0.2447
0.2447
0.211923
0.2447
0.2447
0.2447
0.2447
0.184507
0.2447
0.2447
0.2447
0.2447
0.2447
0.2447
0.2447
0.21167
0.178735
0.0143759
0.0380338
0.2447
0.2447
0.2447
0.2447
0.230505
0.2447
0.2447
0.2447
0.2447
0.2447
0.2447
0.2447
0.2447
0.2447
0.2447
0.2447
0.2447
0.2447
0.2447
0.2447
0.2447
0.2447
0.2447
0.0199602
0.2447
0.2447
0.2447
0.2447
0.2447
0.2447
0.2447
0.2447
0.2447
0.2447
0.2447
0.2447
0.2447
0.2447
0.2447
0.2447
0.2447
0.2447
0.2447
0.2447
0.2447
0.190915
0.2447
0.2447
0.109879
0.219874
0.2447
0.2447
0.2447
0.0837115
0.2447
0.2447
0.2447
0.2447
0.2447
0.237949
0.2447
0.2447
0.2447
0.2447
0.2447
0.2447
0.2447
0.2447
0.2447
0.2447
0.2447
0.2447
0.2447
0.2447
0.2447
0.2447
0.2447
0.2447
0.2447
0.2447
0.177189
0.2447
0.2447
0.0669533
0.0297918
0.2447
0.2447
0.2447
0.2447
0.2447
0.112426
0.2447
0.2447
0.2447
0.2447
0.2447
0.2447
0.2447
0.2447
0.2447
0.2447
0.2447
0.2447
0.2447
0.161569
0.2447
0.2447
0.2447
0.2447
0.2447
0.2447
0.2447
0.2447
0.2447
0.2447
0.2447
0.2447
0.2447
0.2447
0.2447
0.2447
0.2447
0.2447
0.2447
0.2447
0.2447
0.200968
0.2447
0.2447
0.2447
0.2447
0.2447
0.2447
0.2447
0.100422
0.2447
0.2447
0.2447
0.2447
0.2447
0.2447
0.2447
0.2447
0.2447
0.000991124
0.2447
0.2447
0.2447
0.212321
0.2447
0.2447
0.2447
0.2447
0.2447
0.2447
0.2447
0.2447
0.212463
0.2447
0.2447
0.2447
0.111419
0.2447
0.2447
0.2447
0.2447
0.2447
0.2447
0.2447
0.2447
0.2447
0.2447
0.2447
0.2447
0.2447
0.0214606
0.2447
0.0227005
0.2447
0.2447
0.2447
0.2447
0.2447
0.2447
0.2447
0.2447
0.2447
0.2447
0.2447
0.2447
0.2447
0.2447
0.2447
0.2447
0.2447
0.2447
0.2447
0.2447
0.2447
0.2447
0.2447
0.2447
0.0410459
0.0884737
0.2447
0.2447
0.2447
0.2447
0.2447
0.2447
0.2447
0.2447
0.2447
0.2447
0.2447
0.2447
0.2447
0.186637
0.2447
0.2447
0.152711
0.2447
0.2447
0.188547
0.2447
0.218641
0.2447
0.2447
0.2447
0.2447
0.2447
0.2447
0.2447
0.0372916
0.2447
0.2447
0.2447
0.2447
0.2447
0.152589
0.2447
0.2447
0.2447
0.2447
0.2447
0.2447
0.233234
0.2447
0.2447
0.2447
0.2447
0.2447
0.2447
0.2447
0.21026
0.175882
0.2447
0.234283
0.2447
0.2447
0.2447
0.2447
0.2447
0.2447
0.2447
0.2447
0.2447
0.2447
0.2447
0.12657
0.2447
0.2447
0.2447
0.2447
0.21609
0.2447
0.191592
0.2447
0.2447
0.2447
0.2447
0.2447
0.2447
0.2447
0.187398
0.2447
0.2447
0.2447
0.217667
0.2447
0.179526
0.2447
0.0630402
0.2447
0.2447
0.230916
0.2447
0.2447
0.00634275
0.2447
0.2447
0.2447
0.197583
0.2447
0.2447
0.2447
0.2447
0.2447
0.2447
0.2447
0.2447
0.2447
0.2447
0.2447
0.2447
0.2447
0.2447
0.2447
0.00705225
0.2447
0.2447
0.2447
0.2447
0.2447
0.19299
0.2447
0.2447
0.2447
0.2447
0.2447
0.2447
0.2447
0.2447
0.2447
0.2447
0.2447
0.2447
0.2447
0.2447
0.2447
0.2447
0.0856929
0.2447
0.2447
0.2447
0.2447
0.197062
0.2447
0.2447
0.2447
0.2447
0.2447
0.2447
0.234762
0.2447
0.2447
0.2447
0.2447
0.2447
0.2447
0.2447
0.241646
0.2447
0.200324
0.0914876
0.2447
0.2447
0.2447
0.2447
0.2447
0.2447
0.2447
0.2447
0.2447
0.2447
0.2447
0.2447
0.2447
0.2447
0.2447
0.2447
0.2179
0.2447
0.2447
0.2447
0.2447
0.2447
0.2447
0.2447
0.2447
0.2447
0.2447
0.2447
0.2447
0.2447
0.2447
0.191625
0.2447
0.2447
0.140982
0.2447
0.2447
0.2447
0.0069009
0.2447
0.2447
0.2447
0.2447
0.0323776
0.178032
0.2447
0.2447
0.2447
0.2447
0.2447
0.2447
0.0445982
0.2447
0.2447
0.2447
0.2447
0.2447
0.2447
0.023814
0.2447
0.2447
0.2447
0.2447
0.2447
0.2447
0.2447
0.2447
0.2447
0.2447
0.2447
0.2447
0.2447
0.2447
0.2447
0.2447
0.2447
0.2447
0.2447
0.127809
0.2447
0.2447
0.2447
0.2447
0.2447
0.0960537
0.2447
0.2447
0.2447
0.2447
0.2447
0.0827171
0.2447
0.2447
0.220539
0.2447
0.2447
0.2447
0.2447
0.2447
0.2447
0.2447
0.2447
0.2447
0.2447
0.2447
0.2447
0.2447
0.232254
0.2447
0.2447
0.2447
0.2447
0.2447
0.2447
0.2447
0.2447
0.2447
0.2447
0.2447
0.2447
0.2447
0.2447
0.2447
0.2447
0.2447
0.2447
0.237108
0.2447
0.2447
0.113482
0.2447
0.2447
0.11748
0.2447
0.2447
0.2447
0.2447
0.2447
0.2447
0.0867583
0.0824154
0.2447
0.2447
0.0236954
0.2447
0.2447
0.2447
0.2447
0.2447
0.2447
0.2447
0.2447
0.2447
0.2447
0.2447
0.2447
0.2447
0.2447
0.2447
0.2447
0.2447
0.2447
0.2447
0.2447
0.2447
0.2447
0.2447
0.2447
0.2447
0.2447
0.2447
0.2447
0.2447
0.242238
0.2447
0.2447
0.2447
0.2447
0.2447
0.210414
0.0544967
0.2447
0.0499612
0.2447
0.172732
0.2447
0.042099
0.2447
0.2447
0.2447
0.2447
0.2447
0.2447
0.2447
0.2447
0.2447
0.2447
0.237546
0.2447
0.2447
0.2447
0.0130329
0.2447
0.2447
0.2447
0.212406
0.2447
0.2447
0.2447
0.2447
0.2447
0.2447
0.2447
0.2447
0.2447
0.212772
0.185996
0.2447
0.2447
0.2447
0.2447
0.00517613
0.2447
0.2447
0.0709938
0.2447
0.2447
0.2447
0.2447
0.2447
0.2447
0.2447
0.2447
0.2447
0.102529
0.233235
0.2447
0.2447
0.2447
0.2447
0.2447
0.0890836
0.2447
0.2447
0.2447
0.2447
0.0948714
0.160122
0.2447
0.2447
0.2447
0.127926
0.2447
0.109348
0.2447
0.2447
0.2447
0.2447
0.2447
0.2447
0.2447
0.2447
0.2447
0.0064178
0.2447
0.2447
0.2447
0.2447
0.2447
0.2447
0.2447
0.201461
0.2447
0.2447
0.2447
0.2447
0.2447
0.2447
0.2447
0.2447
0.20984
0.2447
0.2447
0.11868
0.2447
0.2447
0.2447
0.2447
0.209774
0.2447
0.2447
0.2447
0.2447
0.2447
0.2447
0.2447
0.2447
0.2447
0.2447
0.2447
0.2447
0.2447
0.2447
0.2447
0.118617
0.2447
0.2447
0.0802926
0.2447
0.2447
0.2447
0.110734
0.2447
0.2447
0.2447
0.2447
0.2447
0.2447
0.2447
0.2447
0.2447
0.2447
0.2447
0.2447
0.106984
0.2447
0.216393
0.2447
0.2447
0.2447
0.2447
0.2447
0.2447
0.0952972
0.21281
0.0306888
0.2447
0.2447
0.2447
0.2447
0.2447
0.2447
0.2447
0.2447
0.2447
0.2447
0.2447
0.2447
0.2447
0.2447
0.218329
0.2447
0.2447
0.2447
0.2447
0.2447
0.2447
0.2447
0.2447
0.2447
0.2447
0.242587
0.2447
0.2447
0.2447
0.2447
0.0121496
0.2447
0.2447
0.2447
0.2447
0.2447
0.2447
0.2447
0.2447
0.2447
0.2447
0.2447
0.191902
0.00157127
0.2447
0.2447
0.2447
0.2447
0.2447
0.2447
0.2447
0.2447
0.2447
0.2447
0.2447
0.2447
0.2447
0.2447
0.00659832
0.2447
0.2447
0.2447
0.2447
0.2447
0.2447
0.2447
0.2447
0.2447
0.2447
0.2447
0.2447
0.2447
0.2447
0.2447
0.2447
0.2447
0.2447
0.2447
0.0314318
0.2447
0.2447
0.2447
0.2447
0.2447
0.2447
0.2447
0.2447
0.2447
0.2447
0.2447
0.2447
0.2447
0.2447
0.243678
0.0990946
0.2447
0.2447
0.2447
0.2447
0.2447
0.2447
0.0324197
0.2447
0.2447
0.2447
0.2447
0.2447
0.2447
0.0231313
0.2447
0.2447
0.203661
0.2447
0.2447
0.2447
0.2447
0.2447
0.2447
0.2447
0.2447
0.117416
0.2447
0.2447
0.2447
0.2447
0.2447
0.2447
0.111744
0.2447
0.2447
0.0111311
0.2447
0.2447
0.2447
0.2447
0.2447
0.2447
0.2447
0.2447
0.2447
0.2447
0.2447
0.2447
0.2447
0.2447
0.2447
0.2447
0.212392
0.2447
0.2447
0.2447
0.2447
0.2447
0.2447
0.2447
0.2447
0.190046
0.2447
0.2447
0.2447
0.22887
0.2447
0.202864
0.202171
0.0366019
0.2447
0.2447
0.2447
0.2447
0.2447
0.2447
0.2447
0.188554
0.2447
0.2447
0.2447
0.2447
0.2447
0.2447
0.0142949
0.2447
0.2447
0.2447
0.2447
0.2447
0.0847964
0.2447
0.230645
0.2447
0.2447
0.2447
0.2447
0.2447
0.2447
0.2447
0.0279697
0.2447
0.2447
0.2447
0.142897
0.2447
0.2447
0.230061
0.2447
0.2447
0.2447
0.2447
0.2447
0.2447
0.2447
0.2447
0.2447
0.224366
0.2447
0.0307373
0.2447
0.2447
0.217144
0.2447
0.2447
0.2447
0.2447
0.21609
0.201988
0.0663486
0.2447
0.2447
0.2447
0.2447
0.2447
0.2447
0.2447
0.2447
0.2447
0.2447
0.2447
0.2447
0.119227
0.2447
0.2447
0.2447
0.2447
0.2447
0.2447
0.0675244
0.118993
0.2447
0.2447
0.2447
0.2447
0.2447
0.2447
0.2447
0.2447
0.2447
0.2447
0.2447
0.2447
0.128968
0.2447
0.2447
0.2447
0.180773
0.2447
0.2447
0.214463
0.2447
0.2447
0.2447
0.2447
0.2447
0.2447
0.2447
0.2447
0.183415
0.2447
0.2447
0.143715
0.2447
0.2447
0.22588
0.2447
0.2447
0.119194
0.2447
0.0809826
0.2447
0.2447
0.2447
0.2447
0.2447
0.2447
0.2447
0.2447
0.2447
0.2447
0.2447
0.2447
0.10801
0.2447
0.2447
0.2447
0.2447
0.2447
0.2447
0.212406
0.2447
0.2447
0.2447
0.2447
0.2447
0.2447
0.2447
0.2447
0.112197
0.2447
0.2447
0.2447
0.2447
0.2447
0.2447
0.2447
0.2447
0.0695413
0.2447
0.2447
0.2447
0.2447
0.115497
0.2447
0.2447
0.2447
0.2447
0.2447
0.118724
0.2447
0.198223
0.2447
0.2447
0.2447
0.2447
0.2447
0.202022
0.191206
0.2447
0.2447
0.2447
0.2447
0.2447
0.2447
0.2447
0.2447
0.2447
0.176311
0.2447
0.2447
0.2447
0.2447
0.2447
0.0403143
0.2447
0.2447
0.2447
0.2447
0.2447
0.2447
0.0339672
0.2447
0.2447
0.2447
0.2447
0.2447
0.0365019
0.2447
0.2447
0.2447
0.2447
0.2447
0.2447
0.2447
0.2447
0.2447
0.2447
0.2447
0.2447
0.2447
0.2447
0.2447
0.2447
0.2447
0.2447
0.178802
0.2447
0.2447
0.2447
0.2447
0.2447
0.2447
0.0683232
0.2447
0.2447
0.2447
0.2447
0.2447
0.2447
0.237451
0.2447
0.2447
0.2447
0.2447
0.2447
0.2447
0.2447
0.2447
0.2447
0.2447
0.2447
0.2447
0.0989497
0.131929
0.2447
0.0609289
0.2447
0.2447
0.2447
0.2447
0.2447
0.2447
0.2447
0.2447
0.2447
0.2447
0.142664
0.2447
0.2447
0.2447
0.2447
0.2447
0.2447
0.2447
0.2447
0.2447
0.2447
0.2447
0.2447
0.2447
0.2447
0.2447
0.2447
0.109306
0.237054
0.2447
0.2447
0.2447
0.2447
0.2447
0.2447
0.2447
0.0637388
0.2447
0.2447
0.0981502
0.2447
0.2447
0.0680417
0.2447
0.2447
0.0524277
0.2447
0.2447
0.2447
0.2447
0.2447
0.2447
0.178523
0.2447
0.185565
0.0886334
0.2447
0.2447
0.2447
0.2447
0.2447
0.2447
0.2447
0.2447
0.2447
0.2447
0.0304887
0.2447
0.2447
0.2447
0.2447
0.2447
0.2447
0.2447
0.2447
0.2447
0.189368
0.2447
0.2447
0.2447
0.2447
0.2447
0.2447
0.2447
0.2447
0.2447
0.2447
0.2447
0.0122986
0.2447
0.2447
0.2447
0.2447
0.2447
0.2447
0.2447
0.2447
0.2447
0.21336
0.0298871
0.2447
0.193137
0.2447
0.2447
0.2447
0.2447
0.2447
0.2447
0.241072
0.2447
0.2447
0.2447
0.2447
0.2447
0.2447
0.2447
0.2447
0.0961191
0.2447
0.2447
0.2447
0.2447
0.2447
0.2447
0.2447
0.2447
0.0431764
0.2447
0.2447
0.2447
0.2447
0.111611
0.2447
0.2447
0.2447
0.2447
0.2447
0.2447
0.2447
0.2447
0.2447
0.2447
0.2447
0.2447
0.0140796
0.2447
0.2447
0.244295
0.217224
0.2447
0.2447
0.2447
0.2447
0.2447
0.2447
0.2447
0.20303
0.2447
0.2447
0.2447
0.2447
0.2447
0.2447
0.0534058
0.2447
0.2447
0.2447
0.2447
0.2447
0.2447
0.2447
0.2447
0.2447
0.2447
0.2447
0.2447
0.2447
0.118301
0.2447
0.2447
0.2447
0.00819379
0.2447
0.243681
0.0284819
0.2447
0.2447
0.2447
0.2447
0.2447
0.2447
0.2447
0.2447
0.2447
0.00971009
0.2447
0.2447
0.2447
0.2447
0.211216
0.2447
0.2447
0.2447
0.2447
0.2447
0.105697
0.2447
0.2447
0.2447
0.2447
0.2447
0.2447
0.2447
0.2447
0.2447
0.234509
0.2447
0.2447
0.2447
0.2447
0.2447
0.2447
0.2447
0.2447
0.2447
0.2447
0.2447
0.2447
0.0206939
0.2447
0.2447
0.241461
0.2447
0.2447
0.2447
0.2447
0.2447
0.2447
0.2447
0.2447
0.2447
0.2447
0.205435
0.2447
0.2447
0.2447
0.2447
0.2447
0.2447
0.2447
0.2447
0.2447
0.2447
0.2447
0.2447
0.217198
0.2447
0.227771
0.2447
0.2447
0.2447
0.2447
0.2447
0.2447
0.2447
0.2447
0.2447
0.2447
0.200113
0.2447
0.2447
0.212406
0.2447
0.2447
0.2447
0.2447
0.2447
0.2447
0.2447
0.2447
0.2447
0.2447
0.2447
0.2447
0.2447
0.2447
0.2447
0.2447
0.2447
0.0450194
0.0961274
0.2447
0.2447
0.2447
0.2447
0.2447
0.2447
0.2447
0.2447
0.2447
0.2447
0.2447
0.217245
0.2447
0.174008
0.2447
0.2447
0.2447
0.0949585
0.2447
0.133476
0.2447
0.0580488
0.2447
0.2447
0.00739962
0.2447
0.2447
0.2447
0.2447
0.2447
0.2447
0.2447
0.240985
0.2447
0.239238
0.2447
0.2447
0.2447
0.2447
0.2447
0.2447
0.194971
0.191557
0.2447
0.2447
0.2447
0.2447
0.2447
0.2447
0.2447
0.2447
0.2447
0.2447
0.2447
0.2447
0.2447
0.2447
0.2447
0.2447
0.116595
0.2447
0.2447
0.2447
0.2447
0.2447
0.2447
0.2447
0.110817
0.2447
0.2447
0.2447
0.2447
0.2447
0.243659
0.2447
0.2447
0.2447
0.2447
0.115212
0.2447
0.2447
0.2447
0.2447
0.0669638
0.2447
0.2447
0.2447
0.172382
0.2447
0.205066
0.2447
0.2447
0.2447
0.2447
0.2447
0.2447
0.2447
0.2447
0.2447
0.2447
0.2447
0.2447
0.2447
0.2447
0.2447
0.2447
0.2447
0.184266
0.2447
0.0389913
0.2447
0.2447
0.2447
0.2447
0.2447
0.2447
0.2447
0.2447
0.2447
0.2447
0.2447
0.2447
0.132621
0.2447
0.2447
0.0464341
0.2447
0.2447
0.175993
0.0180252
0.119487
0.2447
0.2447
0.2447
0.2447
0.2447
0.2447
0.2447
0.2447
0.220768
0.2447
0.2447
0.2447
0.127571
0.2447
0.2447
0.146722
0.2447
0.2447
0.2447
0.2447
0.2447
0.2447
0.2447
0.2447
0.00543081
0.2447
0.2447
0.2447
0.2447
0.2447
0.2447
0.2447
0.2447
0.2447
0.2447
0.2447
0.2447
0.2447
0.2447
0.2447
0.2447
0.2447
0.2447
0.2447
0.224005
0.2447
0.2447
0.2447
0.2447
0.2447
0.2447
0.2447
0.2447
0.2447
0.2447
0.2447
0.2447
0.116549
0.2447
0.2447
0.2447
0.2447
0.2447
0.2447
0.2447
0.224604
0.2447
0.2447
0.2447
0.2447
0.174472
0.2447
0.2447
0.2447
0.2447
0.117863
0.113307
0.115499
0.2447
0.0183179
0.2447
0.2447
0.2447
0.2447
0.2447
0.2447
0.2447
0.2447
0.2447
0.2447
0.2447
0.2447
0.2447
0.229214
0.098306
0.2447
0.2447
0.2447
0.2447
0.2447
0.2447
0.2447
0.2447
0.0357885
0.2447
0.2447
0.2447
0.2447
0.2447
0.2447
0.2447
0.2447
0.2447
0.2447
0.2447
0.2447
0.2447
0.2447
0.2447
0.2447
0.2447
0.2447
0.2447
0.2447
0.2447
0.2447
0.2447
0.2447
0.2447
0.2447
0.2447
0.2447
0.0204567
0.2447
0.2447
0.2447
0.2447
0.2447
0.2447
0.2447
0.2447
0.2447
0.2447
0.228302
0.2447
0.2447
0.2447
0.2447
0.2447
0.2447
0.2447
0.2447
0.2447
0.2447
0.2447
0.2447
0.0133409
0.2447
0.2447
0.2447
0.2447
0.2447
0.2447
0.2447
0.2447
0.2447
0.2447
0.2447
0.2447
0.2447
0.2447
0.2447
0.234466
0.2447
0.2447
0.2447
0.194327
0.2447
0.0799052
0.2447
0.2447
0.2447
0.159755
0.2447
0.2447
0.2447
0.0601429
0.2447
0.2447
0.2447
0.2447
0.2447
0.2447
0.2447
0.2447
0.2447
0.2447
0.196539
0.132454
0.2447
0.2447
0.2447
0.2447
0.22942
0.2447
0.2447
0.159119
0.000216483
0.2447
0.2447
0.2447
0.2447
0.2447
0.2447
0.2447
0.238071
0.2447
0.2447
0.2447
0.2447
0.2447
0.2447
0.2447
0.2447
0.111988
0.2447
0.2447
0.2447
0.2447
0.2447
0.2447
0.206506
0.2447
0.2447
0.2447
0.2447
0.0102697
0.0765808
0.2447
0.2447
0.2447
0.20274
0.1922
0.2447
0.2447
0.2447
0.2447
0.102018
0.0518854
0.2447
0.2447
0.2447
0.2447
0.2447
0.2447
0.2447
0.2447
0.2447
0.2447
0.2447
0.2447
0.2447
0.2447
0.2447
0.2447
0.2447
0.2447
0.225896
0.2447
0.2447
0.2447
0.2447
0.2447
0.2447
0.2447
0.2447
0.2447
0.2447
0.2447
0.2447
0.121462
0.2447
0.2447
0.2447
0.2447
0.116322
0.2447
0.2447
0.2447
0.2447
0.2447
0.2447
0.2447
0.2447
0.2447
0.2447
0.2447
0.2447
0.162091
0.2447
0.2447
0.2447
0.2447
0.2447
0.2447
0.205378
0.0552346
0.2447
0.2447
0.2447
0.2447
0.2447
0.2447
0.2447
0.2447
0.2447
0.2447
0.2447
0.2447
0.2447
0.2447
0.2447
0.2447
0.2447
0.2447
0.2447
0.2447
0.2447
0.2447
0.2447
0.2447
0.2447
0.2447
0.2447
0.2447
0.2447
0.0345268
0.2447
0.2447
0.0405556
0.2447
0.2447
0.2447
0.2447
0.2447
0.2447
0.2447
0.0284659
0.2447
0.2447
0.189691
0.2447
0.2447
0.2447
0.2447
0.2447
0.0963053
0.2447
0.2447
0.135766
0.2447
0.2447
0.2447
0.2447
0.2447
0.2447
0.2447
0.2447
0.2447
0.2447
0.2447
0.164903
0.2447
0.2447
0.2447
0.2447
0.2447
0.2447
0.231786
0.2447
0.2447
0.2447
0.2447
0.2447
0.2447
0.2447
0.2447
0.2447
0.2447
0.2447
0.22915
0.2447
0.21609
0.2447
0.2447
0.2447
0.2447
0.0403508
0.2447
0.2447
0.2447
0.2447
0.2447
0.2447
0.2447
0.2447
0.2447
0.2447
0.2447
0.2447
0.2447
0.2447
0.2447
0.2447
0.2447
0.2447
0.2447
0.2447
0.2447
0.2447
0.2447
0.2447
0.2447
0.2447
0.2447
0.2447
0.2447
0.2447
0.2447
0.2447
0.2447
0.2447
0.2447
0.2447
0.2447
0.2447
0.16928
0.2447
0.2447
0.182817
0.2447
0.0153618
0.126487
0.116927
0.2447
0.2447
0.2447
0.2447
0.2447
0.2447
0.2447
0.2447
0.2447
0.2447
0.2447
0.2447
0.2447
0.2447
0.2447
0.2447
0.2447
0.211004
0.216393
0.2447
0.2447
0.2447
0.2447
0.2447
0.21609
0.2447
0.2447
0.2447
0.2447
0.2447
0.185159
0.2447
0.2447
0.2447
0.2447
0.2447
0.2447
0.2447
0.2447
0.2447
0.2447
0.2447
0.212406
0.2447
0.099904
0.2447
0.2447
0.2447
0.2447
0.2447
0.2447
0.2447
0.20778
0.210405
0.0942159
0.2447
0.2447
0.2447
0.155491
0.2447
0.2447
0.2447
0.2447
0.2447
0.2447
0.2447
0.2447
0.214292
0.2447
0.0916459
0.2447
0.111916
0.2447
0.2447
0.213289
0.2447
0.2447
0.2447
0.243193
0.2447
0.2447
0.2447
0.2447
0.2447
0.2447
0.2447
0.2447
0.2447
0.2447
0.2447
0.2447
0.0232445
0.2447
0.2447
0.2447
0.024707
0.2447
0.2447
0.2447
0.2447
0.2447
0.2447
0.2447
0.2447
0.2447
0.2447
0.2447
0.2447
0.2447
0.212258
0.2447
0.217965
0.2447
0.0173163
0.2447
0.2447
0.2447
0.2447
0.2447
0.2447
0.2447
0.2447
0.2447
0.2447
0.2447
0.2447
0.2447
0.2447
0.2447
0.2447
0.212463
0.2447
0.2447
0.2447
0.2447
0.0839467
0.2447
0.2447
0.2447
0.2447
0.2447
0.115795
0.2447
0.2447
0.2447
0.2447
0.2447
0.2447
0.2447
0.165042
0.2447
0.00398611
0.2447
0.2447
0.11255
0.2447
0.2447
0.2447
0.2447
0.2447
0.2447
0.2447
0.2447
0.2447
0.2447
0.2447
0.2447
0.2447
0.2447
0.2447
0.2447
0.2447
0.2447
0.2447
0.2447
0.2447
0.2447
0.192886
0.2447
0.2447
0.2447
0.2447
0.2447
0.00437514
0.2447
0.2447
0.2447
0.2447
0.2447
0.2447
0.2447
0.2447
0.2447
0.2447
0.0425319
0.117454
0.2447
0.2447
0.2447
0.0997296
0.2447
0.2447
0.21822
0.2447
0.078585
0.2447
0.2447
0.2447
0.2447
0.2447
0.217989
0.2447
0.192141
0.160649
0.2447
0.201807
0.2447
0.2447
0.2447
0.243546
0.0280575
0.2447
0.0433643
0.2447
0.2447
0.0317685
0.2447
0.2447
0.2447
0.2447
0.2447
0.2447
0.2447
0.215519
0.2447
0.2447
0.2447
0.2447
0.212165
0.2447
0.2447
0.2447
0.2447
0.2447
0.21406
0.2447
0.2447
0.235621
0.2447
0.2447
0.2447
0.2447
0.2447
0.2447
0.110391
0.2447
0.2447
0.2447
0.2447
0.2447
0.2447
0.2447
0.18008
0.2447
0.210603
0.2447
0.2447
0.195326
0.2447
0.2447
0.2447
0.00882087
0.2447
0.230951
0.2447
0.2447
0.2447
0.2447
0.2447
0.2447
0.2447
0.0650913
0.160136
0.2447
0.2447
0.2447
0.110157
0.21024
0.2447
0.0315482
0.0945178
0.2447
0.2447
0.211798
0.2447
0.2447
0.2447
0.2447
0.2447
0.125313
0.116354
0.2447
0.2447
0.2447
0.2447
0.2447
0.2447
0.2447
0.2447
0.195285
0.2447
0.23654
0.104318
0.2447
0.116518
0.2447
0.129808
0.2447
0.2447
0.2447
0.2447
0.2447
0.0171665
0.2447
0.2447
0.2447
0.2447
0.2447
0.239695
0.2447
0.2447
0.2447
0.138744
0.2447
0.2447
0.2447
0.2447
0.2447
0.2447
0.2447
0.2447
0.2447
0.2447
0.2447
0.2447
0.2447
0.2447
0.2447
0.0837106
0.2447
0.2447
0.2447
0.2447
0.2447
0.2447
0.130537
0.2447
0.2447
0.2447
0.209354
0.2447
0.2447
0.2447
0.222267
0.2447
0.2447
0.2447
0.2447
0.2447
0.0168381
0.2447
0.2447
0.2447
0.2447
0.2447
0.196908
0.2447
0.0313269
0.2447
0.2447
0.2447
0.2447
0.151816
0.2447
0.2447
0.2447
0.2447
0.2447
0.2447
0.2447
0.2447
0.2447
0.2447
0.2447
0.2447
0.2447
0.2447
0.2447
0.2447
0.00700641
0.2447
0.2447
0.2447
0.2447
0.2447
0.2447
0.235599
0.2447
0.1206
0.2447
0.2447
0.2447
0.2447
0.2447
0.2447
0.2447
0.2447
0.2447
0.2447
0.2447
0.212463
0.2447
0.2447
0.2447
0.2447
0.2447
0.2447
0.2447
0.126561
0.11797
0.2447
0.2447
0.2447
0.2447
0.2447
0.2447
0.2447
0.2447
0.2447
0.2447
0.2447
0.2447
0.2447
0.127781
0.2447
0.176022
0.2447
0.2447
0.2447
0.2447
0.2447
0.2447
0.148769
0.2447
0.2447
0.2447
0.2447
0.2447
0.2447
0.2447
0.2447
0.2447
0.2447
0.2447
0.2447
0.2447
0.2447
0.2447
0.2447
0.2447
0.2447
0.00368427
0.2447
0.2447
0.2447
0.024271
0.2447
0.2447
0.2447
0.2447
0.2447
0.0422174
0.2447
0.16933
0.2447
0.2447
0.2447
0.241076
0.2447
0.2447
0.2447
0.2447
0.2447
0.2447
0.2447
0.2447
0.2447
0.2447
0.2447
0.2447
0.2447
0.2447
0.2447
0.2447
0.2447
0.2447
0.2447
0.2447
0.0883483
0.2447
0.119641
0.2447
0.2447
0.2447
0.2447
0.179364
0.2447
0.2447
0.2447
0.2447
0.2447
0.2447
0.2447
0.2447
0.113382
0.2447
0.2447
0.2447
0.2447
0.2447
0.2447
0.2447
0.2447
0.058108
0.171755
0.2447
0.2447
0.2447
0.2447
0.155689
0.2447
0.2447
0.2447
0.2447
0.2447
0.2447
0.2447
0.2447
0.2447
0.2447
0.2447
0.0589285
0.2447
0.2447
0.2447
0.2447
0.0158219
0.2447
0.2447
0.2447
0.2447
0.2447
0.2447
0.2447
0.0114091
0.2447
0.2447
0.2447
0.2447
0.150244
0.2447
0.2447
0.2447
0.2447
0.2447
0.2447
0.2447
0.2447
0.2447
0.2447
0.2447
0.240253
0.162166
0.2447
0.2447
0.2447
0.2447
0.2447
0.2447
0.2447
0.2447
0.2447
0.2447
0.2447
0.2447
0.2447
0.2447
0.2447
0.197407
0.2447
0.2447
0.2447
0.2447
0.2447
0.2447
0.18646
0.2447
0.2447
0.2447
0.2447
0.2447
0.2447
0.119351
0.2447
0.2447
0.2447
0.00323045
0.2447
0.2447
0.2447
0.2447
0.2447
0.2447
0.21167
0.2447
0.229684
0.2447
0.2447
0.101899
0.2447
0.2447
0.2447
0.2447
0.2447
0.2447
0.2447
0.242685
0.2447
0.2447
0.2447
0.2447
0.2447
0.2447
0.196528
0.2447
0.2447
0.2447
0.2447
0.2447
0.2447
0.2447
0.2447
0.2447
0.2447
0.12682
0.2447
0.2447
0.2447
0.2447
0.2447
0.2447
0.2447
0.2447
0.2447
0.196284
0.2447
0.0827356
0.2447
0.2447
0.2447
0.2447
0.0338641
0.2447
0.2447
0.2447
0.2447
0.2447
0.2447
0.2447
0.222148
0.2447
0.2447
0.2447
0.2447
0.2447
0.2447
0.21609
0.2447
0.2447
0.2447
0.2447
0.2447
0.2447
0.2447
0.2447
0.2447
0.127928
0.212406
0.2447
0.2447
0.2447
0.2447
0.183611
0.2447
0.2447
0.2447
0.00301561
0.2447
0.2447
0.0164475
0.2447
0.2447
0.2447
0.194034
0.2447
0.2447
0.2447
0.2447
0.2447
0.2447
0.2447
0.2447
0.2447
0.2447
0.0583159
0.2447
0.2447
0.2447
0.2447
0.2447
0.2447
0.0904215
0.2447
0.2447
0.2447
0.2447
0.2447
0.2447
0.2447
0.2447
0.230079
0.2447
0.2447
0.2447
0.2447
0.0994622
0.2447
0.2447
0.2447
0.156817
0.2447
0.2447
0.2447
0.2447
0.2447
0.2447
0.2447
0.2447
0.2447
0.226365
0.2447
0.2447
0.144284
0.2447
0.2447
0.08073
0.2447
0.2447
0.2447
0.2447
0.0162591
0.241572
0.2447
0.173855
0.2447
0.2447
0.2447
0.2447
0.2447
0.2447
0.2447
0.0828432
0.2447
0.2447
0.2447
0.2447
0.2447
0.2447
0.2447
0.2447
0.2447
0.2447
0.2447
0.2447
0.2447
0.2447
0.124336
0.08397
0.2447
0.2447
0.2447
0.2447
0.2447
0.2447
0.2447
0.2447
0.0259134
0.2447
0.2447
0.2447
0.2447
0.2447
0.121159
0.2447
0.2447
0.2447
0.2447
0.2447
0.2447
0.2447
0.2447
0.152603
0.2447
0.2447
0.2447
0.2447
0.2447
0.2447
0.2447
0.2447
0.2447
0.216393
0.2447
0.2447
0.2447
0.2447
0.2447
0.2447
0.2447
0.2447
0.229315
0.2447
0.2447
0.2447
0.0447806
0.2447
0.2447
0.2447
0.2447
0.2447
0.0849352
0.2447
0.2447
0.2447
0.163726
0.11452
0.2447
0.2447
0.2447
0.2447
0.2447
0.2447
0.2447
0.2447
0.2447
0.2447
0.2447
0.2447
0.2447
0.2447
0.216393
0.2447
0.2447
0.2447
0.2447
0.2447
0.2447
0.2447
0.2447
0.2447
0.2447
0.2447
0.2447
0.2447
0.2447
0.2447
0.2447
0.2447
0.2447
0.17531
0.150848
0.10114
0.2447
0.2447
0.2447
0.127811
0.2447
0.2447
0.2447
0.2447
0.2447
0.2447
0.00400434
0.201455
0.2447
0.2447
0.223177
0.2447
0.2447
0.2447
0.2447
0.2447
0.0934065
0.2447
0.2447
0.2447
0.2447
0.2447
0.2447
0.2447
0.2447
0.2447
0.188081
0.216393
0.2447
0.226818
0.2447
0.2447
0.2447
0.2447
0.078081
0.2447
0.2447
0.2447
0.2447
0.2447
0.2447
0.2447
0.2447
0.2447
0.026732
0.2447
0.2447
0.2447
0.215336
0.2447
0.2447
0.2447
0.2447
0.2447
0.2447
0.118731
0.2447
0.2447
0.2447
0.2447
0.2447
0.2447
0.2447
0.2447
0.2447
0.187088
0.2447
0.2447
0.2447
0.2447
0.2447
0.2447
0.2447
0.2447
0.2447
0.2447
0.2447
0.2447
0.2447
0.2447
0.2447
0.2447
0.2447
0.2447
0.2447
0.2447
0.2447
0.2447
0.2447
0.2447
0.2447
0.2447
0.147492
0.2447
0.2447
0.2447
0.2447
0.2447
0.2447
0.239553
0.0924584
0.2447
0.2447
0.2447
0.2447
0.2447
0.2447
0.2447
0.0426307
0.181562
0.2447
0.2447
0.2447
0.2447
0.2447
0.2447
0.2447
0.113631
0.2447
0.2447
0.2447
0.2447
0.2447
0.183558
0.2447
0.2447
0.0454175
0.2447
0.2447
0.2447
0.2447
0.2447
0.2447
0.2447
0.192323
0.2447
0.156881
0.2447
0.2447
0.2447
0.205965
0.2447
0.2447
0.138496
0.2447
0.0449414
0.2447
0.2447
0.2447
0.2447
0.2447
0.126139
0.2447
0.2447
0.2447
0.2447
0.215664
0.0145102
0.2447
0.115226
0.2447
0.2447
0.2447
0.2447
0.2447
0.2447
0.2447
0.2447
0.2447
0.2447
0.0486241
0.212406
0.2447
0.2447
0.2447
0.2447
0.2447
0.2447
0.2447
0.2447
0.2447
0.2447
0.2447
0.0552932
0.2447
0.2447
0.2447
0.2447
0.2447
0.2447
0.2447
0.2447
0.2447
0.2447
0.2447
0.2447
0.2447
0.209791
0.2447
0.2447
0.243668
0.2447
0.2447
0.2447
0.2447
0.2447
0.019319
0.2447
0.2447
0.0656531
0.2447
0.116498
0.2447
0.2447
0.2447
0.2447
0.106857
0.2447
0.101277
0.2447
0.2447
0.2447
0.2447
0.229441
0.2447
0.2447
0.2447
0.2447
0.2447
0.2447
0.2447
0.2447
0.2447
0.2447
0.2447
0.2447
0.11413
0.220519
0.2447
0.0415005
0.2447
0.2447
0.2447
0.2447
0.2447
0.2447
0.2447
0.224724
0.2447
0.2447
0.2447
0.2447
0.0641632
0.2447
0.2447
0.2447
0.2447
0.2447
0.2447
0.2447
0.2447
0.2447
0.2447
0.2447
0.2447
0.2447
0.2447
0.2447
0.2447
0.2447
0.2447
0.2447
0.2447
0.2447
0.2447
0.2447
0.204755
0.2447
0.2447
0.2447
0.2447
0.2447
0.243725
0.2447
0.2447
0.2447
0.157799
0.2447
0.2447
0.2447
0.153987
0.2447
0.109773
0.2447
0.189854
0.2447
0.2447
0.2447
0.2447
0.2447
0.2447
0.00439853
0.2447
0.2447
0.2447
0.2447
0.2447
0.2447
0.2447
0.2447
0.2447
0.2447
0.2447
0.2447
0.161847
0.2447
0.2447
0.2447
0.2447
0.2447
0.0193784
0.2447
0.2447
0.2447
0.2447
0.2447
0.2447
0.2447
0.2447
0.064395
0.2447
0.2447
0.0478932
0.2447
0.2447
0.2447
0.231839
0.197269
0.2447
0.2447
0.2447
0.208519
0.2447
0.2447
0.2447
0.2447
0.2447
0.2447
0.2447
0.2447
0.2447
0.2447
0.2447
0.24091
0.2447
0.2447
0.2447
0.2447
0.2447
0.2447
0.2447
0.2447
0.00099618
0.2447
0.2447
0.2447
0.2447
0.2447
0.2447
0.2447
0.2447
0.0818328
0.2447
0.2447
0.2447
0.2447
0.2447
0.2447
0.216393
0.2447
0.2447
0.2447
0.2447
0.2447
0.2447
0.2447
0.2447
0.2447
0.2447
0.2447
0.2447
0.2447
0.2447
0.2447
0.2447
0.214477
0.2447
0.2447
0.2447
0.2447
0.2447
0.2447
0.2447
0.2447
0.116319
0.2447
0.235357
0.2447
0.21343
0.2447
0.2447
0.2447
0.2447
0.2447
0.2447
0.2447
0.2447
0.0747336
0.2447
0.2447
0.2447
0.2447
0.0396928
0.2447
0.0467377
0.2447
0.2447
0.117455
0.2447
0.2447
0.2447
0.2447
0.2447
0.0783082
0.2447
0.2447
0.2447
0.2447
0.2447
0.2447
0.2447
0.2447
0.217821
0.0840205
0.2447
0.2447
0.2447
0.2447
0.2447
0.00666665
0.2175
0.2447
0.2447
0.2447
0.2447
0.184778
0.2447
0.2447
0.2447
0.2447
0.2447
0.2447
0.2447
0.2447
0.2447
0.2447
0.228463
0.2447
0.2447
0.2447
0.2447
0.2447
0.2447
0.183585
0.16624
0.2447
0.2447
0.0403354
0.2447
0.2447
0.2447
0.2447
0.2447
0.0660659
0.2447
0.2447
0.2447
0.2447
0.2447
0.2447
0.2447
0.2447
0.2447
0.09241
0.2447
0.2447
0.2447
0.2447
0.2447
0.2447
0.2447
0.2447
0.2447
0.2447
0.2447
0.2447
0.216091
0.2447
0.2447
0.2447
0.2447
0.2447
0.2447
0.2447
0.0420816
0.2447
0.2447
0.2447
0.2447
0.201444
0.2447
0.0410347
0.2447
0.2447
0.2447
0.2447
0.2447
0.2447
0.2447
0.2447
0.2447
0.2447
0.2447
0.2447
0.2447
0.2447
0.2447
0.2447
0.2447
0.185485
0.2447
0.2447
0.2447
0.0997287
0.2447
0.0826331
0.2447
0.2447
0.2447
0.0963321
0.2447
0.196145
0.2447
0.2447
0.2447
0.2447
0.2447
0.2447
0.2447
0.2447
0.2447
0.2447
0.2447
0.2447
0.2447
0.2447
0.2447
0.2447
0.2447
0.2447
0.2447
0.2447
0.2447
0.2447
0.2447
0.2447
0.2447
0.0185029
0.2447
0.2447
0.2447
0.210493
0.200847
0.2447
0.2447
0.2447
0.183644
0.2447
0.2447
0.2447
0.213178
0.018581
0.2447
0.2447
0.2447
0.2447
0.2447
0.2447
0.2447
0.2447
0.2447
0.2447
0.2447
0.2447
0.2447
0.2447
0.2447
0.2447
0.0303321
0.2447
0.2447
0.2447
0.2447
0.2447
0.2447
0.2447
0.2447
0.2447
0.2447
0.2447
0.104447
0.2447
0.2447
0.2447
0.2447
0.2447
0.2447
0.2447
0.2447
0.2447
0.2447
0.2447
0.2447
0.2447
0.2447
0.0469878
0.2447
0.2447
0.2447
0.2447
0.2447
0.2447
0.227852
0.2447
0.2447
0.2447
0.0274727
0.2447
0.2447
0.2447
0.2447
0.2447
0.2447
0.2447
0.2447
0.2447
0.2447
0.2447
0.0428826
0.2447
0.2447
0.2447
0.158522
0.2447
0.2447
0.2447
0.2447
0.2447
0.2447
0.230948
0.2447
0.2447
0.2447
0.2447
0.2447
0.2447
0.2447
0.2447
0.2447
0.047332
0.2447
0.2447
0.2447
0.2447
0.2447
0.2447
0.2447
0.2447
0.2447
0.2447
0.21609
0.2447
0.2447
0.2447
0.2447
0.2447
0.2447
0.2447
0.2447
0.2447
0.2447
0.2447
0.205114
0.2447
0.124875
0.2447
0.2447
0.2447
0.2447
0.2447
0.2447
0.2447
0.2447
0.2447
0.117216
0.2447
0.2447
0.0651112
0.2447
0.2447
0.2447
0.0232338
0.2447
0.2447
0.2447
0.2447
0.2447
0.0776515
0.0336566
0.2447
0.2447
0.2447
0.2447
0.2447
0.2447
0.2447
0.2447
0.110909
0.2447
0.2447
0.2447
0.2447
0.2447
0.2447
0.2447
0.2447
0.2447
0.2447
0.2447
0.2447
0.2447
0.2447
0.2447
0.2447
0.2447
0.2447
0.2447
0.2447
0.2447
0.2447
0.2447
0.2447
0.169206
0.2447
0.2447
0.2447
0.2447
0.2447
0.0417306
0.0134844
0.2447
0.2447
0.2447
0.2447
0.2447
0.0158604
0.2447
0.2447
0.0263006
0.2447
0.2447
0.2447
0.2447
0.2447
0.227739
0.2447
0.2447
0.2447
0.2447
0.220915
0.2447
0.2447
0.2447
0.2447
0.2447
0.2447
0.2447
0.2447
0.2447
0.2447
0.2447
0.2447
0.2447
0.2447
0.2447
0.110076
0.2447
0.2447
0.2447
0.2447
0.2447
0.2447
0.2447
0.19826
0.20313
0.2447
0.2447
0.2447
0.2447
0.2447
0.2447
0.2447
0.238837
0.2447
0.2447
0.2447
0.2447
0.2447
0.2447
0.2447
0.2447
0.217874
0.2447
0.2447
0.2447
0.2447
0.2447
0.2447
0.2447
0.2447
0.2447
0.2447
0.115876
0.2447
0.2447
0.221727
0.230404
0.2447
0.201962
0.128553
0.11565
0.2447
0.2447
0.2447
0.2447
0.2447
0.144346
0.2447
0.2447
0.2447
0.2447
0.2447
0.2447
0.2447
0.2447
0.2447
0.2447
0.2447
0.2447
0.219803
0.2447
0.2447
0.2447
0.19937
0.2447
0.2447
0.2447
0.2447
0.165002
0.2447
0.2447
0.2447
0.175773
0.2447
0.2447
0.2447
0.2447
0.2447
0.2447
0.2447
0.2447
0.2447
0.2447
0.2447
0.0387935
0.2447
0.2447
0.206001
0.2447
0.2447
0.2447
0.2447
0.2447
0.2447
0.2447
0.2447
0.2447
0.0104159
0.2447
0.2447
0.2447
0.2447
0.2447
0.2447
0.2447
0.2447
0.2447
0.2447
0.2447
0.2447
0.2447
0.2447
0.2447
0.2447
0.2447
0.2447
0.210751
0.2447
0.2447
0.2447
0.2447
0.2447
0.2447
0.2447
0.2447
0.2447
0.2447
0.2447
0.2447
0.2447
0.171851
0.2447
0.2447
0.2447
0.2447
0.2447
0.2447
0.2447
0.2447
0.2447
0.0652901
0.2447
0.2447
0.2447
0.2447
0.2447
0.2447
0.2447
0.2447
0.2447
0.2447
0.102985
0.2447
0.2447
0.2447
0.240391
0.2447
0.2447
0.2447
0.048146
0.2447
0.2447
0.2447
0.2447
0.0325942
0.2447
0.2447
0.2447
0.2447
0.2447
0.117257
0.2447
0.2447
0.2447
0.2447
0.2447
0.2447
0.12501
0.2447
0.2447
0.2447
0.2447
0.2447
0.2447
0.2447
0.2447
0.2447
0.2447
0.2447
0.225855
0.191907
0.2447
0.2447
0.2447
0.182047
0.189881
0.2447
0.2447
0.2447
0.2447
0.2447
0.2447
0.2447
0.2447
0.2447
0.2447
0.2447
0.194836
0.21609
0.2447
0.2447
0.0260584
0.2447
0.117084
0.2447
0.2447
0.096357
0.2447
0.2447
0.2447
0.2447
0.220818
0.00914348
0.2447
0.2447
0.2447
0.2447
0.224801
0.2447
0.2447
0.2447
0.2447
0.2447
0.00904461
0.2447
0.2447
0.2447
0.2447
0.2447
0.2447
0.2447
0.2447
0.2447
0.2447
0.2447
0.2447
0.2447
0.0697116
0.2447
0.2447
0.2447
0.200338
0.2447
0.2447
0.2447
0.2447
0.206108
0.2447
0.0983881
0.2447
0.2447
0.2447
0.2447
0.2447
0.2447
0.0359839
0.2447
0.2447
0.2447
0.2447
0.2447
0.2447
0.200593
0.2447
0.2447
0.2447
0.0649606
0.2447
0.2447
0.133321
0.2447
0.2447
0.2447
0.2447
0.2447
0.2447
0.2447
0.2447
0.2447
0.2447
0.2447
0.2447
0.2447
0.2447
0.2447
0.184293
0.2447
0.2447
0.2447
0.2447
0.2447
0.2447
0.0520423
0.2447
0.0218099
0.2447
0.2447
0.2447
0.2447
0.2447
0.2447
0.2447
0.2447
0.0519011
0.2447
0.2447
0.2447
0.2447
0.2447
0.2447
0.141957
0.2447
0.2447
0.2447
0.2447
0.2447
0.2447
0.2447
0.2447
0.0568945
0.160408
0.2447
0.2447
0.2447
0.2447
0.2447
0.2447
0.2447
0.189588
0.2447
0.193914
0.2447
0.2447
0.2447
0.2447
0.2447
0.2447
0.2447
0.2447
0.2447
0.0184075
0.0241919
0.2447
0.2447
0.2447
0.2447
0.2447
0.2447
0.2447
0.2447
0.2447
0.2447
0.0119993
0.2447
0.2447
0.218245
0.2447
0.0496019
0.2447
0.2447
0.2447
0.153357
0.2447
0.2447
0.2447
0.2447
0.2447
0.2447
0.2447
0.2447
0.2447
0.2447
0.2447
0.2447
0.2447
0.2447
0.2447
0.2447
0.2447
0.2447
0.2447
0.2447
0.2447
0.2447
0.193849
0.2447
0.2447
0.2447
0.2447
0.2447
0.097271
0.2447
0.2447
0.2447
0.2447
0.2447
0.2447
0.221603
0.192554
0.2447
0.2447
0.2447
0.2447
0.2447
0.2447
0.2447
0.2447
0.2447
0.2447
0.2447
0.2447
0.2447
0.081057
0.2447
0.2447
0.2447
0.2447
0.2447
0.2447
0.2447
0.2447
0.10615
0.110743
0.2447
0.2447
0.0352089
0.2447
0.2447
0.2447
0.2447
0.2447
0.2447
0.0705559
0.2447
0.2447
0.211966
0.2447
0.2447
0.0560967
0.2447
0.2447
0.0110922
0.2447
0.2447
0.0927274
0.2447
0.187098
0.2447
0.2447
0.2447
0.2447
0.2447
0.2447
0.2447
0.2447
0.2447
0.2447
0.2447
0.2447
0.2447
0.2447
0.2447
0.2447
0.173008
0.2447
0.2447
0.2447
0.0713618
0.2447
0.2447
0.2447
0.2447
0.111129
0.2447
0.2447
0.029794
0.2447
0.2447
0.2447
0.2447
0.2447
0.189543
0.215739
0.2447
0.2447
0.2447
0.2447
0.2447
0.187198
0.2447
0.0831952
0.2447
0.157178
0.2447
0.2447
0.2447
0.2447
0.2447
0.2447
0.2447
0.2447
0.2447
0.2447
0.231122
0.2447
0.154596
0.2447
0.2447
0.20967
0.2447
0.2447
0.2447
0.2447
0.2447
0.0659797
0.2447
0.2447
0.2447
0.2447
0.2447
0.2447
0.129248
0.2447
0.2447
0.2447
0.2447
0.2447
0.2447
0.216393
0.2447
0.2447
0.2447
0.2447
0.2447
0.2447
0.2447
0.2447
0.2447
0.2447
0.00864954
0.2447
0.116859
0.2447
0.2447
0.2447
0.186897
0.2447
0.2447
0.2447
0.2447
0.2447
0.2447
0.2447
0.2447
0.2447
0.2447
0.2447
0.2447
0.2447
0.2447
0.2447
0.2447
0.2447
0.2447
0.220981
0.2447
0.2447
0.104109
0.2447
0.2447
0.2447
0.0355179
0.155215
0.2447
0.0838489
0.2447
0.2447
0.2447
0.2447
0.2447
0.2447
0.2447
0.2447
0.216393
0.121769
0.2447
0.2447
0.2447
0.2447
0.2447
0.2447
0.2447
0.2447
0.2447
0.2447
0.2447
0.182809
0.2447
0.2447
0.2447
0.17074
0.2447
0.2447
0.2447
0.2447
0.2447
0.2447
0.20936
0.2447
0.2447
0.2447
0.2447
0.2447
0.2447
0.104232
0.2447
0.2447
0.0194955
0.2447
0.2447
0.2447
0.2447
0.2447
0.2447
0.2447
0.2447
0.2447
0.2447
0.2447
0.2447
0.113224
0.2447
0.2447
0.2447
0.2447
0.2447
0.2447
0.181901
0.2447
0.2447
0.2447
0.2447
0.2447
0.2447
0.2447
0.2447
0.2447
0.2447
0.2447
0.2447
0.2447
0.2447
0.2447
0.2447
0.198242
0.2447
0.136451
0.2447
0.2447
0.2447
0.2447
0.2447
0.2447
0.2447
0.2447
0.171195
0.2447
0.2447
0.0456203
0.2447
0.216393
0.191393
0.2447
0.2447
0.2447
0.2447
0.2447
0.2447
0.2447
0.2447
0.2447
0.2447
0.2447
0.2447
0.2447
0.2447
0.167606
0.2447
0.2447
0.2447
0.221094
0.2447
0.2447
0.2447
0.2447
0.0273447
0.2447
0.2447
0.2447
0.2447
0.2447
0.2447
0.2447
0.2447
0.2447
0.2447
0.2447
0.2447
0.2447
0.2447
0.2447
0.2447
0.2447
0.2447
0.2447
0.206742
0.2447
0.0938915
0.2447
0.2447
0.2447
0.2447
0.2447
0.2447
0.2447
0.2447
0.21609
0.2447
0.200151
0.2447
0.2447
0.2447
0.2447
0.2447
0.2447
0.0101883
0.216393
0.2447
0.2447
0.2447
0.2447
0.2447
0.2447
0.2447
0.2447
0.2447
0.2447
0.2447
0.2447
0.2447
0.2447
0.2447
0.2447
0.2447
0.2447
0.184771
0.2447
0.2447
0.2447
0.2447
0.2447
0.2447
0.205578
0.2447
0.2447
0.2447
0.2447
0.2447
0.2447
0.2447
0.179884
0.2447
0.2447
0.2447
0.2447
0.2447
0.2447
0.2447
0.2447
0.2447
0.2447
0.2447
0.2447
0.2447
0.2447
0.103303
0.2447
0.2447
0.2447
0.0431454
0.2447
0.2447
0.2447
0.2447
0.2447
0.2447
0.2447
0.2447
0.2447
0.2447
0.2447
0.2447
0.2447
0.2447
0.2447
0.2447
0.2447
0.2447
0.2447
0.2447
0.2447
0.0295118
0.2447
0.0152514
0.2447
0.2447
0.2447
0.2447
0.2447
0.2447
0.2447
0.2447
0.2447
0.2447
0.2447
0.2447
0.206525
0.2447
0.0981096
0.2447
0.2447
0.2447
0.2447
0.2447
0.2447
0.213433
0.2447
0.2447
0.2447
0.000700613
0.2447
0.2447
0.2447
0.2447
0.2447
0.2447
0.2447
0.2447
0.175516
0.2447
0.2447
0.2447
0.2447
0.2447
0.2447
0.2447
0.2447
0.2447
0.2447
0.067785
0.2447
0.2447
0.2447
0.2447
0.2447
0.2447
0.2447
0.2447
0.2447
0.2447
0.138912
0.2447
0.125966
0.2447
0.224375
0.221911
0.2447
0.0283773
0.2447
0.0311841
0.0535003
0.2447
0.2447
0.2447
0.2447
0.101405
0.2447
0.2447
0.2447
0.2447
0.2447
0.2447
0.2447
0.2447
0.2447
0.2447
0.2447
0.2447
0.039051
0.196202
0.2447
0.23895
0.2447
0.2447
0.2447
0.147274
0.2447
0.2447
0.2447
0.2447
0.2447
0.2447
0.2447
0.2447
0.2447
0.2447
0.2447
0.2447
0.146796
0.2447
0.2447
0.231069
0.2447
0.2447
0.2447
0.2447
0.2447
0.2447
0.2447
0.2447
0.21609
0.0771216
0.0458382
0.2447
0.2447
0.2447
0.2447
0.2447
0.2447
0.2447
0.2447
0.2447
0.2447
0.2447
0.2447
0.2447
0.242473
0.2447
0.090866
0.160933
0.2447
0.203011
0.2447
0.2447
0.2447
0.2447
0.2447
0.2447
0.2447
0.2447
0.2447
0.2447
0.2447
0.2447
0.2447
0.2447
0.2447
0.2447
0.2447
0.2447
0.2447
0.2447
0.2447
0.2447
0.2447
0.2447
0.2447
0.2447
0.2447
0.2447
0.2447
0.2447
0.107553
0.2447
0.2447
0.2447
0.2447
0.2447
0.2447
0.24253
0.2447
0.2447
0.2447
0.21609
0.2447
0.2447
0.2447
0.2447
0.2447
0.2447
0.2447
0.2447
0.2447
0.2447
0.226906
0.2447
0.0197599
0.2447
0.2447
0.2447
0.2447
0.2447
0.2447
0.2447
0.114817
0.2447
0.2447
0.2447
0.2447
0.2447
0.2447
0.2447
0.0176513
0.2447
0.20754
0.2447
0.2447
0.2447
0.2447
0.2447
0.2447
0.2447
0.2447
0.2447
0.2447
0.2447
0.148452
0.2447
0.2447
0.2447
0.2447
0.2447
0.2447
0.2447
0.2447
0.2447
0.2447
0.2447
0.2447
0.2447
0.2447
0.2447
0.2447
0.2447
0.2447
0.2447
0.2447
0.2447
0.2447
0.2447
0.2447
0.2447
0.2447
0.2447
0.2447
0.2447
0.2447
0.2447
0.2447
0.2447
0.2447
0.2447
0.2447
0.2447
0.2447
0.2447
0.2447
0.2447
0.2447
0.125295
0.242349
0.2447
